8.899641224696953554e-03 1.236208546869948332e+05
1.507912216506557788e-02 8.264013405433304433e+04
2.144790186456836667e-02 8.511986043348137173e+04
2.783660776489276650e-02 6.786407461095726467e+04
3.435099785803411021e-02 4.368488383463040373e+04
4.047886761425745911e-02 3.729197114769636391e+04
4.676716683575679601e-02 2.741979302682643538e+04
5.308225101765951665e-02 2.532560353077961190e+04
5.945362440940590160e-02 2.515470331097549206e+04
6.576224814588792211e-02 2.165428549354088682e+04
7.196632906698736953e-02 1.945469021812257779e+04
7.827860915688347743e-02 1.693693426824701237e+04
8.470398945834539672e-02 1.360384561907640455e+04
9.096854620527369817e-02 1.229831157082808204e+04
9.720789776830213169e-02 1.073999836085085190e+04
1.034763038959366499e-01 9.783540863967014957e+03
1.097576444254559219e-01 8.859461807560710440e+03
1.160543084780093354e-01 8.433591674899280406e+03
1.223669666537485351e-01 8.048699709909546982e+03
1.286817263090294094e-01 7.640767249185611945e+03
1.349500801664080818e-01 7.081937307024268193e+03
1.411949558842147678e-01 6.793290143774471289e+03
1.475133575747468451e-01 6.003611825882225276e+03
1.537865074252268427e-01 5.787367085478417721e+03
1.600657544051110326e-01 5.312937599180152574e+03
1.663991168687080635e-01 5.058478027565253797e+03
1.727195645776442856e-01 4.882658508562021780e+03
1.789765213377084718e-01 4.651828165455628550e+03
1.852353690647852158e-01 4.479242960794266764e+03
1.914806787341157279e-01 4.213467516265536688e+03
1.977889868651535599e-01 4.103453113265720276e+03
2.040937735447724277e-01 4.000348238712535476e+03
2.103939302609846018e-01 3.863464755481144948e+03
2.166909709822301688e-01 3.679618122090184443e+03
2.229700281216152047e-01 3.430750956311797381e+03
2.292620027086341994e-01 3.420685986625641362e+03
2.355141508366812297e-01 3.337912666531232389e+03
2.417910583817859116e-01 3.180569188199419386e+03
2.480856539439619257e-01 3.129231594621515342e+03
2.543492256872954549e-01 3.040301417449525616e+03
2.606334251884805386e-01 2.906203415878084797e+03
2.669257370896960802e-01 2.828474109689892884e+03
2.732423343141155980e-01 2.738723585574396111e+03
2.795529680084415936e-01 2.692025172957797167e+03
2.858366292314493129e-01 2.641047814835229019e+03
2.920876271394311496e-01 2.572046820197451780e+03
2.983449844439822751e-01 2.468836063816818751e+03
3.046382639407197446e-01 2.465377022977733304e+03
3.109279127003197196e-01 2.416148760898424825e+03
3.172168171618398036e-01 2.324008817733079468e+03
3.235187567944423082e-01 2.297994580072700501e+03
3.298168217550395687e-01 2.276435809624674675e+03
3.361176429457156667e-01 2.211831733298673953e+03
3.423700375709273769e-01 2.171742371409794941e+03
3.486478192666269682e-01 2.106698292737400152e+03
3.549411614411318028e-01 2.103106488076980440e+03
3.611916935421040642e-01 2.040266486289260456e+03
3.674767089563572564e-01 2.024242757879472947e+03
3.737647795277591056e-01 1.988420839480585983e+03
3.800654031475132477e-01 1.970120332030533973e+03
3.863539861259823738e-01 1.913195781211363055e+03
3.926140181364449755e-01 1.866844666927472645e+03
3.989264500321934581e-01 1.827354829752045589e+03
4.052073244576828714e-01 1.809005248101559800e+03
4.114916477570477182e-01 1.798137239332644413e+03
4.177814272116491257e-01 1.779343987058931816e+03
4.240400648725131116e-01 1.752977117594362426e+03
4.303425690270192283e-01 1.715871975885921756e+03
4.366358560255625965e-01 1.695873650633908937e+03
4.428996183220763605e-01 1.671050520133609098e+03
4.491634418529859563e-01 1.623276904703959190e+03
4.554414146254732731e-01 1.621158280696961810e+03
4.617634470301058558e-01 1.594160600218651552e+03
4.680644242023710433e-01 1.565199788706849858e+03
4.743485242764365895e-01 1.559605809745582292e+03
4.806356136815400082e-01 1.527553697921176536e+03
4.869019258388697646e-01 1.516073765463551581e+03
4.931697099599955947e-01 1.501531195575546917e+03
4.994506747144535908e-01 1.462864457182480010e+03
5.057159051335421429e-01 1.461033204604555976e+03
5.119923996268095356e-01 1.443822382533078098e+03
5.183126097768406826e-01 1.415481330729724732e+03
5.246089638029100000e-01 1.390537968815038312e+03
5.308757308483337267e-01 1.395310551236285391e+03
5.371573527946726934e-01 1.378813607809735004e+03
5.434579563783791256e-01 1.351537459948177457e+03
5.497430652392217842e-01 1.343086639032916082e+03
5.559937427501778773e-01 1.322870266251028170e+03
5.622854676609657654e-01 1.301307788332801920e+03
5.686011537227265711e-01 1.293081351146065344e+03
5.748804589422079614e-01 1.275660728995124600e+03
5.811550210340560296e-01 1.274253179002677143e+03
5.874394496660968468e-01 1.264200109110517360e+03
5.937176220296899176e-01 1.248413982979591992e+03
5.999971954793682505e-01 1.232314242653402516e+03
6.062679115124277596e-01 1.210052292185278702e+03
6.125469576444534381e-01 1.204990130738737889e+03
6.188477733041515272e-01 1.193183241010304300e+03
6.251310567437898813e-01 1.185759017797535762e+03
6.314027450383210560e-01 1.166475644688946659e+03
6.377003562732055375e-01 1.152687451334521938e+03
6.439857783314556494e-01 1.147465122283046185e+03
6.502685417166111925e-01 1.135084681988647844e+03
6.565586117699038216e-01 1.121354785096104251e+03
6.628369282359254377e-01 1.107646296951125350e+03
6.691185444962194362e-01 1.099820616995463070e+03
6.754070198575605755e-01 1.090120176293722807e+03
6.816835514593204692e-01 1.082919536978410406e+03
6.879592533861698112e-01 1.060591667153320259e+03
6.942344317039531587e-01 1.055158065343516228e+03
7.005175402434737908e-01 1.042403328515603789e+03
7.068124956608716758e-01 1.044864816328956749e+03
7.131019009674921527e-01 1.024899046283808957e+03
7.193918251171427247e-01 1.014442488922038706e+03
7.256833807598113140e-01 1.011851048224001943e+03
7.319652682709349989e-01 1.001670868979285615e+03
7.382507990484923344e-01 9.883831372954341532e+02
7.445265842115937893e-01 9.817813271118652665e+02
7.507871101942712455e-01 9.742773486550037205e+02
7.570758465316046459e-01 9.602296398283317558e+02
7.633641233600957365e-01 9.566469488116774755e+02
7.696462959862266917e-01 9.520258599941804505e+02
7.759394865175414102e-01 9.413944053508455454e+02
7.822329141989586843e-01 9.310223181858648331e+02
7.885314936520240181e-01 9.213919696863105173e+02
7.947896566979522071e-01 9.160882019245844958e+02
8.010491096592354809e-01 9.064777288209511426e+02
8.073364061727361651e-01 8.955262050232006459e+02
8.136229488373866170e-01 8.925395142150397305e+02
8.199152998961036776e-01 8.821866828225184918e+02
8.261952636392789762e-01 8.787818747370263281e+02
8.324897070080405914e-01 8.666394598478274247e+02
8.387959309210778480e-01 8.607861605322141259e+02
8.450634639703045181e-01 8.554734343233203617e+02
8.513282867562648182e-01 8.445315905721009813e+02
8.576198263902009566e-01 8.375241092147140307e+02
8.639058477062415697e-01 8.343798999007731254e+02
8.701838745487597837e-01 8.222416221762264286e+02
8.764641096075268534e-01 8.189214336949873996e+02
8.827503873399735745e-01 8.108790621615607961e+02
8.890332768393869323e-01 8.043377213376811596e+02
8.953084247113127780e-01 8.017065824884599579e+02
9.015956521667095602e-01 7.921359749945690965e+02
9.078833328094829680e-01 7.855215418746033720e+02
9.141744106319863450e-01 7.792889753512353082e+02
9.204630817717615043e-01 7.734428074246280858e+02
9.267434415264711456e-01 7.690136691846307713e+02
9.330324197354928906e-01 7.601510653005454969e+02
9.393265785573878812e-01 7.571204563009898720e+02
9.455974810398196650e-01 7.480757249476341713e+02
9.518660018545171964e-01 7.439123731592516151e+02
9.581413255531838757e-01 7.346821499553891499e+02
9.644350945109106954e-01 7.315474646451713170e+02
9.707355633568249820e-01 7.267171431176494707e+02
9.770080768450029041e-01 7.203679469061946747e+02
9.832823325363413414e-01 7.128106032895700537e+02
9.895569691966674686e-01 7.103627802499563586e+02
9.958456301921106979e-01 7.026257849451611719e+02
1.002136210743837408e+00 6.994881315255356640e+02
1.008404825335135424e+00 6.941896894725103948e+02
1.014694149836243398e+00 6.892844649571181890e+02
1.020992555437297167e+00 6.822473386674587346e+02
1.027273980437394485e+00 6.764765033105106795e+02
1.033559181896017254e+00 6.744825245873421409e+02
1.039847557392594934e+00 6.686975609582848392e+02
1.046126974943305088e+00 6.657685922004916392e+02
1.052403436811028659e+00 6.600044462918834824e+02
1.058680704651608684e+00 6.524720711629471452e+02
1.064964333065789193e+00 6.488812671494077904e+02
1.071256777440835473e+00 6.454063533605822158e+02
1.077544048801078125e+00 6.381373306292462075e+02
1.083824820188043603e+00 6.330237170909056204e+02
1.090108023942816695e+00 6.307899906612610721e+02
1.096389665956643222e+00 6.269449938145766055e+02
1.102681132058841440e+00 6.216904590341114272e+02
1.108963047594879958e+00 6.175868651004952881e+02
1.115225428463759272e+00 6.137925130090098946e+02
1.121502127614767863e+00 6.099704753451353554e+02
1.127792573824792033e+00 6.085472476906503516e+02
1.134089552668382961e+00 6.005852927774245700e+02
1.140364049650405942e+00 5.973488183511847183e+02
1.146639180320979445e+00 5.931060231409732069e+02
1.152942412991649901e+00 5.915867872785570398e+02
1.159228906751078814e+00 5.839864452471432514e+02
1.165508721887268173e+00 5.813781333551045236e+02
1.171793076256210320e+00 5.741998472631826189e+02
1.178087436369658958e+00 5.744230846964125021e+02
1.184367654251526902e+00 5.693896551764734113e+02
1.190634642299266632e+00 5.653433722596022335e+02
1.196912208834400859e+00 5.607945287268137236e+02
1.203201577354146234e+00 5.583842699824949705e+02
1.209486844441705733e+00 5.557222900797825105e+02
1.215763902074809888e+00 5.501198289553944960e+02
1.222049755171146668e+00 5.499316377648056005e+02
1.228340616621486969e+00 5.463046765810917123e+02
1.234632986576932767e+00 5.411472631138298084e+02
1.240902247176856488e+00 5.393787245346272812e+02
1.247174839144687519e+00 5.353136571044399261e+02
1.253465459933442272e+00 5.299430573397460194e+02
1.259749951892178421e+00 5.284006685754302453e+02
1.266032143127253873e+00 5.264619184355269681e+02
1.272316288472006507e+00 5.237657719344889529e+02
1.278604155058621350e+00 5.211408113807314066e+02
1.284886588933593865e+00 5.186508665175011856e+02
1.291175420066583257e+00 5.155608277864247384e+02
1.297465726373772332e+00 5.126545324237750947e+02
1.303741827011944299e+00 5.104640939938088309e+02
1.310017322922761851e+00 5.055504219232157652e+02
1.316301447662886703e+00 5.040869548584540780e+02
1.322586760363303249e+00 5.006203886200795523e+02
1.328865492452874664e+00 4.983621233378815418e+02
1.335144804954555564e+00 4.954987928424991992e+02
1.341440516272275119e+00 4.947901951563691796e+02
1.347730868417094552e+00 4.902727562912029953e+02
1.354001589994877630e+00 4.902625995246324351e+02
1.360282609297778444e+00 4.877014239065921402e+02
1.366565686457597906e+00 4.850562057235070483e+02
1.372851498482432708e+00 4.838624609683584481e+02
1.379135372929401804e+00 4.810357358271810995e+02
1.385409567149057164e+00 4.781964180464748324e+02
1.391698641219299315e+00 4.765561598533487313e+02
1.397984451439470810e+00 4.735996407208753567e+02
1.404267883409181961e+00 4.745773557157382356e+02
1.410554779484869181e+00 4.704223756926133433e+02
1.416837833547465397e+00 4.707850717795828928e+02
1.423118177187137068e+00 4.691544412277391984e+02
1.429397801164240089e+00 4.655605490377550382e+02
1.435686921822787232e+00 4.647980779609030151e+02
1.441977121769299597e+00 4.637868157787050905e+02
1.448253667853332427e+00 4.620476409987486477e+02
1.454532348972172651e+00 4.612389927736675190e+02
1.460819319151879903e+00 4.601883077633868311e+02
1.467110364402026468e+00 4.588231784098601338e+02
1.473392908948962132e+00 4.582487823429179343e+02
1.479669965243598950e+00 4.562951841154316526e+02
1.485956144602843532e+00 4.564574793884784185e+02
1.492233610763115115e+00 4.546956587536617462e+02
1.498502470379980078e+00 4.550213773042218577e+02
1.504785752051182701e+00 4.537170100008855229e+02
1.511075991894575976e+00 4.542990290256688013e+02
1.517361634985162189e+00 4.540991950695991477e+02
1.523648570969130533e+00 4.528461049191203074e+02
1.529938035715892264e+00 4.523487042012620236e+02
1.536230176913891965e+00 4.522640319371475925e+02
1.542510718779388279e+00 4.514443174984054394e+02
1.548783963082980275e+00 4.510990190359598841e+02
1.555073069779651318e+00 4.519754892716417203e+02
1.561357324927233892e+00 4.522768043279900212e+02
1.567629121053141006e+00 4.522307458294962430e+02
1.573913697404382583e+00 4.539539789228053905e+02
1.580203545230874029e+00 4.551357341634604268e+02
1.586485393434537983e+00 4.554077591547175530e+02
1.592760014263005841e+00 4.548309735654123642e+02
1.599046436394670812e+00 4.563008795170867415e+02
1.605342136637478934e+00 4.577823090250798259e+02
1.611619768363549809e+00 4.573119989867525419e+02
1.617897168352387949e+00 4.560108746764008743e+02
1.624182708540047093e+00 4.521311670447454389e+02
1.630464079945962874e+00 4.520839478251091350e+02
1.636748246831683851e+00 4.482432665873258202e+02
1.643030138268463114e+00 4.479757140968922045e+02
1.649308080633229201e+00 4.456078335581248098e+02
1.655592248634412789e+00 4.431633477594632495e+02
1.661878275983170727e+00 4.416254107103291631e+02
1.668168239935277741e+00 4.389951468382542430e+02
1.674449561104452755e+00 4.389864115888813103e+02
1.680721385631070985e+00 4.370109860675709115e+02
1.687012154238812345e+00 4.351911993202334088e+02
1.693307480798934117e+00 4.333922822789622842e+02
1.699580643034865002e+00 4.309826374659321573e+02
1.705861793443984364e+00 4.306156837131709381e+02
1.712151724187932489e+00 4.295853471548917355e+02
1.718435386170170664e+00 4.283981775847113909e+02
1.724718446936044813e+00 4.275970860829670528e+02
1.730994918436048469e+00 4.251946731487249735e+02
1.737286360319066025e+00 4.238996022024864487e+02
1.743566302575459970e+00 4.237323668950741649e+02
1.749836007777002989e+00 4.208611092812774359e+02
1.756123278691395839e+00 4.193044203212699585e+02
1.762410616056256707e+00 4.186529086631219343e+02
1.768693578959050994e+00 4.167254886794033268e+02
1.774976748387105507e+00 4.162461412110245647e+02
1.781263621606411052e+00 4.142519554244494202e+02
1.787545747605800095e+00 4.143104871400899469e+02
1.793827292298742604e+00 4.146642224221772040e+02
1.800107721741653455e+00 4.129108727838309960e+02
1.806390913906787299e+00 4.127364261487334716e+02
1.812674514274333903e+00 4.102414027527045732e+02
1.818953635235055710e+00 4.092954110761145330e+02
1.825238502908660410e+00 4.077328984734122059e+02
1.831523686200810186e+00 4.073992234510491812e+02
1.837810408980658394e+00 4.062089691913681690e+02
1.844096426121078824e+00 4.054477791163851634e+02
1.850376921502978167e+00 4.057142334392164571e+02
1.856660745938628176e+00 4.045013474769444883e+02
1.862943598087625219e+00 4.040985329467856104e+02
1.869222049173964395e+00 4.046069608662411952e+02
1.875507813572979465e+00 4.016815480470080502e+02
1.881794995065835252e+00 4.039753470492129850e+02
1.888077813137499783e+00 4.018706508376964166e+02
1.894352445015744957e+00 4.026244529564293657e+02
1.900637968851026871e+00 4.007594501248423171e+02
1.906928337228587456e+00 4.006018315552764761e+02
1.913202215858527566e+00 3.997502239943486302e+02
1.919482234454096270e+00 4.003822819157729782e+02
1.925770105747180994e+00 3.986474840702918527e+02
1.932064910351863007e+00 4.001359152264955128e+02
1.938340711512041237e+00 3.996177942496949527e+02
1.944608286125935281e+00 3.995984379193351401e+02
1.950896861402446447e+00 3.984971699779421783e+02
1.957188119732283127e+00 3.994828824967266314e+02
1.963475092073817097e+00 4.005575959557925216e+02
1.969755328101933545e+00 3.999488659661414545e+02
1.976041377496545737e+00 4.010723023049202993e+02
1.982332603364925117e+00 3.994364976891700394e+02
1.988611719305602099e+00 4.000180609282937780e+02
1.994887928688424683e+00 4.006372768374316706e+02
2.001173041344467052e+00 4.013625306014510556e+02
2.007452622487558624e+00 4.016106888579560064e+02
2.013727218620064097e+00 4.020237786313669517e+02
2.020011080385253344e+00 4.013840311039760422e+02
2.026304052830807390e+00 4.025898001476267041e+02
2.032587358277269107e+00 4.035229322370389013e+02
2.038861003769014246e+00 4.051555013211218466e+02
2.045144899510501713e+00 4.038334442255842873e+02
2.051436836261672614e+00 4.049484837248321583e+02
2.057723822034342565e+00 4.065134567281483555e+02
2.064004463404049083e+00 4.080244765408862690e+02
2.070292784210506110e+00 4.091245656693222372e+02
2.076584718525942286e+00 4.092041457828073590e+02
2.082854243067815858e+00 4.102038840570050411e+02
2.089122591378737237e+00 4.107829900977560555e+02
2.095417301778394581e+00 4.132922681571079693e+02
2.101703044638240314e+00 4.152772001638025472e+02
2.107972733366004547e+00 4.152502718026717616e+02
2.114255796756956407e+00 4.178802477839442417e+02
2.120537889849697155e+00 4.188059953537764954e+02
2.126820750792177694e+00 4.198082468320953353e+02
2.133106702041460689e+00 4.230474809205480256e+02
2.139400119231094521e+00 4.235669126346071494e+02
2.145689398585973073e+00 4.258226845847955246e+02
2.151957896824229888e+00 4.268047869772590275e+02
2.158240333469351846e+00 4.296850486063620451e+02
2.164530480920390687e+00 4.323880506902257252e+02
2.170817168287632715e+00 4.305063251534709252e+02
2.177099129930493149e+00 4.346928822261239134e+02
2.183376740266626204e+00 4.365421777735958244e+02
2.189654526460603101e+00 4.397730416685405430e+02
2.195938141837894708e+00 4.363530402977157223e+02
2.202217228669947513e+00 4.435500771951812453e+02
2.208498500848848689e+00 4.428081466445857473e+02
2.214793724646247686e+00 4.436624365233781759e+02
2.221075818343805519e+00 4.455763753413830273e+02
2.227338121992679110e+00 4.466672734848926325e+02
2.233627922635037066e+00 4.465092845453072528e+02
2.239928789703292900e+00 4.477477453569916861e+02
2.246200842227205285e+00 4.486012606257278321e+02
2.252481072203589285e+00 4.461041587280301428e+02
2.258759933010332510e+00 4.468180217887912704e+02
2.265037766677289177e+00 4.452491779012943880e+02
2.271303911444438217e+00 4.425054728853764345e+02
2.277589728220026366e+00 4.433142331572967123e+02
2.283898305422423114e+00 4.398248307889667217e+02
2.290170012251879328e+00 4.402134039754815262e+02
2.296453574018142874e+00 4.389698111427836693e+02
2.302753728520766430e+00 4.422139388870555763e+02
2.309033259857642850e+00 4.424759545444071591e+02
2.315306740491765325e+00 4.399249751279303950e+02
2.321584903055799121e+00 4.376310378679449968e+02
2.327875848798342862e+00 4.445864124851893848e+02
2.334155437994457571e+00 4.430990651423925328e+02
2.340419368711216475e+00 4.411574770634780975e+02
2.346707100682973834e+00 4.409699273520349720e+02
2.353003291599214730e+00 4.424012928045679018e+02
2.359289894449348779e+00 4.448659030096897027e+02
2.365553876991155491e+00 4.477081638410718369e+02
2.371825785713308488e+00 4.490190599862132785e+02
2.378140903200434142e+00 4.517055305905859086e+02
2.384428092586834413e+00 4.497550430883254080e+02
2.390692582433301183e+00 4.503613912360519294e+02
2.396988138385640621e+00 4.577981396510754735e+02
2.403303548427469849e+00 4.545551470799333060e+02
2.409573073654087239e+00 4.606685652708879388e+02
2.415830801384979853e+00 4.565769242448153591e+02
2.422143856762908776e+00 4.634125545294226640e+02
2.428430057553700561e+00 4.662355178334275934e+02
2.434677768778117368e+00 4.647107534501533337e+02
2.440970212577721288e+00 4.683314884235345517e+02
2.447298981268473117e+00 4.678615049785466908e+02
2.453569118455958264e+00 4.768821077998887290e+02
2.459800038144367651e+00 4.794801525882020314e+02
2.466109234904750203e+00 4.837242966074172159e+02
2.472414307289629409e+00 4.897580698460041049e+02
2.478663551689684663e+00 4.877421079715843462e+02
2.484934316279260536e+00 4.932603136947132612e+02
2.491242831113378742e+00 4.963817898872385399e+02
2.497555376258368653e+00 5.085011438661204011e+02
2.503803790207671298e+00 5.044216306580226501e+02
2.510050453360885392e+00 5.142568039826985569e+02
2.516388153357114632e+00 5.173446103837933379e+02
2.522696949289361168e+00 5.217103561836734116e+02
2.528912117977447416e+00 5.383054083933341190e+02
2.535194950977304629e+00 5.276062578804434224e+02
2.541553015092142598e+00 5.387848244962654007e+02
2.547833598840075986e+00 5.415881947014019033e+02
2.554027726231925310e+00 5.420362894898081549e+02
2.560335719957266054e+00 5.577230150744318280e+02
2.566723817468057334e+00 5.652408877702122254e+02
2.572947513405368536e+00 5.753938833966118409e+02
2.579112525306413772e+00 5.728605846021688421e+02
2.585475496121880212e+00 5.897385813649327702e+02
2.591850195047052718e+00 5.995670785150896336e+02
2.598059321481768880e+00 6.127573300724026240e+02
2.604297159892888569e+00 6.021778657761063869e+02
2.610674497511633607e+00 6.292721719474100155e+02
2.616932834183210321e+00 6.260738256122780285e+02
2.623008545019559268e+00 6.401646227819823025e+02
2.629397530948575756e+00 6.474581292884181494e+02
2.635910575707928860e+00 6.783613344857592438e+02
2.642029786242797940e+00 6.764534050432097274e+02
2.648039512191036060e+00 6.871546154339296208e+02
2.654540962294306805e+00 6.988764015631438724e+02
2.661180282576058875e+00 7.352433614367616883e+02
2.667195147458841564e+00 7.191265056307360055e+02
2.673090901005259479e+00 7.109681447224572821e+02
2.679731764445488995e+00 7.350139981791515993e+02
2.686466931023228533e+00 7.620512141521720650e+02
2.692198356469838849e+00 7.945675364121304938e+02
2.697964677213461115e+00 8.197147702522320287e+02
2.704891939369282738e+00 8.370192442930697325e+02
2.711820263148968291e+00 8.722153255478137908e+02
2.717097903386913149e+00 8.733544925214021077e+02
2.722786446599397614e+00 8.814521782163137686e+02
2.729947846869378303e+00 9.579665019656719096e+02
2.737065287805485081e+00 9.274888698161672664e+02
2.742488203908707067e+00 8.813860050883482700e+02
2.747873318371959694e+00 9.392863478559415853e+02
2.755043138344902331e+00 1.013957028224550072e+03
2.762199344371416565e+00 1.042128522205236777e+03
2.767892788187410247e+00 9.733045316351402789e+02
2.772831982468270340e+00 1.156620175990524558e+03
2.779655811721179592e+00 7.501420478055684953e+02
2.785995823463758736e+00 1.245735081502604316e+03
