2.067070000000000018e-01 3.216858999999999691e-02 7.010336000000000345e-01 9.905228000000000366e-01 8.855197000000000207e-01 1.275560000000000027e-01 -7.157300000000000066e-05
3.183360000000000078e-01 6.716593999999999343e-02 5.858476999999999713e-01 1.036888000000000032e+00 7.079720000000000457e-01 3.963884999999999770e-01 -1.472025000000000124e-04
1.413059999999999872e-01 5.637120000000000325e-02 8.733946999999999683e-01 1.067449000000000092e+00 7.959262999999999755e-01 9.238676000000000110e-01 -2.727092999999999878e-04
1.234959999999999947e-01 6.956055999999999351e-02 6.982154000000000416e-01 9.448248000000000202e-01 6.823557999999999568e-01 5.874711000000000238e-01 -8.485121000000000579e-05
1.530380000000000074e-01 5.309404000000000207e-02 6.384035000000000126e-01 1.083628999999999953e+00 9.976758999999999489e-01 6.829745000000000399e-01 -6.007700000000000095e-05
2.969029999999999725e-01 4.786819999999999964e-02 8.888951999999999964e-01 8.323850999999999889e-01 8.000062000000000006e-01 3.056363999999999748e-01 -1.913340999999999881e-04
3.367299999999999738e-01 4.228661999999999699e-02 8.130228999999999928e-01 1.100943000000000005e+00 8.453346999999999944e-01 2.303212000000000037e-01 -2.892457000000000079e-04
1.809350000000000125e-01 5.884015000000000079e-02 5.891861999999999933e-01 8.100028000000000228e-01 8.702779000000000487e-01 3.620601999999999987e-01 -2.932478000000000081e-04
4.306320000000000148e-01 6.768193000000000126e-02 5.054138999999999715e-01 1.064500000000000002e+00 7.586802999999999741e-01 5.814962999999999660e-01 -3.938267000000000287e-05
3.047429999999999861e-01 6.550852000000000064e-02 5.227732999999999963e-01 8.553260000000000307e-01 8.690921999999999814e-01 7.470002000000000031e-01 -6.631459999999999693e-06
3.970839999999999925e-01 4.483842999999999857e-02 5.495670000000000277e-01 9.716207000000000038e-01 7.197111000000000480e-01 5.654445000000000165e-01 -2.675905000000000124e-04
1.859210000000000029e-01 6.537228000000000483e-02 8.710200000000000164e-01 8.816009000000000206e-01 9.079563999999999968e-01 5.637636999999999787e-01 -1.317198000000000056e-04
2.939869999999999983e-01 5.938651999999999820e-02 5.999235000000000539e-01 9.424540999999999613e-01 9.277729999999999588e-01 3.015782000000000185e-01 -1.347083000000000059e-04
2.612709999999999755e-01 3.866425999999999891e-02 6.170107000000000230e-01 8.350956000000000490e-01 9.941554000000000224e-01 1.818703000000000125e-01 -2.113093999999999932e-04
2.684830000000000272e-01 3.386796000000000251e-02 7.317801000000000444e-01 9.487020000000000453e-01 7.028896000000000033e-01 2.731916999999999818e-01 -2.065233999999999885e-04
4.357630000000000114e-01 4.028070999999999735e-02 5.840075000000000127e-01 1.054175000000000084e+00 6.748151999999999484e-01 1.061953999999999954e-01 -1.799336000000000013e-04
3.244349999999999734e-01 3.607442000000000287e-02 5.796240000000000281e-01 9.304799999999999738e-01 6.783282999999999952e-01 5.429454000000000224e-01 -6.038999000000000217e-05
4.141730000000000134e-01 6.326743999999999424e-02 6.415353999999999779e-01 1.072410000000000085e+00 9.481777999999999595e-01 7.358538999999999497e-01 -1.697377000000000130e-04
3.333849999999999869e-01 4.337209000000000203e-02 5.265627999999999975e-01 8.167265000000000219e-01 7.614225999999999495e-01 7.844785999999999426e-02 -1.951812999999999942e-04
1.590850000000000042e-01 6.567745999999999307e-02 8.067630999999999553e-01 8.344614999999999672e-01 7.063439000000000245e-01 6.714541000000000537e-01 -1.257587000000000060e-04
3.589499999999999913e-01 4.349535000000000207e-02 5.234166000000000096e-01 1.192298999999999998e+00 6.572738000000000191e-01 4.697178000000000186e-01 -1.586175000000000107e-04
1.059920000000000029e-01 4.721103000000000105e-02 5.885413000000000450e-01 9.788869000000000042e-01 7.071846000000000521e-01 7.970692999999999528e-02 -1.054787000000000037e-04
1.266970000000000041e-01 5.250447999999999921e-02 6.115758999999999501e-01 9.064668999999999643e-01 8.959715999999999791e-01 7.886182000000000469e-01 -2.175525999999999879e-05
2.080819999999999892e-01 4.847412999999999722e-02 7.782791999999999488e-01 1.084561000000000108e+00 8.186487000000000069e-01 5.024642999999999748e-01 -2.379992000000000099e-04
2.819200000000000039e-01 4.624049999999999688e-02 5.403523000000000076e-01 9.662406000000000050e-01 8.303705999999999587e-01 7.225376000000000021e-01 -1.630981000000000097e-04
4.966090000000000226e-01 5.511461000000000138e-02 8.400982999999999645e-01 1.194496000000000002e+00 6.620234000000000396e-01 8.527759999999999785e-01 -2.731529000000000118e-04
2.972299999999999942e-01 6.234316000000000163e-02 6.501968999999999665e-01 9.799343000000000359e-01 7.214243999999999657e-01 6.416830999999999507e-01 -2.124264999999999964e-04
4.349000000000000088e-01 4.978972000000000259e-02 8.145687000000000344e-01 8.478780999999999679e-01 8.623560000000000114e-01 4.184853000000000045e-01 -4.941767999999999812e-05
3.898059999999999858e-01 3.505806999999999674e-02 8.720350000000000046e-01 8.651349000000000400e-01 7.362653000000000114e-01 2.423290000000000166e-02 -1.664002999999999999e-04
2.006539999999999990e-01 4.913677999999999796e-02 5.443928000000000100e-01 1.141238999999999892e+00 6.190906999999999938e-01 1.160242999999999969e-01 -1.183922999999999947e-04
4.158100000000000129e-01 5.178605000000000014e-02 6.216901000000000233e-01 8.367191999999999963e-01 8.277622999999999509e-01 5.155602000000000240e-01 -1.560789999999999942e-04
2.738490000000000091e-01 4.253258000000000039e-02 8.812986999999999904e-01 9.010310000000000263e-01 7.802550000000000319e-01 1.975390999999999952e-01 -1.072986000000000030e-04
2.339579999999999993e-01 3.263898999999999967e-02 6.763373999999999775e-01 1.028064000000000089e+00 9.217750999999999584e-01 8.382137000000000615e-02 -1.388356000000000095e-04
4.112100000000000199e-01 6.506657999999999886e-02 6.460285999999999529e-01 8.705372999999999584e-01 8.390788999999999609e-01 9.788280999999999787e-01 -2.307199999999999865e-04
2.883740000000000192e-01 4.129071000000000130e-02 8.115632000000000401e-01 8.550385000000000346e-01 6.733700000000000241e-01 8.153299999999999992e-01 -1.679062999999999953e-04
1.519969999999999932e-01 5.697376999999999997e-02 7.562816999999999457e-01 8.149267000000000039e-01 7.852227999999999986e-01 8.742349000000000370e-01 -1.510456000000000027e-04
3.110740000000000172e-01 3.632681000000000104e-02 5.165524000000000227e-01 1.161639000000000088e+00 9.422082000000000512e-01 3.375950999999999813e-01 -8.875152000000000030e-05
2.382269999999999943e-01 5.728503000000000067e-02 6.969587999999999894e-01 8.733307999999999627e-01 7.728641000000000538e-01 2.786344000000000043e-01 -2.137079000000000008e-04
1.109990000000000004e-01 6.199285000000000212e-02 7.908741999999999717e-01 9.317107000000000028e-01 7.337816999999999812e-01 2.317241999999999913e-01 -1.546697999999999942e-04
3.807039999999999869e-01 3.165558999999999734e-02 8.808401000000000147e-01 1.167937000000000003e+00 9.192538000000000098e-01 5.316343999999999514e-01 -2.602890000000000078e-05
2.994299999999999740e-01 4.505685000000000245e-02 6.200322999999999807e-01 8.896844000000000419e-01 9.428301999999999516e-01 9.235225999999999713e-01 -2.281309999999999881e-04
3.098520000000000163e-01 6.734655999999999976e-02 7.513870000000000271e-01 9.235518999999999812e-01 6.685586999999999502e-01 8.554840000000000222e-01 -2.012336000000000040e-04
3.615619999999999945e-01 4.209501000000000215e-02 8.369701999999999975e-01 8.769295000000000284e-01 9.483118000000000380e-01 3.799762999999999891e-01 -2.519816000000000135e-04
3.636739999999999973e-01 6.364145999999999692e-02 8.948920000000000208e-01 1.187518000000000074e+00 6.248276999999999859e-01 3.270893000000000272e-01 -2.869572000000000247e-04
4.428170000000000162e-01 3.338145000000000001e-02 8.402714000000000016e-01 8.562535999999999481e-01 8.737198999999999938e-01 7.812321999999999322e-02 -1.264390000000000002e-04
1.138969999999999982e-01 5.952451999999999743e-02 6.811131000000000268e-01 1.057431999999999928e+00 8.610607000000000122e-01 4.127165999999999890e-01 -1.716013000000000065e-04
3.679359999999999853e-01 5.869482000000000171e-02 5.365151000000000225e-01 1.196663000000000032e+00 9.140378000000000114e-01 1.087453000000000031e-01 -9.670981000000000098e-05
3.842590000000000172e-01 4.396122999999999698e-02 6.167502000000000262e-01 8.981898000000000382e-01 6.072011999999999965e-01 8.601860999999999535e-01 -2.037537000000000072e-04
4.654920000000000169e-01 3.784429999999999739e-02 8.562383999999999551e-01 1.055473000000000106e+00 8.476778999999999842e-01 1.916705999999999965e-01 -1.989869999999999974e-04
2.365700000000000025e-01 3.184876999999999847e-02 7.649337000000000497e-01 9.435061999999999616e-01 6.869353000000000264e-01 2.357035000000000102e-01 -4.470369000000000296e-05
3.263309999999999822e-01 3.750611999999999696e-02 5.905673000000000172e-01 1.007638999999999951e+00 8.104213000000000111e-01 7.098351000000000521e-01 -1.868592000000000083e-04
1.559810000000000085e-01 4.461234000000000033e-02 7.492425999999999808e-01 1.190768999999999966e+00 8.738552000000000541e-01 6.638401999999999914e-01 -2.659558000000000126e-04
3.629419999999999868e-01 4.320736000000000021e-02 7.389580999999999511e-01 8.556342999999999588e-01 7.161940999999999447e-01 8.130920000000000369e-01 -9.550082999999999413e-05
3.475380000000000136e-01 5.113688999999999735e-02 6.410339999999999927e-01 1.143804999999999961e+00 8.074362000000000483e-01 4.260614999999999819e-01 -1.299452000000000040e-04
3.330779999999999852e-01 3.049019000000000035e-02 6.673322000000000420e-01 9.321409999999999973e-01 8.148073000000000121e-01 6.354269999999999641e-01 -1.532449999999999871e-04
3.324550000000000005e-01 6.925230000000000274e-02 5.967915999999999777e-01 9.015256000000000380e-01 9.774420000000000330e-01 3.766937000000000202e-01 -2.453646999999999989e-04
3.166789999999999883e-01 6.011131000000000113e-02 6.974055999999999589e-01 8.098625999999999880e-01 8.351302000000000447e-01 7.017263000000000250e-01 -2.060433000000000132e-04
4.992070000000000118e-01 6.706695999999999491e-02 6.920633999999999952e-01 9.631937999999999889e-01 6.809098000000000095e-01 2.601095999999999964e-01 -1.839911000000000010e-04
1.365079999999999905e-01 6.058945000000000303e-02 8.975347999999999660e-01 1.027430000000000065e+00 7.838053999999999855e-01 5.839946000000000303e-01 -1.985970999999999895e-04
2.465729999999999866e-01 4.869466000000000072e-02 8.222652000000000294e-01 1.111186999999999925e+00 7.045972000000000346e-01 6.838648999999999423e-02 -1.800654000000000057e-04
3.780419999999999892e-01 5.287532000000000343e-02 6.230257000000000156e-01 1.191877000000000075e+00 7.806682000000000343e-01 2.033191000000000026e-01 -2.669406000000000036e-04
2.275689999999999935e-01 6.435502999999999363e-02 6.826157000000000474e-01 9.342557999999999696e-01 8.919240999999999975e-01 9.737019000000000091e-01 -6.612688000000000409e-05
3.207139999999999991e-01 5.022623999999999839e-02 6.803033000000000552e-01 1.197254999999999958e+00 6.091471000000000524e-01 3.181442999999999910e-01 -1.380798999999999991e-04
2.121989999999999987e-01 6.276305999999999552e-02 8.805188999999999933e-01 8.431703999999999866e-01 8.938755999999999924e-01 7.262946999999999598e-01 -1.655817000000000074e-04
2.804740000000000011e-01 3.596955000000000291e-02 5.326256000000000324e-01 1.028256000000000059e+00 6.012631000000000503e-01 2.775746000000000047e-01 -9.512124000000000273e-05
2.980729999999999769e-01 3.429696000000000133e-02 6.974730999999999570e-01 1.185278999999999971e+00 9.597512000000000265e-01 5.553415000000000434e-01 -6.173910000000000660e-05
3.251640000000000086e-01 4.403404000000000346e-02 7.991217999999999932e-01 9.606344999999999468e-01 9.509265000000000079e-01 4.644194999999999851e-01 -1.010074000000000081e-05
4.744140000000000024e-01 6.458176999999999668e-02 8.035052999999999779e-01 8.277139000000000024e-01 8.437375999999999765e-01 6.168337999999999877e-01 -4.857921999999999870e-06
1.167050000000000032e-01 3.563148000000000010e-02 8.233019999999999783e-01 1.083536000000000055e+00 6.389044000000000390e-01 8.733109000000000011e-01 -1.213753000000000032e-04
3.948670000000000235e-01 5.747209999999999819e-02 5.566396999999999595e-01 1.047341000000000077e+00 8.333251999999999882e-01 9.759689000000000281e-01 -1.573905999999999970e-04
4.600739999999999830e-01 3.323612000000000094e-02 6.252495999999999610e-01 8.206042999999999532e-01 8.034911999999999610e-01 8.125255999999999590e-01 -1.829107999999999971e-04
2.501650000000000262e-01 3.490970999999999658e-02 8.020969999999999489e-01 8.190087999999999813e-01 6.154285999999999923e-01 7.367395000000000194e-02 -2.926623999999999849e-04
3.554269999999999929e-01 5.098910000000000248e-02 8.307491000000000181e-01 1.183046999999999960e+00 8.653324999999999489e-01 7.121119000000000199e-01 -1.793817999999999975e-04
1.621859999999999968e-01 5.354989000000000277e-02 7.430128999999999762e-01 8.969599999999999795e-01 9.382757999999999932e-01 2.699349999999999805e-01 -2.026169000000000082e-04
4.602359999999999784e-01 6.027901000000000092e-02 6.225258999999999654e-01 1.013400999999999996e+00 6.651827999999999630e-01 8.833984000000000281e-01 -3.515232000000000025e-05
3.954159999999999897e-01 5.966074999999999851e-02 7.250569999999999515e-01 1.080567999999999973e+00 9.222394000000000425e-01 3.561567999999999956e-01 -2.714397000000000229e-04
3.227380000000000249e-01 5.862239000000000338e-02 8.540459999999999718e-01 1.059009000000000089e+00 6.702628999999999948e-01 7.208601999999999510e-01 -2.903626999999999771e-04
1.635389999999999899e-01 4.582342999999999833e-02 5.844941999999999638e-01 8.330016000000000087e-01 7.738960000000000283e-01 5.517104999999999926e-01 -2.909630000000000126e-05
1.308370000000000088e-01 6.461308000000000329e-02 8.565095000000000347e-01 1.125245000000000051e+00 8.641744000000000092e-01 3.196791999999999967e-01 -1.201484000000000032e-04
3.796749999999999847e-01 6.216906999999999989e-02 6.402837999999999585e-01 9.048500000000000432e-01 6.948320999999999525e-01 4.462838999999999695e-02 -2.885108999999999959e-04
2.596080000000000054e-01 3.407803000000000221e-02 5.035441999999999974e-01 1.011927999999999939e+00 6.736569000000000029e-01 9.894511999999999752e-01 -1.196743999999999938e-04
4.532939999999999747e-01 5.144350000000000311e-02 5.722382999999999775e-01 1.036035999999999957e+00 6.424927999999999750e-01 5.887677999999999523e-01 -2.886251999999999958e-04
1.771040000000000114e-01 4.151778999999999886e-02 5.040194999999999537e-01 1.184355999999999964e+00 7.831348999999999672e-01 1.855011000000000021e-01 -1.783192999999999920e-04
4.028399999999999759e-01 5.199407000000000334e-02 5.388732000000000522e-01 9.070384000000000224e-01 9.402477999999999669e-01 8.405217000000000382e-01 -2.398376000000000023e-04
1.911579999999999946e-01 3.621126999999999679e-02 8.266926999999999470e-01 9.075208000000000164e-01 7.422779000000000460e-01 7.232250999999999541e-01 -8.235314999999999942e-05
4.834069999999999756e-01 5.721086000000000227e-02 8.528065999999999702e-01 9.133364000000000482e-01 9.227775000000000283e-01 2.776259000000000018e-02 -1.700837000000000128e-04
2.648449999999999971e-01 5.003856000000000276e-02 5.645906000000000535e-01 9.228302999999999923e-01 9.971394999999999564e-01 9.499790000000000179e-01 -8.177353000000000106e-05
2.425019999999999953e-01 3.422566999999999970e-02 7.182268000000000541e-01 1.072735999999999912e+00 6.034283999999999759e-01 1.467675999999999981e-01 -1.710170000000000060e-04
1.225549999999999973e-01 5.108217000000000313e-02 6.194062999999999652e-01 1.030089000000000032e+00 6.154404999999999459e-01 9.552663000000000126e-01 -2.231547000000000066e-04
1.607179999999999997e-01 5.934741999999999795e-02 8.298866000000000298e-01 1.074766000000000110e+00 6.173737999999999726e-01 5.746687000000000323e-01 -1.484268000000000067e-04
3.111869999999999914e-01 5.325781999999999738e-02 7.286325000000000163e-01 1.001387999999999945e+00 6.354754000000000236e-01 7.355289999999999884e-01 -1.098485000000000038e-04
2.131379999999999941e-01 4.180214000000000152e-02 8.384407000000000387e-01 1.129099999999999993e+00 7.704847000000000223e-01 7.193310000000000537e-01 -2.045798999999999892e-04
4.376769999999999827e-01 3.446594000000000046e-02 7.822578999999999505e-01 1.106168000000000040e+00 6.219411000000000245e-01 6.001919000000000004e-01 -1.058710000000000033e-04
2.721049999999999858e-01 3.686058999999999863e-02 8.104972999999999761e-01 1.023981999999999948e+00 7.219244000000000216e-01 3.242608000000000157e-01 -2.033724000000000046e-04
4.441209999999999880e-01 4.672624999999999695e-02 5.631173999999999902e-01 9.507413000000000114e-01 8.820710999999999968e-01 6.193674000000000124e-01 -2.653659000000000032e-06
3.789569999999999883e-01 5.427138000000000101e-02 5.560526999999999553e-01 8.456976000000000493e-01 9.289321000000000383e-01 7.253886999999999974e-01 -2.466465999999999841e-04
1.035959999999999936e-01 6.008096000000000270e-02 5.317916999999999783e-01 8.878013000000000154e-01 9.285552999999999724e-01 3.712048000000000014e-01 -5.381738000000000277e-05
1.052580000000000043e-01 6.717671999999999533e-02 6.453088000000000157e-01 1.065460999999999991e+00 6.018059000000000047e-01 5.526723000000000052e-01 -2.995723000000000049e-04
3.894989999999999841e-01 5.452846000000000082e-02 6.857353000000000476e-01 9.222544000000000297e-01 8.414222000000000090e-01 9.246594999999999676e-01 -1.828052000000000095e-04
4.206289999999999751e-01 5.553823000000000093e-02 8.098948000000000258e-01 8.216579999999999995e-01 7.567943000000000309e-01 7.476272000000000473e-01 -2.352707999999999904e-04
