4.707270000000000065e-01 6.099881000000000053e-02 5.428463000000000038e-01 1.143083000000000071e+00 7.526439999999999797e-01 7.123912000000000022e-01 -9.899383999999999679e-05
1.148210000000000064e-01 3.286551000000000056e-02 6.486070999999999920e-01 1.172730000000000050e+00 6.778033999999999448e-01 1.618245000000000100e-01 -2.689470999999999919e-04
2.878519999999999968e-01 4.862190999999999735e-02 5.936991000000000351e-01 1.048742000000000063e+00 8.609200000000000186e-01 6.335866999999999472e-01 -7.137342999999999878e-05
3.115160000000000151e-01 6.037988999999999856e-02 8.629187000000000385e-01 1.148088999999999915e+00 9.882887000000000199e-01 5.479844999999999855e-02 -1.429236000000000016e-04
1.687730000000000063e-01 5.266934000000000199e-02 8.226955999999999714e-01 9.703907999999999978e-01 8.257430000000000048e-01 1.001386999999999972e-01 -2.688033000000000154e-04
4.018499999999999850e-01 4.402114000000000027e-02 5.103682999999999970e-01 1.101936999999999944e+00 7.785750000000000171e-01 9.714566999999999508e-01 -9.054130000000000674e-05
3.198190000000000199e-01 4.896940000000000320e-02 5.585999999999999854e-01 1.166152000000000077e+00 7.956098000000000336e-01 6.936297999999999631e-01 -4.504564999999999790e-05
1.814520000000000022e-01 6.895950000000000690e-02 5.814837000000000478e-01 1.197017999999999915e+00 6.989946999999999688e-01 6.537927000000000044e-01 -3.776631999999999927e-05
3.586230000000000251e-01 6.671541999999999750e-02 7.347185000000000521e-01 1.044553000000000065e+00 9.641636000000000095e-01 6.047434000000000420e-01 -1.703352999999999953e-04
1.569730000000000014e-01 6.848851999999999718e-02 6.756012000000000128e-01 8.934703999999999979e-01 6.490671999999999553e-01 5.352457000000000048e-02 -1.258856000000000065e-05
3.670039999999999969e-01 3.391095000000000220e-02 5.932433000000000289e-01 1.086821000000000037e+00 7.470982999999999929e-01 3.461092000000000057e-01 -4.383617999999999743e-05
4.609050000000000091e-01 5.367116000000000248e-02 5.820134999999999614e-01 1.135485999999999995e+00 9.117370000000000196e-01 3.263866999999999741e-01 -6.762898999999999842e-05
2.434439999999999937e-01 6.225859000000000254e-02 7.342286999999999564e-01 8.674887000000000015e-01 8.651990999999999987e-01 6.029017999999999877e-02 -1.877469000000000100e-05
2.737620000000000053e-01 3.101720999999999992e-02 7.219742999999999578e-01 8.477381000000000499e-01 8.459567000000000059e-01 5.068076000000000247e-01 -1.497314999999999877e-04
2.494429999999999981e-01 4.312466000000000216e-02 8.687219000000000468e-01 1.076651999999999942e+00 6.761000999999999816e-01 3.471369999999999734e-01 -1.433864000000000135e-04
1.027919999999999945e-01 3.449910999999999950e-02 6.616800999999999933e-01 9.414006999999999792e-01 9.389245999999999981e-01 9.776987000000000316e-01 -1.848088000000000118e-04
2.223980000000000123e-01 4.234237999999999891e-02 5.430245000000000211e-01 9.392084000000000543e-01 7.185551999999999495e-01 3.594802000000000275e-01 -5.764832000000000306e-05
2.110249999999999904e-01 5.882177999999999712e-02 6.829018000000000033e-01 1.189921999999999924e+00 9.408703999999999956e-01 4.752601000000000186e-01 -3.120722999999999699e-05
3.424530000000000074e-01 5.172063999999999828e-02 8.815617999999999510e-01 1.075703000000000076e+00 6.048516000000000448e-01 7.049779999999999935e-02 -2.261100999999999953e-04
2.286549999999999971e-01 4.268021999999999788e-02 6.967351000000000516e-01 9.648908000000000484e-01 7.473556000000000088e-01 9.319423000000000012e-01 -2.021473000000000085e-04
4.357289999999999774e-01 6.959938000000000236e-02 7.703556000000000292e-01 1.108187999999999951e+00 9.536535000000000428e-01 9.689018000000000352e-01 -1.682180999999999878e-04
4.293130000000000002e-01 3.848838000000000259e-02 7.640856999999999788e-01 8.018062000000000245e-01 8.334833999999999854e-01 1.252990999999999966e-01 -2.269018000000000033e-04
1.840819999999999956e-01 3.019689999999999874e-02 6.543193000000000481e-01 1.166403000000000079e+00 7.120199999999999863e-01 3.544462999999999919e-01 -1.354910000000000077e-04
3.773690000000000100e-01 6.075263000000000191e-02 5.822950999999999544e-01 1.057670000000000110e+00 8.462271999999999572e-01 5.125572999999999935e-01 -2.337933999999999900e-04
3.618669999999999942e-01 5.376426000000000122e-02 8.154995999999999912e-01 1.082033999999999940e+00 7.834039999999999893e-01 4.507239000000000106e-01 -1.018635999999999983e-04
1.141240000000000032e-01 4.076243999999999701e-02 5.578885999999999568e-01 1.076035000000000075e+00 9.499885999999999608e-01 5.950843999999999578e-01 -2.270987999999999880e-04
1.177610000000000046e-01 6.439409000000000105e-02 7.375741999999999576e-01 1.051747999999999905e+00 7.500734000000000012e-01 1.350350999999999912e-01 -6.118714000000000520e-05
4.192690000000000028e-01 6.385549000000000086e-02 8.826490000000000169e-01 1.103404000000000051e+00 7.391463999999999812e-01 8.743271000000000237e-01 -7.356851999999999337e-05
4.454279999999999906e-01 6.918148999999999826e-02 8.875387999999999611e-01 1.034745000000000026e+00 8.661147000000000151e-01 6.424744999999999484e-01 -2.320924999999999941e-04
1.627099999999999935e-01 6.602402999999999744e-02 6.285551999999999806e-01 1.122700000000000031e+00 6.671257000000000437e-01 8.060059999999999447e-02 -2.220179999999999875e-04
2.153229999999999866e-01 4.399340000000000195e-02 6.698032999999999904e-01 1.198851000000000111e+00 6.850859000000000254e-01 9.954333999999999405e-02 -2.431514999999999978e-04
4.098300000000000276e-01 5.432622000000000145e-02 6.746417000000000108e-01 1.154425999999999952e+00 8.567772000000000165e-01 6.122490999999999906e-01 -5.964400000000000019e-05
4.197960000000000025e-01 3.216063000000000255e-02 8.666471000000000036e-01 9.118285000000000418e-01 9.789447999999999483e-01 9.453167000000000098e-01 -2.240343999999999908e-04
3.827980000000000271e-01 4.815484999999999904e-02 5.033203000000000538e-01 1.073457000000000106e+00 9.374651000000000511e-01 5.224252000000000062e-02 -1.494904000000000079e-04
1.681189999999999907e-01 5.100003000000000175e-02 7.900620000000000420e-01 1.117729999999999890e+00 9.717641000000000195e-01 3.588857999999999771e-01 -3.184550999999999929e-05
2.360460000000000058e-01 4.459164999999999657e-02 8.306213999999999542e-01 8.093603000000000325e-01 9.399783000000000444e-01 5.449410000000000087e-01 -2.853172000000000133e-06
1.809350000000000125e-01 5.884015000000000079e-02 5.891861999999999933e-01 8.100028000000000228e-01 8.702779000000000487e-01 3.620601999999999987e-01 -2.932478000000000081e-04
1.008860000000000035e-01 6.432743999999999962e-02 8.203941999999999624e-01 1.178315999999999919e+00 6.625649999999999595e-01 4.592701000000000144e-01 -1.472907000000000025e-04
3.793009999999999993e-01 4.769868000000000025e-02 8.016402999999999723e-01 8.570986000000000438e-01 9.766015000000000112e-01 9.066885000000000083e-01 -2.627333999999999941e-04
1.237739999999999951e-01 4.024677000000000116e-02 8.595658999999999939e-01 8.923923000000000272e-01 9.890748000000000317e-01 4.836361000000000132e-01 -1.106360999999999960e-04
3.924670000000000103e-01 5.884844999999999660e-02 6.298487000000000391e-01 8.876488000000000156e-01 9.637181000000000219e-01 7.087565999999999589e-01 -1.406374999999999965e-04
1.006790000000000046e-01 3.231276999999999761e-02 8.301705000000000334e-01 9.869326000000000487e-01 8.054757999999999640e-01 3.597446000000000255e-01 -2.957266999999999752e-04
4.059429999999999983e-01 6.971604000000000689e-02 6.112535999999999525e-01 9.695491000000000525e-01 7.089007000000000502e-01 2.536193999999999948e-01 -1.303438999999999939e-05
3.857510000000000105e-01 3.107251000000000110e-02 6.465623999999999816e-01 1.010942999999999925e+00 7.180313000000000390e-01 8.871506000000000114e-01 -2.158015000000000107e-04
1.566319999999999935e-01 3.441415999999999920e-02 7.292108999999999952e-01 8.037484000000000295e-01 6.951503999999999461e-01 3.363324999999999787e-01 -6.674293000000000304e-05
4.806770000000000209e-01 4.971438000000000246e-02 5.946939999999999449e-01 9.105309000000000319e-01 7.060817999999999817e-01 7.833445999999999465e-01 -1.680695000000000008e-04
1.607590000000000130e-01 3.116613999999999843e-02 6.185808000000000417e-01 1.112940999999999958e+00 9.104105000000000114e-01 4.940216000000000052e-01 -1.226463999999999918e-04
3.086090000000000222e-01 6.396048000000000011e-02 5.766675999999999469e-01 8.326715000000000089e-01 6.043815999999999633e-01 1.448434000000000110e-01 -4.882776999999999821e-05
4.992070000000000118e-01 6.706695999999999491e-02 6.920633999999999952e-01 9.631937999999999889e-01 6.809098000000000095e-01 2.601095999999999964e-01 -1.839911000000000010e-04
1.549649999999999916e-01 5.140378000000000308e-02 7.027444999999999942e-01 9.994861999999999913e-01 6.075188000000000255e-01 5.332523999999999598e-01 -1.161287000000000051e-04
4.881650000000000156e-01 4.898521000000000125e-02 6.650139000000000467e-01 8.339621999999999868e-01 6.185718999999999523e-01 5.804110000000000102e-01 -2.331206000000000055e-04
2.980729999999999769e-01 3.429696000000000133e-02 6.974730999999999570e-01 1.185278999999999971e+00 9.597512000000000265e-01 5.553415000000000434e-01 -6.173910000000000660e-05
4.432130000000000236e-01 4.945270000000000221e-02 6.488317999999999586e-01 1.109650999999999943e+00 9.141778000000000404e-01 8.179336999999999858e-01 -2.953836000000000157e-04
3.316109999999999891e-01 3.723255999999999788e-02 5.557623000000000424e-01 1.108238000000000056e+00 7.407934000000000463e-01 4.452819000000000083e-01 -9.438584000000000297e-05
1.965600000000000125e-01 3.760957999999999662e-02 7.596734000000000542e-01 1.153931000000000040e+00 6.603194999999999482e-01 9.578155000000000419e-01 -2.156726999999999993e-04
3.189069999999999960e-01 4.094475999999999671e-02 8.391612999999999989e-01 9.349490000000000300e-01 9.831628000000000034e-01 7.591769000000000434e-01 -1.755624000000000117e-04
3.752090000000000147e-01 6.356902999999999859e-02 7.009625999999999912e-01 1.014383000000000035e+00 9.109226999999999741e-01 1.405115000000000114e-01 -1.950374999999999906e-04
3.934790000000000232e-01 4.716697999999999724e-02 6.208506000000000302e-01 1.096314000000000011e+00 7.051520999999999484e-01 6.091252999999999806e-01 -2.928628999999999976e-04
2.001789999999999958e-01 3.700090000000000323e-02 6.601496999999999504e-01 1.006647999999999987e+00 9.531410999999999634e-01 6.727925000000000155e-01 -7.652813000000000551e-05
3.829310000000000214e-01 5.189773000000000303e-02 6.327764999999999640e-01 1.092842000000000091e+00 8.735372999999999610e-01 9.594586999999999977e-01 -5.180487000000000058e-05
1.278739999999999877e-01 6.904064999999999508e-02 8.030154000000000458e-01 1.059463000000000044e+00 9.427208000000000254e-01 4.143555000000000155e-02 -1.564180999999999992e-04
3.530150000000000232e-01 4.866303999999999769e-02 8.627633999999999581e-01 8.105246000000000395e-01 7.751867000000000063e-01 7.675777999999999768e-01 -2.941590999999999802e-04
1.656259999999999954e-01 3.636984000000000050e-02 7.333104999999999762e-01 1.001692999999999945e+00 7.924970000000000070e-01 9.252456000000000569e-02 -1.274527999999999870e-04
2.742049999999999765e-01 6.696359999999999812e-02 6.699412999999999618e-01 8.612883000000000067e-01 8.983143999999999574e-01 8.736532999999999660e-01 -9.089091000000000151e-05
1.138969999999999982e-01 5.952451999999999743e-02 6.811131000000000268e-01 1.057431999999999928e+00 8.610607000000000122e-01 4.127165999999999890e-01 -1.716013000000000065e-04
4.752350000000000185e-01 5.537349999999999911e-02 6.245836000000000165e-01 8.577341000000000548e-01 7.145228000000000135e-01 3.837483999999999895e-01 -7.406541000000000481e-05
3.215450000000000252e-01 3.042631000000000155e-02 5.362373000000000278e-01 8.588352000000000208e-01 7.006124999999999714e-01 8.220368000000000119e-01 -2.442842999999999881e-04
3.362760000000000193e-01 4.778257000000000337e-02 5.824494999999999534e-01 9.946426000000000434e-01 6.328761999999999999e-01 2.943558000000000008e-01 -8.138517000000000602e-05
3.090479999999999894e-01 3.801477000000000328e-02 8.308735000000000426e-01 8.708797999999999817e-01 6.520491999999999955e-01 4.972343000000000179e-01 -3.266892000000000298e-05
1.835539999999999949e-01 3.971559999999999674e-02 7.473786999999999514e-01 9.351026000000000060e-01 9.245638999999999941e-01 1.663595999999999964e-01 -2.252843999999999940e-04
3.759080000000000199e-01 6.652094999999999536e-02 6.938269999999999715e-01 8.831839000000000217e-01 7.233659000000000061e-01 3.222838000000000092e-01 -2.555674999999999887e-05
1.042199999999999932e-01 3.343478999999999896e-02 5.157867999999999897e-01 1.096173999999999982e+00 7.903194999999999526e-01 4.556281999999999832e-01 -2.015936000000000073e-04
2.828829999999999956e-01 3.440272999999999942e-02 5.677934999999999510e-01 1.058721999999999941e+00 8.722351999999999883e-01 8.510731000000000268e-01 -1.466751999999999878e-04
4.703809999999999936e-01 3.694812000000000096e-02 8.901887000000000549e-01 1.153361000000000081e+00 7.034390000000000365e-01 9.169055999999999873e-01 -1.197681000000000028e-04
4.200999999999999734e-01 4.427981000000000278e-02 7.260790000000000299e-01 8.401640999999999693e-01 6.448439999999999728e-01 2.645856999999999792e-01 -1.821163999999999899e-04
4.276889999999999858e-01 3.990450000000000247e-02 8.068412999999999835e-01 1.160679999999999934e+00 6.816984999999999850e-01 5.854941999999999647e-01 -2.814590999999999968e-04
1.199540000000000051e-01 6.178482999999999892e-02 8.736914000000000069e-01 8.113907999999999676e-01 6.462428000000000061e-01 4.321941999999999728e-01 -2.372804000000000059e-04
4.061710000000000043e-01 4.039705999999999853e-02 8.499457999999999736e-01 8.173065000000000468e-01 8.125329000000000024e-01 8.214702999999999866e-01 -3.412969999999999952e-05
2.047920000000000018e-01 4.801355000000000206e-02 6.766265000000000196e-01 8.962318999999999702e-01 8.704302000000000428e-01 5.762184999999999668e-01 -9.927023000000000585e-05
2.631760000000000210e-01 4.877622000000000207e-02 6.995324000000000542e-01 9.421175999999999995e-01 8.105546999999999613e-01 5.823152999999999663e-02 -2.623867999999999863e-05
1.518639999999999990e-01 6.907600999999999325e-02 8.469883000000000273e-01 9.369633000000000544e-01 8.386694000000000093e-01 4.410029999999999784e-01 -1.929865000000000063e-04
3.206519999999999926e-01 6.371419999999999861e-02 5.147667000000000215e-01 1.050170000000000048e+00 9.686514000000000513e-01 9.986642999999999493e-01 -9.564919000000000502e-05
3.581199999999999939e-01 6.337288000000000643e-02 6.666590999999999489e-01 8.508540999999999466e-01 7.517165999999999570e-01 9.099346000000000378e-01 -4.098928999999999664e-05
4.323699999999999766e-01 6.393891000000000158e-02 7.136938000000000448e-01 1.079857000000000067e+00 8.251193999999999473e-01 6.896813000000000526e-01 -1.271075000000000091e-04
3.064100000000000157e-01 4.874691999999999914e-02 5.467003000000000279e-01 9.478847999999999718e-01 8.313629000000000158e-01 4.344106999999999830e-01 -1.104682999999999940e-04
3.292030000000000234e-01 3.317392000000000257e-02 5.440553000000000194e-01 1.179332000000000047e+00 9.827050999999999981e-01 9.256090000000000151e-01 -1.459390000000000134e-04
2.985599999999999921e-01 4.487408999999999842e-02 7.754100999999999910e-01 1.008482000000000101e+00 7.302771999999999597e-01 6.182106000000000545e-01 -1.324749000000000011e-04
1.116960000000000036e-01 5.413505999999999874e-02 8.003871000000000180e-01 8.163023999999999836e-01 8.932356000000000185e-01 5.412046999999999830e-01 -1.965407999999999869e-04
4.977599999999999802e-01 3.331014999999999671e-02 5.688372000000000428e-01 9.939065000000000261e-01 7.173969000000000040e-01 7.516032000000000268e-01 -2.421621999999999902e-04
4.793270000000000031e-01 3.092837000000000017e-02 5.221356000000000330e-01 1.014529999999999932e+00 7.979530000000000234e-01 6.549141000000000545e-01 -1.423081999999999939e-04
2.451190000000000035e-01 6.600337000000000565e-02 5.474402999999999908e-01 8.772292000000000423e-01 7.439911999999999637e-01 1.996051000000000075e-01 -1.100519000000000025e-04
2.321630000000000082e-01 5.018373000000000278e-02 7.511255999999999489e-01 9.620353000000000376e-01 9.300359000000000265e-01 1.841551999999999911e-01 -2.088490999999999991e-04
1.202850000000000030e-01 4.871584000000000331e-02 6.873858999999999941e-01 9.513418000000000152e-01 9.252884999999999582e-01 5.128369000000000399e-01 -2.583727999999999871e-04
3.803139999999999854e-01 4.551017999999999730e-02 6.831684000000000090e-01 8.145940999999999876e-01 8.662973999999999952e-01 2.868236000000000119e-01 -1.521817000000000070e-04
3.324550000000000005e-01 6.925230000000000274e-02 5.967915999999999777e-01 9.015256000000000380e-01 9.774420000000000330e-01 3.766937000000000202e-01 -2.453646999999999989e-04
1.429640000000000077e-01 5.088647999999999783e-02 7.599571000000000520e-01 8.921793999999999558e-01 8.719059000000000115e-01 2.474235999999999935e-01 -6.910525000000000044e-05
4.949520000000000031e-01 5.215894000000000086e-02 7.266485000000000305e-01 9.713772000000000517e-01 9.825224000000000180e-01 4.424332000000000265e-02 -6.954886999999999875e-05
1.464630000000000098e-01 4.338266000000000344e-02 6.922736999999999918e-01 8.824874999999999803e-01 6.553877999999999648e-01 9.924313000000000162e-01 -4.299454999999999987e-05
4.784820000000000184e-01 6.258676000000000517e-02 5.256406000000000134e-01 8.202203999999999606e-01 9.331730000000000302e-01 5.382432999999999801e-01 -2.912379999999999787e-04
2.326409999999999867e-01 6.368833999999999607e-02 8.416981000000000046e-01 8.899801999999999991e-01 6.953880999999999535e-01 6.171733000000000358e-01 -1.763541999999999996e-04
2.480590000000000017e-01 3.627102000000000104e-02 8.395232999999999723e-01 9.984338999999999853e-01 6.216846999999999790e-01 2.190709000000000128e-01 -1.645012999999999966e-04
3.636739999999999973e-01 6.364145999999999692e-02 8.948920000000000208e-01 1.187518000000000074e+00 6.248276999999999859e-01 3.270893000000000272e-01 -2.869572000000000247e-04
4.541819999999999746e-01 5.848728999999999734e-02 8.291667999999999816e-01 8.673364000000000074e-01 8.300526999999999767e-01 8.949565000000000436e-01 -8.193640999999999772e-05
2.141500000000000070e-01 3.755225999999999703e-02 8.658814999999999706e-01 8.459841000000000166e-01 7.254445999999999950e-01 8.388109000000000259e-01 -1.038198999999999985e-04
4.763180000000000192e-01 4.861137000000000097e-02 6.280854999999999633e-01 1.052046999999999954e+00 9.543023000000000478e-01 3.154137000000000191e-01 -2.236520999999999995e-04
2.911320000000000019e-01 4.303955999999999754e-02 5.471871000000000373e-01 1.164206000000000074e+00 9.323740000000000361e-01 9.746964999999999657e-01 -2.614521999999999766e-04
3.610349999999999948e-01 3.435516999999999738e-02 7.714756000000000391e-01 9.735939999999999594e-01 6.763554999999999984e-01 9.367155000000000342e-01 -2.851172999999999815e-04
3.747269999999999768e-01 4.061887000000000136e-02 8.746785000000000254e-01 1.009076000000000084e+00 6.871663000000000077e-01 5.159127000000000018e-01 -2.053082000000000073e-04
3.004749999999999921e-01 4.356793999999999945e-02 8.925100000000000255e-01 1.054755000000000109e+00 9.010477999999999543e-01 8.481125999999999943e-01 -3.996570000000000260e-05
1.308370000000000088e-01 6.461308000000000329e-02 8.565095000000000347e-01 1.125245000000000051e+00 8.641744000000000092e-01 3.196791999999999967e-01 -1.201484000000000032e-04
1.768490000000000062e-01 3.484454000000000023e-02 6.883129999999999526e-01 1.068513999999999964e+00 8.421973999999999849e-01 6.187316000000000482e-01 -2.207544999999999885e-04
2.405259999999999898e-01 3.003778000000000004e-02 6.296869000000000494e-01 9.572452000000000183e-01 9.882655999999999663e-01 4.901083999999999996e-02 -2.269937999999999882e-04
2.643969999999999931e-01 5.989487000000000283e-02 8.340311999999999726e-01 1.179032999999999998e+00 7.845857000000000525e-01 5.144208000000000114e-01 -2.887567999999999862e-04
1.896819999999999895e-01 6.076410000000000144e-02 6.478825999999999752e-01 1.041541999999999968e+00 9.400884999999999936e-01 4.365633999999999904e-01 -8.173251000000000463e-05
1.266970000000000041e-01 5.250447999999999921e-02 6.115758999999999501e-01 9.064668999999999643e-01 8.959715999999999791e-01 7.886182000000000469e-01 -2.175525999999999879e-05
4.158100000000000129e-01 5.178605000000000014e-02 6.216901000000000233e-01 8.367191999999999963e-01 8.277622999999999509e-01 5.155602000000000240e-01 -1.560789999999999942e-04
3.816240000000000188e-01 3.467499000000000275e-02 7.071863000000000454e-01 9.205991999999999509e-01 8.777764999999999596e-01 7.973704000000000347e-01 -2.724340999999999807e-04
3.179500000000000104e-01 5.062976000000000282e-02 7.757315999999999656e-01 9.839263999999999788e-01 6.549226000000000214e-01 6.388437000000000143e-01 -2.747604000000000062e-04
4.119419999999999749e-01 4.556994000000000322e-02 5.892619000000000051e-01 1.185529000000000055e+00 9.448992999999999975e-01 3.999183000000000043e-01 -1.139703000000000021e-04
1.612490000000000034e-01 4.059022999999999798e-02 7.090178000000000313e-01 1.093272000000000022e+00 7.811803000000000496e-01 4.331481999999999832e-01 -5.278954000000000280e-05
2.148829999999999907e-01 5.806486000000000286e-02 7.226561000000000234e-01 1.110886999999999958e+00 6.343149000000000148e-01 2.885001999999999844e-01 -2.967382999999999978e-04
2.280040000000000122e-01 3.778134999999999827e-02 7.344522999999999469e-01 9.692897000000000318e-01 8.395907000000000231e-01 6.522052000000000405e-01 -1.189997999999999986e-05
4.398779999999999912e-01 5.784596000000000182e-02 7.380339000000000205e-01 1.015228999999999937e+00 8.388042999999999472e-01 8.452671999999999963e-01 -5.358300999999999911e-05
3.885350000000000192e-01 4.577069999999999750e-02 5.503603000000000245e-01 9.411509000000000125e-01 9.537630999999999748e-01 8.705657999999999452e-02 -2.347880999999999959e-04
3.071420000000000261e-01 6.815562000000000009e-02 6.901770999999999878e-01 1.008183000000000051e+00 9.276153999999999789e-01 9.532705999999999680e-01 -2.951868999999999977e-04
