3.559550000000000214e-01 5.894048999999999816e-02 5.738083999999999962e-01 9.143436000000000341e-01 6.528916000000000164e-01 7.716163000000000327e-01 -5.003759000000000283e-05
4.064360000000000195e-01 3.051664999999999933e-02 8.293279000000000067e-01 1.180290999999999979e+00 6.431913000000000213e-01 1.826618000000000130e-01 -2.333194000000000077e-04
3.982189999999999896e-01 5.180201000000000250e-02 5.030963999999999992e-01 1.163146999999999931e+00 9.610775999999999764e-01 6.364530000000000465e-01 -1.191759000000000053e-04
2.396939999999999904e-01 5.061844000000000066e-02 5.854131999999999669e-01 1.098796000000000106e+00 8.965060999999999725e-01 5.833677999999999919e-01 -1.172754000000000054e-04
1.450849999999999917e-01 3.726266999999999774e-02 6.152235000000000342e-01 1.192547999999999941e+00 6.471088999999999869e-01 6.257163000000000030e-01 -2.469206999999999956e-04
4.203939999999999899e-01 3.497412999999999911e-02 6.477659999999999529e-01 9.661005000000000287e-01 8.655152000000000401e-01 3.255347000000000102e-01 -2.610511000000000255e-04
3.928050000000000153e-01 4.292171999999999654e-02 7.777893999999999641e-01 8.026151000000000257e-01 9.176136000000000292e-01 9.210243000000000180e-01 -8.705089999999999692e-05
1.771040000000000114e-01 4.151778999999999886e-02 5.040194999999999537e-01 1.184355999999999964e+00 7.831348999999999672e-01 1.855011000000000021e-01 -1.783192999999999920e-04
2.159949999999999926e-01 6.304124999999999313e-02 6.587539999999999507e-01 1.104932000000000025e+00 9.295780000000000154e-01 1.172498999999999937e-02 -1.071492999999999941e-04
4.281400000000000206e-01 4.492688999999999711e-02 5.742513999999999674e-01 1.154749999999999943e+00 9.801836999999999911e-01 8.632980999999999572e-01 -1.013212999999999950e-04
1.638429999999999886e-01 3.811700999999999978e-02 6.187757999999999869e-01 9.175505000000000466e-01 8.023341999999999974e-01 2.424727000000000132e-01 -7.103940999999999685e-05
1.084019999999999984e-01 6.634473000000000453e-02 7.498801000000000494e-01 8.537917000000000423e-01 6.622787999999999453e-01 3.865887000000000073e-01 -1.125034000000000044e-04
4.722290000000000099e-01 6.239540999999999837e-02 6.844284999999999952e-01 8.943404000000000353e-01 9.009137999999999868e-01 2.444631999999999916e-01 -1.192900999999999982e-04
3.508499999999999952e-01 3.198030000000000317e-02 8.415724999999999456e-01 1.114535999999999971e+00 7.207670999999999939e-01 6.398042999999999925e-01 -1.523863999999999950e-05
3.115240000000000231e-01 4.981088000000000182e-02 6.757830999999999699e-01 1.089596000000000009e+00 6.831426000000000442e-01 8.946075999999999473e-01 -1.312085999999999960e-04
2.110249999999999904e-01 5.882177999999999712e-02 6.829018000000000033e-01 1.189921999999999924e+00 9.408703999999999956e-01 4.752601000000000186e-01 -3.120722999999999699e-05
4.837830000000000186e-01 4.927332000000000239e-02 8.992771999999999988e-01 1.120638000000000023e+00 7.579609000000000485e-01 1.754960000000000131e-01 -1.967018999999999945e-05
1.975989999999999969e-01 4.255384999999999723e-02 6.216146999999999645e-01 1.161497999999999919e+00 9.523593000000000197e-01 7.423703000000000385e-01 -3.553272000000000087e-05
2.027059999999999973e-01 3.980965999999999672e-02 8.285668000000000477e-01 1.065021999999999913e+00 8.897152000000000394e-01 5.314831999999999890e-02 -3.824945999999999750e-05
2.042430000000000079e-01 4.520446999999999660e-02 8.081844999999999724e-01 8.254561999999999733e-01 9.851258999999999988e-01 2.038629000000000135e-01 -6.252828000000000097e-05
1.034869999999999957e-01 5.346883999999999665e-02 6.723601000000000161e-01 9.595023000000000302e-01 6.944523000000000224e-01 9.281863999999999670e-01 -1.130886000000000001e-05
3.381779999999999786e-01 3.977997999999999951e-02 5.024714999999999598e-01 8.751020999999999939e-01 7.742759000000000169e-01 4.182057000000000135e-01 -2.709980999999999762e-04
2.908529999999999727e-01 3.090085999999999875e-02 6.564735000000000431e-01 1.086243000000000070e+00 6.914877000000000384e-01 2.942067999999999905e-01 -2.945159999999999835e-04
1.900719999999999910e-01 5.706573999999999675e-02 8.377166999999999808e-01 9.886473999999999540e-01 8.993451999999999558e-01 6.876590999999999676e-01 -2.464791999999999829e-04
4.380240000000000244e-01 6.852004999999999901e-02 6.350968999999999642e-01 1.191055999999999893e+00 6.711458999999999619e-01 7.824434000000000111e-01 -1.220119999999999967e-04
1.019619999999999971e-01 5.484589000000000131e-02 5.049580000000000179e-01 1.002971000000000057e+00 8.458470999999999629e-01 3.983808999999999823e-01 -6.571963000000000219e-05
2.775549999999999962e-01 6.632636000000000087e-02 8.311935000000000295e-01 1.146138000000000101e+00 7.266213999999999729e-01 2.658319000000000099e-01 -1.507205000000000014e-04
4.773319999999999785e-01 4.579756000000000105e-02 8.590761000000000092e-01 1.019649999999999945e+00 8.900919000000000469e-01 9.330806999999999851e-01 -2.615839999999999810e-04
4.109189999999999787e-01 5.575958999999999777e-02 7.302026000000000350e-01 9.482256999999999492e-01 6.693333000000000199e-01 9.178937000000000346e-01 -1.514878000000000101e-04
3.482709999999999972e-01 3.071194999999999828e-02 5.970151999999999681e-01 8.118210999999999622e-01 9.023233999999999977e-01 9.604192000000000284e-01 -2.381941000000000104e-04
3.172530000000000072e-01 6.292005999999999988e-02 8.162131999999999721e-01 8.680906999999999929e-01 9.204343000000000385e-01 8.186316000000000426e-02 -2.416840999999999922e-04
1.031610000000000027e-01 3.665473000000000342e-02 8.852274999999999450e-01 8.023761000000000365e-01 9.777595999999999510e-01 1.877250000000000099e-02 -3.709091000000000162e-05
1.610119999999999885e-01 6.990433000000000063e-02 5.453227000000000491e-01 1.143947000000000047e+00 8.972883999999999860e-01 5.137182000000000137e-01 -6.919946000000000441e-05
4.923290000000000166e-01 4.760836000000000234e-02 5.077684999999999560e-01 1.178603000000000067e+00 8.668350999999999695e-01 1.124814999999999982e-01 -2.898886000000000149e-04
1.016210000000000030e-01 4.829115999999999964e-02 8.531203000000000536e-01 1.088005000000000111e+00 8.981797999999999726e-01 2.393380999999999981e-01 -1.215177000000000072e-05
4.319799999999999751e-01 5.764580999999999872e-02 5.222965000000000524e-01 9.268922000000000549e-01 9.846629999999999550e-01 4.381633999999999807e-01 -2.948622000000000244e-04
3.802249999999999797e-01 6.498513999999999680e-02 8.718664000000000414e-01 9.730866000000000238e-01 7.622621000000000535e-01 6.625805999999999640e-01 -1.779614000000000001e-04
2.426139999999999963e-01 4.214637999999999718e-02 8.777220000000000022e-01 1.176028999999999991e+00 9.687791999999999515e-01 5.797550000000000203e-01 -2.128687000000000038e-04
4.273810000000000109e-01 5.059067999999999898e-02 6.447522999999999449e-01 1.001980000000000093e+00 9.906148000000000176e-01 4.894426000000000054e-01 -2.697393999999999877e-04
3.507160000000000277e-01 6.403543999999999903e-02 8.075774999999999482e-01 9.202259000000000411e-01 9.605588000000000459e-01 5.534514000000000378e-01 -1.651369000000000079e-04
4.747500000000000053e-01 3.863372000000000334e-02 5.514474999999999794e-01 8.625532000000000199e-01 8.882792000000000465e-01 7.671320999999999835e-01 -6.378962999999999864e-05
2.548300000000000010e-01 4.014355000000000007e-02 8.345886999999999611e-01 1.084362000000000048e+00 7.106337000000000348e-01 1.704594000000000109e-01 -2.768790999999999830e-04
1.486860000000000126e-01 5.570504999999999901e-02 6.008356000000000252e-01 1.111429999999999918e+00 9.917738000000000387e-01 5.374261000000000177e-01 -8.279476999999999334e-05
4.698069999999999746e-01 3.975688000000000139e-02 6.211794000000000482e-01 1.124967999999999968e+00 6.396193999999999491e-01 2.992006999999999861e-01 -9.218639999999999544e-06
3.850180000000000269e-01 5.079461999999999866e-02 5.899976999999999583e-01 9.446847000000000438e-01 6.221970000000000001e-01 4.915273000000000003e-01 -3.459855000000000097e-05
2.046860000000000068e-01 5.177535999999999944e-02 5.623998999999999526e-01 8.656169000000000224e-01 9.343342999999999510e-01 4.315670999999999813e-01 -8.284221999999999574e-06
2.364819999999999978e-01 5.866289999999999699e-02 5.770167000000000490e-01 8.941987000000000130e-01 9.907491000000000492e-01 8.355190999999999590e-01 -5.642161000000000273e-05
3.842590000000000172e-01 4.396122999999999698e-02 6.167502000000000262e-01 8.981898000000000382e-01 6.072011999999999965e-01 8.601860999999999535e-01 -2.037537000000000072e-04
3.977820000000000245e-01 4.525135999999999742e-02 8.549330000000000540e-01 1.127917999999999976e+00 9.071573000000000553e-01 9.956245999999999707e-01 -1.030902999999999979e-04
2.073530000000000095e-01 6.384653999999999330e-02 7.483098999999999723e-01 1.194256999999999902e+00 6.456056000000000017e-01 1.964915999999999885e-01 -2.214523999999999941e-04
4.263569999999999860e-01 4.074128999999999945e-02 8.856505000000000072e-01 8.642832999999999766e-01 6.142431000000000418e-01 9.610461999999999616e-01 -7.220226000000000215e-06
2.359330000000000038e-01 5.585397999999999752e-02 7.085747999999999491e-01 8.274755999999999778e-01 8.523199999999999665e-01 4.633731999999999851e-01 -9.585153999999999810e-05
1.879619999999999902e-01 4.330893000000000242e-02 7.230858999999999481e-01 9.700436999999999532e-01 9.117106000000000376e-01 3.206405999999999978e-01 -1.522724999999999892e-04
3.609310000000000018e-01 6.559225999999999945e-02 8.927454999999999696e-01 9.928812999999999667e-01 7.128176000000000512e-01 7.493895999999999891e-02 -1.885644999999999867e-04
1.163089999999999957e-01 4.215939999999999965e-02 6.131796999999999942e-01 9.364970000000000239e-01 7.982099000000000277e-01 1.271558000000000133e-01 -2.818009000000000009e-04
2.355559999999999876e-01 3.403526999999999941e-02 5.464367999999999448e-01 9.843996999999999886e-01 7.699903000000000164e-01 6.058913999999999689e-01 -8.413584999999999846e-05
1.498559999999999892e-01 6.208512000000000058e-02 8.094635000000000025e-01 8.585758000000000001e-01 8.445350000000000357e-01 2.926143999999999967e-01 -2.452709999999999765e-04
4.936110000000000220e-01 5.590736999999999790e-02 5.417636000000000118e-01 9.874150999999999900e-01 6.020372999999999974e-01 2.144279000000000046e-01 -1.391119999999999922e-04
3.414889999999999870e-01 5.390960000000000196e-02 6.000341999999999620e-01 1.046381999999999923e+00 7.381999000000000200e-01 6.903685000000000516e-01 -1.888004000000000093e-04
4.962679999999999869e-01 4.166533000000000042e-02 5.929373000000000005e-01 1.109070999999999918e+00 6.065656000000000381e-01 5.313094000000000428e-01 -2.570668000000000237e-04
3.711380000000000234e-01 6.422584000000000626e-02 6.293642999999999876e-01 1.031986999999999988e+00 8.128629000000000548e-01 2.180436000000000041e-01 -1.064131000000000061e-04
1.095959999999999990e-01 4.454081000000000012e-02 6.660865999999999731e-01 1.053214000000000095e+00 7.176299000000000428e-01 3.821610999999999758e-02 -8.402163000000000416e-05
2.403379999999999961e-01 5.946880000000000221e-02 8.159863000000000532e-01 8.049963999999999453e-01 6.840469999999999606e-01 8.965052999999999495e-01 -2.527741000000000232e-04
3.090479999999999894e-01 3.801477000000000328e-02 8.308735000000000426e-01 8.708797999999999817e-01 6.520491999999999955e-01 4.972343000000000179e-01 -3.266892000000000298e-05
4.054389999999999938e-01 6.019672999999999691e-02 7.931816999999999895e-01 1.125847000000000042e+00 9.214575999999999878e-01 3.174421000000000048e-01 -2.164993999999999892e-04
4.777270000000000127e-01 3.199331999999999870e-02 6.551367999999999636e-01 9.730385000000000284e-01 9.493411000000000488e-01 1.947203999999999879e-01 -8.538852999999999949e-05
1.275280000000000025e-01 3.309543000000000207e-02 5.550623000000000085e-01 1.049574999999999925e+00 9.888000999999999596e-01 3.464948999999999946e-01 -2.146739000000000047e-04
1.616829999999999934e-01 5.653608000000000244e-02 6.610721999999999987e-01 1.003160000000000052e+00 7.257249999999999535e-01 2.044507000000000130e-01 -3.664958000000000088e-05
4.184459999999999846e-01 6.248034999999999700e-02 7.058624999999999483e-01 9.569919999999999538e-01 6.571879999999999944e-01 5.783823000000000158e-01 -2.256383000000000043e-04
2.745909999999999740e-01 5.082659999999999956e-02 8.660506000000000038e-01 1.107939000000000007e+00 9.388151000000000135e-01 1.265303999999999873e-01 -2.559352000000000090e-04
2.447799999999999976e-01 3.194844000000000156e-02 8.946287000000000544e-01 8.138256000000000379e-01 7.994497999999999882e-01 4.359464000000000117e-01 -1.308244000000000073e-04
3.561590000000000034e-01 3.087666000000000022e-02 7.874516000000000293e-01 8.730444000000000537e-01 9.694270000000000387e-01 1.796101999999999976e-01 -7.112830999999999527e-05
3.273590000000000111e-01 6.866411999999999516e-02 7.304825999999999819e-01 8.695545999999999554e-01 7.848186000000000329e-01 2.376936000000000049e-01 -1.493417999999999937e-04
2.684830000000000272e-01 3.386796000000000251e-02 7.317801000000000444e-01 9.487020000000000453e-01 7.028896000000000033e-01 2.731916999999999818e-01 -2.065233999999999885e-04
3.766360000000000263e-01 4.110947000000000212e-02 6.265549999999999731e-01 9.991290999999999922e-01 9.377632999999999663e-01 1.323292000000000079e-01 -1.149915000000000052e-04
1.362009999999999887e-01 5.335096000000000283e-02 7.070047000000000414e-01 1.124484999999999957e+00 8.431144000000000416e-01 1.507342999999999877e-01 -1.654670000000000067e-04
3.714470000000000272e-01 4.620106999999999686e-02 8.157218000000000524e-01 1.181111999999999940e+00 7.086691000000000518e-01 8.565325000000000299e-01 -9.000828000000000214e-05
3.203690000000000149e-01 4.677800000000000014e-02 7.276827000000000156e-01 1.111780999999999908e+00 6.599180999999999520e-01 7.400832000000000244e-02 -8.392734999999999529e-05
2.070929999999999993e-01 4.566064000000000234e-02 5.096667999999999754e-01 1.043374999999999941e+00 9.258250000000000091e-01 8.726842000000000210e-01 -2.003623999999999911e-04
2.595250000000000057e-01 5.605298999999999698e-02 7.414091999999999905e-01 1.150315999999999894e+00 9.540336000000000372e-01 8.128786000000000345e-02 -1.313944999999999903e-04
1.753810000000000091e-01 3.787825999999999693e-02 5.752110999999999752e-01 8.907049000000000216e-01 7.130874000000000379e-01 3.052965999999999736e-01 -1.291195000000000027e-04
4.058350000000000013e-01 5.634350999999999943e-02 5.955350000000000366e-01 8.791468999999999534e-01 8.680128999999999762e-01 5.628568000000000460e-01 -5.546971000000000258e-05
3.086090000000000222e-01 6.396048000000000011e-02 5.766675999999999469e-01 8.326715000000000089e-01 6.043815999999999633e-01 1.448434000000000110e-01 -4.882776999999999821e-05
4.477949999999999986e-01 3.602360000000000284e-02 7.174268000000000312e-01 1.181950999999999974e+00 8.515572000000000141e-01 2.861380000000000173e-02 -1.386744000000000084e-04
4.521580000000000044e-01 5.000844000000000122e-02 6.052286000000000055e-01 9.763808999999999960e-01 8.907627999999999657e-01 1.208397999999999972e-01 -2.343474999999999920e-04
3.286060000000000092e-01 6.018496000000000262e-02 5.038101999999999858e-01 9.866793000000000369e-01 7.490596000000000476e-01 7.626486999999999572e-01 -2.969353000000000097e-04
2.826509999999999856e-01 6.565957999999999517e-02 6.961344999999999894e-01 1.078106999999999926e+00 9.356510999999999578e-01 1.572736000000000134e-01 -5.455598000000000278e-05
4.931579999999999853e-01 6.804279000000000577e-02 6.510571000000000552e-01 8.653781999999999863e-01 9.741743999999999959e-01 5.236965000000000092e-01 -9.726383999999999811e-05
4.615029999999999966e-01 5.085491999999999790e-02 7.004614000000000118e-01 1.192835000000000090e+00 8.451824000000000003e-01 9.443483000000000294e-01 -1.035447000000000049e-04
3.352629999999999777e-01 4.559115999999999863e-02 7.014772999999999703e-01 9.270393999999999579e-01 7.224745999999999668e-01 9.141377000000000530e-01 -4.290488000000000179e-05
2.873649999999999816e-01 5.933565999999999840e-02 6.671036000000000188e-01 8.127598000000000322e-01 8.402401999999999926e-01 1.303091000000000110e-01 -6.968001999999999833e-05
2.677899999999999725e-01 3.619984999999999870e-02 6.637203999999999882e-01 1.154900999999999955e+00 9.153358999999999801e-01 2.166804999999999981e-01 -4.229003999999999770e-06
4.413560000000000261e-01 3.887626000000000276e-02 7.271585999999999883e-01 1.084111999999999965e+00 7.942373999999999823e-01 7.550582999999999601e-01 -2.175796999999999931e-04
4.736899999999999999e-01 6.535054999999999337e-02 5.979455999999999660e-01 1.071417000000000064e+00 6.311776999999999527e-01 9.287625999999999937e-01 -2.150634999999999917e-04
4.371909999999999963e-01 6.250324999999999631e-02 8.587934000000000401e-01 9.326773999999999898e-01 6.768984000000000112e-01 1.598777999999999866e-01 -1.098898000000000062e-04
2.652260000000000173e-01 3.946985000000000077e-02 7.774556000000000244e-01 8.641423000000000298e-01 6.806425000000000392e-01 1.191588999999999982e-01 -9.817837000000000645e-05
2.100130000000000052e-01 6.057164999999999772e-02 6.121016000000000234e-01 8.851385000000000502e-01 9.616995999999999878e-01 1.084105000000000069e-01 -2.773211000000000035e-04
1.268110000000000070e-01 3.697455999999999660e-02 8.494890999999999970e-01 8.557746000000000519e-01 7.763478000000000323e-01 1.588318999999999981e-01 -5.348205000000000237e-06
4.342710000000000181e-01 3.473437000000000052e-02 5.542439999999999589e-01 8.429415000000000102e-01 7.514667999999999903e-01 1.408640999999999921e-01 -1.645895999999999937e-04
3.541590000000000016e-01 6.045232999999999857e-02 5.461723000000000550e-01 1.010740999999999890e+00 6.446117000000000097e-01 6.511778999999999762e-01 -2.586457000000000231e-04
2.561100000000000043e-01 5.337166000000000132e-02 8.130935999999999719e-01 8.754007000000000316e-01 9.707381000000000482e-01 3.759433999999999693e-02 -1.285375000000000005e-04
4.893890000000000184e-01 5.983891999999999683e-02 8.061473000000000111e-01 1.096654999999999935e+00 9.921940000000000204e-01 1.244366999999999973e-01 -4.560146999999999828e-05
2.331270000000000009e-01 5.299526000000000237e-02 5.321221000000000423e-01 9.163071000000000410e-01 8.129965999999999582e-01 5.562916999999999446e-01 -2.482618999999999820e-04
1.062889999999999946e-01 5.301159999999999900e-02 7.708755999999999942e-01 1.171270000000000033e+00 6.414988999999999830e-01 1.140028000000000048e-02 -1.758002000000000046e-04
1.246659999999999990e-01 5.326866000000000240e-02 8.880677999999999628e-01 1.097838000000000092e+00 7.289645000000000152e-01 3.354088000000000069e-01 -2.619257000000000052e-04
2.116699999999999970e-01 6.730616999999999850e-02 5.235908000000000229e-01 1.061970999999999998e+00 6.814286000000000509e-01 7.844999000000000278e-01 -7.373516999999999626e-05
1.922810000000000075e-01 6.511338999999999322e-02 6.927832999999999908e-01 1.169826999999999950e+00 8.686344999999999761e-01 2.206631000000000009e-01 -1.948351000000000076e-04
2.286549999999999971e-01 4.268021999999999788e-02 6.967351000000000516e-01 9.648908000000000484e-01 7.473556000000000088e-01 9.319423000000000012e-01 -2.021473000000000085e-04
1.929279999999999884e-01 5.844616999999999868e-02 5.022834999999999939e-01 1.079039999999999999e+00 7.091332000000000191e-01 5.299009999999999554e-01 -1.523827000000000005e-04
1.107080000000000009e-01 5.131867999999999846e-02 6.813103000000000353e-01 8.620293999999999457e-01 9.511960000000000415e-01 1.689096999999999960e-01 -2.324368000000000105e-04
4.992070000000000118e-01 6.706695999999999491e-02 6.920633999999999952e-01 9.631937999999999889e-01 6.809098000000000095e-01 2.601095999999999964e-01 -1.839911000000000010e-04
1.464630000000000098e-01 4.338266000000000344e-02 6.922736999999999918e-01 8.824874999999999803e-01 6.553877999999999648e-01 9.924313000000000162e-01 -4.299454999999999987e-05
4.764079999999999981e-01 6.183141000000000331e-02 8.144367999999999608e-01 1.110735999999999946e+00 6.741686000000000067e-01 6.358108000000000093e-01 -1.978700000000000012e-04
1.116960000000000036e-01 5.413505999999999874e-02 8.003871000000000180e-01 8.163023999999999836e-01 8.932356000000000185e-01 5.412046999999999830e-01 -1.965407999999999869e-04
3.845649999999999902e-01 6.306768999999999570e-02 6.055574999999999708e-01 8.042764000000000024e-01 9.500102999999999742e-01 8.010399999999999743e-01 -6.773429000000000570e-05
3.289920000000000067e-01 5.639919000000000182e-02 7.077565000000000106e-01 1.033327000000000107e+00 6.896075000000000399e-01 2.513425000000000034e-02 -1.248416000000000076e-04
1.403649999999999898e-01 6.127755000000000007e-02 5.079909999999999703e-01 1.073371999999999993e+00 8.913862999999999648e-01 6.447950999999999544e-01 -9.249610999999999760e-05
2.633829999999999782e-01 5.708364999999999967e-02 6.530342999999999565e-01 1.148881999999999959e+00 6.707689000000000012e-01 1.420349999999999946e-01 -1.775834999999999914e-04
3.788460000000000161e-01 4.221257999999999955e-02 5.962762999999999813e-01 1.038302000000000058e+00 7.891584000000000376e-01 5.925243000000000038e-01 -9.793654000000000270e-05
2.160809999999999953e-01 5.089918999999999694e-02 5.493042000000000202e-01 1.045395999999999992e+00 6.950889999999999569e-01 6.924856999999999818e-01 -1.490010000000000054e-04
2.742049999999999765e-01 6.696359999999999812e-02 6.699412999999999618e-01 8.612883000000000067e-01 8.983143999999999574e-01 8.736532999999999660e-01 -9.089091000000000151e-05
4.653599999999999959e-01 5.227558999999999678e-02 6.925464999999999538e-01 1.106354000000000060e+00 7.300088000000000132e-01 7.595180999999999738e-01 -2.247689999999999888e-04
2.787970000000000170e-01 6.470784999999999731e-02 6.031539000000000206e-01 1.010140000000000038e+00 7.877250999999999559e-01 7.306342000000000114e-01 -3.002141999999999911e-06
3.755149999999999877e-01 5.005893000000000148e-02 8.914674999999999683e-01 1.136041999999999996e+00 6.637260999999999855e-01 5.734993999999999925e-01 -1.525107999999999900e-04
2.919629999999999725e-01 6.261527000000000065e-02 6.912528000000000006e-01 8.789936000000000416e-01 8.266042999999999585e-01 4.088235000000000063e-01 -1.438277999999999920e-04
4.268600000000000172e-01 5.947957000000000244e-02 7.503241999999999967e-01 8.957772000000000512e-01 7.780732000000000204e-01 5.068426999999999655e-02 -1.002551999999999952e-04
3.448280000000000234e-01 5.444343000000000099e-02 7.048256999999999994e-01 8.346135000000000081e-01 7.977450999999999848e-01 2.685825000000000018e-01 -7.352724000000000586e-05
2.972299999999999942e-01 6.234316000000000163e-02 6.501968999999999665e-01 9.799343000000000359e-01 7.214243999999999657e-01 6.416830999999999507e-01 -2.124264999999999964e-04
2.916839999999999988e-01 5.094433000000000294e-02 5.006920000000000259e-01 9.697987999999999609e-01 7.987528000000000405e-01 8.420545000000000391e-01 -1.112606999999999968e-04
4.706389999999999740e-01 5.262909000000000337e-02 6.523212999999999928e-01 1.008931000000000022e+00 8.242454000000000169e-01 3.190384000000000275e-02 -1.314854000000000066e-04
3.669720000000000204e-01 5.588134000000000157e-02 7.553233000000000308e-01 1.125007000000000090e+00 8.305892000000000275e-01 7.283817999999999682e-01 -6.024624000000000206e-05
2.543400000000000105e-01 3.068030999999999883e-02 5.375134000000000301e-01 1.109401999999999999e+00 9.805850000000000399e-01 2.313489999999999991e-01 -1.990798000000000112e-04
3.206519999999999926e-01 6.371419999999999861e-02 5.147667000000000215e-01 1.050170000000000048e+00 9.686514000000000513e-01 9.986642999999999493e-01 -9.564919000000000502e-05
3.123549999999999938e-01 6.953307000000000238e-02 5.325541999999999776e-01 9.543861999999999624e-01 7.758355999999999586e-01 4.853396999999999850e-01 -2.371136999999999995e-04
3.910830000000000140e-01 6.054462000000000038e-02 6.526028000000000384e-01 1.187364000000000086e+00 9.337126999999999510e-01 8.358501999999999876e-01 -1.664353999999999888e-04
1.039899999999999991e-01 5.646471000000000129e-02 7.294819999999999638e-01 1.140798999999999896e+00 8.820000000000000062e-01 6.135382000000000335e-01 -2.179966999999999994e-04
2.858970000000000122e-01 5.356781000000000043e-02 5.536474999999999591e-01 1.040618000000000043e+00 7.166101999999999750e-01 8.072591000000000072e-01 -2.733206999999999868e-04
4.684110000000000218e-01 6.945160999999999696e-02 5.576780999999999544e-01 1.168865000000000043e+00 9.238577999999999513e-01 1.721397000000000066e-01 -1.411913000000000046e-04
1.490249999999999908e-01 4.227576000000000250e-02 7.536834999999999507e-01 1.198272000000000004e+00 9.394432999999999812e-01 8.424306000000000294e-01 -1.370223999999999910e-04
4.906719999999999970e-01 4.466521999999999853e-02 6.193322999999999467e-01 9.556280000000000330e-01 7.900869999999999838e-01 7.977708999999999495e-01 -4.343787999999999821e-05
4.044749999999999734e-01 6.301038000000000472e-02 5.243434000000000150e-01 1.195840999999999932e+00 8.356679000000000190e-01 9.373373999999999873e-01 -2.546695999999999986e-04
2.960990000000000011e-01 5.720014999999999822e-02 7.183958999999999762e-01 9.858867999999999521e-01 8.166877000000000164e-01 9.194868999999999959e-01 -2.239871000000000022e-05
1.161049999999999999e-01 6.772809000000000468e-02 8.260471000000000341e-01 8.762343000000000215e-01 8.803564000000000389e-01 9.434702000000000366e-01 -2.700830999999999892e-04
2.104020000000000057e-01 5.663329999999999753e-02 8.019053999999999904e-01 1.131742999999999943e+00 8.019560999999999495e-01 8.453819999999999668e-01 -1.445033000000000027e-04
3.268860000000000099e-01 6.126945000000000308e-02 6.735560999999999909e-01 1.025851000000000068e+00 9.972746999999999584e-01 3.024530999999999747e-01 -2.400163000000000079e-04
1.644819999999999893e-01 5.458054999999999851e-02 6.515037999999999663e-01 8.022884999999999600e-01 6.369205000000000005e-01 4.566039000000000070e-01 -8.840535000000000223e-05
2.420150000000000079e-01 4.495774000000000298e-02 6.086637000000000297e-01 1.146023999999999932e+00 8.865998999999999963e-01 2.077015000000000111e-01 -2.487840999999999751e-04
4.971099999999999963e-01 3.660386999999999669e-02 8.259727999999999515e-01 1.100109000000000004e+00 9.049530000000000074e-01 8.094763000000000375e-01 -1.465085999999999884e-04
3.589499999999999913e-01 4.349535000000000207e-02 5.234166000000000096e-01 1.192298999999999998e+00 6.572738000000000191e-01 4.697178000000000186e-01 -1.586175000000000107e-04
4.465959999999999930e-01 5.298436000000000118e-02 6.976611000000000340e-01 9.813566999999999707e-01 9.194128000000000300e-01 3.927686000000000233e-01 -9.598356000000000433e-05
