4.362500000000000266e-01 3.085600000000000148e-02 8.935726999999999975e-01 1.127084999999999892e+00 8.417757000000000156e-01 4.331281000000000020e-02 -2.580301999999999813e-04
1.196160000000000001e-01 3.523437000000000097e-02 5.218441999999999803e-01 8.984271999999999814e-01 6.970349000000000128e-01 2.035985999999999907e-01 -2.908470999999999821e-04
2.107300000000000006e-01 6.949465999999999977e-02 7.924778000000000100e-01 1.016340999999999939e+00 7.741519000000000039e-01 4.123917999999999751e-01 -1.113549000000000000e-04
2.160809999999999953e-01 5.089918999999999694e-02 5.493042000000000202e-01 1.045395999999999992e+00 6.950889999999999569e-01 6.924856999999999818e-01 -1.490010000000000054e-04
4.999399999999999955e-01 4.733542000000000305e-02 5.480365999999999849e-01 1.081105999999999900e+00 7.850998000000000143e-01 8.722843000000000124e-01 -6.636550000000000012e-05
3.975270000000000192e-01 5.826474999999999710e-02 8.959624000000000477e-01 9.318497000000000030e-01 7.736275999999999708e-01 8.163538000000000183e-01 -2.508645999999999901e-04
1.133949999999999958e-01 6.660339999999999316e-02 5.156138999999999584e-01 1.192018000000000022e+00 7.142654999999999976e-01 8.459486000000000505e-01 -2.134472000000000051e-04
1.010719999999999952e-01 4.610738999999999810e-02 6.340436000000000405e-01 1.033684000000000047e+00 9.589693000000000245e-01 6.095108999999999666e-01 -1.262005999999999924e-04
1.159710000000000046e-01 5.621232999999999785e-02 7.667736000000000551e-01 9.733382999999999896e-01 7.458552000000000515e-01 2.629502000000000228e-01 -2.275745999999999878e-04
3.075860000000000261e-01 3.470799000000000106e-02 7.428097999999999645e-01 1.094584999999999919e+00 9.784066000000000152e-01 6.781951999999999980e-01 -2.363463000000000109e-04
4.334419999999999940e-01 5.461185999999999818e-02 6.107584999999999820e-01 1.101380999999999943e+00 6.582926999999999529e-01 7.506161999999999557e-01 -4.901550999999999922e-05
3.670039999999999969e-01 3.391095000000000220e-02 5.932433000000000289e-01 1.086821000000000037e+00 7.470982999999999929e-01 3.461092000000000057e-01 -4.383617999999999743e-05
4.428170000000000162e-01 3.338145000000000001e-02 8.402714000000000016e-01 8.562535999999999481e-01 8.737198999999999938e-01 7.812321999999999322e-02 -1.264390000000000002e-04
4.802919999999999967e-01 3.374477000000000032e-02 7.907973999999999837e-01 1.057133000000000100e+00 6.591358999999999968e-01 3.537581000000000059e-02 -2.871944000000000095e-05
3.082170000000000187e-01 5.758040999999999854e-02 7.868633000000000433e-01 1.185578999999999938e+00 7.577224999999999655e-01 8.903944999999999776e-01 -2.229497000000000043e-04
3.058569999999999900e-01 6.440290999999999377e-02 8.781373999999999569e-01 1.049028000000000072e+00 6.565537000000000178e-01 8.140876999999999697e-01 -2.133213999999999868e-04
3.299320000000000030e-01 5.921023000000000258e-02 5.761741000000000223e-01 1.088332000000000077e+00 7.534241999999999884e-01 6.427994000000000208e-01 -1.335939000000000051e-05
2.141500000000000070e-01 3.755225999999999703e-02 8.658814999999999706e-01 8.459841000000000166e-01 7.254445999999999950e-01 8.388109000000000259e-01 -1.038198999999999985e-04
4.434670000000000001e-01 3.668501999999999874e-02 5.583443999999999630e-01 1.037554000000000087e+00 6.611791000000000196e-01 3.846721000000000168e-01 -2.534427999999999920e-04
3.389110000000000178e-01 5.958945999999999688e-02 6.589909000000000461e-01 1.168026999999999926e+00 6.659646000000000177e-01 9.685167000000000082e-01 -7.837276000000000008e-05
1.644819999999999893e-01 5.458054999999999851e-02 6.515037999999999663e-01 8.022884999999999600e-01 6.369205000000000005e-01 4.566039000000000070e-01 -8.840535000000000223e-05
4.007279999999999731e-01 5.480800999999999729e-02 7.700588999999999906e-01 9.646314000000000277e-01 8.041656000000000359e-01 4.683982999999999897e-01 -2.030605000000000051e-04
4.799439999999999817e-01 6.967091000000000256e-02 6.387654999999999861e-01 1.045536000000000021e+00 6.099276999999999616e-01 3.567837999999999843e-01 -5.015229999999999753e-05
3.102469999999999950e-01 5.107420000000000015e-02 5.599954999999999794e-01 1.070699999999999985e+00 7.216553999999999469e-01 1.176674000000000053e-01 -7.069095000000000120e-05
3.692819999999999991e-01 5.495731000000000227e-02 7.451796000000000531e-01 1.161726999999999954e+00 6.959368000000000221e-01 1.552440999999999960e-01 -3.681682999999999831e-05
2.811919999999999975e-01 4.758024000000000281e-02 6.733818999999999777e-01 1.119048999999999960e+00 9.734100999999999448e-01 9.583367999999999887e-01 -1.375554000000000078e-04
3.769839999999999858e-01 5.703765999999999697e-02 7.784037999999999791e-01 9.105790000000000273e-01 9.932220000000000493e-01 2.594678000000000262e-01 -9.423747000000000493e-05
4.829539999999999944e-01 6.883891999999999789e-02 7.435327999999999937e-01 8.354281999999999542e-01 6.510173999999999683e-01 7.084922000000000164e-01 -2.125933999999999897e-04
3.059200000000000252e-01 5.165668000000000343e-02 7.126325999999999494e-01 1.101984999999999992e+00 9.156537000000000148e-01 5.046057000000000459e-01 -1.713964999999999911e-04
1.584409999999999985e-01 6.425377000000000172e-02 5.887033000000000404e-01 1.065665000000000084e+00 9.187908999999999660e-01 8.548291000000000084e-01 -2.542237000000000034e-04
3.541590000000000016e-01 6.045232999999999857e-02 5.461723000000000550e-01 1.010740999999999890e+00 6.446117000000000097e-01 6.511778999999999762e-01 -2.586457000000000231e-04
4.192690000000000028e-01 6.385549000000000086e-02 8.826490000000000169e-01 1.103404000000000051e+00 7.391463999999999812e-01 8.743271000000000237e-01 -7.356851999999999337e-05
3.324550000000000005e-01 6.925230000000000274e-02 5.967915999999999777e-01 9.015256000000000380e-01 9.774420000000000330e-01 3.766937000000000202e-01 -2.453646999999999989e-04
3.995759999999999867e-01 6.755213000000000190e-02 5.801469999999999683e-01 8.618886999999999521e-01 9.410283999999999871e-01 7.554032000000000524e-01 -1.731020999999999905e-04
2.561100000000000043e-01 5.337166000000000132e-02 8.130935999999999719e-01 8.754007000000000316e-01 9.707381000000000482e-01 3.759433999999999693e-02 -1.285375000000000005e-04
4.754900000000000237e-01 6.825440000000000673e-02 5.838651999999999731e-01 9.919352999999999643e-01 8.617072000000000065e-01 8.169807999999999515e-01 -3.219550000000000032e-05
3.841049999999999742e-01 6.593649000000000038e-02 8.288851999999999887e-01 9.394957000000000447e-01 9.143369000000000080e-01 2.147525999999999879e-01 -2.201590999999999976e-04
3.834299999999999931e-01 6.415210000000000357e-02 5.733255000000000434e-01 1.158293000000000017e+00 7.017892000000000019e-01 2.789679999999999938e-01 -9.952090999999999512e-06
4.785940000000000194e-01 5.097278999999999699e-02 6.664020000000000499e-01 9.294276999999999678e-01 6.922753000000000378e-01 2.287637999999999894e-01 -2.587601999999999828e-04
3.067549999999999999e-01 5.467364000000000251e-02 8.987306999999999935e-01 9.610442999999999625e-01 8.868217000000000461e-01 2.057245000000000046e-01 -1.266271000000000128e-04
2.771629999999999927e-01 5.025786000000000142e-02 6.334971000000000352e-01 8.994807000000000219e-01 6.862612000000000156e-01 5.178331000000000461e-01 -2.750204000000000139e-05
4.284970000000000168e-01 6.549588000000000632e-02 7.863375999999999699e-01 1.007200000000000095e+00 6.982812000000000463e-01 2.093446999999999947e-01 -7.553639000000000338e-05
2.948169999999999957e-01 3.997682000000000319e-02 6.432039000000000506e-01 1.001088999999999896e+00 8.319864999999999622e-01 8.344413000000000524e-01 -2.523366000000000194e-04
1.387069999999999970e-01 6.582509999999999750e-02 6.214532000000000389e-01 8.986416999999999877e-01 7.642404000000000419e-01 4.627461999999999964e-01 -1.835453000000000128e-04
3.383880000000000221e-01 6.686074999999999657e-02 5.497478000000000087e-01 1.083868000000000054e+00 9.062672999999999979e-01 2.877541000000000126e-01 -1.203102000000000056e-04
4.619309999999999805e-01 4.250464999999999799e-02 7.469350999999999630e-01 9.981832000000000482e-01 6.865310000000000024e-01 8.753946000000000227e-01 -2.551114999999999850e-04
2.339579999999999993e-01 3.263898999999999967e-02 6.763373999999999775e-01 1.028064000000000089e+00 9.217750999999999584e-01 8.382137000000000615e-02 -1.388356000000000095e-04
1.862149999999999916e-01 5.606469000000000036e-02 5.551932000000000533e-01 9.121148000000000033e-01 7.754558000000000284e-01 6.265865000000000462e-01 -6.299784999999999858e-05
4.692580000000000084e-01 6.672759999999999803e-02 6.309344000000000063e-01 9.160582999999999920e-01 8.793986999999999776e-01 3.989566999999999974e-01 -1.572855999999999972e-04
4.982829999999999759e-01 4.056193999999999772e-02 6.345334000000000252e-01 8.534920999999999758e-01 8.579537000000000413e-01 7.111573999999999673e-02 -2.753162999999999986e-04
4.076089999999999991e-01 4.665351000000000220e-02 6.316621000000000041e-01 8.270452999999999832e-01 7.962453999999999921e-01 9.297231999999999719e-01 -9.486653000000000598e-05
3.449639999999999929e-01 6.168451999999999963e-02 8.890692999999999513e-01 9.125157999999999880e-01 8.261475000000000346e-01 9.490731999999999502e-01 -3.158867000000000261e-05
3.153719999999999857e-01 6.148835999999999885e-02 5.300156000000000311e-01 1.152722000000000024e+00 6.865183999999999731e-01 2.415326999999999891e-01 -1.855957000000000093e-04
1.073299999999999949e-01 5.690102999999999828e-02 6.278162000000000464e-01 9.274696999999999525e-01 8.289488999999999885e-01 4.475306000000000006e-01 -4.411143000000000128e-05
2.246889999999999998e-01 6.505856000000000139e-02 5.866911000000000209e-01 8.302393999999999608e-01 9.456997999999999793e-01 9.217185999999999435e-02 -8.305558999999999739e-05
1.221170000000000033e-01 4.703046999999999783e-02 7.730036999999999603e-01 1.067125000000000101e+00 6.662329999999999641e-01 6.724527000000000143e-01 -1.642403000000000070e-04
2.260999999999999954e-01 6.854841999999999880e-02 5.944848999999999828e-01 1.106592999999999938e+00 7.651689999999999880e-01 1.648061000000000109e-01 -2.743819000000000097e-04
3.054649999999999865e-01 5.843191999999999831e-02 6.820591000000000292e-01 9.957831000000000321e-01 7.032066999999999624e-01 6.648115999999999748e-02 -3.970773000000000141e-05
4.955689999999999817e-01 4.840143999999999697e-02 8.123776000000000330e-01 9.902739999999999876e-01 8.191064999999999596e-01 9.678949999999999498e-01 -1.230352000000000041e-04
4.559320000000000039e-01 6.211705000000000004e-02 8.501630999999999494e-01 1.157675999999999927e+00 8.725538999999999934e-01 5.278943000000000385e-01 -2.108628000000000032e-04
1.336019999999999985e-01 6.389859000000000511e-02 5.612897999999999499e-01 9.431652999999999842e-01 8.248929000000000400e-01 7.414804000000000395e-01 -2.919640000000000256e-04
3.965830000000000188e-01 6.313433000000000239e-02 5.352523999999999615e-01 9.277197999999999833e-01 8.625431000000000070e-01 6.015122999999999998e-01 -1.315905999999999933e-04
1.223749999999999977e-01 3.910724000000000145e-02 8.323201000000000072e-01 1.182520999999999933e+00 9.067806000000000477e-01 1.154429000000000011e-01 -1.973703000000000100e-04
3.406600000000000183e-01 3.418801999999999952e-02 5.567406999999999773e-01 9.097106000000000359e-01 6.465596000000000121e-01 2.023133000000000015e-01 -5.551221999999999652e-06
1.717609999999999970e-01 4.640665000000000068e-02 7.381077999999999806e-01 9.896781000000000050e-01 9.634013000000000160e-01 9.077709000000000472e-01 -2.141815000000000092e-04
3.488450000000000162e-01 3.352055000000000312e-02 7.158231000000000455e-01 8.660942000000000363e-01 8.407525999999999611e-01 3.407657000000000047e-01 -2.000067999999999974e-04
4.462579999999999880e-01 4.891245999999999788e-02 7.442606000000000499e-01 9.213221000000000327e-01 9.748949000000000087e-01 2.491794999999999982e-01 -1.168114999999999979e-04
2.617200000000000082e-01 3.126897000000000010e-02 7.850717000000000390e-01 1.066395999999999900e+00 7.817123000000000266e-01 3.698657000000000195e-01 -9.307126999999999905e-06
2.415380000000000027e-01 3.141429999999999917e-02 5.993945000000000523e-01 1.005182000000000020e+00 7.396116999999999830e-01 5.169403000000000192e-01 -2.812560999999999989e-04
1.250400000000000122e-01 5.959815999999999725e-02 5.247024000000000132e-01 1.134325000000000028e+00 7.719384000000000245e-01 1.042961000000000027e-01 -2.260185999999999912e-04
3.296410000000000173e-01 6.972876000000000074e-02 8.982508000000000159e-01 1.117882000000000042e+00 9.365980999999999890e-01 7.056221999999999772e-01 -9.229859000000000359e-05
4.169840000000000213e-01 6.542306000000000510e-02 8.178170000000000162e-01 1.183872999999999953e+00 9.874524000000000079e-01 2.721987000000000156e-01 -2.199766999999999906e-05
1.393260000000000054e-01 3.458134000000000208e-02 5.427672999999999526e-01 8.676359999999999628e-01 6.280713999999999464e-01 5.455223999999999629e-01 -2.425977999999999967e-04
4.477949999999999986e-01 3.602360000000000284e-02 7.174268000000000312e-01 1.181950999999999974e+00 8.515572000000000141e-01 2.861380000000000173e-02 -1.386744000000000084e-04
4.979390000000000205e-01 5.649113000000000051e-02 7.824866999999999795e-01 8.430189000000000155e-01 8.102875000000000494e-01 3.229711000000000110e-01 -2.538845999999999985e-04
3.258969999999999922e-01 6.407820000000000182e-02 8.424186999999999648e-01 1.095847000000000016e+00 8.580640000000000489e-01 9.219933000000000156e-01 -2.030191000000000092e-04
1.908269999999999966e-01 4.772917000000000132e-02 7.672054000000000373e-01 8.421246000000000009e-01 8.831763999999999726e-01 4.249458999999999875e-02 -1.149018999999999984e-04
1.893400000000000083e-01 3.733419999999999794e-02 7.944731999999999905e-01 1.054896000000000056e+00 9.908829999999999583e-01 2.011550000000000005e-01 -1.405725000000000030e-04
3.434929999999999928e-01 4.476331000000000060e-02 8.663167000000000506e-01 8.840782999999999836e-01 8.633876000000000328e-01 1.413703000000000043e-01 -7.628244000000000279e-05
2.391709999999999947e-01 6.332202000000000663e-02 6.199074999999999447e-01 1.151753999999999944e+00 7.311942999999999637e-01 1.503492999999999913e-01 -7.541126000000000480e-05
1.148570000000000008e-01 6.111936999999999925e-02 6.021090999999999527e-01 9.674827999999999761e-01 8.410210000000000186e-01 4.527090000000000281e-02 -1.176737999999999981e-04
1.225549999999999973e-01 5.108217000000000313e-02 6.194062999999999652e-01 1.030089000000000032e+00 6.154404999999999459e-01 9.552663000000000126e-01 -2.231547000000000066e-04
3.880370000000000208e-01 5.774511999999999701e-02 5.976152000000000131e-01 1.149867999999999890e+00 7.154481000000000313e-01 2.485624999999999918e-01 -8.635433000000000301e-05
3.115240000000000231e-01 4.981088000000000182e-02 6.757830999999999699e-01 1.089596000000000009e+00 6.831426000000000442e-01 8.946075999999999473e-01 -1.312085999999999960e-04
3.756519999999999859e-01 3.949508999999999659e-02 6.536064000000000318e-01 1.075784999999999991e+00 9.585926000000000169e-01 4.996246999999999772e-01 -1.736053999999999896e-04
2.042430000000000079e-01 4.520446999999999660e-02 8.081844999999999724e-01 8.254561999999999733e-01 9.851258999999999988e-01 2.038629000000000135e-01 -6.252828000000000097e-05
2.729340000000000099e-01 5.626997000000000249e-02 7.545051000000000396e-01 9.324272999999999589e-01 6.183039000000000174e-01 8.108526999999999818e-01 -9.575946000000000084e-06
1.067290000000000044e-01 4.895846000000000225e-02 6.243113000000000135e-01 1.131499999999999950e+00 6.891445999999999961e-01 3.793015000000000136e-01 -1.925448999999999867e-04
3.830919999999999881e-01 3.757901999999999770e-02 8.191332999999999531e-01 1.145280000000000076e+00 7.541472000000000175e-01 1.131840999999999958e-01 -6.820744999999999694e-05
3.440949999999999842e-01 3.495651999999999787e-02 8.613486000000000198e-01 1.121477000000000057e+00 6.924831999999999654e-01 8.628371999999999709e-01 -1.817824999999999964e-04
1.980470000000000008e-01 4.737589999999999857e-02 7.769802999999999571e-01 9.426974999999999660e-01 7.649131000000000125e-01 7.993666000000000382e-01 -2.038436000000000078e-04
1.972559999999999869e-01 5.910859999999999725e-02 7.734752999999999767e-01 1.148338999999999999e+00 9.031301000000000467e-01 8.849945000000000173e-01 -5.167253999999999977e-05
3.674939999999999873e-01 4.464242999999999684e-02 8.836779000000000162e-01 1.106891999999999987e+00 9.679301000000000155e-01 2.832871000000000139e-01 -1.134366999999999976e-04
1.416959999999999886e-01 6.017452999999999691e-02 6.632715999999999612e-01 9.141063999999999856e-01 6.427256999999999554e-01 1.846009000000000122e-01 -1.492529000000000089e-04
4.268600000000000172e-01 5.947957000000000244e-02 7.503241999999999967e-01 8.957772000000000512e-01 7.780732000000000204e-01 5.068426999999999655e-02 -1.002551999999999952e-04
3.650789999999999869e-01 5.696481999999999934e-02 8.219421999999999562e-01 8.874218000000000384e-01 6.792430000000000412e-01 1.985773000000000121e-01 -3.342374000000000095e-06
3.511949999999999794e-01 6.605421000000000209e-02 5.879415000000000058e-01 1.176522999999999985e+00 7.730966000000000227e-01 9.921516999999999697e-01 -7.417078000000000343e-05
3.744449999999999723e-01 3.332153000000000198e-02 7.341609000000000052e-01 1.143618999999999941e+00 9.406014000000000319e-01 2.066748999999999947e-01 -1.634427999999999998e-04
3.649910000000000099e-01 3.253381000000000328e-02 6.356435999999999753e-01 9.256026000000000531e-01 9.984376000000000362e-01 8.759154999999999580e-01 -2.443972000000000052e-05
1.107719999999999955e-01 3.825488999999999973e-02 8.700025000000000119e-01 9.002164000000000277e-01 6.710256999999999472e-01 7.766370999999999691e-01 -2.441540000000000073e-04
3.025590000000000224e-01 5.730495000000000033e-02 7.715893999999999808e-01 1.086541999999999897e+00 8.879011999999999460e-01 1.639810999999999908e-01 -1.332961000000000128e-04
3.306560000000000055e-01 5.087806000000000273e-02 8.192471000000000059e-01 8.070317000000000185e-01 9.659718999999999944e-01 8.254494999999999472e-01 -2.165315999999999920e-04
1.300070000000000114e-01 4.473558999999999869e-02 7.007780000000000120e-01 8.182730999999999755e-01 9.698037999999999936e-01 8.076316000000000050e-01 -2.286915000000000042e-04
4.278239999999999821e-01 4.653593999999999786e-02 7.976035999999999682e-01 1.088967000000000018e+00 9.413820999999999994e-01 1.525054000000000132e-01 -2.489104000000000013e-04
2.174560000000000104e-01 6.970474000000000114e-02 5.706902999999999837e-01 9.296651000000000220e-01 6.024386999999999937e-01 8.193143000000000509e-01 -1.606986000000000135e-04
1.839459999999999984e-01 4.374354999999999910e-02 5.387944000000000067e-01 1.081804999999999906e+00 8.648692000000000046e-01 9.114282000000000217e-01 -1.029261999999999972e-04
1.365079999999999905e-01 6.058945000000000303e-02 8.975347999999999660e-01 1.027430000000000065e+00 7.838053999999999855e-01 5.839946000000000303e-01 -1.985970999999999895e-04
2.514009999999999856e-01 6.157424000000000230e-02 8.485707000000000111e-01 1.014979000000000076e+00 8.536399999999999544e-01 2.504256000000000260e-01 -1.410245999999999982e-04
2.873649999999999816e-01 5.933565999999999840e-02 6.671036000000000188e-01 8.127598000000000322e-01 8.402401999999999926e-01 1.303091000000000110e-01 -6.968001999999999833e-05
2.484169999999999989e-01 5.320692999999999950e-02 6.024393000000000109e-01 8.397398999999999836e-01 9.005370000000000319e-01 8.500670999999999644e-01 -1.809039000000000079e-04
4.715570000000000039e-01 4.088664000000000187e-02 6.988164000000000042e-01 8.000699999999999479e-01 6.563465000000000549e-01 1.799955000000000027e-01 -2.834161000000000189e-04
2.059690000000000132e-01 3.415160999999999891e-02 8.867975999999999637e-01 1.149582000000000104e+00 9.174797999999999565e-01 3.314079999999999804e-01 -2.289523000000000068e-04
4.701520000000000143e-01 6.318485999999999547e-02 7.740074000000000121e-01 1.184854999999999992e+00 6.919518000000000058e-01 9.476374999999999382e-02 -6.280466999999999647e-05
3.286060000000000092e-01 6.018496000000000262e-02 5.038101999999999858e-01 9.866793000000000369e-01 7.490596000000000476e-01 7.626486999999999572e-01 -2.969353000000000097e-04
2.347650000000000015e-01 6.198015999999999942e-02 5.062160999999999467e-01 1.180811999999999973e+00 9.113326000000000482e-01 7.072178999999999549e-01 -2.321849999999999869e-04
4.780650000000000177e-01 6.606591000000000546e-02 7.025082999999999744e-01 9.360028000000000237e-01 9.938863000000000003e-01 4.466247999999999885e-01 -1.436615999999999935e-04
1.039899999999999991e-01 5.646471000000000129e-02 7.294819999999999638e-01 1.140798999999999896e+00 8.820000000000000062e-01 6.135382000000000335e-01 -2.179966999999999994e-04
3.431859999999999911e-01 3.137435999999999697e-02 7.256281999999999455e-01 9.686211000000000126e-01 7.103766999999999721e-01 5.743892999999999915e-01 -1.187382999999999944e-04
2.721049999999999858e-01 3.686058999999999863e-02 8.104972999999999761e-01 1.023981999999999948e+00 7.219244000000000216e-01 3.242608000000000157e-01 -2.033724000000000046e-04
1.234959999999999947e-01 6.956055999999999351e-02 6.982154000000000416e-01 9.448248000000000202e-01 6.823557999999999568e-01 5.874711000000000238e-01 -8.485121000000000579e-05
2.536080000000000001e-01 5.118314999999999670e-02 6.942859000000000114e-01 8.462752000000000052e-01 8.846555000000000391e-01 6.574122000000000021e-01 -1.436059000000000035e-05
4.893890000000000184e-01 5.983891999999999683e-02 8.061473000000000111e-01 1.096654999999999935e+00 9.921940000000000204e-01 1.244366999999999973e-01 -4.560146999999999828e-05
2.147950000000000137e-01 4.607564000000000104e-02 7.253766999999999854e-01 9.051483999999999641e-01 8.976420000000000510e-01 4.057900999999999869e-01 -1.463249999999999924e-04
2.569469999999999810e-01 5.045354999999999979e-02 7.988583000000000212e-01 1.034507000000000065e+00 8.262806999999999791e-01 2.975582999999999978e-01 -1.733061000000000042e-04
2.750279999999999947e-01 6.913787000000000404e-02 6.621105999999999936e-01 1.175556000000000045e+00 6.162225999999999537e-01 8.856212999999999447e-01 -2.641985000000000015e-04
4.850409999999999999e-01 6.775475999999999721e-02 8.855423999999999518e-01 1.177138999999999935e+00 8.023573000000000510e-01 2.482980999999999938e-01 -1.556918000000000126e-04
2.720400000000000040e-01 5.364022999999999708e-02 6.475781999999999927e-01 1.163724999999999898e+00 8.058547000000000349e-01 7.463632000000000044e-01 -2.197793999999999985e-04
3.773090000000000055e-01 3.276257999999999948e-02 5.670500000000000540e-01 8.520803000000000127e-01 6.845601000000000047e-01 6.893097999999999725e-01 -8.251952999999999697e-05
3.374489999999999990e-01 3.376316000000000039e-02 7.785282999999999509e-01 1.048046000000000033e+00 7.800221000000000515e-01 5.395902999999999672e-01 -2.467910000000000026e-04
2.566089999999999760e-01 4.639932000000000084e-02 6.462377999999999734e-01 1.074422999999999906e+00 8.801974000000000187e-01 9.303073000000000592e-02 -1.894476999999999988e-04
1.331529999999999936e-01 6.619133000000000655e-02 8.432163000000000297e-01 1.161964999999999915e+00 6.123513999999999902e-01 8.002593999999999541e-01 -8.732726000000000388e-05
3.536560000000000259e-01 3.368788000000000338e-02 5.059485999999999706e-01 8.052949000000000357e-01 8.859780000000000433e-01 5.497149000000000063e-01 -1.094072000000000051e-04
4.658599999999999963e-01 3.068869999999999931e-02 6.781989999999999963e-01 1.188249000000000111e+00 8.870044000000000262e-01 8.395901000000000058e-01 -5.141563999999999889e-05
1.780160000000000076e-01 4.857066000000000161e-02 8.968971999999999500e-01 9.155550999999999551e-01 9.956848000000000365e-01 3.662462000000000217e-01 -5.102291000000000308e-05
3.165160000000000196e-01 4.938603999999999911e-02 8.602674999999999628e-01 9.529201999999999950e-01 7.434361999999999915e-01 3.733389999999999764e-01 -2.177585000000000057e-04
1.348499999999999976e-01 6.729443999999999704e-02 7.856184999999999974e-01 8.005518000000000356e-01 8.605663999999999536e-01 2.781889000000000167e-01 -1.443887999999999888e-04
1.674680000000000057e-01 5.891289999999999721e-02 6.081233000000000333e-01 9.864300999999999764e-01 7.592043000000000541e-01 1.773860999999999910e-01 -1.975190000000000040e-04
2.855949999999999878e-01 3.663158999999999860e-02 7.915117999999999876e-01 1.197554000000000007e+00 8.110734000000000554e-01 1.376528999999999947e-01 -2.990983000000000227e-04
1.975989999999999969e-01 4.255384999999999723e-02 6.216146999999999645e-01 1.161497999999999919e+00 9.523593000000000197e-01 7.423703000000000385e-01 -3.553272000000000087e-05
1.016210000000000030e-01 4.829115999999999964e-02 8.531203000000000536e-01 1.088005000000000111e+00 8.981797999999999726e-01 2.393380999999999981e-01 -1.215177000000000072e-05
2.738490000000000091e-01 4.253258000000000039e-02 8.812986999999999904e-01 9.010310000000000263e-01 7.802550000000000319e-01 1.975390999999999952e-01 -1.072986000000000030e-04
4.540250000000000119e-01 3.171257000000000242e-02 6.162992999999999943e-01 9.195919999999999650e-01 7.477354999999999974e-01 5.636051000000000255e-02 -9.834420999999999333e-05
1.131640000000000007e-01 3.988048000000000287e-02 5.370875999999999983e-01 9.989772000000000096e-01 9.541674999999999462e-01 9.631218000000000279e-01 -6.539793999999999545e-05
4.996019999999999905e-01 5.076288000000000328e-02 8.944166999999999534e-01 1.016189000000000009e+00 7.343070999999999904e-01 5.121723000000000248e-01 -1.279893000000000080e-05
4.410709999999999908e-01 5.069006000000000206e-02 5.150725999999999916e-01 1.128548000000000107e+00 8.780820000000000292e-01 1.937512000000000123e-01 -2.058647999999999945e-04
4.921499999999999764e-01 5.135028999999999982e-02 6.283029999999999449e-01 1.159608999999999890e+00 9.283955999999999875e-01 8.990972000000000408e-01 -1.933387000000000061e-04
3.402899999999999814e-01 3.696403999999999662e-02 7.838036999999999921e-01 8.465616000000000252e-01 6.826238000000000028e-01 7.902913000000000299e-01 -1.578282999999999878e-04
1.790289999999999937e-01 4.998716999999999744e-02 7.302767000000000008e-01 1.071914999999999951e+00 7.439061999999999619e-01 8.341771000000000047e-01 -3.072864999999999928e-05
4.150030000000000108e-01 4.361432999999999977e-02 5.980520999999999754e-01 9.840721000000000052e-01 8.428438999999999792e-01 1.565862000000000087e-01 -6.265626999999999633e-05
4.357630000000000114e-01 4.028070999999999735e-02 5.840075000000000127e-01 1.054175000000000084e+00 6.748151999999999484e-01 1.061953999999999954e-01 -1.799336000000000013e-04
1.604150000000000020e-01 6.709297999999999651e-02 7.643990000000000506e-01 1.178101000000000065e+00 9.580807999999999547e-01 1.416495999999999866e-01 -1.065064999999999941e-04
1.678149999999999920e-01 4.298421999999999660e-02 7.623138999999999887e-01 9.232706000000000524e-01 7.099997000000000114e-01 4.602128999999999803e-01 -1.813778999999999901e-04
4.324290000000000078e-01 5.242337999999999859e-02 8.794199000000000321e-01 1.170692999999999984e+00 7.971122999999999958e-01 1.329133000000000120e-01 -8.465859000000000220e-05
4.329189999999999983e-01 6.175042000000000031e-02 5.952458999999999945e-01 1.048094000000000081e+00 9.179435999999999707e-01 7.009754999999999459e-02 -1.593694999999999994e-05
2.998689999999999967e-01 5.161048000000000024e-02 7.718838000000000088e-01 8.012814999999999799e-01 9.889348000000000027e-01 7.026331000000000104e-01 -2.822836000000000225e-04
3.622119999999999784e-01 4.781549000000000216e-02 5.675299000000000316e-01 1.020632999999999901e+00 7.357588000000000461e-01 1.911040999999999990e-01 -1.179490000000000052e-04
4.977599999999999802e-01 3.331014999999999671e-02 5.688372000000000428e-01 9.939065000000000261e-01 7.173969000000000040e-01 7.516032000000000268e-01 -2.421621999999999902e-04
2.648449999999999971e-01 5.003856000000000276e-02 5.645906000000000535e-01 9.228302999999999923e-01 9.971394999999999564e-01 9.499790000000000179e-01 -8.177353000000000106e-05
1.279810000000000114e-01 4.085478000000000026e-02 6.393240999999999508e-01 1.102538000000000018e+00 6.357448999999999462e-01 9.034763000000000099e-01 -1.728280000000000061e-04
1.979879999999999973e-01 3.898643000000000247e-02 8.176989999999999537e-01 8.085328999999999988e-01 8.120981999999999923e-01 4.898846000000000034e-01 -1.613924000000000033e-04
4.402050000000000129e-01 3.227697000000000205e-02 5.009014000000000522e-01 1.172158999999999951e+00 7.334144000000000219e-01 2.298002000000000100e-01 -6.999073999999999660e-05
3.143130000000000090e-01 3.452737000000000167e-02 5.210418999999999468e-01 9.562602000000000046e-01 8.450478000000000156e-01 9.318002999999999703e-02 -3.696143999999999759e-05
2.372140000000000082e-01 3.823826999999999782e-02 6.330052999999999930e-01 1.162209000000000048e+00 8.994792000000000343e-01 3.005531000000000175e-01 -1.752218000000000102e-04
4.054389999999999938e-01 6.019672999999999691e-02 7.931816999999999895e-01 1.125847000000000042e+00 9.214575999999999878e-01 3.174421000000000048e-01 -2.164993999999999892e-04
3.819679999999999742e-01 6.874526999999999721e-02 6.598266999999999882e-01 9.821954000000000518e-01 8.285443999999999587e-01 5.851518999999999471e-01 -2.556888999999999907e-04
3.672670000000000101e-01 6.516748999999999459e-02 6.707587999999999884e-01 1.056205999999999978e+00 6.606355000000000421e-01 6.655128999999999628e-01 -1.392172000000000060e-04
1.056880000000000042e-01 3.883878999999999804e-02 6.042794000000000221e-01 8.692952000000000456e-01 8.666774999999999896e-01 6.367171999999999832e-01 -1.479894000000000099e-04
1.473540000000000127e-01 6.490121999999999558e-02 6.784725000000000339e-01 8.134829999999999561e-01 9.123586000000000196e-01 9.124946000000000446e-01 -2.069924000000000004e-04
4.628570000000000184e-01 4.851901000000000130e-02 5.716746000000000327e-01 1.125739000000000045e+00 6.685467999999999966e-01 2.525598000000000010e-01 -2.770469999999999921e-04
1.556339999999999946e-01 5.868614999999999943e-02 6.958041999999999838e-01 1.105685000000000029e+00 8.199596000000000107e-01 9.620733999999999675e-01 -2.445961999999999876e-04
2.159949999999999926e-01 6.304124999999999313e-02 6.587539999999999507e-01 1.104932000000000025e+00 9.295780000000000154e-01 1.172498999999999937e-02 -1.071492999999999941e-04
3.172530000000000072e-01 6.292005999999999988e-02 8.162131999999999721e-01 8.680906999999999929e-01 9.204343000000000385e-01 8.186316000000000426e-02 -2.416840999999999922e-04
4.629650000000000154e-01 3.503081999999999724e-02 6.371618000000000004e-01 1.022440000000000015e+00 9.092514999999999903e-01 5.618282999999999472e-01 -2.345361999999999924e-04
3.852979999999999738e-01 4.256516999999999940e-02 5.622770000000000268e-01 1.139291000000000054e+00 8.589801000000000242e-01 3.303802000000000127e-01 -1.833089000000000094e-04
3.337709999999999844e-01 3.942364000000000285e-02 7.367590000000000527e-01 1.163437999999999972e+00 6.022695999999999605e-01 8.173523000000000316e-01 -5.788215999999999674e-05
