3.178000000000000269e-01 4.900000000000000189e-02 5.534000000000000030e-01 9.122000000000000108e-01 6.026000000000000245e-01 -5.700000000000000000e+01
1.706000000000000016e-01 4.900000000000000189e-02 5.325999999999999623e-01 8.726000000000000423e-01 8.786000000000000476e-01 4.841999999999999886e+02
4.122000000000000108e-01 4.900000000000000189e-02 6.677999999999999492e-01 8.993999999999999773e-01 6.673999999999999932e-01 -5.586000000000000227e+02
1.285999999999999921e-01 4.900000000000000189e-02 8.477999999999999980e-01 1.118200000000000083e+00 7.653999999999999693e-01 -1.625999999999999943e+02
1.053999999999999937e-01 4.900000000000000189e-02 8.698000000000000176e-01 9.761999999999999567e-01 7.773999999999999799e-01 2.933999999999999773e+02
3.205999999999999961e-01 4.900000000000000189e-02 5.889999999999999680e-01 1.129799999999999915e+00 8.761999999999999789e-01 -3.606000000000000227e+02
3.798000000000000265e-01 4.900000000000000189e-02 8.494000000000000439e-01 9.981999999999999762e-01 9.734000000000000430e-01 5.820000000000000284e+01
3.837999999999999745e-01 4.900000000000000189e-02 5.722000000000000419e-01 1.113399999999999945e+00 7.346000000000000307e-01 -5.910000000000000000e+02
3.814000000000000168e-01 4.900000000000000189e-02 8.217999999999999750e-01 9.402000000000000357e-01 6.266000000000000458e-01 -3.510000000000000000e+02
2.882000000000000117e-01 4.900000000000000189e-02 7.426000000000000378e-01 8.497999999999999998e-01 7.862000000000000099e-01 1.205999999999999943e+02
4.510000000000000120e-01 4.900000000000000189e-02 6.193999999999999506e-01 9.546000000000000041e-01 8.102000000000000313e-01 -4.013999999999999773e+02
1.882000000000000062e-01 4.900000000000000189e-02 5.886000000000000121e-01 9.370000000000000551e-01 7.473999999999999533e-01 5.166000000000000227e+02
2.634000000000000230e-01 4.900000000000000189e-02 5.946000000000000174e-01 8.437999999999999945e-01 7.885999999999999677e-01 5.526000000000000227e+02
1.102000000000000063e-01 4.900000000000000189e-02 7.489999999999999991e-01 1.199400000000000022e+00 8.437999999999999945e-01 -3.426000000000000227e+02
2.373999999999999999e-01 4.900000000000000189e-02 6.834000000000000075e-01 9.589999999999999636e-01 6.914000000000000146e-01 3.990000000000000000e+02
3.961999999999999966e-01 4.900000000000000189e-02 8.686000000000000387e-01 8.334000000000000297e-01 7.573999999999999622e-01 5.081999999999999886e+02
3.453999999999999848e-01 4.900000000000000189e-02 8.945999999999999508e-01 1.040200000000000014e+00 7.269999999999999796e-01 5.850000000000000000e+02
3.098000000000000198e-01 4.900000000000000189e-02 5.577999999999999625e-01 9.818000000000000060e-01 8.022000000000000242e-01 -5.622000000000000455e+02
4.193999999999999950e-01 4.900000000000000189e-02 7.429999999999999938e-01 1.106200000000000072e+00 9.789999999999999813e-01 -2.274000000000000057e+02
1.774000000000000021e-01 4.900000000000000189e-02 6.433999999999999719e-01 1.082600000000000007e+00 6.598000000000000531e-01 3.390000000000000000e+02
2.538000000000000256e-01 4.900000000000000189e-02 6.522000000000000020e-01 8.686000000000000387e-01 8.998000000000000442e-01 3.186000000000000227e+02
1.854000000000000092e-01 4.900000000000000189e-02 8.165999999999999925e-01 1.013800000000000034e+00 8.581999999999999629e-01 3.161999999999999886e+02
3.881999999999999895e-01 4.900000000000000189e-02 8.958000000000000407e-01 9.305999999999999828e-01 7.421999999999999709e-01 -4.553999999999999773e+02
4.189999999999999836e-01 4.900000000000000189e-02 6.902000000000000357e-01 9.365999999999999881e-01 6.710000000000000409e-01 -2.741999999999999886e+02
4.722000000000000086e-01 4.900000000000000189e-02 6.121999999999999664e-01 8.414000000000000368e-01 6.318000000000000282e-01 -7.799999999999999822e+00
3.301999999999999935e-01 4.900000000000000189e-02 5.350000000000000311e-01 1.124200000000000088e+00 7.942000000000000171e-01 -7.979999999999999716e+01
1.014000000000000040e-01 4.900000000000000189e-02 7.942000000000000171e-01 1.026200000000000001e+00 8.489999999999999769e-01 -5.742000000000000455e+02
1.401999999999999913e-01 4.900000000000000189e-02 8.077999999999999625e-01 9.729999999999999760e-01 6.685999999999999721e-01 -1.830000000000000000e+02
1.117999999999999966e-01 4.900000000000000189e-02 7.510000000000000009e-01 8.826000000000000512e-01 7.922000000000000153e-01 -2.130000000000000000e+02
1.869999999999999996e-01 4.900000000000000189e-02 8.853999999999999648e-01 1.174199999999999910e+00 7.558000000000000274e-01 -8.100000000000000000e+01
3.921999999999999931e-01 4.900000000000000189e-02 8.601999999999999647e-01 9.574000000000000288e-01 9.145999999999999686e-01 -3.846000000000000227e+02
4.985999999999999877e-01 4.900000000000000189e-02 5.954000000000000403e-01 1.197799999999999976e+00 7.361999999999999655e-01 5.597999999999999545e+02
2.301999999999999880e-01 4.900000000000000189e-02 5.881999999999999451e-01 1.090200000000000058e+00 7.770000000000000240e-01 3.150000000000000000e+02
4.662000000000000033e-01 4.900000000000000189e-02 8.821999999999999842e-01 1.136200000000000099e+00 7.426000000000000378e-01 1.230000000000000000e+02
1.985999999999999988e-01 4.900000000000000189e-02 6.794000000000000039e-01 8.185999999999999943e-01 7.842000000000000082e-01 2.274000000000000057e+02
4.586000000000000076e-01 4.900000000000000189e-02 8.302000000000000490e-01 1.152600000000000069e+00 6.934000000000000163e-01 3.006000000000000227e+02
3.477999999999999980e-01 4.900000000000000189e-02 5.053999999999999604e-01 9.781999999999999584e-01 9.657999999999999918e-01 4.073999999999999773e+02
3.270000000000000129e-01 4.900000000000000189e-02 7.993999999999999995e-01 1.004999999999999893e+00 8.222000000000000419e-01 7.799999999999999822e+00
4.198000000000000065e-01 4.900000000000000189e-02 6.622000000000000108e-01 1.021400000000000086e+00 6.693999999999999950e-01 -9.059999999999999432e+01
4.082000000000000073e-01 4.900000000000000189e-02 6.149999999999999911e-01 9.881999999999999673e-01 6.633999999999999897e-01 -3.498000000000000114e+02
2.225999999999999923e-01 4.900000000000000189e-02 7.358000000000000096e-01 1.050200000000000022e+00 8.446000000000000174e-01 -4.793999999999999773e+02
3.290000000000000147e-01 4.900000000000000189e-02 7.154000000000000359e-01 1.137399999999999967e+00 7.937999999999999501e-01 -4.386000000000000227e+02
4.494000000000000217e-01 4.900000000000000189e-02 7.261999999999999567e-01 8.461999999999999522e-01 9.526000000000000023e-01 4.260000000000000142e+01
4.401999999999999802e-01 4.900000000000000189e-02 8.197999999999999732e-01 9.993999999999999551e-01 7.953999999999999959e-01 2.838000000000000114e+02
2.162000000000000033e-01 4.900000000000000189e-02 6.633999999999999897e-01 1.065800000000000081e+00 8.853999999999999648e-01 -1.170000000000000000e+02
4.958000000000000185e-01 4.900000000000000189e-02 5.649999999999999467e-01 8.197999999999999732e-01 8.801999999999999824e-01 -1.145999999999999943e+02
2.230000000000000038e-01 4.900000000000000189e-02 8.541999999999999593e-01 9.409999999999999476e-01 9.542000000000000481e-01 1.818000000000000114e+02
2.550000000000000044e-01 4.900000000000000189e-02 8.266000000000000014e-01 9.737999999999999989e-01 7.214000000000000412e-01 -4.181999999999999886e+02
2.842000000000000082e-01 4.900000000000000189e-02 7.109999999999999654e-01 9.457999999999999741e-01 8.693999999999999506e-01 2.021999999999999886e+02
3.649999999999999911e-01 4.900000000000000189e-02 8.017999999999999572e-01 1.145000000000000018e+00 7.002000000000000446e-01 -2.525999999999999943e+02
3.022000000000000242e-01 4.900000000000000189e-02 6.650000000000000355e-01 8.229999999999999538e-01 9.314000000000000057e-01 -3.450000000000000000e+02
1.293999999999999873e-01 4.900000000000000189e-02 6.917999999999999705e-01 1.110200000000000076e+00 8.913999999999999702e-01 -3.533999999999999773e+02
2.690000000000000169e-01 4.900000000000000189e-02 8.658000000000000140e-01 8.810000000000000053e-01 6.657999999999999474e-01 -5.262000000000000455e+02
1.613999999999999879e-01 4.900000000000000189e-02 7.189999999999999725e-01 1.160199999999999898e+00 7.758000000000000451e-01 -3.821999999999999886e+02
3.422000000000000042e-01 4.900000000000000189e-02 7.433999999999999497e-01 1.092600000000000016e+00 6.794000000000000039e-01 -1.914000000000000057e+02
3.390000000000000235e-01 4.900000000000000189e-02 8.681999999999999718e-01 1.122600000000000042e+00 7.309999999999999831e-01 1.770000000000000000e+02
1.378000000000000058e-01 4.900000000000000189e-02 6.270000000000000018e-01 9.245999999999999774e-01 8.105999999999999872e-01 -2.219999999999999929e+01
4.646000000000000130e-01 4.900000000000000189e-02 8.554000000000000492e-01 1.098600000000000021e+00 8.541999999999999593e-01 5.939999999999999858e+01
3.221999999999999864e-01 4.900000000000000189e-02 8.781999999999999806e-01 8.002000000000000224e-01 9.986000000000000432e-01 -2.753999999999999773e+02
3.065999999999999837e-01 4.900000000000000189e-02 6.381999999999999895e-01 9.502000000000000446e-01 8.709999999999999964e-01 5.406000000000000227e+02
3.910000000000000142e-01 4.900000000000000189e-02 5.373999999999999888e-01 1.163399999999999990e+00 9.010000000000000231e-01 5.310000000000000000e+02
4.133999999999999897e-01 4.900000000000000189e-02 5.634000000000000119e-01 9.497999999999999776e-01 8.830000000000000071e-01 4.133999999999999773e+02
1.106000000000000039e-01 4.900000000000000189e-02 7.838000000000000522e-01 9.177999999999999492e-01 7.057999999999999829e-01 6.060000000000000142e+01
1.738000000000000100e-01 4.900000000000000189e-02 5.397999999999999465e-01 9.674000000000000377e-01 9.417999999999999705e-01 2.598000000000000114e+02
2.074000000000000010e-01 4.900000000000000189e-02 5.430000000000000382e-01 1.014999999999999902e+00 6.341999999999999860e-01 -4.410000000000000000e+02
4.378000000000000225e-01 4.900000000000000189e-02 6.178000000000000158e-01 9.277999999999999581e-01 8.898000000000000353e-01 2.141999999999999886e+02
2.770000000000000240e-01 4.900000000000000189e-02 7.289999999999999813e-01 9.334000000000000075e-01 7.741999999999999993e-01 3.281999999999999886e+02
4.050000000000000266e-01 4.900000000000000189e-02 5.654000000000000137e-01 8.629999999999999893e-01 8.933999999999999719e-01 -1.361999999999999886e+02
3.937999999999999834e-01 4.900000000000000189e-02 8.893999999999999684e-01 1.026999999999999913e+00 8.953999999999999737e-01 4.530000000000000000e+02
3.402000000000000024e-01 4.900000000000000189e-02 6.737999999999999545e-01 1.008199999999999985e+00 9.409999999999999476e-01 4.998000000000000114e+02
2.674000000000000266e-01 4.900000000000000189e-02 6.722000000000000197e-01 1.052999999999999936e+00 8.322000000000000508e-01 -2.801999999999999886e+02
1.610000000000000042e-01 4.900000000000000189e-02 5.210000000000000187e-01 9.861999999999999655e-01 8.649999999999999911e-01 -4.866000000000000227e+02
2.262000000000000122e-01 4.900000000000000189e-02 6.785999999999999810e-01 8.177999999999999714e-01 8.938000000000000389e-01 5.393999999999999773e+02
1.185999999999999971e-01 4.900000000000000189e-02 5.874000000000000332e-01 1.096200000000000063e+00 9.233999999999999986e-01 -3.618000000000000114e+02
4.769999999999999796e-01 4.900000000000000189e-02 7.177999999999999936e-01 1.047400000000000109e+00 7.146000000000000130e-01 2.285999999999999943e+02
2.721999999999999975e-01 4.900000000000000189e-02 6.373999999999999666e-01 1.045400000000000107e+00 9.197999999999999510e-01 3.521999999999999886e+02
4.269999999999999907e-01 4.900000000000000189e-02 5.926000000000000156e-01 1.005400000000000071e+00 9.841999999999999638e-01 3.881999999999999886e+02
2.989999999999999880e-01 4.900000000000000189e-02 7.102000000000000535e-01 1.023800000000000043e+00 8.286000000000000032e-01 -2.633999999999999773e+02
4.017999999999999905e-01 4.900000000000000189e-02 7.985999999999999766e-01 9.566000000000000059e-01 6.209999999999999964e-01 -4.830000000000000000e+02
3.990000000000000213e-01 4.900000000000000189e-02 7.770000000000000240e-01 1.064599999999999991e+00 6.618000000000000549e-01 1.830000000000000000e+02
1.034000000000000058e-01 4.900000000000000189e-02 6.725999999999999757e-01 1.167799999999999949e+00 6.845999999999999863e-01 -5.046000000000000227e+02
3.589999999999999858e-01 4.900000000000000189e-02 7.194000000000000394e-01 1.104600000000000026e+00 9.921999999999999709e-01 1.277999999999999972e+02
3.894000000000000239e-01 4.900000000000000189e-02 7.017999999999999794e-01 8.778000000000000247e-01 8.197999999999999732e-01 5.813999999999999773e+02
3.917999999999999816e-01 4.900000000000000189e-02 5.021999999999999797e-01 8.110000000000000542e-01 6.862000000000000322e-01 -3.113999999999999773e+02
2.501999999999999780e-01 4.900000000000000189e-02 5.238000000000000433e-01 1.098200000000000065e+00 8.793999999999999595e-01 2.130000000000000000e+02
2.485999999999999877e-01 4.900000000000000189e-02 5.218000000000000416e-01 9.070000000000000284e-01 7.745999999999999552e-01 -2.826000000000000227e+02
1.313999999999999890e-01 4.900000000000000189e-02 6.909999999999999476e-01 1.024199999999999999e+00 9.122000000000000108e-01 4.518000000000000114e+02
3.081999999999999740e-01 4.900000000000000189e-02 5.857999999999999874e-01 9.082000000000000073e-01 7.962000000000000188e-01 2.813999999999999773e+02
3.901999999999999913e-01 4.900000000000000189e-02 8.858000000000000318e-01 8.389999999999999680e-01 8.386000000000000121e-01 4.590000000000000000e+02
4.733999999999999875e-01 4.900000000000000189e-02 7.378000000000000114e-01 8.538000000000000034e-01 6.585999999999999632e-01 -3.581999999999999886e+02
2.965999999999999748e-01 4.900000000000000189e-02 6.226000000000000423e-01 8.910000000000000142e-01 7.077999999999999847e-01 -1.254000000000000057e+02
1.630000000000000060e-01 4.900000000000000189e-02 6.101999999999999647e-01 1.145799999999999930e+00 8.334000000000000297e-01 5.573999999999999773e+02
3.821999999999999842e-01 4.900000000000000189e-02 7.246000000000000218e-01 8.317999999999999838e-01 6.837999999999999634e-01 5.970000000000000000e+02
1.049999999999999961e-01 4.900000000000000189e-02 8.005999999999999783e-01 8.653999999999999471e-01 8.838000000000000300e-01 4.278000000000000114e+02
4.606000000000000094e-01 4.900000000000000189e-02 6.094000000000000528e-01 1.153399999999999981e+00 6.158000000000000140e-01 3.366000000000000227e+02
3.973999999999999755e-01 4.900000000000000189e-02 6.430000000000000160e-01 1.086999999999999966e+00 7.738000000000000433e-01 5.922000000000000455e+02
4.689999999999999725e-01 4.900000000000000189e-02 5.490000000000000435e-01 9.078000000000000513e-01 8.833999999999999631e-01 4.313999999999999773e+02
1.834000000000000075e-01 4.900000000000000189e-02 6.625999999999999668e-01 1.024599999999999955e+00 8.374000000000000332e-01 -4.841999999999999886e+02
1.466000000000000081e-01 4.900000000000000189e-02 5.597999999999999643e-01 1.018999999999999906e+00 7.977999999999999536e-01 -2.058000000000000114e+02
4.653999999999999804e-01 4.900000000000000189e-02 7.910000000000000364e-01 9.429999999999999494e-01 6.590000000000000302e-01 2.094000000000000057e+02
4.013999999999999790e-01 4.900000000000000189e-02 5.018000000000000238e-01 1.030599999999999961e+00 6.034000000000000474e-01 -5.202000000000000455e+02
4.969999999999999973e-01 4.900000000000000189e-02 6.613999999999999879e-01 1.187400000000000011e+00 8.973999999999999755e-01 3.053999999999999773e+02
2.697999999999999843e-01 4.900000000000000189e-02 7.550000000000000044e-01 9.125999999999999668e-01 8.678000000000000158e-01 -2.910000000000000000e+02
3.513999999999999901e-01 4.900000000000000189e-02 7.473999999999999533e-01 1.128600000000000048e+00 9.382000000000000339e-01 4.578000000000000114e+02
2.046000000000000041e-01 4.900000000000000189e-02 7.833999999999999853e-01 1.125799999999999912e+00 8.501999999999999558e-01 1.314000000000000057e+02
3.134000000000000119e-01 4.900000000000000189e-02 7.418000000000000149e-01 1.181400000000000006e+00 7.997999999999999554e-01 -3.413999999999999773e+02
4.753999999999999893e-01 4.900000000000000189e-02 8.194000000000000172e-01 1.010999999999999899e+00 7.034000000000000252e-01 -4.746000000000000227e+02
3.870000000000000107e-01 4.900000000000000189e-02 5.170000000000000151e-01 9.789999999999999813e-01 6.074000000000000510e-01 5.466000000000000227e+02
2.026000000000000023e-01 4.900000000000000189e-02 6.802000000000000268e-01 1.135799999999999921e+00 6.553999999999999826e-01 -2.598000000000000114e+02
1.246000000000000024e-01 4.900000000000000189e-02 5.153999999999999693e-01 1.103399999999999936e+00 8.781999999999999806e-01 4.481999999999999886e+02
3.201999999999999846e-01 4.900000000000000189e-02 7.873999999999999888e-01 8.454000000000000403e-01 8.689999999999999947e-01 -2.586000000000000227e+02
3.790000000000000036e-01 4.900000000000000189e-02 7.782000000000000028e-01 9.165999999999999703e-01 9.177999999999999492e-01 -3.690000000000000000e+02
1.565999999999999892e-01 4.900000000000000189e-02 5.969999999999999751e-01 1.174600000000000088e+00 8.561999999999999611e-01 -4.493999999999999773e+02
1.461999999999999966e-01 4.900000000000000189e-02 5.822000000000000508e-01 1.082999999999999963e+00 7.933999999999999941e-01 5.982000000000000455e+02
4.258000000000000118e-01 4.900000000000000189e-02 8.666000000000000369e-01 8.085999999999999854e-01 8.114000000000000101e-01 -1.961999999999999886e+02
1.005999999999999950e-01 4.900000000000000189e-02 5.625999999999999890e-01 9.197999999999999510e-01 9.073999999999999844e-01 -2.658000000000000114e+02
2.222000000000000086e-01 4.900000000000000189e-02 7.026000000000000023e-01 1.171399999999999997e+00 7.481999999999999762e-01 2.394000000000000057e+02
4.766000000000000236e-01 4.900000000000000189e-02 5.594000000000000083e-01 1.158600000000000074e+00 7.194000000000000394e-01 -5.273999999999999773e+02
2.185999999999999888e-01 4.900000000000000189e-02 5.482000000000000206e-01 8.941999999999999948e-01 9.190000000000000391e-01 3.461999999999999886e+02
3.810000000000000053e-01 4.900000000000000189e-02 7.701999999999999957e-01 8.017999999999999572e-01 7.201999999999999513e-01 -8.220000000000000284e+01
1.710000000000000131e-01 4.900000000000000189e-02 6.897999999999999687e-01 1.006999999999999895e+00 6.545999999999999597e-01 5.502000000000000455e+02
1.134000000000000008e-01 4.900000000000000189e-02 5.190000000000000169e-01 8.846000000000000529e-01 8.474000000000000421e-01 3.341999999999999886e+02
4.637999999999999901e-01 4.900000000000000189e-02 7.710000000000000187e-01 1.181799999999999962e+00 7.278000000000000025e-01 -4.698000000000000114e+02
4.274000000000000021e-01 4.900000000000000189e-02 7.086000000000000076e-01 1.065399999999999903e+00 9.769999999999999796e-01 2.753999999999999773e+02
3.845999999999999974e-01 4.900000000000000189e-02 6.189999999999999947e-01 8.257999999999999785e-01 9.294000000000000039e-01 -5.777999999999999545e+02
3.449999999999999734e-01 4.900000000000000189e-02 7.169999999999999707e-01 1.093800000000000106e+00 6.850000000000000533e-01 -3.173999999999999773e+02
4.142000000000000126e-01 4.900000000000000189e-02 8.586000000000000298e-01 9.449999999999999512e-01 9.794000000000000483e-01 -4.098000000000000114e+02
4.457999999999999741e-01 4.900000000000000189e-02 7.278000000000000025e-01 1.043800000000000061e+00 6.373999999999999666e-01 8.579999999999999716e+01
3.689999999999999947e-01 4.900000000000000189e-02 7.137999999999999901e-01 8.157999999999999696e-01 6.478000000000000425e-01 -6.060000000000000142e+01
2.693999999999999728e-01 4.900000000000000189e-02 6.078000000000000069e-01 1.186600000000000099e+00 8.294000000000000261e-01 -3.810000000000000000e+02
2.018000000000000071e-01 4.900000000000000189e-02 8.621999999999999664e-01 9.646000000000000130e-01 8.142000000000000348e-01 2.250000000000000000e+02
4.894000000000000017e-01 4.900000000000000189e-02 7.334000000000000519e-01 9.526000000000000023e-01 6.882000000000000339e-01 5.646000000000000227e+02
2.394000000000000017e-01 4.900000000000000189e-02 6.330000000000000071e-01 1.140200000000000102e+00 6.438000000000000389e-01 -5.339999999999999858e+01
1.262000000000000066e-01 4.900000000000000189e-02 8.486000000000000210e-01 9.838000000000000078e-01 9.242000000000000215e-01 1.661999999999999886e+02
2.938000000000000056e-01 4.900000000000000189e-02 6.702000000000000179e-01 9.582000000000000517e-01 9.737999999999999989e-01 -5.081999999999999886e+02
1.342000000000000137e-01 4.900000000000000189e-02 7.945999999999999730e-01 1.107399999999999940e+00 9.005999999999999561e-01 -5.657999999999999545e+02
2.822000000000000064e-01 4.900000000000000189e-02 8.254000000000000226e-01 1.155399999999999983e+00 8.406000000000000139e-01 -1.481999999999999886e+02
2.401999999999999968e-01 4.900000000000000189e-02 5.742000000000000437e-01 8.781999999999999806e-01 6.949999999999999512e-01 -1.985999999999999943e+02
2.922000000000000153e-01 4.900000000000000189e-02 8.626000000000000334e-01 8.706000000000000405e-01 6.889999999999999458e-01 2.225999999999999943e+02
4.593999999999999750e-01 4.900000000000000189e-02 6.161999999999999700e-01 1.054599999999999982e+00 8.961999999999999966e-01 5.382000000000000455e+02
1.661999999999999866e-01 4.900000000000000189e-02 8.369999999999999662e-01 1.190600000000000103e+00 6.825999999999999845e-01 -2.214000000000000057e+02
4.825999999999999734e-01 4.900000000000000189e-02 5.986000000000000210e-01 1.084600000000000009e+00 8.205999999999999961e-01 1.721999999999999886e+02
1.529999999999999971e-01 4.900000000000000189e-02 6.593999999999999861e-01 1.135000000000000009e+00 6.814000000000000057e-01 3.773999999999999773e+02
3.094000000000000083e-01 4.900000000000000189e-02 6.266000000000000458e-01 8.406000000000000139e-01 7.229999999999999760e-01 5.993999999999999773e+02
2.918000000000000038e-01 4.900000000000000189e-02 5.774000000000000243e-01 8.125999999999999890e-01 9.402000000000000357e-01 7.979999999999999716e+01
1.233999999999999958e-01 4.900000000000000189e-02 5.610000000000000542e-01 1.172199999999999909e+00 7.169999999999999707e-01 1.398000000000000114e+02
3.277999999999999803e-01 4.900000000000000189e-02 5.669999999999999485e-01 1.081399999999999917e+00 7.266000000000000236e-01 5.490000000000000000e+02
1.365999999999999992e-01 4.900000000000000189e-02 5.585999999999999854e-01 8.721999999999999753e-01 6.989999999999999547e-01 5.910000000000000000e+02
2.565999999999999948e-01 4.900000000000000189e-02 8.105999999999999872e-01 1.083399999999999919e+00 8.930000000000000160e-01 4.860000000000000142e+01
4.929999999999999938e-01 4.900000000000000189e-02 7.877999999999999448e-01 1.076600000000000001e+00 8.409999999999999698e-01 3.318000000000000114e+02
3.741999999999999771e-01 4.900000000000000189e-02 5.250000000000000222e-01 1.089399999999999924e+00 8.269999999999999574e-01 1.494000000000000057e+02
3.197999999999999732e-01 4.900000000000000189e-02 6.565999999999999615e-01 8.649999999999999911e-01 6.642000000000000126e-01 -5.442000000000000455e+02
2.245999999999999941e-01 4.900000000000000189e-02 5.921999999999999487e-01 8.953999999999999737e-01 6.490000000000000213e-01 -5.466000000000000227e+02
4.345999999999999863e-01 4.900000000000000189e-02 5.106000000000000538e-01 1.116200000000000081e+00 8.901999999999999913e-01 -4.470000000000000000e+02
2.605999999999999983e-01 4.900000000000000189e-02 5.745999999999999996e-01 1.106999999999999984e+00 6.645999999999999686e-01 -9.179999999999999716e+01
2.933999999999999941e-01 4.900000000000000189e-02 6.697999999999999510e-01 1.120999999999999996e+00 6.690000000000000391e-01 5.513999999999999773e+02
2.041999999999999926e-01 4.900000000000000189e-02 6.333999999999999631e-01 9.270000000000000462e-01 8.578000000000000069e-01 -1.998000000000000114e+02
3.161999999999999811e-01 4.900000000000000189e-02 5.310000000000000275e-01 9.274000000000000021e-01 8.257999999999999785e-01 5.693999999999999773e+02
2.049999999999999878e-01 4.900000000000000189e-02 6.653999999999999915e-01 1.123799999999999910e+00 8.598000000000000087e-01 2.460000000000000142e+01
4.069999999999999729e-01 4.900000000000000189e-02 8.509999999999999787e-01 1.001400000000000068e+00 6.897999999999999687e-01 1.481999999999999886e+02
2.021999999999999909e-01 4.900000000000000189e-02 5.145999999999999464e-01 9.509999999999999565e-01 9.302000000000000268e-01 -3.330000000000000000e+02
3.725999999999999868e-01 4.900000000000000189e-02 8.933999999999999719e-01 1.150600000000000067e+00 6.009999999999999787e-01 -1.290000000000000000e+02
4.414000000000000146e-01 4.900000000000000189e-02 6.221999999999999753e-01 1.074600000000000000e+00 6.246000000000000441e-01 -3.990000000000000000e+02
1.058000000000000052e-01 4.900000000000000189e-02 5.814000000000000279e-01 8.077999999999999625e-01 6.385999999999999455e-01 -2.334000000000000057e+02
4.981999999999999762e-01 4.900000000000000189e-02 7.389999999999999902e-01 1.038999999999999924e+00 6.513999999999999790e-01 -2.100000000000000000e+01
2.906000000000000250e-01 4.900000000000000189e-02 5.338000000000000522e-01 9.322000000000000286e-01 8.925999999999999490e-01 2.310000000000000000e+02
1.625999999999999945e-01 4.900000000000000189e-02 6.630000000000000338e-01 1.094200000000000061e+00 9.310000000000000497e-01 2.561999999999999886e+02
4.418000000000000260e-01 4.900000000000000189e-02 5.677999999999999714e-01 8.761999999999999789e-01 9.285999999999999810e-01 2.501999999999999886e+02
3.413999999999999813e-01 4.900000000000000189e-02 6.126000000000000334e-01 1.078999999999999959e+00 9.694000000000000394e-01 3.653999999999999773e+02
4.162000000000000144e-01 4.900000000000000189e-02 5.433999999999999941e-01 8.030000000000000471e-01 9.574000000000000288e-01 -3.858000000000000114e+02
4.209999999999999853e-01 4.900000000000000189e-02 6.874000000000000110e-01 9.345999999999999863e-01 8.357999999999999874e-01 -3.318000000000000114e+02
1.257999999999999952e-01 4.900000000000000189e-02 7.089999999999999636e-01 1.025800000000000045e+00 7.321999999999999620e-01 -4.961999999999999886e+02
2.169999999999999984e-01 4.900000000000000189e-02 7.114000000000000323e-01 8.381999999999999451e-01 7.042000000000000481e-01 4.793999999999999773e+02
1.633999999999999897e-01 4.900000000000000189e-02 8.397999999999999909e-01 1.062200000000000033e+00 7.226000000000000201e-01 5.453999999999999773e+02
2.597999999999999754e-01 4.900000000000000189e-02 5.393999999999999906e-01 1.104999999999999982e+00 9.869999999999999885e-01 2.693999999999999773e+02
1.110000000000000014e-01 4.900000000000000189e-02 6.173999999999999488e-01 9.858000000000000096e-01 8.389999999999999680e-01 1.554000000000000057e+02
1.310000000000000053e-01 4.900000000000000189e-02 8.366000000000000103e-01 1.115799999999999903e+00 8.981999999999999984e-01 -4.170000000000000000e+02
2.942000000000000171e-01 4.900000000000000189e-02 6.370000000000000107e-01 1.109799999999999898e+00 8.034000000000000030e-01 1.074000000000000057e+02
3.042000000000000259e-01 4.900000000000000189e-02 8.841999999999999860e-01 1.031800000000000050e+00 7.246000000000000218e-01 6.599999999999999645e+00
2.530000000000000027e-01 4.900000000000000189e-02 5.333999999999999853e-01 1.079800000000000093e+00 6.630000000000000338e-01 -4.901999999999999886e+02
2.097999999999999865e-01 4.900000000000000189e-02 7.441999999999999726e-01 1.039800000000000058e+00 7.765999999999999570e-01 2.190000000000000000e+02
3.250000000000000111e-01 4.900000000000000189e-02 8.010000000000000453e-01 9.841999999999999638e-01 7.274000000000000465e-01 -8.459999999999999432e+01
3.674000000000000044e-01 4.900000000000000189e-02 7.029999999999999583e-01 8.733999999999999542e-01 6.238000000000000211e-01 1.500000000000000000e+01
3.165999999999999925e-01 4.900000000000000189e-02 5.113999999999999657e-01 1.060599999999999987e+00 8.870000000000000107e-01 -1.085999999999999943e+02
4.309999999999999942e-01 4.900000000000000189e-02 6.542000000000000037e-01 9.637999999999999901e-01 7.633999999999999675e-01 -1.745999999999999943e+02
4.077999999999999958e-01 4.900000000000000189e-02 7.530000000000000027e-01 1.143000000000000016e+00 9.774000000000000465e-01 5.106000000000000227e+02
4.405999999999999917e-01 4.900000000000000189e-02 5.622000000000000330e-01 9.686000000000000165e-01 8.274000000000000243e-01 1.925999999999999943e+02
1.237999999999999934e-01 4.900000000000000189e-02 6.965999999999999970e-01 1.098999999999999977e+00 6.909999999999999476e-01 -7.740000000000000568e+01
3.941999999999999948e-01 4.900000000000000189e-02 5.181999999999999940e-01 1.128200000000000092e+00 7.161999999999999478e-01 5.190000000000000000e+02
3.669999999999999929e-01 4.900000000000000189e-02 8.242000000000000437e-01 8.569999999999999840e-01 6.213999999999999524e-01 5.946000000000000227e+02
1.205999999999999989e-01 4.900000000000000189e-02 5.050000000000000044e-01 9.534000000000000252e-01 9.649999999999999689e-01 4.170000000000000000e+02
3.105999999999999872e-01 4.900000000000000189e-02 8.606000000000000316e-01 8.609999999999999876e-01 7.114000000000000323e-01 6.779999999999999716e+01
2.510000000000000009e-01 4.900000000000000189e-02 8.870000000000000107e-01 8.633999999999999453e-01 8.429999999999999716e-01 1.338000000000000114e+02
3.645999999999999797e-01 4.900000000000000189e-02 6.665999999999999703e-01 1.125399999999999956e+00 6.717999999999999527e-01 3.450000000000000000e+02
2.701999999999999957e-01 4.900000000000000189e-02 5.098000000000000309e-01 1.088600000000000012e+00 8.766000000000000458e-01 1.145999999999999943e+02
3.125999999999999890e-01 4.900000000000000189e-02 5.949999999999999734e-01 9.657999999999999918e-01 6.094000000000000528e-01 1.002000000000000028e+02
3.874000000000000221e-01 4.900000000000000189e-02 7.905999999999999694e-01 1.080999999999999961e+00 9.781999999999999584e-01 4.001999999999999886e+02
2.909999999999999809e-01 4.900000000000000189e-02 6.690000000000000391e-01 1.152199999999999891e+00 7.318000000000000060e-01 4.026000000000000227e+02
2.929999999999999827e-01 4.900000000000000189e-02 7.645999999999999464e-01 1.102200000000000069e+00 8.614000000000000545e-01 -8.700000000000000000e+01
4.617999999999999883e-01 4.900000000000000189e-02 7.573999999999999622e-01 1.187799999999999967e+00 7.750000000000000222e-01 4.733999999999999773e+02
