3.205000000000000071e-01 4.161000000000000115e-02 5.192999999999999838e-01 1.081700000000000106e+00 6.649000000000000465e-01 3.770425000000000026e-01 -9.614500000000000268e-01
2.718999999999999750e-01 5.859000000000000319e-02 5.998999999999999888e-01 1.080100000000000060e+00 8.146999999999999797e-01 2.463625000000000120e-01 -1.197850000000000081e+00
2.620999999999999996e-01 6.979000000000000481e-02 8.218999999999999639e-01 1.026100000000000012e+00 9.606999999999999984e-01 4.473325000000000218e-01 -1.131250000000000089e+00
3.355000000000000204e-01 5.068999999999999895e-02 7.644999999999999574e-01 8.270999999999999464e-01 9.129000000000000448e-01 5.478174999999999573e-01 -9.776500000000000190e-01
1.579000000000000126e-01 3.370999999999999691e-02 8.418999999999999817e-01 8.096999999999999753e-01 6.337000000000000410e-01 1.874574999999999991e-01 -9.977500000000000258e-01
1.608999999999999875e-01 3.776999999999999802e-02 6.576999999999999513e-01 1.073700000000000099e+00 9.892999999999999572e-01 6.205825000000000369e-01 -1.175049999999999928e+00
3.951000000000000068e-01 4.426999999999999685e-02 8.250999999999999446e-01 8.730999999999999872e-01 7.871000000000000218e-01 6.671124999999999972e-01 -9.974499999999999478e-01
2.761000000000000121e-01 4.336999999999999883e-02 5.848999999999999755e-01 9.054999999999999716e-01 9.446999999999999842e-01 5.002974999999999506e-01 -1.264450000000000074e+00
2.288999999999999924e-01 4.397000000000000214e-02 5.728999999999999648e-01 8.652999999999999581e-01 8.722999999999999643e-01 1.488474999999999937e-01 -8.252500000000000391e-01
2.590999999999999970e-01 4.481000000000000261e-02 8.033000000000000140e-01 1.056100000000000039e+00 8.565000000000000391e-01 7.279974999999999641e-01 -1.083550000000000013e+00
3.375000000000000222e-01 6.930999999999999661e-02 6.439000000000000279e-01 8.942999999999999838e-01 9.313000000000000167e-01 3.889225000000000043e-01 -8.537500000000000089e-01
3.916999999999999926e-01 6.260999999999999899e-02 8.320999999999999508e-01 1.178700000000000081e+00 6.581000000000000183e-01 5.443525000000000169e-01 -1.288750000000000062e+00
4.986999999999999766e-01 6.185000000000000220e-02 8.720999999999999863e-01 9.905000000000000471e-01 7.580999999999999961e-01 1.681525000000000103e-01 -1.056850000000000067e+00
4.380999999999999894e-01 3.472999999999999698e-02 5.977000000000000091e-01 8.477000000000000091e-01 6.182999999999999607e-01 2.166625000000000079e-01 -7.985499999999999821e-01
1.880999999999999894e-01 4.571000000000000063e-02 7.338999999999999968e-01 1.159899999999999931e+00 8.256999999999999895e-01 5.700925000000000020e-01 -1.108149999999999968e+00
1.318999999999999895e-01 6.736999999999999933e-02 8.021000000000000352e-01 9.092999999999999972e-01 9.246999999999999664e-01 3.537775000000000225e-01 -8.888500000000000290e-01
4.847000000000000197e-01 6.458999999999999464e-02 5.097000000000000419e-01 8.937000000000000499e-01 8.959000000000000297e-01 1.420749999999999964e-02 -7.574499999999999567e-01
3.604999999999999871e-01 4.556999999999999940e-02 7.557000000000000384e-01 1.135899999999999910e+00 7.435000000000000497e-01 3.171475000000000266e-01 -7.145500000000000185e-01
3.773000000000000242e-01 5.473000000000000087e-02 6.409000000000000252e-01 9.707000000000000073e-01 8.669000000000000039e-01 5.735575000000000534e-01 -1.271050000000000013e+00
2.270999999999999963e-01 5.825000000000000316e-02 8.310999999999999499e-01 1.194700000000000095e+00 8.218999999999999639e-01 4.488174999999999804e-01 -1.192150000000000043e+00
2.503000000000000225e-01 6.712999999999999523e-02 6.028999999999999915e-01 9.191000000000000281e-01 6.007000000000000117e-01 8.943174999999999875e-01 -8.870500000000000052e-01
3.696999999999999731e-01 6.766999999999999404e-02 6.566999999999999504e-01 1.045299999999999896e+00 7.127000000000000002e-01 8.274924999999999642e-01 -7.319499999999999895e-01
2.811000000000000165e-01 5.931000000000000161e-02 8.617000000000000215e-01 8.076999999999999735e-01 6.264999999999999458e-01 5.819725000000000037e-01 -9.014499999999999735e-01
1.403000000000000080e-01 5.736999999999999739e-02 7.409000000000000030e-01 9.600999999999999535e-01 9.982999999999999652e-01 4.141675000000000217e-01 -1.151950000000000029e+00
2.426999999999999991e-01 4.032999999999999780e-02 7.347000000000000197e-01 1.058899999999999952e+00 8.231000000000000538e-01 3.404125000000000068e-01 -9.707500000000000018e-01
4.793000000000000038e-01 3.076999999999999874e-02 8.370999999999999552e-01 1.189699999999999980e+00 8.555000000000000382e-01 8.913474999999999593e-01 -8.804499999999999549e-01
4.489000000000000212e-01 3.045000000000000137e-02 7.607000000000000428e-01 9.136999999999999567e-01 9.872999999999999554e-01 3.493224999999999802e-01 -1.220949999999999980e+00
4.329000000000000070e-01 4.232999999999999957e-02 5.261000000000000121e-01 1.156300000000000106e+00 7.861000000000000210e-01 3.453625000000000167e-01 -9.593500000000000361e-01
4.413000000000000256e-01 4.517000000000000182e-02 6.449000000000000288e-01 1.033700000000000063e+00 9.917000000000000259e-01 8.705574999999999841e-01 -7.844499999999999806e-01
2.325000000000000122e-01 6.108999999999999847e-02 5.281000000000000139e-01 1.008099999999999996e+00 6.546999999999999487e-01 9.873775000000000190e-01 -1.151650000000000063e+00
3.587000000000000188e-01 5.059000000000000302e-02 6.115000000000000435e-01 9.952999999999999625e-01 7.662999999999999812e-01 6.784974999999999756e-01 -1.239249999999999963e+00
1.105000000000000010e-01 6.912999999999999701e-02 5.863000000000000433e-01 8.770999999999999908e-01 7.165000000000000258e-01 8.586774999999999824e-01 -1.137550000000000061e+00
1.053000000000000047e-01 6.938999999999999335e-02 6.895000000000000018e-01 1.038899999999999935e+00 9.301000000000000378e-01 1.132075000000000026e-01 -8.921499999999999986e-01
2.745000000000000218e-01 6.721000000000000585e-02 7.884999999999999787e-01 1.150300000000000100e+00 9.455000000000000071e-01 6.992874999999999508e-01 -1.081450000000000022e+00
1.010999999999999954e-01 6.042999999999999761e-02 5.643000000000000238e-01 8.286999999999999922e-01 7.465000000000000524e-01 3.824874999999999803e-01 -1.299549999999999983e+00
3.694999999999999951e-01 6.825000000000000511e-02 6.551000000000000156e-01 8.557000000000000162e-01 6.611000000000000210e-01 7.161174999999999624e-01 -1.151350000000000096e+00
1.058999999999999941e-01 3.255000000000000254e-02 8.165000000000000036e-01 1.018499999999999961e+00 7.213000000000000522e-01 9.725274999999999892e-01 -7.781500000000000083e-01
1.492999999999999883e-01 6.557000000000000328e-02 5.262999999999999901e-01 1.142099999999999893e+00 6.686999999999999611e-01 8.933275000000000521e-01 -7.283500000000000529e-01
1.539000000000000090e-01 6.454999999999999627e-02 5.940999999999999615e-01 9.620999999999999552e-01 8.455000000000000293e-01 7.176025000000000320e-01 -1.285150000000000015e+00
3.608999999999999986e-01 3.008999999999999869e-02 5.152999999999999803e-01 1.147499999999999964e+00 8.363000000000000433e-01 3.186324999999999852e-01 -1.232050000000000090e+00
3.558999999999999941e-01 6.292999999999999983e-02 7.278999999999999915e-01 1.005900000000000016e+00 8.418999999999999817e-01 3.018024999999999736e-01 -8.954499999999999682e-01
3.623000000000000109e-01 3.819000000000000172e-02 8.308999999999999719e-01 8.979000000000000314e-01 7.430999999999999828e-01 2.379475000000000062e-01 -7.511499999999999844e-01
1.784999999999999920e-01 5.281000000000000277e-02 8.273000000000000353e-01 9.476999999999999869e-01 6.367000000000000437e-01 3.572425000000000184e-01 -7.331499999999999684e-01
4.217000000000000193e-01 3.921000000000000180e-02 8.602999999999999536e-01 9.076999999999999513e-01 6.217000000000000304e-01 4.606974999999999820e-01 -8.423500000000000432e-01
1.328999999999999904e-01 4.515000000000000263e-02 6.993000000000000327e-01 8.687000000000000277e-01 6.272999999999999687e-01 5.898925000000000418e-01 -7.874499999999999833e-01
4.803000000000000047e-01 5.199000000000000149e-02 7.098999999999999755e-01 1.196499999999999897e+00 8.747000000000000330e-01 7.576975000000000238e-01 -1.165450000000000097e+00
2.499000000000000110e-01 5.734999999999999820e-02 6.941000000000000503e-01 9.847000000000000197e-01 6.881000000000000449e-01 1.668249999999999941e-02 -8.153500000000000192e-01
4.122999999999999998e-01 4.957000000000000295e-02 8.827000000000000401e-01 1.001100000000000101e+00 8.198999999999999622e-01 4.923775000000000235e-01 -1.133049999999999891e+00
1.073000000000000065e-01 6.987000000000000155e-02 5.221000000000000085e-01 1.147699999999999942e+00 7.769000000000000350e-01 7.101775000000000171e-01 -8.039500000000000535e-01
3.653000000000000136e-01 4.379000000000000253e-02 6.813000000000000167e-01 8.408999999999999808e-01 7.949000000000000510e-01 3.636774999999999869e-01 -7.697500000000000453e-01
2.904999999999999805e-01 5.258999999999999786e-02 6.469000000000000306e-01 1.184099999999999930e+00 8.248999999999999666e-01 9.264925000000000521e-01 -1.150749999999999940e+00
4.002999999999999892e-01 6.275000000000000022e-02 7.684999999999999609e-01 1.101900000000000102e+00 6.659000000000000474e-01 3.597175000000000233e-01 -7.037499999999999867e-01
2.686999999999999944e-01 4.698999999999999705e-02 6.714999999999999858e-01 1.093099999999999961e+00 9.371000000000000441e-01 7.289875000000000105e-01 -9.920499999999999874e-01
4.134999999999999787e-01 6.496999999999999997e-02 5.733000000000000318e-01 9.316999999999999726e-01 7.644999999999999574e-01 5.928624999999999590e-01 -9.668499999999999872e-01
3.261000000000000010e-01 5.630999999999999894e-02 6.077000000000000179e-01 9.615000000000000213e-01 6.604999999999999760e-01 5.280175000000000285e-01 -1.114449999999999941e+00
2.868999999999999884e-01 4.003000000000000308e-02 8.300999999999999490e-01 9.179000000000000492e-01 9.718999999999999861e-01 5.126724999999999755e-01 -1.069450000000000012e+00
2.884999999999999787e-01 6.013000000000000289e-02 5.568999999999999506e-01 1.100500000000000034e+00 7.402999999999999581e-01 7.166124999999999856e-01 -9.209500000000000464e-01
3.407000000000000028e-01 5.516999999999999682e-02 6.481000000000000094e-01 9.426999999999999824e-01 9.116999999999999549e-01 3.399174999999999836e-01 -7.994499999999999940e-01
3.995000000000000218e-01 3.493000000000000271e-02 6.512999999999999901e-01 9.832999999999999519e-01 9.533000000000000362e-01 6.027624999999999789e-01 -1.022350000000000092e+00
3.687000000000000277e-01 3.277000000000000052e-02 6.030999999999999694e-01 1.162500000000000089e+00 9.555000000000000160e-01 8.185824999999999907e-01 -1.220650000000000013e+00
3.583000000000000074e-01 3.513000000000000150e-02 6.701000000000000290e-01 9.540999999999999481e-01 6.751000000000000334e-01 1.483524999999999983e-01 -8.201500000000000457e-01
4.128999999999999893e-01 4.120999999999999663e-02 5.329000000000000403e-01 1.141100000000000003e+00 8.335000000000000187e-01 6.369175000000000253e-01 -8.330499999999999572e-01
4.440999999999999948e-01 4.188999999999999668e-02 6.921000000000000485e-01 9.665000000000000258e-01 8.852999999999999758e-01 1.854774999999999896e-01 -9.656500000000000083e-01
2.122999999999999887e-01 5.070999999999999813e-02 6.609000000000000430e-01 1.067499999999999893e+00 7.497000000000000330e-01 8.845749999999999447e-02 -1.179850000000000065e+00
3.870999999999999996e-01 4.633000000000000312e-02 5.274999999999999689e-01 1.193100000000000049e+00 8.919000000000000261e-01 9.467875000000000041e-01 -7.247500000000000053e-01
1.375000000000000111e-01 5.201000000000000068e-02 5.668999999999999595e-01 9.436999999999999833e-01 6.444999999999999618e-01 5.765274999999999705e-01 -7.205500000000000238e-01
2.189000000000000112e-01 3.919000000000000261e-02 7.083000000000000407e-01 8.971000000000000085e-01 8.927000000000000490e-01 8.467974999999999808e-01 -7.838500000000000467e-01
2.798999999999999821e-01 6.582999999999999963e-02 8.659000000000000030e-01 1.117499999999999938e+00 9.344999999999999973e-01 8.789725000000000454e-01 -1.037349999999999994e+00
3.674999999999999933e-01 6.769000000000000017e-02 5.917000000000000037e-01 1.039299999999999891e+00 7.552999999999999714e-01 8.839225000000000554e-01 -8.660499999999999865e-01
4.555000000000000160e-01 4.329000000000000209e-02 8.962999999999999856e-01 9.079000000000000403e-01 7.350999999999999757e-01 1.067725000000000063e-01 -1.260850000000000026e+00
1.481000000000000094e-01 6.993000000000000604e-02 5.661000000000000476e-01 1.055500000000000105e+00 9.304999999999999938e-01 9.532224999999999726e-01 -7.313499999999999446e-01
3.286999999999999922e-01 4.277000000000000246e-02 5.711000000000000520e-01 1.124500000000000055e+00 8.106999999999999762e-01 4.503024999999999944e-01 -9.839499999999999913e-01
2.389000000000000012e-01 4.673000000000000070e-02 6.843000000000000194e-01 9.064999999999999725e-01 9.453000000000000291e-01 9.220374999999999543e-01 -1.245849999999999902e+00
1.633000000000000007e-01 3.842999999999999888e-02 6.756999999999999673e-01 9.344999999999999973e-01 7.721000000000000085e-01 1.222750000000000052e-02 -1.275249999999999995e+00
1.280999999999999917e-01 5.702999999999999736e-02 8.752999999999999670e-01 8.143000000000000238e-01 8.447000000000000064e-01 8.037324999999999608e-01 -8.792499999999999760e-01
2.631000000000000005e-01 4.095000000000000029e-02 7.320999999999999730e-01 1.006499999999999950e+00 7.786999999999999478e-01 5.968225000000000335e-01 -1.019949999999999912e+00
1.852999999999999925e-01 4.023000000000000187e-02 6.689000000000000501e-01 8.373000000000000442e-01 9.133000000000000007e-01 5.691024999999999556e-01 -9.734500000000000375e-01
4.167000000000000148e-01 6.508999999999999508e-02 6.107000000000000206e-01 8.054999999999999938e-01 7.881000000000000227e-01 4.265424999999999911e-01 -1.084449999999999914e+00
1.199000000000000066e-01 4.198999999999999955e-02 8.800999999999999934e-01 8.679000000000000048e-01 7.841000000000000192e-01 4.136724999999999985e-01 -1.140549999999999953e+00
1.527000000000000024e-01 3.926999999999999935e-02 8.657000000000000250e-01 8.904999999999999583e-01 9.897000000000000242e-01 8.720425000000000537e-01 -1.251249999999999973e+00
2.817000000000000060e-01 6.884999999999999454e-02 8.829000000000000181e-01 8.266999999999999904e-01 7.627000000000000446e-01 5.938525000000000054e-01 -1.015449999999999964e+00
2.083000000000000129e-01 6.650999999999999968e-02 7.123000000000000442e-01 8.146999999999999797e-01 6.951000000000000512e-01 8.849124999999999908e-01 -8.651499999999999746e-01
1.461000000000000076e-01 5.720999999999999697e-02 5.937000000000000055e-01 8.258999999999999675e-01 7.831000000000000183e-01 2.765575000000000117e-01 -1.211950000000000083e+00
2.114999999999999936e-01 6.105000000000000010e-02 6.207000000000000295e-01 1.175899999999999945e+00 6.504999999999999671e-01 7.121574999999999989e-01 -1.066449999999999898e+00
4.950999999999999845e-01 5.083000000000000018e-02 8.083000000000000185e-01 1.015900000000000025e+00 6.616999999999999549e-01 4.022875000000000201e-01 -1.115350000000000064e+00
4.396999999999999797e-01 3.796999999999999681e-02 6.290999999999999925e-01 9.929000000000000048e-01 6.060999999999999721e-01 9.735175000000000356e-01 -1.226350000000000051e+00
3.467000000000000082e-01 5.999000000000000166e-02 8.213000000000000300e-01 1.073900000000000077e+00 6.973000000000000309e-01 1.859725000000000128e-01 -1.125250000000000083e+00
4.433000000000000274e-01 6.015000000000000208e-02 8.315000000000000169e-01 1.094100000000000072e+00 8.298999999999999710e-01 6.780024999999999524e-01 -7.118499999999999828e-01
4.144999999999999796e-01 4.657000000000000028e-02 6.429000000000000270e-01 8.350999999999999535e-01 7.966999999999999638e-01 2.458674999999999888e-01 -8.009500000000000508e-01
3.408999999999999808e-01 4.612999999999999740e-02 6.629000000000000448e-01 8.356999999999999984e-01 8.428999999999999826e-01 8.007625000000000437e-01 -1.041250000000000009e+00
1.082999999999999935e-01 4.377000000000000335e-02 7.774999999999999689e-01 9.388999999999999568e-01 7.188999999999999835e-01 8.883775000000000421e-01 -8.324500000000000233e-01
1.726999999999999924e-01 3.853000000000000175e-02 6.589000000000000412e-01 8.577000000000000179e-01 9.119000000000000439e-01 4.646575000000000011e-01 -1.045449999999999990e+00
4.913000000000000145e-01 5.000999999999999890e-02 6.679000000000000492e-01 1.188099999999999934e+00 9.333000000000000185e-01 1.260775000000000090e-01 -1.057450000000000001e+00
2.848999999999999866e-01 6.562999999999999390e-02 7.412999999999999590e-01 8.862999999999999767e-01 9.051000000000000156e-01 1.632025000000000003e-01 -9.257499999999999618e-01
4.864999999999999880e-01 3.389000000000000346e-02 5.436999999999999611e-01 8.340999999999999526e-01 7.270999999999999686e-01 6.710724999999999607e-01 -7.847499999999999476e-01
1.290999999999999925e-01 5.342999999999999833e-02 8.979000000000000314e-01 8.629000000000000004e-01 7.629000000000000226e-01 1.805275000000000074e-01 -9.938500000000000112e-01
1.817000000000000004e-01 4.694999999999999868e-02 6.344999999999999529e-01 8.645000000000000462e-01 7.183000000000000496e-01 3.648250000000000104e-02 -8.867500000000000382e-01
3.299000000000000266e-01 6.617000000000000659e-02 5.222999999999999865e-01 1.194299999999999917e+00 8.477000000000000091e-01 4.440249999999999753e-02 -7.121499999999999497e-01
1.859000000000000097e-01 4.823000000000000204e-02 5.534999999999999920e-01 1.140300000000000091e+00 9.213000000000000078e-01 7.740325000000000122e-01 -8.771499999999999853e-01
1.521000000000000130e-01 6.122999999999999970e-02 8.707000000000000295e-01 8.196999999999999842e-01 9.693000000000000504e-01 1.349875000000000103e-01 -1.014850000000000030e+00
4.501000000000000001e-01 6.897000000000000353e-02 7.946999999999999620e-01 8.403000000000000469e-01 9.139000000000000457e-01 9.799525000000000041e-01 -1.174150000000000027e+00
1.231000000000000011e-01 3.099000000000000019e-02 5.391000000000000236e-01 9.743000000000000549e-01 8.155000000000000027e-01 3.923875000000000002e-01 -1.122549999999999937e+00
3.425000000000000266e-01 4.764999999999999791e-02 8.642999999999999572e-01 9.346999999999999753e-01 8.468999999999999861e-01 9.136225000000000041e-01 -8.873499999999999721e-01
1.782999999999999863e-01 6.165000000000000341e-02 8.201000000000000512e-01 9.224999999999999867e-01 6.868999999999999551e-01 2.509749999999999828e-02 -8.444500000000000339e-01
3.680999999999999828e-01 3.237000000000000294e-02 6.719000000000000528e-01 1.086899999999999977e+00 6.357000000000000428e-01 6.715674999999999839e-01 -1.188250000000000028e+00
1.637000000000000122e-01 3.688999999999999918e-02 5.653000000000000247e-01 9.530999999999999472e-01 7.844999999999999751e-01 4.725774999999999837e-01 -9.260500000000000398e-01
4.410999999999999921e-01 4.719000000000000278e-02 6.699000000000000510e-01 9.171000000000000263e-01 9.009000000000000341e-01 6.834474999999999856e-01 -1.029249999999999998e+00
3.166999999999999815e-01 3.056999999999999995e-02 7.839000000000000412e-01 1.038100000000000023e+00 6.467000000000000526e-01 7.410250000000000170e-02 -1.116849999999999898e+00
4.863000000000000100e-01 6.117000000000000215e-02 5.132999999999999785e-01 1.166299999999999892e+00 8.033000000000000140e-01 9.982674999999999743e-01 -8.204500000000000126e-01
3.113000000000000211e-01 6.363000000000000600e-02 8.443000000000000504e-01 8.672999999999999599e-01 8.608999999999999986e-01 3.379375000000000018e-01 -1.074850000000000083e+00
2.755000000000000226e-01 5.621000000000000302e-02 8.542999999999999483e-01 9.510999999999999455e-01 6.129000000000000004e-01 7.770025000000000404e-01 -7.436500000000000332e-01
3.079000000000000070e-01 6.106999999999999929e-02 6.250999999999999890e-01 1.110300000000000065e+00 7.058999999999999719e-01 6.275125000000000286e-01 -1.178949999999999942e+00
1.585000000000000020e-01 3.102999999999999856e-02 8.954999999999999627e-01 1.067099999999999937e+00 6.048999999999999932e-01 9.626274999999999693e-01 -1.090750000000000108e+00
1.405000000000000138e-01 5.138999999999999818e-02 6.599000000000000421e-01 1.127699999999999925e+00 8.720999999999999863e-01 6.250375000000000236e-01 -1.034950000000000037e+00
4.551000000000000045e-01 3.309000000000000136e-02 7.851000000000000201e-01 1.107499999999999929e+00 8.378999999999999782e-01 5.992975000000000385e-01 -9.497499999999999831e-01
1.850999999999999868e-01 5.145000000000000268e-02 6.035000000000000364e-01 1.037700000000000067e+00 8.612999999999999545e-01 2.518075000000000174e-01 -9.506499999999999950e-01
2.268999999999999906e-01 4.549000000000000266e-02 6.824999999999999956e-01 1.179300000000000015e+00 9.149000000000000465e-01 4.948524999999999729e-01 -7.214500000000000357e-01
4.340999999999999859e-01 6.594999999999999474e-02 5.955000000000000293e-01 1.157899999999999929e+00 8.138999999999999568e-01 8.146225000000000271e-01 -7.160499999999999643e-01
2.807000000000000051e-01 3.522999999999999743e-02 5.716999999999999860e-01 1.051900000000000057e+00 7.684999999999999609e-01 7.982875000000000387e-01 -1.079350000000000032e+00
1.844999999999999973e-01 6.346999999999999864e-02 8.111000000000000432e-01 1.131499999999999950e+00 8.947000000000000508e-01 9.835750000000000048e-02 -1.267149999999999999e+00
2.086999999999999966e-01 4.112999999999999989e-02 8.175000000000000044e-01 1.101699999999999902e+00 9.229000000000000536e-01 9.606474999999999875e-01 -1.078449999999999909e+00
4.074999999999999734e-01 5.612999999999999934e-02 7.724999999999999645e-01 9.937000000000000277e-01 6.834999999999999964e-01 8.670925000000000438e-01 -7.172500000000000542e-01
2.406999999999999973e-01 4.413000000000000256e-02 5.636999999999999789e-01 8.415000000000000258e-01 6.239000000000000101e-01 7.063750000000000584e-02 -7.187500000000000000e-01
4.112999999999999989e-01 4.651000000000000273e-02 6.511000000000000121e-01 9.229000000000000536e-01 8.779000000000000137e-01 9.938124999999999876e-01 -1.233549999999999924e+00
3.094999999999999973e-01 5.253000000000000030e-02 6.828999999999999515e-01 8.288999999999999702e-01 6.242999999999999661e-01 4.884175000000000044e-01 -1.033150000000000013e+00
2.376999999999999946e-01 5.428999999999999798e-02 5.481000000000000316e-01 1.089499999999999913e+00 8.982999999999999874e-01 8.255124999999999824e-01 -1.271349999999999980e+00
2.705000000000000182e-01 4.250999999999999918e-02 7.260999999999999677e-01 1.173300000000000010e+00 7.632999999999999785e-01 2.780425000000000257e-01 -9.878500000000000059e-01
2.984999999999999876e-01 5.394999999999999796e-02 8.463000000000000522e-01 1.150900000000000034e+00 6.913000000000000256e-01 8.131374999999999575e-01 -7.703499999999999792e-01
1.907000000000000084e-01 5.111000000000000265e-02 7.130999999999999561e-01 1.092100000000000071e+00 9.812999999999999501e-01 7.473024999999999807e-01 -8.333500000000000352e-01
3.921000000000000041e-01 6.446999999999999953e-02 7.292999999999999483e-01 1.004499999999999948e+00 9.657000000000000028e-01 6.091974999999999474e-01 -1.155250000000000110e+00
4.960999999999999854e-01 3.330999999999999933e-02 8.607000000000000206e-01 1.171300000000000008e+00 7.235000000000000320e-01 7.596775000000000055e-01 -9.584500000000000242e-01
3.301000000000000045e-01 4.229000000000000120e-02 8.118999999999999551e-01 1.147299999999999986e+00 7.233000000000000540e-01 9.863874999999999726e-01 -1.109350000000000058e+00
1.360999999999999988e-01 4.726999999999999952e-02 6.309000000000000163e-01 9.999000000000000110e-01 6.022999999999999465e-01 9.116425000000000223e-01 -8.825499999999999456e-01
3.660999999999999810e-01 4.241000000000000325e-02 8.173000000000000265e-01 1.147899999999999920e+00 8.837000000000000410e-01 5.166325000000000500e-01 -7.403499999999999526e-01
3.435000000000000275e-01 3.830999999999999683e-02 6.012999999999999456e-01 9.645000000000000240e-01 8.942999999999999838e-01 3.027925000000000200e-01 -1.100950000000000095e+00
1.288999999999999868e-01 3.171000000000000207e-02 5.796999999999999931e-01 1.153100000000000014e+00 6.816999999999999726e-01 4.489749999999999991e-02 -9.848500000000000032e-01
2.758999999999999786e-01 3.516999999999999987e-02 6.776999999999999691e-01 1.127899999999999903e+00 7.305000000000000382e-01 7.007725000000000204e-01 -8.501499999999999613e-01
2.286999999999999866e-01 4.340999999999999720e-02 6.197000000000000286e-01 1.155499999999999972e+00 9.576999999999999957e-01 6.641424999999999690e-01 -1.209249999999999936e+00
3.541000000000000258e-01 4.479000000000000342e-02 5.044999999999999485e-01 9.650999999999999579e-01 8.685000000000000497e-01 4.111974999999999936e-01 -9.989500000000000046e-01
4.078999999999999848e-01 5.077000000000000263e-02 6.905000000000000027e-01 8.171000000000000485e-01 7.028999999999999693e-01 3.696174999999999877e-01 -7.547500000000000320e-01
2.079000000000000015e-01 3.230999999999999844e-02 5.032999999999999696e-01 1.068500000000000005e+00 7.167000000000000037e-01 2.805174999999999752e-01 -7.466500000000000359e-01
1.741000000000000048e-01 5.063000000000000139e-02 5.414999999999999813e-01 1.165699999999999958e+00 8.073000000000000176e-01 3.646674999999999778e-01 -1.086549999999999905e+00
3.670999999999999819e-01 5.832999999999999990e-02 5.903000000000000469e-01 8.702999999999999625e-01 6.781000000000000361e-01 1.676574999999999871e-01 -7.478500000000000147e-01
1.269000000000000128e-01 4.689000000000000112e-02 5.927000000000000046e-01 1.068300000000000027e+00 8.767000000000000348e-01 7.072074999999999889e-01 -1.288149999999999906e+00
2.041000000000000036e-01 6.948999999999999622e-02 8.931000000000000050e-01 1.015500000000000069e+00 8.517000000000000126e-01 9.289674999999999461e-01 -1.148050000000000015e+00
3.482999999999999985e-01 4.039000000000000229e-02 5.908999999999999808e-01 1.004699999999999926e+00 9.234999999999999876e-01 3.928825000000000234e-01 -1.297449999999999992e+00
3.442999999999999949e-01 6.870999999999999330e-02 7.215000000000000302e-01 8.575000000000000400e-01 8.904999999999999583e-01 7.116624999999999757e-01 -1.237749999999999906e+00
3.206999999999999851e-01 5.945000000000000284e-02 5.404999999999999805e-01 1.145699999999999941e+00 8.356999999999999984e-01 6.294925000000000104e-01 -7.616500000000000492e-01
3.106999999999999762e-01 3.874999999999999972e-02 6.005000000000000338e-01 1.162900000000000045e+00 9.675000000000000266e-01 1.552824999999999900e-01 -9.647499999999999964e-01
1.542999999999999927e-01 4.184999999999999831e-02 7.258999999999999897e-01 1.118900000000000006e+00 7.584999999999999520e-01 7.839325000000000321e-01 -1.205650000000000110e+00
1.647000000000000131e-01 4.372999999999999804e-02 8.193000000000000282e-01 1.064500000000000002e+00 8.290999999999999481e-01 7.512625000000000552e-01 -7.136500000000000066e-01
1.037000000000000005e-01 6.003000000000000003e-02 8.388999999999999790e-01 9.745000000000000329e-01 6.651000000000000245e-01 2.226025000000000087e-01 -8.255500000000000060e-01
1.118999999999999995e-01 5.206999999999999823e-02 5.174999999999999600e-01 1.055299999999999905e+00 9.810999999999999721e-01 8.651124999999999510e-01 -9.344500000000000028e-01
1.071000000000000008e-01 3.336999999999999689e-02 7.647000000000000464e-01 8.206999999999999851e-01 6.674999999999999822e-01 7.329474999999999740e-01 -1.001349999999999962e+00
1.665000000000000091e-01 3.021000000000000074e-02 5.199000000000000288e-01 9.226999999999999647e-01 8.493000000000000549e-01 6.770125000000000171e-01 -1.154949999999999921e+00
1.043000000000000038e-01 5.949000000000000121e-02 7.959000000000000519e-01 9.959000000000000075e-01 8.323000000000000398e-01 1.156824999999999937e-01 -1.027749999999999941e+00
3.547000000000000153e-01 6.056999999999999884e-02 5.920999999999999597e-01 1.145499999999999963e+00 9.647000000000000020e-01 2.325025000000000008e-01 -8.237499999999999822e-01
2.089000000000000024e-01 4.981000000000000011e-02 6.447000000000000508e-01 9.061000000000000165e-01 7.025000000000000133e-01 9.284725000000000339e-01 -7.520499999999999963e-01
1.081000000000000016e-01 3.089000000000000079e-02 5.364999999999999769e-01 1.153699999999999948e+00 7.405000000000000471e-01 6.428574999999999706e-01 -1.098549999999999915e+00
1.756999999999999951e-01 6.898999999999999577e-02 8.700999999999999845e-01 1.186900000000000066e+00 9.011000000000000121e-01 7.710624999999999840e-01 -1.284249999999999892e+00
4.959000000000000075e-01 4.485000000000000098e-02 8.620999999999999774e-01 8.136999999999999789e-01 7.916999999999999593e-01 3.102174999999999794e-01 -8.591499999999999693e-01
3.663000000000000145e-01 3.828999999999999765e-02 5.064999999999999503e-01 8.909000000000000252e-01 9.284999999999999920e-01 7.205724999999999492e-01 -1.174449999999999994e+00
4.801000000000000267e-01 4.653000000000000191e-02 7.520999999999999908e-01 9.483000000000000318e-01 7.510999999999999899e-01 7.459749999999999714e-02 -1.036450000000000093e+00
4.708999999999999853e-01 4.742999999999999994e-02 8.346999999999999975e-01 1.174900000000000055e+00 9.955000000000000515e-01 8.621425000000000338e-01 -9.134499999999999842e-01
1.537000000000000033e-01 5.220999999999999946e-02 5.511000000000000343e-01 8.425000000000000266e-01 8.629000000000000004e-01 4.245625000000000093e-01 -1.195449999999999902e+00
1.024999999999999939e-01 4.470999999999999974e-02 7.490999999999999881e-01 1.050899999999999945e+00 7.015000000000000124e-01 6.022674999999999557e-01 -1.158549999999999969e+00
4.425000000000000044e-01 5.985000000000000042e-02 6.592999999999999972e-01 1.163899999999999935e+00 8.867000000000000437e-01 3.913975000000000093e-01 -9.323500000000000121e-01
4.618999999999999773e-01 6.580999999999999350e-02 7.796999999999999487e-01 1.100899999999999990e+00 6.139000000000000012e-01 1.800325000000000120e-01 -1.238350000000000062e+00
2.545000000000000040e-01 6.558999999999999553e-02 8.824999999999999512e-01 9.425000000000000044e-01 6.230999999999999872e-01 8.245225000000000470e-01 -1.232650000000000023e+00
2.666999999999999926e-01 3.239000000000000212e-02 5.601000000000000423e-01 1.054699999999999971e+00 8.810999999999999943e-01 8.324424999999999741e-01 -9.419499999999999540e-01
1.165000000000000063e-01 3.178999999999999881e-02 6.302999999999999714e-01 8.860999999999999988e-01 8.697000000000000286e-01 9.190675000000000372e-01 -1.283649999999999958e+00
4.668999999999999817e-01 4.080999999999999905e-02 8.123000000000000220e-01 8.784999999999999476e-01 9.314999999999999947e-01 5.082174999999999887e-01 -1.184050000000000047e+00
1.554999999999999993e-01 6.471000000000000363e-02 8.662999999999999590e-01 9.505000000000000115e-01 8.630999999999999783e-01 2.161675000000000124e-01 -1.052349999999999897e+00
4.449000000000000177e-01 3.232999999999999763e-02 5.623000000000000220e-01 1.125499999999999945e+00 9.273000000000000131e-01 6.280075000000000518e-01 -7.103500000000000369e-01
1.265000000000000013e-01 3.840999999999999970e-02 8.458999999999999853e-01 1.056699999999999973e+00 8.580999999999999739e-01 8.220475000000000421e-01 -1.159450000000000092e+00
2.523000000000000242e-01 5.287000000000000033e-02 6.135000000000000453e-01 1.167100000000000026e+00 6.713000000000000078e-01 7.954749999999999321e-02 -7.097499999999999920e-01
4.545000000000000151e-01 5.462999999999999801e-02 8.530999999999999694e-01 9.266999999999999682e-01 6.601000000000000201e-01 3.468474999999999753e-01 -9.107499999999999485e-01
2.837000000000000077e-01 3.742999999999999799e-02 5.067000000000000393e-01 9.196999999999999620e-01 7.429000000000000048e-01 3.121975000000000167e-01 -7.988499999999999490e-01
3.720999999999999863e-01 3.998999999999999777e-02 6.958999999999999631e-01 1.169499999999999984e+00 6.407000000000000473e-01 5.814774999999999805e-01 -8.366500000000000048e-01
1.776999999999999968e-01 5.140999999999999737e-02 8.023000000000000131e-01 1.011700000000000044e+00 7.287000000000000144e-01 3.052675000000000249e-01 -1.145650000000000057e+00
3.945000000000000173e-01 3.823000000000000009e-02 6.781000000000000361e-01 8.163000000000000256e-01 8.932999999999999829e-01 9.388674999999999660e-01 -9.101500000000000146e-01
4.622999999999999887e-01 4.630999999999999700e-02 6.888999999999999568e-01 9.972999999999999643e-01 9.496999999999999886e-01 4.463424999999999754e-01 -1.110549999999999926e+00
3.548999999999999932e-01 6.435000000000000442e-02 7.327000000000000179e-01 1.055099999999999927e+00 8.712999999999999634e-01 3.220974999999999810e-01 -1.051749999999999963e+00
3.083000000000000185e-01 4.259000000000000286e-02 6.661000000000000254e-01 8.790999999999999925e-01 6.072999999999999510e-01 2.666574999999999918e-01 -1.184350000000000014e+00
1.718999999999999972e-01 3.087000000000000161e-02 6.854999999999999982e-01 1.002499999999999947e+00 8.203000000000000291e-01 7.081975000000000353e-01 -1.016650000000000054e+00
4.102999999999999980e-01 4.179000000000000076e-02 6.422999999999999821e-01 8.280999999999999472e-01 7.016999999999999904e-01 7.799724999999999575e-01 -1.061350000000000016e+00
3.007000000000000228e-01 4.173000000000000320e-02 5.828999999999999737e-01 1.181499999999999995e+00 8.488999999999999879e-01 6.384024999999999839e-01 -9.827500000000000124e-01
2.025000000000000133e-01 5.795000000000000151e-02 7.819000000000000394e-01 9.398999999999999577e-01 6.876999999999999780e-01 1.760724999999999929e-01 -8.981500000000000039e-01
4.808999999999999941e-01 6.121000000000000052e-02 8.592999999999999527e-01 9.039000000000000368e-01 6.963000000000000300e-01 5.978124999999999689e-01 -7.955499999999999794e-01
2.937000000000000166e-01 6.022999999999999882e-02 7.697000000000000508e-01 1.040100000000000025e+00 6.350999999999999979e-01 7.671025000000000205e-01 -1.187049999999999939e+00
1.255000000000000004e-01 5.288999999999999951e-02 8.428999999999999826e-01 1.191100000000000048e+00 9.478999999999999648e-01 2.260675000000000046e-01 -1.042450000000000099e+00
1.967000000000000137e-01 3.524999999999999661e-02 5.878999999999999782e-01 1.059900000000000064e+00 8.166999999999999815e-01 9.636175000000000157e-01 -8.546500000000000208e-01
4.157000000000000139e-01 5.800999999999999907e-02 5.346999999999999531e-01 9.371000000000000441e-01 9.760999999999999677e-01 9.839124999999999677e-01 -1.203249999999999931e+00
3.266999999999999904e-01 5.049000000000000016e-02 6.734999999999999876e-01 1.173499999999999988e+00 7.984999999999999876e-01 5.270274999999999821e-01 -7.754499999999999726e-01
2.931000000000000272e-01 4.025000000000000105e-02 7.901000000000000245e-01 9.727000000000000091e-01 8.874999999999999556e-01 4.309974999999999778e-01 -1.142649999999999944e+00
3.517000000000000126e-01 5.969000000000000000e-02 8.295000000000000151e-01 1.007700000000000040e+00 9.476999999999999869e-01 8.646175000000000388e-01 -1.123750000000000027e+00
1.831000000000000127e-01 4.583000000000000268e-02 7.951000000000000290e-01 1.010099999999999998e+00 9.882999999999999563e-01 9.195624999999999494e-01 -7.058499999999999774e-01
4.334999999999999964e-01 3.964999999999999775e-02 5.838999999999999746e-01 9.301000000000000378e-01 7.437000000000000277e-01 1.117225000000000024e-01 -9.512500000000000400e-01
4.243000000000000105e-01 4.739000000000000157e-02 7.470999999999999863e-01 9.536999999999999922e-01 6.756999999999999673e-01 9.433224999999999527e-01 -7.829500000000000348e-01
1.973000000000000032e-01 6.393000000000000071e-02 7.006999999999999895e-01 8.468999999999999861e-01 6.322999999999999732e-01 4.913874999999999771e-01 -9.575500000000000123e-01
