3.014999999999999902e-01 3.506999999999999701e-02 8.590999999999999748e-01 8.685000000000000497e-01 7.070999999999999508e-01 3.592225000000000001e-01 -1.225149999999999961e+00
1.841000000000000136e-01 3.579000000000000237e-02 6.118999999999999995e-01 1.120100000000000096e+00 7.345000000000000417e-01 6.819625000000000270e-01 -7.913499999999999979e-01
2.134999999999999953e-01 5.582999999999999768e-02 6.811000000000000387e-01 8.929000000000000270e-01 7.822999999999999954e-01 6.839425000000000088e-01 -7.397500000000000187e-01
2.132999999999999896e-01 6.414999999999999869e-02 5.603000000000000203e-01 8.138999999999999568e-01 9.797000000000000153e-01 2.008224999999999871e-01 -8.135499999999999954e-01
3.074999999999999956e-01 3.443000000000000227e-02 5.588999999999999524e-01 1.075900000000000079e+00 8.740999999999999881e-01 4.374325000000000019e-01 -1.280350000000000099e+00
3.219000000000000195e-01 3.407000000000000306e-02 8.071000000000000396e-01 8.021000000000000352e-01 9.351000000000000423e-01 5.438574999999999937e-01 -1.090149999999999952e+00
3.371000000000000107e-01 5.886999999999999872e-02 5.985000000000000320e-01 1.163499999999999979e+00 8.812999999999999723e-01 2.067624999999999880e-01 -1.133350000000000080e+00
1.567000000000000060e-01 3.495000000000000190e-02 5.718999999999999639e-01 9.797000000000000153e-01 8.226999999999999869e-01 1.577574999999999950e-01 -8.675500000000000433e-01
4.055000000000000271e-01 6.180999999999999689e-02 8.850999999999999979e-01 8.850999999999999979e-01 7.634999999999999565e-01 4.879224999999999812e-01 -1.079050000000000065e+00
4.330999999999999850e-01 3.584999999999999992e-02 7.352999999999999536e-01 1.129699999999999926e+00 7.923000000000000043e-01 1.321750000000000008e-02 -9.815500000000000336e-01
1.552999999999999936e-01 4.846999999999999920e-02 5.533000000000000140e-01 9.261000000000000343e-01 7.470999999999999863e-01 8.804575000000000040e-01 -1.134849999999999914e+00
1.693000000000000060e-01 4.009000000000000064e-02 7.744999999999999662e-01 1.098500000000000032e+00 7.457000000000000295e-01 4.206024999999999903e-01 -1.023549999999999960e+00
3.588999999999999968e-01 3.321000000000000341e-02 8.749000000000000110e-01 1.020699999999999941e+00 9.194999999999999840e-01 9.032274999999999610e-01 -8.261500000000000510e-01
2.513000000000000234e-01 5.492999999999999966e-02 7.495000000000000551e-01 1.007100000000000106e+00 8.490999999999999659e-01 5.839524999999999855e-01 -1.280049999999999910e+00
1.986999999999999877e-01 5.242999999999999744e-02 8.028999999999999471e-01 1.090899999999999981e+00 9.600999999999999535e-01 4.636675000000000102e-01 -1.094049999999999967e+00
1.542999999999999927e-01 4.184999999999999831e-02 7.258999999999999897e-01 1.118900000000000006e+00 7.584999999999999520e-01 7.839325000000000321e-01 -1.205650000000000110e+00
3.249000000000000221e-01 5.430999999999999717e-02 8.403000000000000469e-01 1.169300000000000006e+00 8.872999999999999776e-01 7.403724999999999890e-01 -8.789500000000000091e-01
2.336999999999999911e-01 5.963000000000000245e-02 6.794999999999999929e-01 8.727000000000000313e-01 6.582999999999999963e-01 9.794574999999999809e-01 -7.691500000000000004e-01
4.704999999999999738e-01 6.339000000000000190e-02 6.235000000000000542e-01 1.019700000000000051e+00 6.299000000000000155e-01 8.022475000000000023e-01 -7.700500000000000123e-01
2.706999999999999962e-01 5.609000000000000097e-02 8.405000000000000249e-01 8.310999999999999499e-01 7.038999999999999702e-01 3.800124999999999753e-01 -1.237449999999999939e+00
1.111000000000000043e-01 6.876999999999999780e-02 5.723000000000000309e-01 1.036499999999999977e+00 7.469000000000000083e-01 5.864274999999999904e-01 -8.408499999999999863e-01
2.124999999999999944e-01 6.739000000000000545e-02 7.554999999999999494e-01 8.747000000000000330e-01 6.125000000000000444e-01 1.399374999999999925e-01 -9.704500000000000348e-01
4.628999999999999782e-01 6.879000000000000392e-02 5.361000000000000210e-01 1.160099999999999909e+00 7.864999999999999769e-01 8.294724999999999460e-01 -1.132449999999999957e+00
2.232999999999999985e-01 4.789000000000000201e-02 8.298999999999999710e-01 8.116999999999999771e-01 8.415000000000000258e-01 1.884474999999999900e-01 -1.143250000000000099e+00
3.826999999999999846e-01 3.611000000000000321e-02 7.158999999999999808e-01 1.110500000000000043e+00 8.800999999999999934e-01 1.295425000000000049e-01 -1.138749999999999929e+00
1.006999999999999978e-01 4.451000000000000095e-02 5.877000000000000002e-01 1.034299999999999997e+00 6.793000000000000149e-01 2.523024999999999851e-01 -7.223500000000000476e-01
1.023000000000000020e-01 6.893000000000000516e-02 5.004999999999999449e-01 1.006299999999999972e+00 9.274999999999999911e-01 2.334924999999999917e-01 -1.155550000000000077e+00
2.290999999999999981e-01 4.898999999999999883e-02 7.489000000000000101e-01 1.181300000000000017e+00 7.986999999999999655e-01 3.448674999999999935e-01 -7.262499999999999512e-01
2.967000000000000193e-01 3.602999999999999953e-02 6.272999999999999687e-01 8.649000000000000021e-01 8.759000000000000119e-01 4.587175000000000002e-01 -8.231500000000000483e-01
4.899000000000000021e-01 4.617000000000000270e-02 6.199000000000000066e-01 8.809000000000000163e-01 8.764999999999999458e-01 3.958524999999999960e-01 -8.384500000000000286e-01
1.353000000000000036e-01 5.020999999999999769e-02 7.183000000000000496e-01 8.600999999999999757e-01 8.168999999999999595e-01 9.142749999999999488e-02 -1.258450000000000069e+00
1.149000000000000021e-01 5.152999999999999942e-02 5.893000000000000460e-01 8.572999999999999510e-01 9.655000000000000249e-01 3.032874999999999877e-01 -1.097650000000000015e+00
1.814999999999999947e-01 4.546999999999999653e-02 8.266999999999999904e-01 1.137899999999999912e+00 7.532999999999999696e-01 5.215824999999999489e-01 -7.499500000000000055e-01
2.487000000000000044e-01 5.532999999999999724e-02 5.703000000000000291e-01 1.062899999999999956e+00 9.980999999999999872e-01 2.131975000000000120e-01 -9.299500000000000544e-01
1.250999999999999890e-01 6.679000000000000214e-02 6.743000000000000105e-01 1.121699999999999919e+00 6.516999999999999460e-01 3.508074999999999943e-01 -9.095499999999999696e-01
1.131000000000000061e-01 6.327000000000000679e-02 7.559000000000000163e-01 1.140700000000000047e+00 6.165000000000000480e-01 7.855750000000000233e-02 -1.144150000000000000e+00
4.996999999999999775e-01 3.264999999999999847e-02 6.816999999999999726e-01 1.186700000000000088e+00 9.089000000000000412e-01 5.196024999999999672e-01 -9.059500000000000330e-01
1.928999999999999881e-01 4.207000000000000323e-02 8.649000000000000021e-01 8.922999999999999821e-01 8.860999999999999988e-01 6.235524999999999540e-01 -8.969500000000000250e-01
4.616999999999999993e-01 6.242999999999999938e-02 7.911000000000000254e-01 8.854999999999999538e-01 7.075000000000000178e-01 7.591824999999999823e-01 -1.163350000000000106e+00
4.993000000000000216e-01 4.062999999999999945e-02 7.085000000000000187e-01 9.249000000000000554e-01 7.492999999999999661e-01 4.786750000000000033e-02 -1.132749999999999924e+00
1.605000000000000038e-01 3.380999999999999978e-02 7.317000000000000171e-01 9.643000000000000460e-01 7.589000000000000190e-01 1.879524999999999946e-01 -1.088950000000000085e+00
2.096999999999999975e-01 3.459000000000000269e-02 5.272999999999999909e-01 8.749000000000000110e-01 9.156999999999999584e-01 7.933375000000000288e-01 -8.879500000000000171e-01
1.044999999999999957e-01 5.045000000000000179e-02 5.339000000000000412e-01 1.047299999999999898e+00 8.588999999999999968e-01 6.210774999999999491e-01 -8.375500000000000167e-01
2.416999999999999982e-01 3.040999999999999953e-02 7.033000000000000362e-01 1.199899999999999967e+00 8.827000000000000401e-01 5.943475000000000286e-01 -1.180449999999999999e+00
4.015000000000000235e-01 6.228999999999999815e-02 5.756999999999999895e-01 8.370999999999999552e-01 8.548999999999999932e-01 8.240275000000000238e-01 -7.259499999999999842e-01
3.120999999999999885e-01 4.750999999999999668e-02 7.846999999999999531e-01 1.110700000000000021e+00 9.665000000000000258e-01 8.364025000000000487e-01 -8.819500000000000117e-01
2.661000000000000032e-01 3.284999999999999726e-02 6.866999999999999771e-01 8.133000000000000229e-01 9.748999999999999888e-01 5.849425000000000319e-01 -7.316500000000000226e-01
2.247000000000000108e-01 5.441000000000000003e-02 6.956999999999999851e-01 1.054899999999999949e+00 7.060999999999999499e-01 3.814974999999999894e-01 -1.046950000000000047e+00
3.800999999999999934e-01 5.847000000000000114e-02 6.694999999999999840e-01 1.185499999999999998e+00 6.477000000000000535e-01 5.780125000000000401e-01 -7.409499999999999975e-01
2.112999999999999878e-01 3.153000000000000247e-02 7.048999999999999710e-01 9.720999999999999641e-01 8.423000000000000487e-01 2.206224999999999992e-01 -1.128249999999999975e+00
2.871000000000000218e-01 4.873000000000000248e-02 6.274999999999999467e-01 1.170299999999999896e+00 8.662999999999999590e-01 7.250275000000000469e-01 -8.477500000000000036e-01
4.797000000000000153e-01 5.956999999999999795e-02 5.469000000000000528e-01 8.235000000000000098e-01 9.658999999999999808e-01 8.081874999999999476e-01 -7.991500000000000270e-01
2.652999999999999803e-01 5.054999999999999771e-02 6.254999999999999449e-01 1.058100000000000041e+00 6.821000000000000396e-01 8.180874999999999675e-01 -7.130499999999999616e-01
4.539000000000000257e-01 4.574999999999999900e-02 6.147000000000000242e-01 9.386999999999999789e-01 9.743000000000000549e-01 2.562625000000000042e-01 -1.175650000000000084e+00
2.572999999999999732e-01 3.048999999999999974e-02 6.020999999999999686e-01 1.006699999999999928e+00 6.085000000000000409e-01 4.092175000000000118e-01 -1.201149999999999940e+00
4.889000000000000012e-01 3.948999999999999733e-02 6.037000000000000144e-01 8.961000000000000076e-01 7.285000000000000364e-01 4.527774999999999994e-01 -1.112950000000000106e+00
2.399000000000000021e-01 5.478999999999999843e-02 5.688999999999999613e-01 1.161499999999999977e+00 9.226999999999999647e-01 3.072475000000000067e-01 -1.001949999999999896e+00
4.714999999999999747e-01 3.504999999999999782e-02 5.606999999999999762e-01 1.070699999999999985e+00 7.701000000000000068e-01 8.334325000000000205e-01 -1.249749999999999917e+00
2.484999999999999987e-01 5.786999999999999783e-02 7.510999999999999899e-01 8.011000000000000343e-01 6.634999999999999787e-01 8.755074999999999941e-01 -1.285749999999999948e+00
2.692999999999999838e-01 5.460999999999999882e-02 7.734999999999999654e-01 8.400999999999999579e-01 9.004999999999999671e-01 6.631525000000000336e-01 -1.113550000000000040e+00
3.578999999999999959e-01 5.482999999999999680e-02 6.098999999999999977e-01 1.175499999999999989e+00 9.969000000000000083e-01 1.151874999999999982e-01 -8.990500000000000158e-01
2.907000000000000139e-01 3.420999999999999736e-02 7.727000000000000535e-01 1.132500000000000062e+00 9.318999999999999506e-01 4.517875000000000085e-01 -8.498499999999999943e-01
3.533000000000000029e-01 3.413000000000000062e-02 8.363000000000000433e-01 1.097299999999999942e+00 8.104999999999999982e-01 4.210975000000000135e-01 -8.141500000000000403e-01
4.244999999999999885e-01 6.925000000000000600e-02 8.867000000000000437e-01 1.021500000000000075e+00 6.788999999999999480e-01 7.616574999999999873e-01 -8.642499999999999627e-01
3.000999999999999779e-01 6.794999999999999651e-02 8.692999999999999616e-01 1.076100000000000056e+00 9.707000000000000073e-01 2.211174999999999946e-01 -9.380500000000000504e-01
3.706999999999999740e-01 4.991000000000000297e-02 5.950999999999999623e-01 9.011000000000000121e-01 9.418999999999999595e-01 1.909224999999999950e-01 -1.147450000000000081e+00
1.282999999999999974e-01 5.007000000000000339e-02 5.069000000000000172e-01 1.133299999999999974e+00 9.338999999999999524e-01 9.439749999999999530e-02 -1.011249999999999982e+00
4.406999999999999806e-01 5.027000000000000218e-02 8.705000000000000515e-01 1.166099999999999914e+00 9.745000000000000329e-01 8.895250000000000379e-02 -7.553499999999999659e-01
4.867000000000000215e-01 4.406999999999999806e-02 7.318999999999999950e-01 1.019500000000000073e+00 6.317000000000000393e-01 9.586675000000000058e-01 -7.958499999999999464e-01
2.422999999999999876e-01 4.728999999999999870e-02 6.085000000000000409e-01 9.563000000000000389e-01 9.268999999999999462e-01 1.033074999999999966e-01 -9.953499999999999570e-01
2.641000000000000014e-01 4.238999999999999713e-02 5.930999999999999606e-01 9.383000000000000229e-01 9.543000000000000371e-01 2.221075000000000133e-01 -8.396500000000000075e-01
3.842999999999999750e-01 6.221000000000000141e-02 5.648999999999999577e-01 9.573000000000000398e-01 9.436999999999999833e-01 7.463125000000000453e-01 -1.067949999999999955e+00
4.781000000000000250e-01 6.278999999999999859e-02 7.268999999999999906e-01 1.116300000000000070e+00 9.585000000000000187e-01 3.988225000000000242e-01 -8.177499999999999769e-01
2.702999999999999847e-01 3.228999999999999926e-02 5.299000000000000377e-01 1.140900000000000025e+00 8.532999999999999474e-01 7.458175000000000221e-01 -9.434500000000000108e-01
2.086999999999999966e-01 4.112999999999999989e-02 8.175000000000000044e-01 1.101699999999999902e+00 9.229000000000000536e-01 9.606474999999999875e-01 -1.078449999999999909e+00
1.221000000000000002e-01 5.834999999999999909e-02 8.283000000000000362e-01 9.375000000000000000e-01 7.661000000000000032e-01 2.790325000000000166e-01 -9.431500000000000439e-01
3.640999999999999792e-01 5.865000000000000074e-02 7.075000000000000178e-01 1.111499999999999932e+00 8.098999999999999533e-01 7.608249999999999735e-02 -1.233249999999999957e+00
3.190999999999999948e-01 6.597000000000000086e-02 7.410999999999999810e-01 9.146999999999999575e-01 6.976999999999999869e-01 8.156124999999999625e-01 -1.059250000000000025e+00
2.560999999999999943e-01 5.097000000000000142e-02 7.475000000000000533e-01 1.044100000000000028e+00 8.293000000000000371e-01 6.321250000000000480e-02 -1.103949999999999987e+00
3.427000000000000046e-01 6.038999999999999924e-02 6.774999999999999911e-01 9.578999999999999737e-01 8.782999999999999696e-01 8.052175000000000304e-01 -1.125850000000000017e+00
2.288999999999999924e-01 4.397000000000000214e-02 5.728999999999999648e-01 8.652999999999999581e-01 8.722999999999999643e-01 1.488474999999999937e-01 -8.252500000000000391e-01
2.285000000000000087e-01 3.488999999999999740e-02 7.325000000000000400e-01 1.077499999999999902e+00 9.391000000000000458e-01 6.420249999999999568e-02 -1.224550000000000027e+00
1.945000000000000062e-01 3.031000000000000014e-02 7.026999999999999913e-01 1.049900000000000055e+00 6.482999999999999874e-01 4.349574999999999969e-01 -8.663499999999999535e-01
2.358999999999999986e-01 3.345000000000000057e-02 7.167000000000000037e-01 8.612999999999999545e-01 8.692999999999999616e-01 7.809625000000000039e-01 -1.107250000000000068e+00
2.619000000000000217e-01 3.019000000000000156e-02 6.329000000000000181e-01 9.495000000000000107e-01 6.330999999999999961e-01 8.017524999999999791e-01 -1.052950000000000053e+00
4.174999999999999822e-01 3.592999999999999666e-02 8.156999999999999806e-01 9.169000000000000483e-01 8.922999999999999821e-01 5.671224999999999739e-01 -7.094500000000000250e-01
4.698999999999999844e-01 6.367000000000000437e-02 6.636999999999999567e-01 1.122500000000000053e+00 8.732999999999999652e-01 3.849624999999999853e-01 -8.462499999999999467e-01
4.937000000000000277e-01 3.361000000000000099e-02 7.976999999999999647e-01 1.086699999999999999e+00 6.057000000000000162e-01 8.695675000000000487e-01 -8.273500000000000298e-01
3.432999999999999940e-01 6.178999999999999770e-02 8.161000000000000476e-01 9.348999999999999533e-01 9.231000000000000316e-01 6.745375000000000121e-01 -1.240450000000000053e+00
4.476999999999999869e-01 4.324999999999999678e-02 5.554999999999999938e-01 1.185899999999999954e+00 8.540999999999999703e-01 3.968424999999999869e-01 -1.250650000000000039e+00
4.516999999999999904e-01 6.264999999999999736e-02 6.846999999999999753e-01 1.192299999999999915e+00 9.780999999999999694e-01 8.527375000000000371e-01 -7.334500000000000464e-01
4.364999999999999991e-01 4.601000000000000228e-02 5.918999999999999817e-01 1.012499999999999956e+00 8.502999999999999448e-01 6.685974999999999557e-01 -1.016950000000000021e+00
4.114999999999999769e-01 4.941000000000000253e-02 7.701000000000000068e-01 1.131099999999999994e+00 7.000999999999999446e-01 1.701324999999999921e-01 -8.000500000000000389e-01
3.256999999999999895e-01 4.447000000000000258e-02 6.108999999999999986e-01 8.830999999999999961e-01 8.176999999999999824e-01 1.508275000000000032e-01 -1.024450000000000083e+00
4.883000000000000118e-01 6.353000000000000314e-02 5.331000000000000183e-01 8.944999999999999618e-01 8.243000000000000327e-01 5.578749999999999681e-02 -9.266499999999999737e-01
1.424999999999999878e-01 4.834999999999999715e-02 7.447000000000000286e-01 1.082300000000000040e+00 8.869000000000000217e-01 2.339874999999999872e-01 -8.885499999999999510e-01
1.224999999999999978e-01 3.273000000000000215e-02 8.695000000000000506e-01 8.852999999999999758e-01 7.065000000000000169e-01 9.637750000000000483e-02 -8.414500000000000313e-01
2.908999999999999919e-01 4.422999999999999848e-02 8.639000000000000012e-01 1.089699999999999891e+00 9.201000000000000290e-01 6.156325000000000269e-01 -7.568500000000000227e-01
3.335000000000000187e-01 3.029000000000000095e-02 6.716999999999999638e-01 8.335000000000000187e-01 7.842999999999999972e-01 4.681224999999999969e-01 -1.007649999999999935e+00
3.096999999999999753e-01 3.672999999999999876e-02 7.792999999999999927e-01 8.186999999999999833e-01 7.006999999999999895e-01 3.275425000000000142e-01 -1.282750000000000057e+00
3.548999999999999932e-01 6.435000000000000442e-02 7.327000000000000179e-01 1.055099999999999927e+00 8.712999999999999634e-01 3.220974999999999810e-01 -1.051749999999999963e+00
3.776999999999999802e-01 3.092999999999999916e-02 6.205000000000000515e-01 1.082500000000000018e+00 6.421000000000000041e-01 4.354525000000000201e-01 -7.811500000000000110e-01
4.373000000000000220e-01 4.562999999999999695e-02 8.081000000000000405e-01 9.902999999999999581e-01 8.497000000000000108e-01 6.829524999999999624e-01 -7.529500000000000082e-01
3.790999999999999925e-01 4.934999999999999803e-02 6.898999999999999577e-01 8.188999999999999613e-01 6.669000000000000483e-01 1.231074999999999947e-01 -9.860499999999999821e-01
1.562999999999999945e-01 6.579000000000000126e-02 6.010999999999999677e-01 1.168500000000000094e+00 8.528999999999999915e-01 6.883974999999999955e-01 -7.589500000000000135e-01
4.794999999999999818e-01 4.075000000000000150e-02 8.702999999999999625e-01 9.703000000000000513e-01 8.028999999999999471e-01 6.438475000000000170e-01 -1.214050000000000074e+00
3.730999999999999872e-01 4.048999999999999821e-02 6.209000000000000075e-01 8.578999999999999959e-01 9.224999999999999867e-01 8.235325000000000006e-01 -9.521500000000000519e-01
3.951000000000000068e-01 4.426999999999999685e-02 8.250999999999999446e-01 8.730999999999999872e-01 7.871000000000000218e-01 6.671124999999999972e-01 -9.974499999999999478e-01
1.199000000000000066e-01 4.198999999999999955e-02 8.800999999999999934e-01 8.679000000000000048e-01 7.841000000000000192e-01 4.136724999999999985e-01 -1.140549999999999953e+00
3.484999999999999765e-01 3.554999999999999827e-02 8.413000000000000478e-01 8.959000000000000297e-01 6.519000000000000350e-01 4.280275000000000052e-01 -1.263849999999999918e+00
1.043000000000000038e-01 5.949000000000000121e-02 7.959000000000000519e-01 9.959000000000000075e-01 8.323000000000000398e-01 1.156824999999999937e-01 -1.027749999999999941e+00
1.292999999999999983e-01 3.377000000000000141e-02 7.953000000000000069e-01 1.198900000000000077e+00 7.228999999999999870e-01 5.232250000000000095e-02 -1.000450000000000061e+00
1.255000000000000004e-01 5.288999999999999951e-02 8.428999999999999826e-01 1.191100000000000048e+00 9.478999999999999648e-01 2.260675000000000046e-01 -1.042450000000000099e+00
3.143000000000000238e-01 6.822999999999999898e-02 7.667000000000000481e-01 8.660999999999999810e-01 8.582999999999999519e-01 4.894074999999999953e-01 -8.855499999999999483e-01
1.832999999999999907e-01 3.257000000000000173e-02 5.334999999999999742e-01 1.069700000000000095e+00 9.997000000000000330e-01 4.790125000000000077e-01 -7.919500000000000428e-01
3.657000000000000250e-01 5.405000000000000082e-02 7.802999999999999936e-01 1.157100000000000017e+00 8.690999999999999837e-01 2.399274999999999880e-01 -8.138499999999999623e-01
3.670999999999999819e-01 5.832999999999999990e-02 5.903000000000000469e-01 8.702999999999999625e-01 6.781000000000000361e-01 1.676574999999999871e-01 -7.478500000000000147e-01
1.967000000000000137e-01 3.524999999999999661e-02 5.878999999999999782e-01 1.059900000000000064e+00 8.166999999999999815e-01 9.636175000000000157e-01 -8.546500000000000208e-01
3.554999999999999827e-01 3.996999999999999859e-02 6.965000000000000080e-01 1.131699999999999928e+00 7.026999999999999913e-01 4.478274999999999895e-01 -8.531499999999999639e-01
2.240999999999999936e-01 5.417000000000000287e-02 8.387000000000000011e-01 1.013099999999999890e+00 9.241000000000000325e-01 4.933675000000000144e-01 -1.030450000000000088e+00
2.708999999999999742e-01 3.146999999999999797e-02 6.818999999999999506e-01 8.617000000000000215e-01 6.968999999999999639e-01 4.859424999999999994e-01 -1.064650000000000096e+00
2.851000000000000201e-01 6.875000000000000555e-02 7.213000000000000522e-01 1.108700000000000019e+00 6.744999999999999885e-01 5.087125000000000119e-01 -1.074249999999999927e+00
4.163000000000000034e-01 5.854999999999999788e-02 5.923000000000000487e-01 9.625000000000000222e-01 7.617000000000000437e-01 7.547274999999999956e-01 -9.962499999999999689e-01
4.167000000000000148e-01 6.508999999999999508e-02 6.107000000000000206e-01 8.054999999999999938e-01 7.881000000000000227e-01 4.265424999999999911e-01 -1.084449999999999914e+00
1.307000000000000106e-01 6.771000000000000629e-02 6.693000000000000060e-01 9.678999999999999826e-01 6.222999999999999643e-01 6.928524999999999823e-01 -1.044550000000000090e+00
3.271000000000000019e-01 5.879000000000000198e-02 8.567000000000000171e-01 1.038300000000000001e+00 9.516999999999999904e-01 9.913374999999999826e-01 -1.116549999999999931e+00
1.975000000000000089e-01 3.980999999999999817e-02 5.129000000000000226e-01 9.099000000000000421e-01 7.046999999999999931e-01 9.774774999999999991e-01 -1.060449999999999893e+00
4.051000000000000156e-01 6.144999999999999768e-02 8.722999999999999643e-01 9.879000000000000004e-01 6.729000000000000536e-01 5.413824999999999887e-01 -8.222500000000000364e-01
4.369000000000000106e-01 5.643000000000000099e-02 6.317000000000000393e-01 8.622999999999999554e-01 6.095000000000000417e-01 8.383825000000000305e-01 -8.069499999999999451e-01
4.920999999999999819e-01 5.378999999999999754e-02 7.956999999999999629e-01 8.917000000000000481e-01 7.030999999999999472e-01 8.566975000000000007e-01 -1.273749999999999938e+00
1.696999999999999897e-01 4.043000000000000066e-02 6.998999999999999666e-01 8.517000000000000126e-01 6.878999999999999559e-01 4.602025000000000143e-01 -1.031349999999999989e+00
4.838999999999999968e-01 5.816999999999999948e-02 8.598999999999999977e-01 1.014299999999999979e+00 8.937000000000000499e-01 8.368974999999999609e-01 -8.519499999999999851e-01
4.868999999999999995e-01 5.890999999999999709e-02 6.454999999999999627e-01 9.710999999999999632e-01 6.010999999999999677e-01 3.498175000000000034e-01 -1.216749999999999998e+00
3.765000000000000013e-01 4.286999999999999839e-02 6.586999999999999522e-01 8.135000000000000009e-01 6.532999999999999918e-01 6.215724999999999723e-01 -1.229049999999999976e+00
1.801000000000000101e-01 5.505000000000000171e-02 7.903000000000000025e-01 8.445000000000000284e-01 9.425000000000000044e-01 7.893774999999999542e-01 -8.336500000000000021e-01
2.940999999999999726e-01 3.572999999999999787e-02 6.848999999999999533e-01 1.047099999999999920e+00 6.641000000000000236e-01 6.700825000000000253e-01 -1.007050000000000001e+00
4.339000000000000079e-01 6.780999999999999528e-02 8.228999999999999648e-01 8.024999999999999911e-01 7.425000000000000488e-01 9.240175000000000471e-01 -1.234750000000000014e+00
2.862999999999999989e-01 4.395000000000000295e-02 5.843000000000000416e-01 1.065499999999999892e+00 8.944999999999999618e-01 6.651325000000000154e-01 -1.241349999999999953e+00
2.947000000000000175e-01 4.513000000000000345e-02 7.358999999999999986e-01 1.091299999999999937e+00 8.116999999999999771e-01 3.948625000000000052e-01 -1.289050000000000029e+00
2.631000000000000005e-01 4.095000000000000029e-02 7.320999999999999730e-01 1.006499999999999950e+00 7.786999999999999478e-01 5.968225000000000335e-01 -1.019949999999999912e+00
2.881000000000000227e-01 3.547000000000000153e-02 5.207000000000000517e-01 9.828999999999999959e-01 6.344999999999999529e-01 3.755574999999999886e-01 -8.837500000000000355e-01
4.329000000000000070e-01 4.232999999999999957e-02 5.261000000000000121e-01 1.156300000000000106e+00 7.861000000000000210e-01 3.453625000000000167e-01 -9.593500000000000361e-01
3.899000000000000243e-01 5.168999999999999984e-02 8.408999999999999808e-01 9.498999999999999666e-01 7.355000000000000426e-01 3.191275000000000084e-01 -8.507500000000000062e-01
1.759000000000000008e-01 5.829000000000000153e-02 5.100999999999999979e-01 1.054300000000000015e+00 7.207000000000000073e-01 1.899325000000000041e-01 -1.133650000000000047e+00
2.038999999999999979e-01 4.005000000000000226e-02 5.464999999999999858e-01 1.077299999999999924e+00 8.397000000000000020e-01 4.389175000000000160e-01 -1.053549999999999986e+00
2.745000000000000218e-01 6.721000000000000585e-02 7.884999999999999787e-01 1.150300000000000100e+00 9.455000000000000071e-01 6.992874999999999508e-01 -1.081450000000000022e+00
1.625000000000000056e-01 3.558999999999999664e-02 5.746999999999999886e-01 1.093499999999999917e+00 6.908999999999999586e-01 8.548749999999999405e-02 -7.178499999999999881e-01
2.381000000000000061e-01 5.290999999999999870e-02 5.750999999999999446e-01 8.495000000000000329e-01 6.758999999999999453e-01 6.948324999999999640e-01 -8.795500000000000540e-01
4.028999999999999804e-01 4.880999999999999922e-02 5.778999999999999693e-01 1.189899999999999958e+00 8.467000000000000082e-01 6.329574999999999507e-01 -7.400499999999999856e-01
3.009000000000000008e-01 4.939000000000000334e-02 6.911000000000000476e-01 1.091099999999999959e+00 7.587000000000000410e-01 6.740424999999999889e-01 -7.082500000000000462e-01
1.356999999999999873e-01 3.543000000000000316e-02 8.600999999999999757e-01 1.041299999999999892e+00 9.957000000000000295e-01 9.043750000000000400e-02 -9.959500000000000020e-01
1.968999999999999917e-01 3.789000000000000007e-02 5.241000000000000103e-01 8.493000000000000549e-01 7.687000000000000499e-01 9.670824999999999561e-01 -8.840500000000000025e-01
4.279000000000000026e-01 4.664999999999999702e-02 8.253000000000000336e-01 1.029700000000000060e+00 7.460999999999999854e-01 4.305025000000000102e-01 -1.004950000000000010e+00
2.449000000000000066e-01 6.259000000000000674e-02 6.733000000000000096e-01 8.987000000000000544e-01 7.764999999999999680e-01 3.549250000000000321e-02 -7.211499999999999577e-01
4.655000000000000249e-01 5.917000000000000037e-02 8.939000000000000279e-01 1.143499999999999961e+00 9.056999999999999496e-01 2.757249999999999979e-02 -1.040950000000000042e+00
2.602999999999999758e-01 5.698999999999999899e-02 6.215000000000000524e-01 8.378999999999999782e-01 6.888999999999999568e-01 2.889324999999999810e-01 -7.070499999999999563e-01
2.993000000000000105e-01 4.159000000000000197e-02 7.772999999999999909e-01 1.149499999999999966e+00 7.368999999999999995e-01 8.552125000000000421e-01 -1.248250000000000082e+00
1.024999999999999939e-01 4.470999999999999974e-02 7.490999999999999881e-01 1.050899999999999945e+00 7.015000000000000124e-01 6.022674999999999557e-01 -1.158549999999999969e+00
4.376999999999999780e-01 5.426999999999999880e-02 6.793000000000000149e-01 1.052899999999999947e+00 7.889000000000000457e-01 3.715975000000000250e-01 -9.539499999999999647e-01
4.983000000000000207e-01 6.975000000000000644e-02 5.726999999999999869e-01 1.114100000000000090e+00 6.102999999999999536e-01 6.765174999999999939e-01 -7.505500000000000504e-01
4.555000000000000160e-01 4.329000000000000209e-02 8.962999999999999856e-01 9.079000000000000403e-01 7.350999999999999757e-01 1.067725000000000063e-01 -1.260850000000000026e+00
1.078999999999999959e-01 3.973000000000000143e-02 5.010999999999999899e-01 9.982999999999999652e-01 8.480999999999999650e-01 6.562225000000000419e-01 -8.543500000000000538e-01
3.733000000000000207e-01 3.631000000000000200e-02 8.151000000000000467e-01 8.997000000000000552e-01 7.904999999999999805e-01 9.482724999999999627e-01 -8.168499999999999650e-01
2.160999999999999865e-01 6.743000000000000382e-02 5.434999999999999831e-01 1.074699999999999989e+00 8.542999999999999483e-01 7.022574999999999790e-01 -1.113250000000000073e+00
4.269000000000000017e-01 6.711000000000000298e-02 8.772999999999999687e-01 8.026999999999999691e-01 8.510999999999999677e-01 8.161074999999999857e-01 -7.916499999999999648e-01
2.295000000000000095e-01 3.003000000000000114e-02 6.806999999999999718e-01 1.005100000000000104e+00 8.076999999999999735e-01 6.497874999999999623e-01 -1.057150000000000034e+00
2.008999999999999952e-01 3.699000000000000205e-02 7.799000000000000377e-01 9.790999999999999703e-01 7.560999999999999943e-01 6.982975000000000154e-01 -1.112049999999999983e+00
4.057000000000000051e-01 6.526999999999999469e-02 8.091000000000000414e-01 8.428999999999999826e-01 6.646999999999999575e-01 3.864474999999999993e-01 -1.083849999999999980e+00
2.028999999999999970e-01 6.507000000000000284e-02 5.184999999999999609e-01 1.043900000000000050e+00 9.136999999999999567e-01 8.893674999999999775e-01 -1.067050000000000054e+00
1.537000000000000033e-01 5.220999999999999946e-02 5.511000000000000343e-01 8.425000000000000266e-01 8.629000000000000004e-01 4.245625000000000093e-01 -1.195449999999999902e+00
1.434999999999999887e-01 4.963000000000000050e-02 6.541000000000000147e-01 1.029300000000000104e+00 7.252999999999999448e-01 4.146624999999999894e-01 -1.131850000000000023e+00
1.265000000000000013e-01 3.840999999999999970e-02 8.458999999999999853e-01 1.056699999999999973e+00 8.580999999999999739e-01 8.220475000000000421e-01 -1.159450000000000092e+00
1.469000000000000028e-01 3.719000000000000083e-02 5.631000000000000449e-01 1.195500000000000007e+00 6.983000000000000318e-01 4.250574999999999770e-01 -1.047250000000000014e+00
3.714999999999999969e-01 4.109000000000000152e-02 7.562999999999999723e-01 9.084999999999999742e-01 8.016999999999999682e-01 1.458774999999999933e-01 -9.098500000000000476e-01
1.009000000000000036e-01 6.865000000000000269e-02 7.335000000000000409e-01 1.065700000000000092e+00 7.467000000000000304e-01 2.240874999999999950e-01 -8.345500000000000140e-01
2.099000000000000032e-01 6.335000000000000353e-02 7.786999999999999478e-01 1.098100000000000076e+00 6.771000000000000352e-01 2.587375000000000091e-01 -1.172649999999999970e+00
4.137000000000000122e-01 4.141000000000000236e-02 5.181000000000000050e-01 8.118999999999999551e-01 7.862999999999999989e-01 7.487875000000000503e-01 -1.289649999999999963e+00
2.393000000000000127e-01 5.868999999999999911e-02 8.168999999999999595e-01 9.827000000000000179e-01 6.200999999999999845e-01 4.537674999999999903e-01 -1.278550000000000075e+00
4.502999999999999781e-01 3.350999999999999812e-02 6.886999999999999789e-01 1.015700000000000047e+00 8.086999999999999744e-01 1.468675000000000119e-01 -7.304500000000000437e-01
4.777000000000000135e-01 4.755000000000000199e-02 6.604999999999999760e-01 9.768999999999999906e-01 7.569000000000000172e-01 9.588249999999999551e-02 -7.274500000000000410e-01
1.592999999999999972e-01 5.802999999999999825e-02 6.936999999999999833e-01 8.630999999999999783e-01 6.663000000000000034e-01 5.042575000000000252e-01 -9.821499999999999675e-01
2.898999999999999910e-01 6.937000000000000111e-02 8.899000000000000243e-01 1.077900000000000080e+00 6.671000000000000263e-01 5.101974999999999705e-01 -8.474500000000000366e-01
3.049000000000000044e-01 5.904999999999999832e-02 5.102999999999999758e-01 9.111000000000000210e-01 6.501000000000000112e-01 1.443925000000000070e-01 -9.410500000000000531e-01
4.168999999999999928e-01 3.470999999999999780e-02 6.070999999999999730e-01 8.123000000000000220e-01 9.899000000000000021e-01 6.052374999999999838e-01 -7.202499999999999458e-01
2.596999999999999864e-01 4.930999999999999966e-02 5.860999999999999543e-01 1.180500000000000105e+00 6.065000000000000391e-01 1.448875000000000024e-01 -9.917500000000000204e-01
4.717000000000000082e-01 3.379000000000000059e-02 8.685000000000000497e-01 1.079099999999999948e+00 9.405000000000000027e-01 1.470250000000000029e-02 -1.111450000000000049e+00
1.343000000000000027e-01 5.679000000000000020e-02 8.912999999999999812e-01 1.006899999999999906e+00 7.500999999999999890e-01 8.606574999999999642e-01 -8.777500000000000302e-01
3.809000000000000163e-01 5.603000000000000341e-02 7.153000000000000469e-01 9.401000000000000467e-01 6.602999999999999980e-01 7.502725000000000088e-01 -9.308499999999999552e-01
3.639000000000000012e-01 3.701000000000000123e-02 8.547000000000000153e-01 1.152099999999999902e+00 9.750999999999999668e-01 3.235824999999999951e-01 -8.147499999999999742e-01
3.687000000000000277e-01 3.277000000000000052e-02 6.030999999999999694e-01 1.162500000000000089e+00 9.555000000000000160e-01 8.185824999999999907e-01 -1.220650000000000013e+00
4.161000000000000254e-01 4.843000000000000083e-02 7.514999999999999458e-01 1.055700000000000083e+00 8.161000000000000476e-01 8.697249999999999426e-02 -1.068550000000000111e+00
1.444999999999999896e-01 3.844999999999999807e-02 6.873000000000000220e-01 1.174700000000000077e+00 9.186999999999999611e-01 3.324925000000000241e-01 -1.239849999999999897e+00
4.586999999999999966e-01 3.393000000000000183e-02 7.096999999999999975e-01 8.881000000000000005e-01 7.774999999999999689e-01 4.973274999999999779e-01 -1.273150000000000004e+00
1.405000000000000138e-01 5.138999999999999818e-02 6.599000000000000421e-01 1.127699999999999925e+00 8.720999999999999863e-01 6.250375000000000236e-01 -1.034950000000000037e+00
3.186999999999999833e-01 5.530999999999999805e-02 5.581000000000000405e-01 9.094999999999999751e-01 9.940999999999999837e-01 2.113750000000000004e-02 -1.195750000000000091e+00
2.837000000000000077e-01 3.742999999999999799e-02 5.067000000000000393e-01 9.196999999999999620e-01 7.429000000000000048e-01 3.121975000000000167e-01 -7.988499999999999490e-01
1.115000000000000019e-01 6.450999999999999790e-02 7.896999999999999575e-01 1.167300000000000004e+00 8.410999999999999588e-01 7.898724999999999774e-01 -9.971499999999999808e-01
2.977000000000000202e-01 4.368999999999999967e-02 7.577000000000000401e-01 1.164500000000000091e+00 8.689000000000000057e-01 4.300074999999999870e-01 -9.728499999999999925e-01
4.854999999999999871e-01 6.303000000000000269e-02 6.948999999999999622e-01 1.022699999999999942e+00 6.190999999999999837e-01 1.816749999999999962e-02 -7.718500000000000361e-01
3.763000000000000234e-01 5.038999999999999729e-02 6.257000000000000339e-01 9.513000000000000345e-01 7.138999999999999790e-01 6.408774999999999888e-01 -1.266250000000000098e+00
