4.068860000000000254e-01 4.343356999999999773e-02 7.637859000000000176e-01 1.070748000000000033e+00 1.150500000000000078e+00 6.158913000000000304e-01 -2.663979000000000130e-04
4.860099999999999976e-01 5.163842999999999905e-02 8.063436999999999966e-01 8.979449999999999932e-01 1.014699999999999935e+00 3.682437000000000071e-01 -1.346169000000000087e-04
1.444110000000000116e-01 3.267073000000000199e-02 7.830998000000000125e-01 9.112508999999999748e-01 9.745000000000000329e-01 9.314818000000000264e-01 -1.137669999999999968e-04
1.375309999999999866e-01 5.197062999999999683e-02 8.175563999999999609e-01 1.145389999999999908e+00 6.815999999999999837e-01 7.076181999999999750e-01 -1.323218000000000042e-05
3.059200000000000252e-01 5.165668000000000343e-02 7.126325999999999494e-01 1.101984999999999992e+00 1.067600000000000104e+00 5.046057000000000459e-01 -1.713964999999999911e-04
2.723869999999999902e-01 4.958959000000000283e-02 7.947288000000000130e-01 1.127323000000000075e+00 9.958000000000000185e-01 8.812417999999999640e-01 -1.614337999999999993e-04
2.786170000000000035e-01 4.539371999999999852e-02 8.417995000000000339e-01 1.153008999999999951e+00 9.754000000000000448e-01 3.404356000000000049e-01 -2.409218999999999879e-05
3.302629999999999733e-01 6.691771999999999998e-02 6.169428000000000134e-01 1.160436000000000023e+00 9.183999999999999941e-01 8.606105999999999479e-02 -5.528190999999999737e-05
2.540020000000000056e-01 6.723213000000000106e-02 8.919027999999999956e-01 1.199513999999999969e+00 1.090400000000000036e+00 4.049278000000000044e-01 -1.824259999999999912e-04
2.699659999999999838e-01 5.194983000000000239e-02 7.111730000000000551e-01 8.545327999999999813e-01 9.325999999999999845e-01 5.944597999999999827e-01 -2.763759000000000181e-04
3.296410000000000173e-01 6.972876000000000074e-02 8.982508000000000159e-01 1.117882000000000042e+00 1.070799999999999974e+00 7.056221999999999772e-01 -9.229859000000000359e-05
3.854099999999999748e-01 6.700106999999999591e-02 7.986305000000000209e-01 1.097979000000000038e+00 8.807000000000000384e-01 7.445566000000000129e-01 -1.622161000000000002e-04
4.909729999999999928e-01 6.523389000000000271e-02 8.322005999999999570e-01 8.063204999999999956e-01 9.736000000000000210e-01 1.516127999999999920e-01 -5.984775999999999703e-05
4.740329999999999822e-01 3.127801999999999666e-02 8.445070999999999550e-01 1.031255000000000033e+00 7.737000000000000544e-01 7.011319999999999775e-01 -1.568087000000000018e-04
4.499049999999999994e-01 4.458012000000000086e-02 7.899853000000000014e-01 8.929882000000000097e-01 9.658999999999999808e-01 4.041798999999999809e-01 -1.503708999999999938e-04
1.034869999999999957e-01 5.346883999999999665e-02 6.723601000000000161e-01 9.595023000000000302e-01 7.344000000000000528e-01 9.281863999999999670e-01 -1.130886000000000001e-05
1.896819999999999895e-01 6.076410000000000144e-02 6.478825999999999752e-01 1.041541999999999968e+00 1.078300000000000036e+00 4.365633999999999904e-01 -8.173251000000000463e-05
1.365470000000000017e-01 4.990328000000000125e-02 6.604052999999999729e-01 1.184568999999999983e+00 1.062799999999999967e+00 4.867501000000000189e-01 -2.243815999999999931e-04
4.463159999999999905e-01 6.088769000000000126e-02 5.071742999999999668e-01 8.659483999999999515e-01 7.393999999999999462e-01 8.257896000000000125e-01 -1.379015999999999944e-04
1.457160000000000122e-01 5.013245999999999675e-02 6.582786999999999944e-01 1.077285999999999966e+00 9.637999999999999901e-01 8.156790000000000429e-01 -1.937716999999999933e-04
3.970489999999999853e-01 6.536319000000000157e-02 7.117052000000000378e-01 8.160631000000000412e-01 9.328999999999999515e-01 3.833631000000000122e-01 -2.840003000000000124e-04
2.523310000000000275e-01 4.573307000000000067e-02 8.811006999999999589e-01 1.106028000000000011e+00 7.478000000000000203e-01 4.481222000000000261e-01 -1.842933999999999930e-05
2.213360000000000050e-01 6.062854000000000160e-02 5.292966000000000060e-01 9.585702999999999863e-01 1.021800000000000042e+00 3.079437999999999898e-01 -1.935201000000000109e-04
1.753810000000000091e-01 3.787825999999999693e-02 5.752110999999999752e-01 8.907049000000000216e-01 8.286000000000000032e-01 3.052965999999999736e-01 -1.291195000000000027e-04
4.631990000000000274e-01 5.446668000000000343e-02 8.235122999999999749e-01 1.165313999999999961e+00 7.136000000000000121e-01 3.874627999999999961e-01 -2.603204999999999820e-04
4.280300000000000216e-01 6.334974000000000161e-02 5.604708000000000467e-01 1.149035000000000029e+00 7.382999999999999563e-01 7.987134999999999652e-01 -2.278179999999999929e-04
3.470380000000000131e-01 6.280355999999999439e-02 5.505170999999999815e-01 1.003397000000000094e+00 8.671999999999999709e-01 8.593226999999999949e-01 -8.748818999999999964e-05
1.135499999999999982e-01 4.357865999999999823e-02 7.269223999999999686e-01 1.046030999999999933e+00 9.625000000000000222e-01 2.227061999999999931e-01 -1.876690000000000086e-04
3.075860000000000261e-01 3.470799000000000106e-02 7.428097999999999645e-01 1.094584999999999919e+00 1.153799999999999937e+00 6.781951999999999980e-01 -2.363463000000000109e-04
4.551009999999999778e-01 4.222918999999999978e-02 7.067339999999999733e-01 8.991236000000000228e-01 1.048999999999999932e+00 1.172874000000000000e-01 -2.614329000000000021e-05
4.210639999999999938e-01 4.146632000000000096e-02 5.570694999999999952e-01 8.818871000000000349e-01 8.280999999999999472e-01 8.825171000000000543e-01 -2.935987000000000254e-04
4.406370000000000009e-01 4.726145000000000346e-02 8.679082999999999659e-01 1.168660999999999950e+00 9.586000000000000076e-01 4.455461000000000005e-01 -1.850184000000000106e-04
4.650170000000000137e-01 4.570551999999999948e-02 7.404886000000000523e-01 1.196320000000000050e+00 8.915999999999999481e-01 6.246886999999999857e-01 -1.658557000000000119e-04
1.046600000000000030e-01 6.998546999999999407e-02 8.637323999999999558e-01 1.006598000000000104e+00 8.663999999999999480e-01 1.805206000000000033e-01 -1.855085999999999877e-04
2.364819999999999978e-01 5.866289999999999699e-02 5.770167000000000490e-01 8.941987000000000130e-01 1.110899999999999999e+00 8.355190999999999590e-01 -5.642161000000000273e-05
1.177610000000000046e-01 6.439409000000000105e-02 7.375741999999999576e-01 1.051747999999999905e+00 8.555000000000000382e-01 1.350350999999999912e-01 -6.118714000000000520e-05
2.890229999999999744e-01 3.483721000000000040e-02 7.960036999999999807e-01 9.954834999999999656e-01 1.057900000000000063e+00 3.820679000000000158e-01 -2.004514999999999899e-04
2.543400000000000105e-01 3.068030999999999883e-02 5.375134000000000301e-01 1.109401999999999999e+00 1.152800000000000047e+00 2.313489999999999991e-01 -1.990798000000000112e-04
2.745909999999999740e-01 5.082659999999999956e-02 8.660506000000000038e-01 1.107939000000000007e+00 1.114700000000000024e+00 1.265303999999999873e-01 -2.559352000000000090e-04
4.384109999999999951e-01 5.489999999999999741e-02 8.264702000000000437e-01 8.381551999999999891e-01 8.363000000000000433e-01 3.622771999999999798e-02 -2.999605999999999822e-04
2.493799999999999906e-01 6.739942999999999629e-02 6.800762999999999669e-01 1.135347000000000106e+00 1.155000000000000027e+00 7.216742999999999908e-01 -1.269832999999999943e-04
4.857150000000000079e-01 6.231321000000000082e-02 5.159084000000000447e-01 9.208425000000000082e-01 6.790000000000000480e-01 3.073174000000000183e-01 -6.501636000000000036e-05
2.621009999999999729e-01 5.823935999999999696e-02 5.729916999999999927e-01 1.121776000000000106e+00 9.737999999999999989e-01 6.989153999999999645e-01 -2.102957000000000066e-05
2.268370000000000108e-01 4.376437999999999856e-02 5.258437999999999723e-01 1.022594000000000003e+00 1.170299999999999896e+00 4.098707999999999796e-01 -1.849231999999999916e-04
1.258710000000000107e-01 3.978849999999999748e-02 6.681321000000000065e-01 8.225464000000000109e-01 7.750000000000000222e-01 5.290424999999999711e-01 -1.189372999999999971e-04
3.045399999999999774e-01 3.427058999999999661e-02 6.382250000000000423e-01 8.859409999999999785e-01 1.064000000000000057e+00 2.651671999999999918e-01 -1.008406000000000048e-04
1.352369999999999961e-01 5.116474000000000022e-02 5.754709999999999548e-01 1.153855999999999993e+00 1.080500000000000016e+00 5.211866000000000554e-01 -2.775729000000000000e-04
1.933209999999999928e-01 6.497395999999999727e-02 7.124066999999999483e-01 9.261245000000000172e-01 7.227000000000000091e-01 2.846675000000000177e-01 -2.564419000000000019e-05
2.510600000000000054e-01 3.500030999999999975e-02 5.965253999999999834e-01 1.075209000000000081e+00 9.203999999999999959e-01 3.852380000000000249e-01 -8.685367999999999680e-05
1.213130000000000042e-01 5.760818999999999662e-02 8.462494000000000405e-01 1.113644999999999996e+00 7.530999999999999917e-01 5.667424000000000073e-02 -7.089083999999999837e-05
2.865340000000000109e-01 3.882283000000000261e-02 5.228989000000000553e-01 1.130781999999999954e+00 1.103699999999999903e+00 5.099782999999999955e-01 -1.861332999999999955e-04
2.134209999999999996e-01 5.483858999999999956e-02 8.106955999999999607e-01 9.361545000000000005e-01 1.030499999999999972e+00 6.024180999999999564e-01 -5.563402999999999833e-05
3.661409999999999942e-01 3.600289999999999740e-02 8.113148000000000026e-01 8.181205999999999756e-01 1.079900000000000082e+00 1.630988999999999911e-01 -1.766980000000000081e-04
4.609050000000000091e-01 5.367116000000000248e-02 5.820134999999999614e-01 1.135485999999999995e+00 1.016299999999999981e+00 3.263866999999999741e-01 -6.762898999999999842e-05
4.312619999999999787e-01 6.599185999999999941e-02 6.817547000000000468e-01 8.235567000000000304e-01 7.378000000000000114e-01 8.713944000000000134e-01 -2.623144999999999904e-04
4.459270000000000178e-01 5.694641000000000286e-02 7.032342999999999789e-01 1.112654000000000032e+00 8.223000000000000309e-01 8.549444000000000488e-02 -2.651711000000000064e-04
1.973159999999999914e-01 6.702908000000000477e-02 8.329197000000000406e-01 1.001235000000000097e+00 7.177000000000000046e-01 3.282537999999999845e-01 -9.754563999999999599e-06
2.038570000000000104e-01 3.134057999999999983e-02 6.058251999999999526e-01 1.178755999999999915e+00 9.788999999999999924e-01 9.510463999999999585e-01 -1.906541999999999948e-04
2.326010000000000022e-01 4.675702999999999804e-02 6.037782000000000426e-01 9.469225999999999477e-01 1.135199999999999987e+00 4.515094000000000052e-01 -1.505766999999999978e-04
3.735569999999999724e-01 3.659091999999999900e-02 6.645370999999999917e-01 9.623215000000000519e-01 8.166999999999999815e-01 2.715853999999999768e-01 -6.661743000000000569e-05
3.094160000000000244e-01 3.079536999999999899e-02 6.034199999999999564e-01 9.853923999999999461e-01 7.133000000000000451e-01 5.263134000000000423e-01 -1.804050999999999984e-04
2.110249999999999904e-01 5.882177999999999712e-02 6.829018000000000033e-01 1.189921999999999924e+00 1.050400000000000000e+00 4.752601000000000186e-01 -3.120722999999999699e-05
1.387069999999999970e-01 6.582509999999999750e-02 6.214532000000000389e-01 8.986416999999999877e-01 8.899000000000000243e-01 4.627461999999999964e-01 -1.835453000000000128e-04
1.882149999999999934e-01 6.648990999999999929e-02 5.343913999999999609e-01 8.175926000000000027e-01 7.116000000000000103e-01 7.504665999999999837e-01 -1.780550999999999954e-04
2.861890000000000267e-01 6.287410000000000221e-02 8.694619999999999571e-01 1.165669000000000066e+00 1.177999999999999936e+00 8.701204999999999634e-01 -2.022919999999999937e-04
4.937750000000000195e-01 6.563130999999999826e-02 5.367707000000000450e-01 1.024240999999999957e+00 9.485999999999999988e-01 7.899159000000000042e-01 -2.023848000000000075e-04
4.971099999999999963e-01 3.660386999999999669e-02 8.259727999999999515e-01 1.100109000000000004e+00 1.032599999999999962e+00 8.094763000000000375e-01 -1.465085999999999884e-04
3.881430000000000158e-01 3.206409999999999816e-02 7.605319999999999858e-01 1.088257000000000030e+00 9.226999999999999647e-01 8.244502999999999693e-01 -1.121370000000000006e-04
1.278739999999999877e-01 6.904064999999999508e-02 8.030154000000000458e-01 1.059463000000000044e+00 1.109699999999999909e+00 4.143555000000000155e-02 -1.564180999999999992e-04
3.462799999999999767e-01 3.214759999999999840e-02 6.304066999999999865e-01 1.150603000000000042e+00 8.860999999999999988e-01 4.924888000000000043e-01 -2.940700000000000085e-04
2.761979999999999991e-01 5.306646999999999753e-02 8.519936999999999649e-01 8.288510000000000044e-01 8.899000000000000243e-01 1.457494000000000012e-01 -1.389840000000000097e-04
4.876670000000000171e-01 3.737711999999999979e-02 5.305442000000000213e-01 9.181264999999999565e-01 1.103799999999999892e+00 1.474221000000000004e-01 -2.656086999999999901e-04
1.133949999999999958e-01 6.660339999999999316e-02 5.156138999999999584e-01 1.192018000000000022e+00 7.992000000000000215e-01 8.459486000000000505e-01 -2.134472000000000051e-04
2.783619999999999983e-01 3.815607000000000026e-02 7.513172000000000184e-01 1.099666999999999950e+00 8.417999999999999927e-01 8.974472000000000005e-01 -5.715594000000000219e-05
4.403150000000000119e-01 4.377284000000000036e-02 6.914310999999999652e-01 1.075066999999999995e+00 9.812999999999999501e-01 5.393107999999999791e-01 -3.744205000000000178e-05
3.477720000000000256e-01 4.284759999999999958e-02 6.062577000000000105e-01 9.401688999999999741e-01 7.894999999999999796e-01 2.798992000000000147e-01 -2.801179000000000104e-04
1.265199999999999936e-01 4.626132000000000161e-02 5.274261000000000088e-01 9.254609999999999781e-01 1.038499999999999979e+00 2.197734000000000076e-01 -7.641385999999999415e-05
2.836139999999999772e-01 5.498393000000000030e-02 6.237715000000000343e-01 9.969533000000000422e-01 1.139299999999999979e+00 2.851885000000000114e-01 -2.537522999999999862e-04
3.979130000000000167e-01 6.457008000000000192e-02 6.936335999999999613e-01 1.084861000000000075e+00 6.915999999999999925e-01 7.944270000000000498e-02 -7.731049999999999782e-05
2.212469999999999992e-01 4.884858999999999729e-02 7.163766000000000300e-01 8.045759999999999579e-01 8.854999999999999538e-01 6.369966999999999713e-01 -2.099295000000000100e-04
4.541819999999999746e-01 5.848728999999999734e-02 8.291667999999999816e-01 8.673364000000000074e-01 9.298999999999999488e-01 8.949565000000000436e-01 -8.193640999999999772e-05
3.676030000000000131e-01 3.171986000000000250e-02 7.243802000000000296e-01 1.041093000000000046e+00 6.892000000000000348e-01 9.637763000000000302e-01 -8.030210999999999881e-05
4.867429999999999812e-01 3.151657000000000070e-02 7.505532000000000314e-01 1.158144999999999980e+00 1.148500000000000076e+00 7.639614000000000127e-01 -2.525354999999999744e-04
4.558450000000000002e-01 5.425499000000000294e-02 7.407046000000000463e-01 1.091871000000000036e+00 8.050000000000000488e-01 2.183836999999999862e-01 -1.777097999999999905e-04
1.335890000000000133e-01 3.211693000000000187e-02 5.898191999999999879e-01 1.147048999999999985e+00 7.755999999999999561e-01 5.803215999999999930e-01 -1.415719000000000124e-04
1.448049999999999893e-01 4.887504000000000154e-02 5.807221999999999662e-01 1.057998999999999912e+00 1.170600000000000085e+00 1.926972000000000129e-01 -2.894452999999999848e-04
3.247380000000000266e-01 4.755348999999999687e-02 6.138803999999999927e-01 8.213154000000000288e-01 1.030100000000000016e+00 2.334352000000000094e-01 -2.784359000000000153e-05
2.052360000000000018e-01 5.396170000000000133e-02 7.310124999999999540e-01 8.064618000000000064e-01 9.494000000000000217e-01 8.038794000000000217e-01 -1.207025000000000052e-04
3.244009999999999949e-01 5.410407999999999884e-02 7.659255999999999842e-01 8.813493000000000022e-01 1.110300000000000065e+00 4.079165000000000152e-01 -4.398512000000000146e-05
1.023540000000000005e-01 6.856988999999999446e-02 7.088548000000000071e-01 9.559267000000000181e-01 1.128900000000000015e+00 6.484486000000000416e-01 -2.062415000000000006e-04
4.949520000000000031e-01 5.215894000000000086e-02 7.266485000000000305e-01 9.713772000000000517e-01 1.092100000000000071e+00 4.424332000000000265e-02 -6.954886999999999875e-05
3.965830000000000188e-01 6.313433000000000239e-02 5.352523999999999615e-01 9.277197999999999833e-01 9.804000000000000492e-01 6.015122999999999998e-01 -1.315905999999999933e-04
2.702729999999999855e-01 3.763600000000000279e-02 5.498184999999999878e-01 9.085400000000000142e-01 1.041299999999999892e+00 4.741929999999999756e-01 -2.974728000000000159e-04
3.225779999999999759e-01 4.536242000000000052e-02 8.950479000000000074e-01 8.507343000000000544e-01 9.364000000000000101e-01 6.038118000000000096e-01 -1.384869000000000106e-04
3.780419999999999892e-01 5.287532000000000343e-02 6.230257000000000156e-01 1.191877000000000075e+00 9.152000000000000135e-01 2.033191000000000026e-01 -2.669406000000000036e-04
2.393520000000000092e-01 4.654694000000000192e-02 8.319912999999999892e-01 1.010246999999999895e+00 9.790999999999999703e-01 7.964965000000000517e-01 -1.011887000000000024e-04
2.059690000000000132e-01 3.415160999999999891e-02 8.867975999999999637e-01 1.149582000000000104e+00 1.098000000000000087e+00 3.314079999999999804e-01 -2.289523000000000068e-04
3.319579999999999753e-01 6.068019000000000190e-02 8.021696999999999855e-01 1.195224999999999982e+00 9.101000000000000201e-01 1.943782000000000010e-01 -1.157263999999999971e-04
1.883509999999999907e-01 3.952528999999999765e-02 5.128964000000000301e-01 1.023425999999999947e+00 9.402000000000000357e-01 5.713125999999999483e-01 -2.590430999999999932e-05
3.040129999999999777e-01 4.216981000000000201e-02 5.537197999999999842e-01 9.642887999999999460e-01 7.963999999999999968e-01 9.456565000000000110e-01 -1.339145999999999934e-04
4.798129999999999895e-01 4.019567999999999752e-02 8.000701999999999536e-01 1.191731000000000096e+00 1.029400000000000093e+00 7.158645999999999621e-01 -7.124277999999999351e-05
4.458619999999999806e-01 3.262774000000000230e-02 5.419262000000000246e-01 1.074271999999999894e+00 9.493000000000000327e-01 9.871780999999999473e-01 -2.862640999999999753e-04
3.073040000000000216e-01 4.134179999999999799e-02 8.522600999999999649e-01 1.154182000000000041e+00 7.648000000000000353e-01 1.211848999999999982e-01 -2.787792999999999890e-04
1.069350000000000023e-01 6.092879999999999824e-02 8.364013000000000142e-01 1.080818999999999974e+00 1.159699999999999953e+00 6.919193999999999622e-01 -2.089543999999999928e-04
3.385730000000000128e-01 4.364068000000000114e-02 7.110503000000000240e-01 1.128500000000000059e+00 7.100999999999999535e-01 6.634402999999999828e-01 -1.320326999999999937e-04
4.665039999999999742e-01 3.922168000000000182e-02 7.228345000000000464e-01 9.069494000000000167e-01 8.007999999999999563e-01 6.595990999999999937e-01 -1.787087999999999990e-04
4.045139999999999847e-01 4.748076999999999853e-02 7.364302000000000348e-01 1.041841000000000017e+00 8.653999999999999471e-01 1.340596999999999969e-02 -2.429521999999999877e-04
3.357029999999999736e-01 5.154003000000000057e-02 6.533288000000000428e-01 9.640271000000000257e-01 8.438999999999999835e-01 7.174483999999999861e-01 -2.676320000000000153e-05
4.891340000000000132e-01 3.036888000000000087e-02 6.424558999999999687e-01 1.141099000000000085e+00 7.608000000000000318e-01 9.487271000000000454e-01 -5.731710000000000049e-05
1.109990000000000004e-01 6.199285000000000212e-02 7.908741999999999717e-01 9.317107000000000028e-01 8.569999999999999840e-01 2.317241999999999913e-01 -1.546697999999999942e-04
2.163360000000000005e-01 3.896817999999999810e-02 7.113840000000000163e-01 1.191578000000000026e+00 1.143100000000000005e+00 3.786140000000000061e-01 -1.232166000000000088e-04
4.479009999999999936e-01 5.408769000000000077e-02 5.310783999999999505e-01 1.031076000000000104e+00 8.709999999999999964e-01 9.225748999999999755e-01 -1.128899999999999983e-04
4.545279999999999876e-01 4.441537999999999736e-02 5.757432000000000105e-01 8.291775999999999591e-01 9.923999999999999488e-01 7.368784999999999918e-01 -1.401922999999999960e-04
3.201649999999999774e-01 5.304003000000000190e-02 8.114405999999999564e-01 1.131069000000000102e+00 8.212000000000000410e-01 9.377223999999999560e-01 -2.370491999999999868e-05
3.953010000000000135e-01 4.089964000000000099e-02 8.108197000000000321e-01 1.062453000000000092e+00 1.030799999999999939e+00 6.554955000000000087e-01 -2.109590000000000109e-04
3.110740000000000172e-01 3.632681000000000104e-02 5.165524000000000227e-01 1.161639000000000088e+00 1.074200000000000044e+00 3.375950999999999813e-01 -8.875152000000000030e-05
4.698069999999999746e-01 3.975688000000000139e-02 6.211794000000000482e-01 1.124967999999999968e+00 6.751000000000000334e-01 2.992006999999999861e-01 -9.218639999999999544e-06
3.558220000000000272e-01 6.743159999999999432e-02 6.330778999999999712e-01 8.360079999999999734e-01 9.930999999999999828e-01 4.623462999999999878e-01 -1.754156999999999949e-05
1.905129999999999879e-01 4.112013999999999947e-02 5.920954000000000494e-01 9.016596000000000055e-01 9.997000000000000330e-01 9.384890000000000176e-01 -2.626374999999999803e-04
1.116960000000000036e-01 5.413505999999999874e-02 8.003871000000000180e-01 8.163023999999999836e-01 1.046699999999999964e+00 5.412046999999999830e-01 -1.965407999999999869e-04
1.592699999999999949e-01 4.389753999999999878e-02 6.446340999999999877e-01 9.775374000000000008e-01 9.565000000000000169e-01 2.734558999999999740e-01 -1.468540000000000004e-04
1.509250000000000036e-01 6.625992999999999467e-02 6.658454000000000317e-01 9.913332999999999728e-01 1.066999999999999948e+00 8.113588999999999940e-01 -2.311562999999999877e-04
2.742410000000000125e-01 3.905153000000000096e-02 6.789150000000000462e-01 1.053938000000000041e+00 7.486000000000000432e-01 9.421243000000000256e-01 -2.395258000000000098e-04
1.795059999999999989e-01 3.646304999999999685e-02 8.647901000000000060e-01 1.175213999999999981e+00 1.017600000000000060e+00 4.009450999999999987e-01 -7.317877999999999666e-05
1.562510000000000010e-01 5.513939000000000340e-02 5.163406000000000384e-01 9.593243999999999660e-01 1.093399999999999928e+00 7.342537000000000091e-01 -5.502720000000000061e-05
1.199540000000000051e-01 6.178482999999999892e-02 8.736914000000000069e-01 8.113907999999999676e-01 7.618000000000000327e-01 4.321941999999999728e-01 -2.372804000000000059e-04
3.179500000000000104e-01 5.062976000000000282e-02 7.757315999999999656e-01 9.839263999999999788e-01 7.722999999999999865e-01 6.388437000000000143e-01 -2.747604000000000062e-04
3.157849999999999824e-01 6.997730000000000616e-02 7.043443000000000342e-01 1.091062999999999894e+00 7.157999999999999918e-01 7.665480999999999545e-01 -3.333758000000000278e-05
4.503530000000000033e-01 4.116492000000000068e-02 8.643334999999999768e-01 1.138295999999999975e+00 7.957999999999999519e-01 5.774820000000000508e-01 -4.686497999999999798e-05
3.669720000000000204e-01 5.588134000000000157e-02 7.553233000000000308e-01 1.125007000000000090e+00 9.334000000000000075e-01 7.283817999999999682e-01 -6.024624000000000206e-05
1.939609999999999945e-01 6.135150999999999799e-02 8.763001999999999736e-01 1.185815999999999981e+00 8.989000000000000323e-01 5.059186999999999712e-02 -2.761880999999999993e-04
3.321140000000000203e-01 3.267899999999999971e-02 8.486403999999999614e-01 9.895378000000000229e-01 1.094799999999999995e+00 1.752015999999999990e-02 -2.662103999999999881e-04
4.276889999999999858e-01 3.990450000000000247e-02 8.068412999999999835e-01 1.160679999999999934e+00 7.987999999999999545e-01 5.854941999999999647e-01 -2.814590999999999968e-04
1.972559999999999869e-01 5.910859999999999725e-02 7.734752999999999767e-01 1.148338999999999999e+00 1.026299999999999990e+00 8.849945000000000173e-01 -5.167253999999999977e-05
2.929519999999999902e-01 6.042647999999999769e-02 8.223652000000000184e-01 8.489398000000000222e-01 1.010000000000000009e+00 7.811808999999999559e-01 -3.203339999999999725e-05
1.429769999999999930e-01 4.262897000000000214e-02 7.876777999999999835e-01 1.098845999999999989e+00 7.307000000000000162e-01 8.432733000000000589e-02 -2.192236000000000130e-04
4.047700000000000187e-01 5.374368000000000201e-02 8.026695000000000357e-01 1.022944999999999993e+00 7.581999999999999851e-01 9.982037000000000271e-01 -1.839381999999999866e-04
2.588039999999999785e-01 6.099030999999999897e-02 6.771835999999999967e-01 1.159253000000000089e+00 7.806999999999999496e-01 3.584250999999999965e-01 -2.511098000000000128e-04
1.990609999999999880e-01 4.956225999999999687e-02 5.085142999999999747e-01 9.852513000000000520e-01 8.020000000000000462e-01 4.289503000000000066e-01 -2.391917000000000023e-04
4.165429999999999966e-01 3.135169000000000150e-02 5.651629000000000236e-01 1.118908000000000014e+00 1.025900000000000034e+00 1.218873000000000040e-01 -3.815578999999999743e-05
1.960629999999999873e-01 3.247992000000000240e-02 6.416125000000000300e-01 9.477314999999999490e-01 9.457999999999999741e-01 5.220462999999999631e-01 -1.366895999999999965e-05
4.784820000000000184e-01 6.258676000000000517e-02 5.256406000000000134e-01 8.202203999999999606e-01 1.074300000000000033e+00 5.382432999999999801e-01 -2.912379999999999787e-04
4.211260000000000003e-01 5.439287000000000288e-02 5.918214000000000530e-01 1.077857000000000065e+00 1.108500000000000041e+00 8.134455000000000435e-01 -1.445972999999999920e-04
2.199309999999999876e-01 5.997606999999999938e-02 5.500971000000000055e-01 1.066491000000000078e+00 9.524000000000000243e-01 1.809812000000000087e-01 -9.744872000000000234e-05
4.123800000000000243e-01 5.151762000000000008e-02 8.436753000000000169e-01 1.123493000000000075e+00 1.135099999999999998e+00 2.417970000000000119e-01 -9.731605000000000485e-05
1.590850000000000042e-01 6.567745999999999307e-02 8.067630999999999553e-01 8.344614999999999672e-01 8.165999999999999925e-01 6.714541000000000537e-01 -1.257587000000000060e-04
4.331039999999999890e-01 4.868632999999999988e-02 7.565536999999999956e-01 1.189589999999999925e+00 6.709000000000000519e-01 8.786817000000000100e-01 -3.234411000000000160e-05
3.715800000000000214e-01 3.767097999999999974e-02 7.751487999999999712e-01 1.071563000000000043e+00 9.965000000000000524e-01 4.235418000000000238e-01 -1.224815000000000029e-04
4.391450000000000076e-01 3.781129999999999908e-02 8.937654000000000432e-01 9.283620000000000205e-01 1.085399999999999920e+00 2.948618000000000072e-01 -1.594932999999999930e-04
2.527159999999999962e-01 3.209623000000000337e-02 6.834052000000000460e-01 8.530668000000000140e-01 8.518000000000000016e-01 6.915430999999999662e-01 -1.785071999999999907e-04
1.339839999999999920e-01 4.567824000000000190e-02 7.999842999999999815e-01 8.940529999999999866e-01 8.441999999999999504e-01 3.272931000000000035e-01 -2.802443999999999964e-04
1.156650000000000039e-01 3.428102999999999706e-02 5.788628999999999580e-01 8.148326000000000180e-01 9.728999999999999870e-01 6.838937000000000488e-01 -2.486696999999999953e-04
2.336249999999999993e-01 5.691894000000000120e-02 8.626939999999999609e-01 1.185006999999999922e+00 6.995999999999999996e-01 9.854450999999999627e-01 -1.130575999999999998e-04
1.124300000000000022e-01 3.402236000000000149e-02 7.569004999999999761e-01 1.128071999999999964e+00 1.042200000000000015e+00 9.908247000000000582e-02 -2.445737999999999927e-06
4.988330000000000264e-01 4.275315999999999839e-02 8.534148000000000289e-01 8.248060000000000391e-01 1.135799999999999921e+00 6.887883999999999673e-01 -1.628982999999999918e-04
4.306320000000000148e-01 6.768193000000000126e-02 5.054138999999999715e-01 1.064500000000000002e+00 8.317999999999999838e-01 5.814962999999999660e-01 -3.938267000000000287e-05
4.623669999999999725e-01 5.907478000000000035e-02 6.950851000000000113e-01 9.115372999999999948e-01 7.325000000000000400e-01 5.084583000000000297e-01 -2.765431000000000052e-04
1.461109999999999909e-01 6.640770999999999480e-02 8.559263000000000288e-01 9.302449999999999886e-01 1.106500000000000039e+00 7.623098000000000374e-02 -5.940217999999999714e-05
1.621859999999999968e-01 5.354989000000000277e-02 7.430128999999999762e-01 8.969599999999999795e-01 1.108999999999999986e+00 2.699349999999999805e-01 -2.026169000000000082e-04
3.398410000000000042e-01 3.312343999999999705e-02 6.143754999999999633e-01 1.052764999999999951e+00 1.006999999999999895e+00 7.243819000000000230e-01 -6.217559999999999472e-05
2.369580000000000020e-01 4.532127999999999851e-02 5.734873999999999805e-01 1.090562999999999949e+00 8.575000000000000400e-01 9.813148999999999900e-01 -2.083700999999999923e-04
2.131379999999999941e-01 4.180214000000000152e-02 8.384407000000000387e-01 1.129099999999999993e+00 9.163000000000000034e-01 7.193310000000000537e-01 -2.045798999999999892e-04
2.446659999999999946e-01 5.763433999999999918e-02 6.567085999999999757e-01 9.738814000000000082e-01 1.019200000000000106e+00 5.090848000000000040e-01 -1.425467999999999885e-04
2.900369999999999893e-01 4.580582999999999877e-02 7.246164000000000494e-01 1.079576000000000091e+00 1.147799999999999931e+00 1.404842000000000070e-02 -1.090286000000000017e-04
3.734219999999999762e-01 6.284868999999999872e-02 5.994637999999999911e-01 9.805346999999999813e-01 7.578000000000000291e-01 7.401136999999999855e-01 -1.259609000000000022e-04
3.442310000000000092e-01 4.141551999999999734e-02 7.458306999999999576e-01 1.030634999999999968e+00 1.091499999999999915e+00 4.296053000000000233e-01 -2.242132000000000033e-04
1.436949999999999894e-01 3.099899000000000057e-02 8.031899000000000122e-01 1.152193999999999940e+00 1.159799999999999942e+00 6.410962999999999523e-01 -1.867355000000000013e-04
4.140440000000000231e-01 3.702924999999999967e-02 5.194383000000000195e-01 1.091013000000000011e+00 9.960999999999999854e-01 2.762684999999999724e-01 -2.290449000000000066e-04
2.965340000000000198e-01 4.062928999999999846e-02 6.642002000000000184e-01 9.238503000000000132e-01 9.594000000000000306e-01 7.062979000000000340e-01 -3.907083000000000078e-05
4.809840000000000226e-01 3.634521000000000279e-02 6.102360999999999480e-01 8.384333000000000480e-01 9.960999999999999854e-01 4.738324999999999898e-01 -2.005449999999999984e-04
1.173270000000000007e-01 3.844542000000000098e-02 6.919876999999999834e-01 1.038540000000000019e+00 7.568000000000000282e-01 5.029249000000000080e-01 -7.602251000000000170e-06
3.707489999999999952e-01 5.794004999999999989e-02 8.317236999999999547e-01 9.848942000000000530e-01 1.136100000000000110e+00 9.564051999999999554e-01 -2.404026999999999878e-04
3.341180000000000261e-01 6.349367999999999679e-02 6.833371000000000306e-01 1.126841999999999899e+00 6.806999999999999718e-01 5.664919999999999956e-01 -3.729502999999999908e-06
4.076179999999999803e-01 6.346760999999999375e-02 8.195759999999999712e-01 9.857333999999999818e-01 9.867000000000000215e-01 2.150320000000000009e-02 -8.314471999999999835e-05
2.173019999999999952e-01 4.042508999999999686e-02 7.843333999999999584e-01 8.834824999999999484e-01 1.081199999999999939e+00 2.514024999999999732e-01 -1.864834999999999909e-04
1.539770000000000028e-01 5.421726000000000323e-02 5.843209999999999793e-01 9.288562000000000207e-01 7.809000000000000385e-01 1.609044000000000030e-01 -3.473793000000000115e-06
4.424790000000000112e-01 6.995580999999999328e-02 5.923180999999999585e-01 8.464144000000000112e-01 9.207999999999999519e-01 3.145135000000000014e-01 -1.050988999999999976e-04
3.015329999999999955e-01 4.651925999999999978e-02 5.119506000000000334e-01 8.484578000000000397e-01 8.229999999999999538e-01 6.665501000000000342e-01 -1.707768999999999878e-04
4.363609999999999989e-01 4.309421000000000085e-02 7.030596000000000068e-01 1.024121999999999977e+00 9.125999999999999668e-01 7.238002000000000047e-01 -2.910893999999999916e-04
3.982189999999999896e-01 5.180201000000000250e-02 5.030963999999999992e-01 1.163146999999999931e+00 1.095199999999999951e+00 6.364530000000000465e-01 -1.191759000000000053e-04
2.225280000000000036e-01 6.786715000000000109e-02 7.051633000000000484e-01 8.976956000000000380e-01 9.052000000000000046e-01 7.117177999999999560e-01 -4.593056000000000092e-05
1.319319999999999937e-01 3.514078999999999814e-02 6.779074999999999962e-01 9.246596999999999733e-01 1.172199999999999909e+00 2.664260999999999990e-01 -1.998086000000000100e-04
2.738490000000000091e-01 4.253258000000000039e-02 8.812986999999999904e-01 9.010310000000000263e-01 8.985999999999999543e-01 1.975390999999999952e-01 -1.072986000000000030e-04
2.159949999999999926e-01 6.304124999999999313e-02 6.587539999999999507e-01 1.104932000000000025e+00 1.076500000000000012e+00 1.172498999999999937e-02 -1.071492999999999941e-04
3.417189999999999950e-01 3.587963999999999737e-02 8.386799000000000337e-01 1.191008000000000067e+00 9.798000000000000043e-01 2.604859999999999953e-01 -2.145848000000000059e-04
2.047920000000000018e-01 4.801355000000000206e-02 6.766265000000000196e-01 8.962318999999999702e-01 1.001400000000000068e+00 5.762184999999999668e-01 -9.927023000000000585e-05
1.708729999999999971e-01 4.350355999999999668e-02 6.577315999999999718e-01 1.108475000000000099e+00 7.991000000000000325e-01 6.030322000000000182e-01 -6.320761999999999911e-06
4.529889999999999750e-01 3.058900999999999981e-02 5.610188999999999870e-01 1.067944000000000004e+00 1.131799999999999917e+00 5.165547000000000333e-01 -1.152524000000000013e-04
2.556760000000000144e-01 4.992652999999999675e-02 5.667124000000000050e-01 8.155622000000000149e-01 1.055800000000000072e+00 3.503276000000000168e-01 -1.123775000000000061e-04
1.216160000000000019e-01 6.594160000000000299e-02 7.618057000000000301e-01 1.035339999999999927e+00 1.018199999999999994e+00 7.374032999999999838e-01 -2.836626000000000037e-05
4.350299999999999723e-01 6.031444999999999862e-02 6.274794000000000205e-01 9.893906000000000089e-01 8.550999999999999712e-01 5.302921000000000440e-01 -7.051226999999999701e-05
2.411449999999999982e-01 4.513082000000000205e-02 7.892234000000000194e-01 9.523243999999999598e-01 8.105999999999999872e-01 2.666905999999999999e-01 -1.217827999999999955e-04
1.332129999999999981e-01 5.768071999999999783e-02 7.527293999999999929e-01 1.089928999999999926e+00 1.131899999999999906e+00 4.907482000000000233e-01 -1.298495000000000042e-04
3.108929999999999749e-01 6.256351000000000273e-02 6.444463000000000275e-01 1.179851999999999901e+00 9.435000000000000053e-01 6.746463999999999794e-01 -2.823628999999999863e-05
1.538450000000000095e-01 4.242354999999999737e-02 5.682947000000000415e-01 1.137180000000000080e+00 1.160199999999999898e+00 4.615244000000000291e-02 -1.536461999999999995e-04
1.967939999999999967e-01 5.188949999999999813e-02 5.983654999999999946e-01 1.007943999999999951e+00 1.141899999999999915e+00 1.114808999999999939e-01 -2.039553999999999955e-04
3.255020000000000135e-01 5.808768999999999738e-02 6.463101999999999459e-01 9.491838999999999693e-01 1.018199999999999994e+00 1.748704000000000092e-01 -6.894260999999999348e-05
3.346189999999999998e-01 4.447509999999999658e-02 6.943551000000000029e-01 1.170741999999999949e+00 1.060799999999999965e+00 6.005165000000000086e-01 -1.772316999999999925e-04
1.001530000000000059e-01 4.382493999999999973e-02 7.646034000000000441e-01 8.648837999999999804e-01 9.089000000000000412e-01 9.167572000000000498e-01 -2.532011000000000244e-04
2.073530000000000095e-01 6.384653999999999330e-02 7.483098999999999723e-01 1.194256999999999902e+00 7.681000000000000050e-01 1.964915999999999885e-01 -2.214523999999999941e-04
