1.613559999999999994e-01 3.335020999999999819e-02 8.997239999999999682e-01 1.158716999999999997e+00 8.464958999999999678e-01 8.661375000000000046e-01 -1.087157000000000067e-05
1.300910000000000122e-01 3.140211999999999865e-02 8.912645000000000151e-01 9.337180000000000479e-01 6.040640000000000454e-01 4.983612000000000042e-01 -2.711999999999999784e-04
3.362760000000000193e-01 4.778257000000000337e-02 5.824494999999999534e-01 9.946426000000000434e-01 6.328761999999999999e-01 2.943558000000000008e-01 -8.138517000000000602e-05
2.181899999999999951e-01 4.966119000000000089e-02 6.146979000000000193e-01 1.014682000000000084e+00 7.065517999999999521e-01 3.157994000000000079e-01 -5.215583000000000171e-05
2.493799999999999906e-01 6.739942999999999629e-02 6.800762999999999669e-01 1.135347000000000106e+00 9.953313000000000299e-01 7.216742999999999908e-01 -1.269832999999999943e-04
3.359969999999999901e-01 6.209640000000000298e-02 7.687519999999999909e-01 8.422098000000000084e-01 9.386558000000000401e-01 6.545727999999999547e-01 -9.778767999999999749e-05
1.317440000000000000e-01 5.441581999999999669e-02 8.642123000000000443e-01 8.630472000000000143e-01 6.917193000000000369e-01 6.805383000000000404e-01 -2.208986999999999930e-04
4.256400000000000183e-01 4.934699000000000030e-02 5.160266999999999493e-01 1.033083999999999891e+00 8.016862000000000155e-01 5.226781000000000343e-01 -2.127371999999999933e-04
1.684599999999999986e-01 4.694689999999999974e-02 6.428751999999999800e-01 1.179570999999999925e+00 9.225556999999999785e-01 2.964137999999999842e-02 -4.851819999999999907e-05
3.189069999999999960e-01 4.094475999999999671e-02 8.391612999999999989e-01 9.349490000000000300e-01 9.831628000000000034e-01 7.591769000000000434e-01 -1.755624000000000117e-04
1.030760000000000010e-01 5.506778999999999841e-02 8.995940000000000047e-01 8.967682000000000153e-01 6.333879999999999511e-01 9.146954999999999669e-02 -1.637180000000000070e-04
1.213130000000000042e-01 5.760818999999999662e-02 8.462494000000000405e-01 1.113644999999999996e+00 6.512483000000000022e-01 5.667424000000000073e-02 -7.089083999999999837e-05
2.761979999999999991e-01 5.306646999999999753e-02 8.519936999999999649e-01 8.288510000000000044e-01 7.693193000000000392e-01 1.457494000000000012e-01 -1.389840000000000097e-04
3.402899999999999814e-01 3.696403999999999662e-02 7.838036999999999921e-01 8.465616000000000252e-01 6.826238000000000028e-01 7.902913000000000299e-01 -1.578282999999999878e-04
3.905390000000000250e-01 5.556152000000000313e-02 7.161119999999999708e-01 1.178457000000000088e+00 6.289751999999999565e-01 6.209481999999999502e-01 -4.730546000000000024e-05
4.935060000000000002e-01 3.397151999999999811e-02 7.038961999999999719e-01 8.256073999999999913e-01 9.202812999999999688e-01 8.606317999999999468e-01 -1.133316999999999978e-04
2.286549999999999971e-01 4.268021999999999788e-02 6.967351000000000516e-01 9.648908000000000484e-01 7.473556000000000088e-01 9.319423000000000012e-01 -2.021473000000000085e-04
3.154790000000000094e-01 4.830247000000000013e-02 7.186590000000000478e-01 1.009646000000000043e+00 9.920411000000000090e-01 8.335346000000000144e-01 -1.598182999999999874e-04
4.744220000000000104e-01 4.530673999999999813e-02 6.421546000000000198e-01 9.846508000000000482e-01 7.348318000000000350e-01 4.576495999999999897e-01 -2.126737000000000031e-05
4.573160000000000003e-01 3.242232999999999921e-02 7.148271000000000486e-01 1.110948999999999964e+00 7.881888000000000227e-01 9.025705000000000533e-01 -2.394003999999999924e-04
3.321140000000000203e-01 3.267899999999999971e-02 8.486403999999999614e-01 9.895378000000000229e-01 9.282365999999999673e-01 1.752015999999999990e-02 -2.662103999999999881e-04
1.506409999999999971e-01 3.959925999999999724e-02 6.818748000000000031e-01 1.199659999999999949e+00 7.630635999999999530e-01 8.816420000000000368e-01 -8.046899000000000423e-05
2.523310000000000275e-01 4.573307000000000067e-02 8.811006999999999589e-01 1.106028000000000011e+00 6.820998999999999812e-01 4.481222000000000261e-01 -1.842933999999999930e-05
4.988330000000000264e-01 4.275315999999999839e-02 8.534148000000000289e-01 8.248060000000000391e-01 9.976528000000000063e-01 6.887883999999999673e-01 -1.628982999999999918e-04
2.732749999999999901e-01 4.034364000000000006e-02 6.003019000000000549e-01 9.710263000000000089e-01 6.628216999999999581e-01 5.676816000000000084e-01 -6.841653000000000003e-05
1.686449999999999894e-01 6.262787000000000215e-02 8.057891000000000359e-01 1.033578000000000108e+00 6.060098000000000429e-01 9.158671999999999924e-01 -7.429562999999999597e-05
4.781509999999999927e-01 4.690090000000000231e-02 7.135506999999999822e-01 9.677824999999999900e-01 6.383560000000000345e-01 4.110096999999999778e-01 -2.795162000000000124e-04
3.454510000000000081e-01 5.225981999999999850e-02 5.861338000000000381e-01 8.937197999999999531e-01 6.592208999999999985e-01 8.862569999999999615e-01 -1.116951999999999941e-04
2.821529999999999871e-01 5.790000000000000008e-02 5.118230000000000279e-01 1.174760000000000026e+00 6.888940000000000063e-01 5.905036999999999647e-01 -1.262992000000000053e-05
4.376769999999999827e-01 3.446594000000000046e-02 7.822578999999999505e-01 1.106168000000000040e+00 6.219411000000000245e-01 6.001919000000000004e-01 -1.058710000000000033e-04
2.184719999999999995e-01 3.677922000000000136e-02 5.804666000000000547e-01 1.136328999999999922e+00 8.656494000000000133e-01 9.965304000000000384e-01 -1.030653000000000074e-05
4.500449999999999728e-01 6.934619999999999673e-02 6.779827000000000492e-01 1.098559000000000063e+00 8.113432999999999895e-01 4.956420000000000270e-01 -5.858046000000000325e-05
4.966090000000000226e-01 5.511461000000000138e-02 8.400982999999999645e-01 1.194496000000000002e+00 6.620234000000000396e-01 8.527759999999999785e-01 -2.731529000000000118e-04
3.928050000000000153e-01 4.292171999999999654e-02 7.777893999999999641e-01 8.026151000000000257e-01 9.176136000000000292e-01 9.210243000000000180e-01 -8.705089999999999692e-05
3.763850000000000251e-01 5.985113999999999712e-02 5.095406000000000102e-01 9.673422999999999883e-01 8.511792000000000247e-01 8.792950999999999961e-01 -5.802655000000000096e-05
1.842850000000000044e-01 5.967212999999999684e-02 8.906705999999999790e-01 1.021770999999999985e+00 8.156643999999999561e-01 7.147200000000000220e-01 -1.190856000000000038e-04
3.455570000000000030e-01 3.794079000000000201e-02 7.748351999999999462e-01 9.444006000000000345e-01 9.630001000000000255e-01 6.312650000000000206e-02 -8.591753999999999461e-05
4.963020000000000209e-01 6.844495000000000440e-02 7.558475000000000055e-01 1.053709000000000007e+00 9.148718000000000128e-01 4.195450000000000013e-01 -2.406637000000000045e-04
2.342970000000000053e-01 6.920900000000000662e-02 7.281765999999999517e-01 1.062902999999999931e+00 9.725462999999999747e-01 3.047128000000000059e-01 -7.992175999999999491e-05
2.513409999999999811e-01 4.854947999999999902e-02 6.122132000000000129e-01 1.171921999999999908e+00 7.748256999999999506e-01 8.182589999999999586e-01 -1.293071999999999874e-04
3.309969999999999857e-01 4.742989999999999706e-02 5.726691000000000420e-01 8.956298999999999788e-01 9.152010999999999896e-01 5.591205999999999676e-01 -1.623607000000000056e-04
4.769570000000000198e-01 6.402278999999999609e-02 6.953850000000000309e-01 1.167205000000000048e+00 7.814423999999999815e-01 1.617421000000000136e-02 -2.357995000000000045e-04
3.521210000000000173e-01 4.126774999999999888e-02 5.323856000000000144e-01 1.091723999999999917e+00 9.876420000000000199e-01 7.006710999999999911e-01 -8.512756999999999919e-05
1.167050000000000032e-01 3.563148000000000010e-02 8.233019999999999783e-01 1.083536000000000055e+00 6.389044000000000390e-01 8.733109000000000011e-01 -1.213753000000000032e-04
3.206519999999999926e-01 6.371419999999999861e-02 5.147667000000000215e-01 1.050170000000000048e+00 9.686514000000000513e-01 9.986642999999999493e-01 -9.564919000000000502e-05
4.541819999999999746e-01 5.848728999999999734e-02 8.291667999999999816e-01 8.673364000000000074e-01 8.300526999999999767e-01 8.949565000000000436e-01 -8.193640999999999772e-05
4.474029999999999951e-01 4.239649000000000195e-02 5.212989999999999569e-01 8.349560999999999789e-01 9.105682999999999971e-01 7.743468999999999491e-01 -2.645481999999999890e-04
4.692580000000000084e-01 6.672759999999999803e-02 6.309344000000000063e-01 9.160582999999999920e-01 8.793986999999999776e-01 3.989566999999999974e-01 -1.572855999999999972e-04
2.887190000000000034e-01 5.536197000000000340e-02 5.589228000000000529e-01 8.414890000000000425e-01 6.210369000000000028e-01 5.634388999999999648e-01 -2.215467000000000044e-04
4.590359999999999996e-01 4.818221999999999783e-02 7.934409999999999519e-01 8.139653000000000027e-01 7.080334999999999823e-01 5.357490000000000308e-01 -6.832197999999999939e-05
4.955689999999999817e-01 4.840143999999999697e-02 8.123776000000000330e-01 9.902739999999999876e-01 8.191064999999999596e-01 9.678949999999999498e-01 -1.230352000000000041e-04
2.390569999999999917e-01 3.708439000000000180e-02 5.411637000000000253e-01 1.183540000000000036e+00 6.673641999999999630e-01 8.574384999999999923e-01 -2.342623000000000153e-05
3.394010000000000082e-01 6.905200999999999700e-02 7.685554999999999470e-01 1.038189000000000028e+00 8.490881000000000123e-01 9.056326999999999572e-01 -8.515616000000000700e-06
4.158100000000000129e-01 5.178605000000000014e-02 6.216901000000000233e-01 8.367191999999999963e-01 8.277622999999999509e-01 5.155602000000000240e-01 -1.560789999999999942e-04
4.569239999999999968e-01 4.599356999999999751e-02 5.249745000000000106e-01 8.580813999999999941e-01 6.473417999999999672e-01 1.636048999999999976e-01 -1.073879000000000023e-04
2.631760000000000210e-01 4.877622000000000207e-02 6.995324000000000542e-01 9.421175999999999995e-01 8.105546999999999613e-01 5.823152999999999663e-02 -2.623867999999999863e-05
3.755149999999999877e-01 5.005893000000000148e-02 8.914674999999999683e-01 1.136041999999999996e+00 6.637260999999999855e-01 5.734993999999999925e-01 -1.525107999999999900e-04
4.604630000000000112e-01 4.959803000000000128e-02 8.354397999999999547e-01 1.173450000000000104e+00 9.562538000000000427e-01 6.782048999999999717e-02 -1.406227000000000047e-05
3.910830000000000140e-01 6.054462000000000038e-02 6.526028000000000384e-01 1.187364000000000086e+00 9.337126999999999510e-01 8.358501999999999876e-01 -1.664353999999999888e-04
3.292030000000000234e-01 3.317392000000000257e-02 5.440553000000000194e-01 1.179332000000000047e+00 9.827050999999999981e-01 9.256090000000000151e-01 -1.459390000000000134e-04
3.184230000000000116e-01 5.928429000000000337e-02 6.201596999999999804e-01 1.115223000000000075e+00 8.674764000000000363e-01 8.294089999999999518e-01 -1.052776000000000032e-04
3.021699999999999942e-01 6.111025999999999958e-02 5.677225000000000188e-01 9.332937999999999512e-01 9.476385999999999976e-01 9.019791999999999810e-01 -2.699178999999999793e-04
4.653599999999999959e-01 5.227558999999999678e-02 6.925464999999999538e-01 1.106354000000000060e+00 7.300088000000000132e-01 7.595180999999999738e-01 -2.247689999999999888e-04
4.707270000000000065e-01 6.099881000000000053e-02 5.428463000000000038e-01 1.143083000000000071e+00 7.526439999999999797e-01 7.123912000000000022e-01 -9.899383999999999679e-05
3.619539999999999980e-01 3.573429000000000189e-02 6.268532999999999467e-01 1.129796999999999940e+00 8.888169999999999682e-01 6.243638000000000243e-01 -7.608361999999999916e-05
4.593189999999999773e-01 6.140256999999999660e-02 5.547457000000000082e-01 9.740328000000000319e-01 8.133977999999999486e-01 4.154680000000000040e-01 -5.191950000000000325e-05
1.216160000000000019e-01 6.594160000000000299e-02 7.618057000000000301e-01 1.035339999999999927e+00 9.234006000000000158e-01 7.374032999999999838e-01 -2.836626000000000037e-05
1.879619999999999902e-01 4.330893000000000242e-02 7.230858999999999481e-01 9.700436999999999532e-01 9.117106000000000376e-01 3.206405999999999978e-01 -1.522724999999999892e-04
2.584150000000000058e-01 5.743038000000000309e-02 8.873250000000000304e-01 8.121207000000000287e-01 7.057634999999999881e-01 6.110908999999999924e-01 -7.696509999999999940e-05
2.577760000000000051e-01 3.018540000000000112e-02 8.422916000000000292e-01 9.211690000000000156e-01 9.334909999999999597e-01 8.300627000000000422e-01 -6.359233999999999362e-05
3.982600000000000029e-01 3.862068999999999919e-02 7.394501999999999464e-01 1.024972999999999912e+00 6.666128000000000053e-01 3.148927000000000254e-01 -1.355829000000000127e-04
3.018279999999999852e-01 3.703656000000000309e-02 8.148731000000000169e-01 9.702806999999999960e-01 9.968704999999999927e-01 7.274317000000000144e-01 -2.485760000000000270e-04
3.670039999999999969e-01 3.391095000000000220e-02 5.932433000000000289e-01 1.086821000000000037e+00 7.470982999999999929e-01 3.461092000000000057e-01 -4.383617999999999743e-05
3.078779999999999850e-01 4.415039999999999937e-02 6.332322000000000228e-01 1.124128000000000016e+00 7.116401999999999450e-01 7.391446000000000405e-01 -1.641090999999999904e-04
3.954159999999999897e-01 5.966074999999999851e-02 7.250569999999999515e-01 1.080567999999999973e+00 9.222394000000000425e-01 3.561567999999999956e-01 -2.714397000000000229e-04
2.956440000000000179e-01 5.272958999999999979e-02 6.864552000000000431e-01 1.117186999999999930e+00 6.041490999999999945e-01 6.067725999999999953e-01 -1.883673999999999950e-04
2.878519999999999968e-01 4.862190999999999735e-02 5.936991000000000351e-01 1.048742000000000063e+00 8.609200000000000186e-01 6.335866999999999472e-01 -7.137342999999999878e-05
1.968799999999999994e-01 3.108386000000000135e-02 5.871269999999999545e-01 1.089833999999999969e+00 6.245604000000000156e-01 6.185121999999999842e-02 -6.808260000000000440e-05
2.768229999999999857e-01 4.682970000000000188e-02 7.869338999999999640e-01 8.095641000000000087e-01 6.323691000000000173e-01 8.625066999999999595e-01 -4.364257999999999983e-05
1.018990000000000035e-01 6.151638999999999718e-02 6.894282999999999939e-01 1.149629999999999930e+00 7.802911999999999626e-01 8.314008999999999983e-01 -3.324421000000000336e-05
2.331270000000000009e-01 5.299526000000000237e-02 5.321221000000000423e-01 9.163071000000000410e-01 8.129965999999999582e-01 5.562916999999999446e-01 -2.482618999999999820e-04
1.794739999999999946e-01 5.343338999999999728e-02 6.776604999999999990e-01 1.037028000000000061e+00 7.993883000000000516e-01 5.445997000000000199e-01 -4.740119000000000212e-05
1.164940000000000003e-01 5.385671000000000208e-02 6.346503000000000005e-01 1.129540999999999906e+00 9.333082999999999796e-01 1.959855000000000069e-01 -1.330902000000000018e-04
1.604150000000000020e-01 6.709297999999999651e-02 7.643990000000000506e-01 1.178101000000000065e+00 9.580807999999999547e-01 1.416495999999999866e-01 -1.065064999999999941e-04
3.901919999999999833e-01 4.148696999999999802e-02 6.634560000000000457e-01 1.117982999999999949e+00 6.766180000000000527e-01 7.635007999999999795e-01 -3.056140000000000186e-05
3.888759999999999994e-01 5.234194000000000346e-02 8.045436999999999728e-01 9.560682999999999820e-01 9.029958000000000151e-01 3.070378000000000274e-01 -2.930423000000000251e-04
3.104509999999999770e-01 3.913799999999999918e-02 7.978606999999999783e-01 1.116692999999999936e+00 8.006541000000000352e-01 9.574297999999999975e-01 -4.959633000000000021e-05
1.984299999999999953e-01 6.305716999999999572e-02 5.648476999999999526e-01 8.949346999999999719e-01 8.566190000000000193e-01 1.461495999999999906e-01 -2.202507999999999886e-04
2.126879999999999882e-01 3.456991000000000230e-02 7.539894000000000318e-01 1.019886999999999988e+00 8.049395000000000300e-01 3.860142999999999908e-02 -1.627157000000000115e-04
2.643969999999999931e-01 5.989487000000000283e-02 8.340311999999999726e-01 1.179032999999999998e+00 7.845857000000000525e-01 5.144208000000000114e-01 -2.887567999999999862e-04
3.150299999999999767e-01 3.555981999999999893e-02 8.779702999999999813e-01 1.137561000000000044e+00 6.326015999999999861e-01 4.005452999999999930e-01 -2.017556999999999901e-04
3.499280000000000168e-01 3.654571999999999682e-02 6.854575000000000529e-01 1.034793000000000074e+00 6.283033000000000090e-01 1.529511000000000065e-01 -2.935314999999999864e-05
4.679719999999999991e-01 3.350477999999999790e-02 8.097324000000000188e-01 1.133831000000000033e+00 9.699615999999999794e-01 4.694533000000000178e-01 -8.694537000000000066e-05
1.799929999999999863e-01 4.717567000000000288e-02 5.614626000000000339e-01 1.006021999999999972e+00 6.116323999999999650e-01 4.637455999999999801e-01 -1.451233000000000069e-04
1.980470000000000008e-01 4.737589999999999857e-02 7.769802999999999571e-01 9.426974999999999660e-01 7.649131000000000125e-01 7.993666000000000382e-01 -2.038436000000000078e-04
2.754670000000000174e-01 3.256395000000000123e-02 7.079305999999999655e-01 1.115521999999999903e+00 6.654524000000000550e-01 7.421058000000000376e-01 -2.475275999999999779e-04
2.705670000000000019e-01 4.819290999999999853e-02 8.277554000000000300e-01 8.852457999999999716e-01 6.017209000000000030e-01 4.133119000000000098e-01 -2.161532000000000026e-04
1.184950000000000031e-01 4.497534999999999727e-02 8.942982999999999905e-01 9.914532000000000345e-01 6.589047999999999572e-01 7.447757999999999878e-01 -1.706094999999999866e-04
2.138549999999999895e-01 4.826427999999999968e-02 5.563185000000000491e-01 9.728004000000000095e-01 9.579461999999999700e-01 7.759949999999999903e-01 -3.421906000000000302e-05
3.222409999999999997e-01 5.129057000000000061e-02 5.469226999999999839e-01 8.403099000000000540e-01 8.578014999999999946e-01 7.783402999999999849e-01 -8.015828999999999381e-05
4.540250000000000119e-01 3.171257000000000242e-02 6.162992999999999943e-01 9.195919999999999650e-01 7.477354999999999974e-01 5.636051000000000255e-02 -9.834420999999999333e-05
2.266739999999999866e-01 6.573478000000000654e-02 7.129817000000000515e-01 1.165454999999999908e+00 6.794740000000000224e-01 5.370859999999999523e-01 -1.638327000000000077e-04
4.689760000000000040e-01 5.964443999999999996e-02 5.654050999999999938e-01 8.318571999999999633e-01 7.451522999999999897e-01 8.322188999999999837e-01 -1.904178999999999984e-04
1.429640000000000077e-01 5.088647999999999783e-02 7.599571000000000520e-01 8.921793999999999558e-01 8.719059000000000115e-01 2.474235999999999935e-01 -6.910525000000000044e-05
3.977820000000000245e-01 4.525135999999999742e-02 8.549330000000000540e-01 1.127917999999999976e+00 9.071573000000000553e-01 9.956245999999999707e-01 -1.030902999999999979e-04
1.578029999999999988e-01 4.837604000000000209e-02 5.315887000000000251e-01 1.150463999999999931e+00 7.419544999999999613e-01 5.865209999999999591e-01 -2.052187000000000076e-04
2.001789999999999958e-01 3.700090000000000323e-02 6.601496999999999504e-01 1.006647999999999987e+00 9.531410999999999634e-01 6.727925000000000155e-01 -7.652813000000000551e-05
3.827980000000000271e-01 4.815484999999999904e-02 5.033203000000000538e-01 1.073457000000000106e+00 9.374651000000000511e-01 5.224252000000000062e-02 -1.494904000000000079e-04
2.596080000000000054e-01 3.407803000000000221e-02 5.035441999999999974e-01 1.011927999999999939e+00 6.736569000000000029e-01 9.894511999999999752e-01 -1.196743999999999938e-04
4.260260000000000158e-01 3.281828999999999996e-02 7.199662000000000006e-01 9.859476999999999824e-01 9.611870999999999610e-01 2.802844999999999920e-01 -4.029999999999999701e-05
2.986980000000000190e-01 6.556030000000000191e-02 5.633293999999999802e-01 1.154663999999999913e+00 8.481914999999999871e-01 4.525043000000000259e-01 -1.207546999999999977e-04
2.709050000000000069e-01 5.476378999999999969e-02 5.797858000000000178e-01 8.237959000000000254e-01 6.540751999999999677e-01 2.242946000000000106e-01 -1.619811000000000135e-04
2.875429999999999930e-01 6.180323000000000067e-02 7.550017999999999452e-01 1.188477999999999923e+00 7.676395000000000302e-01 3.132496000000000169e-01 -5.027655000000000231e-05
4.197960000000000025e-01 3.216063000000000255e-02 8.666471000000000036e-01 9.118285000000000418e-01 9.789447999999999483e-01 9.453167000000000098e-01 -2.240343999999999908e-04
2.258479999999999932e-01 4.157345999999999958e-02 7.574016999999999555e-01 1.055722999999999967e+00 8.562646000000000424e-01 7.802569999999999784e-01 -2.954747999999999988e-04
4.495640000000000192e-01 5.863506999999999747e-02 6.426041999999999588e-01 8.034620999999999569e-01 8.971287000000000011e-01 2.374139999999999862e-01 -2.087182000000000035e-04
3.857410000000000005e-01 5.913663999999999726e-02 8.078619999999999690e-01 1.150887999999999911e+00 8.097476999999999592e-01 6.406823999999999852e-02 -2.040815000000000077e-04
2.687979999999999814e-01 6.588012000000000035e-02 5.025391999999999637e-01 1.101242000000000054e+00 6.497024999999999606e-01 3.438474000000000252e-01 -1.455949999999999909e-04
3.540519999999999778e-01 4.972736999999999991e-02 7.082521999999999984e-01 1.152041000000000093e+00 9.269165999999999794e-01 2.996463999999999794e-01 -2.375556000000000130e-04
2.681450000000000222e-01 6.794126999999999805e-02 6.851911000000000529e-01 9.603471000000000091e-01 7.536815000000000042e-01 1.151005999999999974e-01 -1.528636000000000046e-04
1.133949999999999958e-01 6.660339999999999316e-02 5.156138999999999584e-01 1.192018000000000022e+00 7.142654999999999976e-01 8.459486000000000505e-01 -2.134472000000000051e-04
4.492570000000000174e-01 3.186034000000000088e-02 8.054721999999999715e-01 9.588297000000000070e-01 7.806564000000000281e-01 8.371695999999999582e-01 -1.923151999999999913e-04
2.454020000000000090e-01 3.476453000000000182e-02 6.136321000000000137e-01 8.578441999999999457e-01 6.575048000000000004e-01 8.083190999999999571e-01 -1.676067000000000160e-05
3.183360000000000078e-01 6.716593999999999343e-02 5.858476999999999713e-01 1.036888000000000032e+00 7.079720000000000457e-01 3.963884999999999770e-01 -1.472025000000000124e-04
3.466210000000000124e-01 6.619941000000000020e-02 7.775802000000000547e-01 1.140373999999999999e+00 7.060203999999999924e-01 1.487424999999999997e-01 -2.352292999999999875e-04
2.648340000000000138e-01 4.332031000000000076e-02 5.860642999999999825e-01 1.117386999999999908e+00 7.337941999999999521e-01 8.657975999999999450e-01 -2.298977000000000063e-04
2.530629999999999824e-01 6.616808000000000412e-02 7.370267999999999819e-01 8.379052999999999640e-01 7.768905999999999867e-01 9.347332000000000418e-01 -1.993344999999999937e-04
1.355820000000000081e-01 4.709467999999999988e-02 8.290908999999999640e-01 1.143381999999999898e+00 9.554553000000000074e-01 8.570984999999999854e-01 -2.608453999999999742e-04
4.329189999999999983e-01 6.175042000000000031e-02 5.952458999999999945e-01 1.048094000000000081e+00 9.179435999999999707e-01 7.009754999999999459e-02 -1.593694999999999994e-05
2.708960000000000257e-01 3.544477000000000044e-02 7.684862999999999555e-01 9.635447999999999791e-01 9.737092000000000525e-01 8.463313000000000086e-01 -1.830759000000000000e-04
1.451419999999999932e-01 5.294883999999999702e-02 8.273129000000000177e-01 1.044791000000000025e+00 9.305754999999999999e-01 4.435706999999999844e-01 -2.305138000000000087e-04
4.987719999999999931e-01 3.111892000000000130e-02 7.378464999999999607e-01 9.277693999999999663e-01 6.254524000000000195e-01 1.320496999999999921e-01 -2.054228000000000011e-04
3.803139999999999854e-01 4.551017999999999730e-02 6.831684000000000090e-01 8.145940999999999876e-01 8.662973999999999952e-01 2.868236000000000119e-01 -1.521817000000000070e-04
2.494429999999999981e-01 4.312466000000000216e-02 8.687219000000000468e-01 1.076651999999999942e+00 6.761000999999999816e-01 3.471369999999999734e-01 -1.433864000000000135e-04
1.340429999999999955e-01 3.794970999999999761e-02 8.092456999999999567e-01 9.532477999999999785e-01 8.694102000000000219e-01 8.840630000000000432e-01 -2.383974000000000021e-04
4.479009999999999936e-01 5.408769000000000077e-02 5.310783999999999505e-01 1.031076000000000104e+00 7.707522999999999458e-01 9.225748999999999755e-01 -1.128899999999999983e-04
2.336249999999999993e-01 5.691894000000000120e-02 8.626939999999999609e-01 1.185006999999999922e+00 6.005405000000000326e-01 9.854450999999999627e-01 -1.130575999999999998e-04
2.393520000000000092e-01 4.654694000000000192e-02 8.319912999999999892e-01 1.010246999999999895e+00 8.472766999999999937e-01 7.964965000000000517e-01 -1.011887000000000024e-04
1.783359999999999945e-01 4.008203999999999934e-02 6.749123000000000205e-01 8.282156000000000518e-01 9.313493000000000466e-01 6.456962000000000534e-01 -1.987457000000000037e-04
4.817339999999999955e-01 3.998594999999999927e-02 5.775919000000000469e-01 1.098125000000000018e+00 9.254238000000000186e-01 2.363769000000000009e-01 -1.001108999999999972e-04
2.151909999999999934e-01 3.237865999999999661e-02 5.355174999999999796e-01 1.052186999999999983e+00 9.378969000000000333e-01 6.565233000000000319e-01 -2.756452999999999746e-04
3.385730000000000128e-01 4.364068000000000114e-02 7.110503000000000240e-01 1.128500000000000059e+00 6.151731999999999756e-01 6.634402999999999828e-01 -1.320326999999999937e-04
1.580940000000000123e-01 3.768242000000000119e-02 8.407611999999999863e-01 1.030777000000000054e+00 9.742488000000000259e-01 5.256395000000000373e-01 -2.750710999999999760e-04
2.828829999999999956e-01 3.440272999999999942e-02 5.677934999999999510e-01 1.058721999999999941e+00 8.722351999999999883e-01 8.510731000000000268e-01 -1.466751999999999878e-04
4.631990000000000274e-01 5.446668000000000343e-02 8.235122999999999749e-01 1.165313999999999961e+00 6.130670999999999760e-01 3.874627999999999961e-01 -2.603204999999999820e-04
2.326010000000000022e-01 4.675702999999999804e-02 6.037782000000000426e-01 9.469225999999999477e-01 9.761431999999999887e-01 4.515094000000000052e-01 -1.505766999999999978e-04
1.107080000000000009e-01 5.131867999999999846e-02 6.813103000000000353e-01 8.620293999999999457e-01 9.511960000000000415e-01 1.689096999999999960e-01 -2.324368000000000105e-04
2.052360000000000018e-01 5.396170000000000133e-02 7.310124999999999540e-01 8.064618000000000064e-01 8.227605999999999531e-01 8.038794000000000217e-01 -1.207025000000000052e-04
1.694700000000000095e-01 6.119294000000000122e-02 7.821398999999999990e-01 8.799398000000000497e-01 7.973436999999999886e-01 6.569063000000000541e-01 -2.263645999999999909e-04
1.436949999999999894e-01 3.099899000000000057e-02 8.031899000000000122e-01 1.152193999999999940e+00 9.683346000000000453e-01 6.410962999999999523e-01 -1.867355000000000013e-04
4.292290000000000272e-01 4.513956999999999692e-02 8.298122999999999472e-01 9.484521999999999675e-01 7.927283999999999997e-01 6.823099000000000247e-01 -2.693371000000000068e-04
2.271160000000000123e-01 3.228538999999999715e-02 6.665864000000000233e-01 1.125490000000000101e+00 6.271444000000000463e-01 8.431330000000000213e-01 -2.174192999999999937e-04
3.067549999999999999e-01 5.467364000000000251e-02 8.987306999999999935e-01 9.610442999999999625e-01 8.868217000000000461e-01 2.057245000000000046e-01 -1.266271000000000128e-04
4.977599999999999802e-01 3.331014999999999671e-02 5.688372000000000428e-01 9.939065000000000261e-01 7.173969000000000040e-01 7.516032000000000268e-01 -2.421621999999999902e-04
4.028399999999999759e-01 5.199407000000000334e-02 5.388732000000000522e-01 9.070384000000000224e-01 9.402477999999999669e-01 8.405217000000000382e-01 -2.398376000000000023e-04
3.686679999999999957e-01 3.819167999999999868e-02 6.797568999999999972e-01 8.597960999999999521e-01 8.207339000000000162e-01 5.354092000000000295e-01 -2.896279000000000193e-04
2.382269999999999943e-01 5.728503000000000067e-02 6.969587999999999894e-01 8.733307999999999627e-01 7.728641000000000538e-01 2.786344000000000043e-01 -2.137079000000000008e-04
2.485489999999999922e-01 4.696526000000000173e-02 5.365862999999999605e-01 8.203548999999999980e-01 8.886591999999999825e-01 1.582048000000000065e-01 -2.366973000000000080e-04
3.090479999999999894e-01 3.801477000000000328e-02 8.308735000000000426e-01 8.708797999999999817e-01 6.520491999999999955e-01 4.972343000000000179e-01 -3.266892000000000298e-05
4.227119999999999767e-01 6.056298000000000237e-02 5.713903000000000176e-01 8.125225000000000364e-01 8.550847999999999782e-01 9.644017999999999757e-01 -1.296202000000000096e-04
1.080580000000000013e-01 3.039584000000000036e-02 6.956982000000000443e-01 8.435129000000000099e-01 6.067970000000000308e-01 2.507754999999999845e-01 -9.643686000000000218e-05
4.992210000000000258e-01 3.879252999999999868e-02 6.572871000000000130e-01 1.171569000000000083e+00 8.379138999999999893e-01 4.390221999999999736e-01 -3.388883000000000195e-05
3.165160000000000196e-01 4.938603999999999911e-02 8.602674999999999628e-01 9.529201999999999950e-01 7.434361999999999915e-01 3.733389999999999764e-01 -2.177585000000000057e-04
2.013870000000000104e-01 6.901453000000000448e-02 6.878703000000000456e-01 8.031093000000000259e-01 7.148997999999999742e-01 5.252896999999999705e-01 -2.257670000000000087e-04
2.265419999999999934e-01 3.447631999999999780e-02 8.479189999999999783e-01 1.196167999999999898e+00 7.159611999999999643e-01 4.707453999999999805e-01 -2.536082999999999957e-04
2.546490000000000142e-01 5.890559000000000073e-02 7.012140000000000040e-01 1.052477000000000107e+00 6.970956000000000374e-01 8.379174999999999818e-01 -2.248600999999999920e-04
1.062889999999999946e-01 5.301159999999999900e-02 7.708755999999999942e-01 1.171270000000000033e+00 6.414988999999999830e-01 1.140028000000000048e-02 -1.758002000000000046e-04
1.720820000000000127e-01 4.490046999999999788e-02 5.149510000000000476e-01 8.540925999999999796e-01 9.027277999999999691e-01 7.322824000000000000e-02 -6.191747000000000266e-05
1.908269999999999966e-01 4.772917000000000132e-02 7.672054000000000373e-01 8.421246000000000009e-01 8.831763999999999726e-01 4.249458999999999875e-02 -1.149018999999999984e-04
2.364819999999999978e-01 5.866289999999999699e-02 5.770167000000000490e-01 8.941987000000000130e-01 9.907491000000000492e-01 8.355190999999999590e-01 -5.642161000000000273e-05
3.701269999999999838e-01 5.513098999999999777e-02 6.507511999999999741e-01 9.430241000000000318e-01 8.834935999999999900e-01 3.384963000000000277e-01 -2.024902999999999881e-04
3.075860000000000261e-01 3.470799000000000106e-02 7.428097999999999645e-01 1.094584999999999919e+00 9.784066000000000152e-01 6.781951999999999980e-01 -2.363463000000000109e-04
3.936339999999999839e-01 6.273082000000000658e-02 8.337706999999999757e-01 1.140953000000000106e+00 8.234082000000000345e-01 4.654565999999999981e-01 -2.811410999999999771e-04
3.237019999999999897e-01 5.580600000000000144e-02 6.353541000000000327e-01 1.012647000000000075e+00 7.869121000000000032e-01 1.012765999999999944e-01 -1.759683000000000005e-04
4.528750000000000275e-01 5.990311999999999720e-02 7.996674000000000282e-01 1.120181000000000093e+00 6.783158000000000243e-01 4.347603999999999913e-01 -1.363474999999999952e-04
2.717350000000000043e-01 3.464120999999999867e-02 6.363642000000000465e-01 1.132247999999999921e+00 7.611653000000000446e-01 6.644670000000000298e-01 -5.578270999999999772e-05
2.177389999999999881e-01 5.635484999999999800e-02 6.361959999999999837e-01 8.200796000000000197e-01 9.745789000000000257e-01 3.863244000000000122e-01 -2.032276999999999923e-04
2.819200000000000039e-01 4.624049999999999688e-02 5.403523000000000076e-01 9.662406000000000050e-01 8.303705999999999587e-01 7.225376000000000021e-01 -1.630981000000000097e-04
3.479269999999999863e-01 6.728380999999999945e-02 8.449558999999999820e-01 8.970997000000000554e-01 9.546812000000000076e-01 6.708115999999999524e-01 -2.918357000000000221e-04
2.278469999999999940e-01 5.209517999999999788e-02 5.230987000000000275e-01 8.184204000000000478e-01 7.326272999999999813e-01 2.931810000000000249e-01 -3.299217999999999758e-05
2.595250000000000057e-01 5.605298999999999698e-02 7.414091999999999905e-01 1.150315999999999894e+00 9.540336000000000372e-01 8.128786000000000345e-02 -1.313944999999999903e-04
3.982189999999999896e-01 5.180201000000000250e-02 5.030963999999999992e-01 1.163146999999999931e+00 9.610775999999999764e-01 6.364530000000000465e-01 -1.191759000000000053e-04
2.434439999999999937e-01 6.225859000000000254e-02 7.342286999999999564e-01 8.674887000000000015e-01 8.651990999999999987e-01 6.029017999999999877e-02 -1.877469000000000100e-05
1.497479999999999922e-01 4.781007999999999786e-02 6.481118999999999630e-01 9.045685999999999449e-01 7.269025000000000070e-01 6.528922999999999810e-01 -2.335536999999999997e-04
3.944710000000000161e-01 6.094310000000000005e-02 7.542560000000000375e-01 9.943450999999999818e-01 9.803673000000000526e-01 2.294511999999999941e-01 -2.067288999999999919e-05
2.067070000000000018e-01 3.216858999999999691e-02 7.010336000000000345e-01 9.905228000000000366e-01 8.855197000000000207e-01 1.275560000000000027e-01 -7.157300000000000066e-05
2.121989999999999987e-01 6.276305999999999552e-02 8.805188999999999933e-01 8.431703999999999866e-01 8.938755999999999924e-01 7.262946999999999598e-01 -1.655817000000000074e-04
3.504630000000000245e-01 4.585441999999999990e-02 6.439310000000000311e-01 8.677751000000000214e-01 6.679129000000000316e-01 3.954771999999999732e-01 -1.815417000000000105e-04
2.579409999999999759e-01 6.894171000000000327e-02 7.218073999999999879e-01 9.404563000000000228e-01 8.711257000000000028e-01 1.778316000000000063e-01 -1.194198999999999982e-04
4.455830000000000068e-01 4.100021000000000221e-02 6.511875000000000302e-01 1.177619999999999889e+00 7.623480000000000256e-01 3.064160000000000217e-01 -2.438127999999999910e-04
3.179500000000000104e-01 5.062976000000000282e-02 7.757315999999999656e-01 9.839263999999999788e-01 6.549226000000000214e-01 6.388437000000000143e-01 -2.747604000000000062e-04
1.048179999999999945e-01 3.124872000000000066e-02 7.971439000000000163e-01 1.025493999999999906e+00 6.541367000000000154e-01 8.276759999999999673e-01 -2.412992999999999887e-04
2.235219999999999985e-01 5.148715000000000236e-02 7.781124000000000374e-01 1.177292999999999923e+00 8.922109000000000290e-01 8.309554000000000107e-01 -2.451657999999999897e-04
2.066189999999999971e-01 4.427181000000000172e-02 8.917901999999999774e-01 8.621750999999999721e-01 7.383726999999999929e-01 6.845356000000000218e-01 -2.970771000000000089e-05
2.677490000000000148e-01 5.422462000000000115e-02 8.750191999999999970e-01 1.007339999999999902e+00 6.068820999999999799e-01 8.544287000000000409e-01 -2.531890999999999981e-05
1.886940000000000006e-01 6.357759000000000327e-02 8.665258999999999601e-01 1.086389999999999967e+00 8.042989000000000388e-01 8.067379999999999551e-01 -4.255754000000000318e-05
2.617200000000000082e-01 3.126897000000000010e-02 7.850717000000000390e-01 1.066395999999999900e+00 7.817123000000000266e-01 3.698657000000000195e-01 -9.307126999999999905e-06
2.908529999999999727e-01 3.090085999999999875e-02 6.564735000000000431e-01 1.086243000000000070e+00 6.914877000000000384e-01 2.942067999999999905e-01 -2.945159999999999835e-04
1.148210000000000064e-01 3.286551000000000056e-02 6.486070999999999920e-01 1.172730000000000050e+00 6.778033999999999448e-01 1.618245000000000100e-01 -2.689470999999999919e-04
4.058350000000000013e-01 5.634350999999999943e-02 5.955350000000000366e-01 8.791468999999999534e-01 8.680128999999999762e-01 5.628568000000000460e-01 -5.546971000000000258e-05
