1.205800000000000066e-01 3.804297000000000234e-02 7.903105999999999742e-01 8.298969000000000484e-01 7.585112000000000521e-01 5.756371000000000127e-01 -1.803173000000000091e-04
3.554269999999999929e-01 5.098910000000000248e-02 8.307491000000000181e-01 1.183046999999999960e+00 8.653324999999999489e-01 7.121119000000000199e-01 -1.793817999999999975e-04
3.877059999999999951e-01 6.611720999999999571e-02 6.069272999999999474e-01 1.002831999999999946e+00 8.622465000000000268e-01 5.580722999999999656e-01 -1.288810999999999950e-04
1.808240000000000125e-01 6.720964000000000105e-02 6.047118000000000215e-01 9.379111999999999449e-01 7.043894000000000544e-01 9.187994000000000439e-01 -2.606967999999999872e-04
3.849119999999999764e-01 3.901467000000000129e-02 7.521354999999999569e-01 8.922406000000000503e-01 9.054927999999999866e-01 5.811134999999999495e-01 -1.350854000000000060e-05
1.552479999999999971e-01 6.473389000000000226e-02 8.934942999999999635e-01 8.524313000000000029e-01 9.671543999999999697e-01 2.237733000000000083e-01 -8.358000999999999668e-05
2.687979999999999814e-01 6.588012000000000035e-02 5.025391999999999637e-01 1.101242000000000054e+00 6.497024999999999606e-01 3.438474000000000252e-01 -1.455949999999999909e-04
2.681450000000000222e-01 6.794126999999999805e-02 6.851911000000000529e-01 9.603471000000000091e-01 7.536815000000000042e-01 1.151005999999999974e-01 -1.528636000000000046e-04
2.187610000000000110e-01 6.343973999999999447e-02 7.602141999999999511e-01 9.134778000000000064e-01 9.813610999999999862e-01 9.274991000000000207e-01 -2.306278999999999946e-04
3.503769999999999940e-01 3.808599000000000012e-02 5.594365000000000032e-01 9.832383000000000095e-01 9.082255000000000189e-01 8.284664999999999946e-01 -2.233910000000000030e-04
4.611990000000000256e-01 6.309526000000000023e-02 8.911875000000000213e-01 1.058297999999999961e+00 7.794906999999999808e-01 2.635861999999999927e-01 -1.453916999999999991e-04
2.826509999999999856e-01 6.565957999999999517e-02 6.961344999999999894e-01 1.078106999999999926e+00 9.356510999999999578e-01 1.572736000000000134e-01 -5.455598000000000278e-05
4.463159999999999905e-01 6.088769000000000126e-02 5.071742999999999668e-01 8.659483999999999515e-01 6.536737999999999715e-01 8.257896000000000125e-01 -1.379015999999999944e-04
3.263309999999999822e-01 3.750611999999999696e-02 5.905673000000000172e-01 1.007638999999999951e+00 8.104213000000000111e-01 7.098351000000000521e-01 -1.868592000000000083e-04
1.786429999999999962e-01 3.346778000000000253e-02 5.342170000000000529e-01 9.190144000000000091e-01 6.908520999999999690e-01 8.892714000000000174e-02 -1.661970000000000081e-04
1.573650000000000049e-01 5.492733999999999811e-02 8.857671999999999768e-01 1.140624000000000082e+00 7.896212999999999704e-01 7.920059999999999878e-01 -1.843713999999999878e-04
3.555130000000000234e-01 4.299539000000000138e-02 8.217754000000000447e-01 9.759406999999999943e-01 6.036842000000000041e-01 6.125979999999999759e-01 -2.926406000000000048e-05
1.156650000000000039e-01 3.428102999999999706e-02 5.788628999999999580e-01 8.148326000000000180e-01 8.264635000000000176e-01 6.838937000000000488e-01 -2.486696999999999953e-04
4.030270000000000241e-01 3.756309000000000037e-02 7.002207999999999766e-01 8.547896999999999856e-01 6.319647999999999932e-01 2.339413999999999938e-01 -2.562447000000000032e-04
1.133949999999999958e-01 6.660339999999999316e-02 5.156138999999999584e-01 1.192018000000000022e+00 7.142654999999999976e-01 8.459486000000000505e-01 -2.134472000000000051e-04
1.393260000000000054e-01 3.458134000000000208e-02 5.427672999999999526e-01 8.676359999999999628e-01 6.280713999999999464e-01 5.455223999999999629e-01 -2.425977999999999967e-04
3.575969999999999982e-01 3.711168000000000106e-02 5.942172000000000009e-01 8.826416000000000261e-01 6.405475999999999948e-01 1.022947000000000023e-01 -1.328539000000000055e-04
1.308370000000000088e-01 6.461308000000000329e-02 8.565095000000000347e-01 1.125245000000000051e+00 8.641744000000000092e-01 3.196791999999999967e-01 -1.201484000000000032e-04
4.243759999999999755e-01 6.733432999999999780e-02 6.579540999999999862e-01 1.040380000000000082e+00 7.751985999999999599e-01 1.646836999999999884e-01 -2.212921000000000018e-04
4.744140000000000024e-01 6.458176999999999668e-02 8.035052999999999779e-01 8.277139000000000024e-01 8.437375999999999765e-01 6.168337999999999877e-01 -4.857921999999999870e-06
