3.175000000000000044e-01 4.900000000000000189e-02 6.711000000000000298e-01 9.624000000000000332e-01 8.339999999999999636e-01 1.946999999999999886e+02
3.175000000000000044e-01 4.900000000000000189e-02 6.711000000000000298e-01 9.624000000000000332e-01 8.339999999999999636e-01 2.636999999999999886e+02
3.175000000000000044e-01 4.900000000000000189e-02 6.711000000000000298e-01 9.624000000000000332e-01 8.339999999999999636e-01 -2.180999999999999943e+02
3.175000000000000044e-01 4.900000000000000189e-02 6.711000000000000298e-01 9.624000000000000332e-01 8.339999999999999636e-01 -1.790999999999999943e+02
3.175000000000000044e-01 4.900000000000000189e-02 6.711000000000000298e-01 9.624000000000000332e-01 8.339999999999999636e-01 -5.129999999999999716e+01
3.175000000000000044e-01 4.900000000000000189e-02 6.711000000000000298e-01 9.624000000000000332e-01 8.339999999999999636e-01 1.500000000000000000e+00
3.175000000000000044e-01 4.900000000000000189e-02 6.711000000000000298e-01 9.624000000000000332e-01 8.339999999999999636e-01 1.245000000000000000e+02
3.175000000000000044e-01 4.900000000000000189e-02 6.711000000000000298e-01 9.624000000000000332e-01 8.339999999999999636e-01 1.473000000000000114e+02
3.175000000000000044e-01 4.900000000000000189e-02 6.711000000000000298e-01 9.624000000000000332e-01 8.339999999999999636e-01 2.696999999999999886e+02
3.175000000000000044e-01 4.900000000000000189e-02 6.711000000000000298e-01 9.624000000000000332e-01 8.339999999999999636e-01 -1.290000000000000036e+01
3.175000000000000044e-01 4.900000000000000189e-02 6.711000000000000298e-01 9.624000000000000332e-01 8.339999999999999636e-01 -6.570000000000000284e+01
3.175000000000000044e-01 4.900000000000000189e-02 6.711000000000000298e-01 9.624000000000000332e-01 8.339999999999999636e-01 1.899000000000000057e+02
3.175000000000000044e-01 4.900000000000000189e-02 6.711000000000000298e-01 9.624000000000000332e-01 8.339999999999999636e-01 -3.689999999999999858e+01
3.175000000000000044e-01 4.900000000000000189e-02 6.711000000000000298e-01 9.624000000000000332e-01 8.339999999999999636e-01 -1.197000000000000028e+02
3.175000000000000044e-01 4.900000000000000189e-02 6.711000000000000298e-01 9.624000000000000332e-01 8.339999999999999636e-01 1.659000000000000057e+02
3.175000000000000044e-01 4.900000000000000189e-02 6.711000000000000298e-01 9.624000000000000332e-01 8.339999999999999636e-01 -6.990000000000000568e+01
3.175000000000000044e-01 4.900000000000000189e-02 6.711000000000000298e-01 9.624000000000000332e-01 8.339999999999999636e-01 1.950000000000000000e+01
3.175000000000000044e-01 4.900000000000000189e-02 6.711000000000000298e-01 9.624000000000000332e-01 8.339999999999999636e-01 -3.510000000000000142e+01
3.175000000000000044e-01 4.900000000000000189e-02 6.711000000000000298e-01 9.624000000000000332e-01 8.339999999999999636e-01 -1.575000000000000000e+02
3.175000000000000044e-01 4.900000000000000189e-02 6.711000000000000298e-01 9.624000000000000332e-01 8.339999999999999636e-01 2.595000000000000000e+02
3.175000000000000044e-01 4.900000000000000189e-02 6.711000000000000298e-01 9.624000000000000332e-01 8.339999999999999636e-01 -2.489999999999999858e+01
3.175000000000000044e-01 4.900000000000000189e-02 6.711000000000000298e-01 9.624000000000000332e-01 8.339999999999999636e-01 -2.246999999999999886e+02
3.175000000000000044e-01 4.900000000000000189e-02 6.711000000000000298e-01 9.624000000000000332e-01 8.339999999999999636e-01 -2.270999999999999943e+02
3.175000000000000044e-01 4.900000000000000189e-02 6.711000000000000298e-01 9.624000000000000332e-01 8.339999999999999636e-01 4.350000000000000000e+01
3.175000000000000044e-01 4.900000000000000189e-02 6.711000000000000298e-01 9.624000000000000332e-01 8.339999999999999636e-01 -2.210999999999999943e+02
3.175000000000000044e-01 4.900000000000000189e-02 6.711000000000000298e-01 9.624000000000000332e-01 8.339999999999999636e-01 1.616999999999999886e+02
3.175000000000000044e-01 4.900000000000000189e-02 6.711000000000000298e-01 9.624000000000000332e-01 8.339999999999999636e-01 -2.415000000000000000e+02
3.175000000000000044e-01 4.900000000000000189e-02 6.711000000000000298e-01 9.624000000000000332e-01 8.339999999999999636e-01 1.395000000000000000e+02
3.175000000000000044e-01 4.900000000000000189e-02 6.711000000000000298e-01 9.624000000000000332e-01 8.339999999999999636e-01 -1.760999999999999943e+02
3.175000000000000044e-01 4.900000000000000189e-02 6.711000000000000298e-01 9.624000000000000332e-01 8.339999999999999636e-01 -6.150000000000000000e+01
3.175000000000000044e-01 4.900000000000000189e-02 6.711000000000000298e-01 9.624000000000000332e-01 8.339999999999999636e-01 1.580999999999999943e+02
3.175000000000000044e-01 4.900000000000000189e-02 6.711000000000000298e-01 9.624000000000000332e-01 8.339999999999999636e-01 2.403000000000000114e+02
3.175000000000000044e-01 4.900000000000000189e-02 6.711000000000000298e-01 9.624000000000000332e-01 8.339999999999999636e-01 2.319000000000000057e+02
3.175000000000000044e-01 4.900000000000000189e-02 6.711000000000000298e-01 9.624000000000000332e-01 8.339999999999999636e-01 -1.520999999999999943e+02
3.175000000000000044e-01 4.900000000000000189e-02 6.711000000000000298e-01 9.624000000000000332e-01 8.339999999999999636e-01 -1.109999999999999964e+01
3.175000000000000044e-01 4.900000000000000189e-02 6.711000000000000298e-01 9.624000000000000332e-01 8.339999999999999636e-01 9.000000000000000222e-01
3.175000000000000044e-01 4.900000000000000189e-02 6.711000000000000298e-01 9.624000000000000332e-01 8.339999999999999636e-01 -3.810000000000000142e+01
3.175000000000000044e-01 4.900000000000000189e-02 6.711000000000000298e-01 9.624000000000000332e-01 8.339999999999999636e-01 -2.636999999999999886e+02
3.175000000000000044e-01 4.900000000000000189e-02 6.711000000000000298e-01 9.624000000000000332e-01 8.339999999999999636e-01 -2.343000000000000114e+02
3.175000000000000044e-01 4.900000000000000189e-02 6.711000000000000298e-01 9.624000000000000332e-01 8.339999999999999636e-01 2.516999999999999886e+02
3.175000000000000044e-01 4.900000000000000189e-02 6.711000000000000298e-01 9.624000000000000332e-01 8.339999999999999636e-01 -2.726999999999999886e+02
3.175000000000000044e-01 4.900000000000000189e-02 6.711000000000000298e-01 9.624000000000000332e-01 8.339999999999999636e-01 -1.886999999999999886e+02
3.175000000000000044e-01 4.900000000000000189e-02 6.711000000000000298e-01 9.624000000000000332e-01 8.339999999999999636e-01 1.515000000000000000e+02
3.175000000000000044e-01 4.900000000000000189e-02 6.711000000000000298e-01 9.624000000000000332e-01 8.339999999999999636e-01 3.929999999999999716e+01
3.175000000000000044e-01 4.900000000000000189e-02 6.711000000000000298e-01 9.624000000000000332e-01 8.339999999999999636e-01 -2.006999999999999886e+02
3.175000000000000044e-01 4.900000000000000189e-02 6.711000000000000298e-01 9.624000000000000332e-01 8.339999999999999636e-01 -1.929000000000000057e+02
3.175000000000000044e-01 4.900000000000000189e-02 6.711000000000000298e-01 9.624000000000000332e-01 8.339999999999999636e-01 2.768999999999999773e+02
3.175000000000000044e-01 4.900000000000000189e-02 6.711000000000000298e-01 9.624000000000000332e-01 8.339999999999999636e-01 2.910000000000000142e+01
3.175000000000000044e-01 4.900000000000000189e-02 6.711000000000000298e-01 9.624000000000000332e-01 8.339999999999999636e-01 2.126999999999999886e+02
3.175000000000000044e-01 4.900000000000000189e-02 6.711000000000000298e-01 9.624000000000000332e-01 8.339999999999999636e-01 2.366999999999999886e+02
3.175000000000000044e-01 4.900000000000000189e-02 6.711000000000000298e-01 9.624000000000000332e-01 8.339999999999999636e-01 8.609999999999999432e+01
3.175000000000000044e-01 4.900000000000000189e-02 6.711000000000000298e-01 9.624000000000000332e-01 8.339999999999999636e-01 -1.845000000000000000e+02
3.175000000000000044e-01 4.900000000000000189e-02 6.711000000000000298e-01 9.624000000000000332e-01 8.339999999999999636e-01 2.186999999999999886e+02
3.175000000000000044e-01 4.900000000000000189e-02 6.711000000000000298e-01 9.624000000000000332e-01 8.339999999999999636e-01 5.550000000000000000e+01
3.175000000000000044e-01 4.900000000000000189e-02 6.711000000000000298e-01 9.624000000000000332e-01 8.339999999999999636e-01 -1.112999999999999972e+02
3.175000000000000044e-01 4.900000000000000189e-02 6.711000000000000298e-01 9.624000000000000332e-01 8.339999999999999636e-01 5.370000000000000284e+01
3.175000000000000044e-01 4.900000000000000189e-02 6.711000000000000298e-01 9.624000000000000332e-01 8.339999999999999636e-01 -2.139000000000000057e+02
3.175000000000000044e-01 4.900000000000000189e-02 6.711000000000000298e-01 9.624000000000000332e-01 8.339999999999999636e-01 9.150000000000000000e+01
3.175000000000000044e-01 4.900000000000000189e-02 6.711000000000000298e-01 9.624000000000000332e-01 8.339999999999999636e-01 2.336999999999999886e+02
3.175000000000000044e-01 4.900000000000000189e-02 6.711000000000000298e-01 9.624000000000000332e-01 8.339999999999999636e-01 -2.673000000000000114e+02
3.175000000000000044e-01 4.900000000000000189e-02 6.711000000000000298e-01 9.624000000000000332e-01 8.339999999999999636e-01 -1.070999999999999943e+02
3.175000000000000044e-01 4.900000000000000189e-02 6.711000000000000298e-01 9.624000000000000332e-01 8.339999999999999636e-01 2.235000000000000000e+02
3.175000000000000044e-01 4.900000000000000189e-02 6.711000000000000298e-01 9.624000000000000332e-01 8.339999999999999636e-01 6.089999999999999858e+01
3.175000000000000044e-01 4.900000000000000189e-02 6.711000000000000298e-01 9.624000000000000332e-01 8.339999999999999636e-01 1.970999999999999943e+02
3.175000000000000044e-01 4.900000000000000189e-02 6.711000000000000298e-01 9.624000000000000332e-01 8.339999999999999636e-01 -8.909999999999999432e+01
3.175000000000000044e-01 4.900000000000000189e-02 6.711000000000000298e-01 9.624000000000000332e-01 8.339999999999999636e-01 1.005000000000000000e+02
3.175000000000000044e-01 4.900000000000000189e-02 6.711000000000000298e-01 9.624000000000000332e-01 8.339999999999999636e-01 -2.163000000000000114e+02
3.175000000000000044e-01 4.900000000000000189e-02 6.711000000000000298e-01 9.624000000000000332e-01 8.339999999999999636e-01 2.306999999999999886e+02
3.175000000000000044e-01 4.900000000000000189e-02 6.711000000000000298e-01 9.624000000000000332e-01 8.339999999999999636e-01 -1.875000000000000000e+02
3.175000000000000044e-01 4.900000000000000189e-02 6.711000000000000298e-01 9.624000000000000332e-01 8.339999999999999636e-01 -6.450000000000000000e+01
3.175000000000000044e-01 4.900000000000000189e-02 6.711000000000000298e-01 9.624000000000000332e-01 8.339999999999999636e-01 -2.613000000000000114e+02
3.175000000000000044e-01 4.900000000000000189e-02 6.711000000000000298e-01 9.624000000000000332e-01 8.339999999999999636e-01 1.449000000000000057e+02
3.175000000000000044e-01 4.900000000000000189e-02 6.711000000000000298e-01 9.624000000000000332e-01 8.339999999999999636e-01 7.709999999999999432e+01
3.175000000000000044e-01 4.900000000000000189e-02 6.711000000000000298e-01 9.624000000000000332e-01 8.339999999999999636e-01 -2.931000000000000227e+02
3.175000000000000044e-01 4.900000000000000189e-02 6.711000000000000298e-01 9.624000000000000332e-01 8.339999999999999636e-01 -2.961000000000000227e+02
3.175000000000000044e-01 4.900000000000000189e-02 6.711000000000000298e-01 9.624000000000000332e-01 8.339999999999999636e-01 8.909999999999999432e+01
3.175000000000000044e-01 4.900000000000000189e-02 6.711000000000000298e-01 9.624000000000000332e-01 8.339999999999999636e-01 2.133000000000000114e+02
3.175000000000000044e-01 4.900000000000000189e-02 6.711000000000000298e-01 9.624000000000000332e-01 8.339999999999999636e-01 5.310000000000000142e+01
3.175000000000000044e-01 4.900000000000000189e-02 6.711000000000000298e-01 9.624000000000000332e-01 8.339999999999999636e-01 1.886999999999999886e+02
3.175000000000000044e-01 4.900000000000000189e-02 6.711000000000000298e-01 9.624000000000000332e-01 8.339999999999999636e-01 -1.610999999999999943e+02
3.175000000000000044e-01 4.900000000000000189e-02 6.711000000000000298e-01 9.624000000000000332e-01 8.339999999999999636e-01 1.845000000000000000e+02
3.175000000000000044e-01 4.900000000000000189e-02 6.711000000000000298e-01 9.624000000000000332e-01 8.339999999999999636e-01 -1.230000000000000071e+01
3.175000000000000044e-01 4.900000000000000189e-02 6.711000000000000298e-01 9.624000000000000332e-01 8.339999999999999636e-01 1.290000000000000036e+01
3.175000000000000044e-01 4.900000000000000189e-02 6.711000000000000298e-01 9.624000000000000332e-01 8.339999999999999636e-01 -6.929999999999999716e+01
3.175000000000000044e-01 4.900000000000000189e-02 6.711000000000000298e-01 9.624000000000000332e-01 8.339999999999999636e-01 -2.229000000000000057e+02
3.175000000000000044e-01 4.900000000000000189e-02 6.711000000000000298e-01 9.624000000000000332e-01 8.339999999999999636e-01 2.553000000000000114e+02
3.175000000000000044e-01 4.900000000000000189e-02 6.711000000000000298e-01 9.624000000000000332e-01 8.339999999999999636e-01 2.811000000000000227e+02
3.175000000000000044e-01 4.900000000000000189e-02 6.711000000000000298e-01 9.624000000000000332e-01 8.339999999999999636e-01 1.670999999999999943e+02
3.175000000000000044e-01 4.900000000000000189e-02 6.711000000000000298e-01 9.624000000000000332e-01 8.339999999999999636e-01 -2.610000000000000142e+01
3.175000000000000044e-01 4.900000000000000189e-02 6.711000000000000298e-01 9.624000000000000332e-01 8.339999999999999636e-01 1.316999999999999886e+02
3.175000000000000044e-01 4.900000000000000189e-02 6.711000000000000298e-01 9.624000000000000332e-01 8.339999999999999636e-01 -2.703000000000000114e+02
3.175000000000000044e-01 4.900000000000000189e-02 6.711000000000000298e-01 9.624000000000000332e-01 8.339999999999999636e-01 -1.329000000000000057e+02
3.175000000000000044e-01 4.900000000000000189e-02 6.711000000000000298e-01 9.624000000000000332e-01 8.339999999999999636e-01 5.010000000000000142e+01
3.175000000000000044e-01 4.900000000000000189e-02 6.711000000000000298e-01 9.624000000000000332e-01 8.339999999999999636e-01 2.180999999999999943e+02
3.175000000000000044e-01 4.900000000000000189e-02 6.711000000000000298e-01 9.624000000000000332e-01 8.339999999999999636e-01 6.629999999999999716e+01
3.175000000000000044e-01 4.900000000000000189e-02 6.711000000000000298e-01 9.624000000000000332e-01 8.339999999999999636e-01 1.130999999999999943e+02
3.175000000000000044e-01 4.900000000000000189e-02 6.711000000000000298e-01 9.624000000000000332e-01 8.339999999999999636e-01 -2.700000000000000178e+00
3.175000000000000044e-01 4.900000000000000189e-02 6.711000000000000298e-01 9.624000000000000332e-01 8.339999999999999636e-01 -2.925000000000000000e+02
3.175000000000000044e-01 4.900000000000000189e-02 6.711000000000000298e-01 9.624000000000000332e-01 8.339999999999999636e-01 7.229999999999999716e+01
3.175000000000000044e-01 4.900000000000000189e-02 6.711000000000000298e-01 9.624000000000000332e-01 8.339999999999999636e-01 -1.040999999999999943e+02
3.175000000000000044e-01 4.900000000000000189e-02 6.711000000000000298e-01 9.624000000000000332e-01 8.339999999999999636e-01 1.736999999999999886e+02
3.175000000000000044e-01 4.900000000000000189e-02 6.711000000000000298e-01 9.624000000000000332e-01 8.339999999999999636e-01 -2.828999999999999773e+02
3.175000000000000044e-01 4.900000000000000189e-02 6.711000000000000298e-01 9.624000000000000332e-01 8.339999999999999636e-01 1.107000000000000028e+02
3.175000000000000044e-01 4.900000000000000189e-02 6.711000000000000298e-01 9.624000000000000332e-01 8.339999999999999636e-01 2.295000000000000000e+02
3.175000000000000044e-01 4.900000000000000189e-02 6.711000000000000298e-01 9.624000000000000332e-01 8.339999999999999636e-01 -2.565000000000000000e+02
3.175000000000000044e-01 4.900000000000000189e-02 6.711000000000000298e-01 9.624000000000000332e-01 8.339999999999999636e-01 -2.409000000000000057e+02
3.175000000000000044e-01 4.900000000000000189e-02 6.711000000000000298e-01 9.624000000000000332e-01 8.339999999999999636e-01 6.150000000000000000e+01
3.175000000000000044e-01 4.900000000000000189e-02 6.711000000000000298e-01 9.624000000000000332e-01 8.339999999999999636e-01 2.685000000000000000e+02
3.175000000000000044e-01 4.900000000000000189e-02 6.711000000000000298e-01 9.624000000000000332e-01 8.339999999999999636e-01 -2.010000000000000142e+01
3.175000000000000044e-01 4.900000000000000189e-02 6.711000000000000298e-01 9.624000000000000332e-01 8.339999999999999636e-01 1.227000000000000028e+02
3.175000000000000044e-01 4.900000000000000189e-02 6.711000000000000298e-01 9.624000000000000332e-01 8.339999999999999636e-01 -1.623000000000000114e+02
3.175000000000000044e-01 4.900000000000000189e-02 6.711000000000000298e-01 9.624000000000000332e-01 8.339999999999999636e-01 -2.529000000000000057e+02
3.175000000000000044e-01 4.900000000000000189e-02 6.711000000000000298e-01 9.624000000000000332e-01 8.339999999999999636e-01 -2.445000000000000000e+02
3.175000000000000044e-01 4.900000000000000189e-02 6.711000000000000298e-01 9.624000000000000332e-01 8.339999999999999636e-01 -1.950000000000000000e+01
3.175000000000000044e-01 4.900000000000000189e-02 6.711000000000000298e-01 9.624000000000000332e-01 8.339999999999999636e-01 -8.009999999999999432e+01
3.175000000000000044e-01 4.900000000000000189e-02 6.711000000000000298e-01 9.624000000000000332e-01 8.339999999999999636e-01 8.670000000000000284e+01
3.175000000000000044e-01 4.900000000000000189e-02 6.711000000000000298e-01 9.624000000000000332e-01 8.339999999999999636e-01 2.666999999999999886e+02
3.175000000000000044e-01 4.900000000000000189e-02 6.711000000000000298e-01 9.624000000000000332e-01 8.339999999999999636e-01 2.798999999999999773e+02
3.175000000000000044e-01 4.900000000000000189e-02 6.711000000000000298e-01 9.624000000000000332e-01 8.339999999999999636e-01 1.629000000000000057e+02
3.175000000000000044e-01 4.900000000000000189e-02 6.711000000000000298e-01 9.624000000000000332e-01 8.339999999999999636e-01 2.618999999999999773e+02
3.175000000000000044e-01 4.900000000000000189e-02 6.711000000000000298e-01 9.624000000000000332e-01 8.339999999999999636e-01 -2.295000000000000000e+02
3.175000000000000044e-01 4.900000000000000189e-02 6.711000000000000298e-01 9.624000000000000332e-01 8.339999999999999636e-01 -5.970000000000000284e+01
3.175000000000000044e-01 4.900000000000000189e-02 6.711000000000000298e-01 9.624000000000000332e-01 8.339999999999999636e-01 1.695000000000000000e+02
3.175000000000000044e-01 4.900000000000000189e-02 6.711000000000000298e-01 9.624000000000000332e-01 8.339999999999999636e-01 -2.985000000000000000e+02
3.175000000000000044e-01 4.900000000000000189e-02 6.711000000000000298e-01 9.624000000000000332e-01 8.339999999999999636e-01 1.035000000000000000e+02
3.175000000000000044e-01 4.900000000000000189e-02 6.711000000000000298e-01 9.624000000000000332e-01 8.339999999999999636e-01 -1.650000000000000000e+01
3.175000000000000044e-01 4.900000000000000189e-02 6.711000000000000298e-01 9.624000000000000332e-01 8.339999999999999636e-01 -2.049000000000000057e+02
3.175000000000000044e-01 4.900000000000000189e-02 6.711000000000000298e-01 9.624000000000000332e-01 8.339999999999999636e-01 -2.079000000000000057e+02
3.175000000000000044e-01 4.900000000000000189e-02 6.711000000000000298e-01 9.624000000000000332e-01 8.339999999999999636e-01 -2.486999999999999886e+02
3.175000000000000044e-01 4.900000000000000189e-02 6.711000000000000298e-01 9.624000000000000332e-01 8.339999999999999636e-01 1.803000000000000114e+02
3.175000000000000044e-01 4.900000000000000189e-02 6.711000000000000298e-01 9.624000000000000332e-01 8.339999999999999636e-01 6.509999999999999432e+01
3.175000000000000044e-01 4.900000000000000189e-02 6.711000000000000298e-01 9.624000000000000332e-01 8.339999999999999636e-01 1.350000000000000000e+01
3.175000000000000044e-01 4.900000000000000189e-02 6.711000000000000298e-01 9.624000000000000332e-01 8.339999999999999636e-01 -2.936999999999999886e+02
3.175000000000000044e-01 4.900000000000000189e-02 6.711000000000000298e-01 9.624000000000000332e-01 8.339999999999999636e-01 2.463000000000000114e+02
3.175000000000000044e-01 4.900000000000000189e-02 6.711000000000000298e-01 9.624000000000000332e-01 8.339999999999999636e-01 1.413000000000000114e+02
3.175000000000000044e-01 4.900000000000000189e-02 6.711000000000000298e-01 9.624000000000000332e-01 8.339999999999999636e-01 -7.470000000000000284e+01
3.175000000000000044e-01 4.900000000000000189e-02 6.711000000000000298e-01 9.624000000000000332e-01 8.339999999999999636e-01 2.678999999999999773e+02
3.175000000000000044e-01 4.900000000000000189e-02 6.711000000000000298e-01 9.624000000000000332e-01 8.339999999999999636e-01 1.335000000000000000e+02
3.175000000000000044e-01 4.900000000000000189e-02 6.711000000000000298e-01 9.624000000000000332e-01 8.339999999999999636e-01 -2.019000000000000057e+02
3.175000000000000044e-01 4.900000000000000189e-02 6.711000000000000298e-01 9.624000000000000332e-01 8.339999999999999636e-01 2.721000000000000227e+02
3.175000000000000044e-01 4.900000000000000189e-02 6.711000000000000298e-01 9.624000000000000332e-01 8.339999999999999636e-01 2.858999999999999773e+02
3.175000000000000044e-01 4.900000000000000189e-02 6.711000000000000298e-01 9.624000000000000332e-01 8.339999999999999636e-01 -1.580999999999999943e+02
3.175000000000000044e-01 4.900000000000000189e-02 6.711000000000000298e-01 9.624000000000000332e-01 8.339999999999999636e-01 2.175000000000000000e+02
3.175000000000000044e-01 4.900000000000000189e-02 6.711000000000000298e-01 9.624000000000000332e-01 8.339999999999999636e-01 5.610000000000000142e+01
3.175000000000000044e-01 4.900000000000000189e-02 6.711000000000000298e-01 9.624000000000000332e-01 8.339999999999999636e-01 -1.029000000000000057e+02
3.175000000000000044e-01 4.900000000000000189e-02 6.711000000000000298e-01 9.624000000000000332e-01 8.339999999999999636e-01 2.469000000000000057e+02
3.175000000000000044e-01 4.900000000000000189e-02 6.711000000000000298e-01 9.624000000000000332e-01 8.339999999999999636e-01 1.293000000000000114e+02
3.175000000000000044e-01 4.900000000000000189e-02 6.711000000000000298e-01 9.624000000000000332e-01 8.339999999999999636e-01 2.955000000000000000e+02
3.175000000000000044e-01 4.900000000000000189e-02 6.711000000000000298e-01 9.624000000000000332e-01 8.339999999999999636e-01 -1.599000000000000057e+02
3.175000000000000044e-01 4.900000000000000189e-02 6.711000000000000298e-01 9.624000000000000332e-01 8.339999999999999636e-01 1.539000000000000057e+02
3.175000000000000044e-01 4.900000000000000189e-02 6.711000000000000298e-01 9.624000000000000332e-01 8.339999999999999636e-01 -4.289999999999999858e+01
3.175000000000000044e-01 4.900000000000000189e-02 6.711000000000000298e-01 9.624000000000000332e-01 8.339999999999999636e-01 1.190999999999999943e+02
3.175000000000000044e-01 4.900000000000000189e-02 6.711000000000000298e-01 9.624000000000000332e-01 8.339999999999999636e-01 2.210999999999999943e+02
3.175000000000000044e-01 4.900000000000000189e-02 6.711000000000000298e-01 9.624000000000000332e-01 8.339999999999999636e-01 -2.553000000000000114e+02
3.175000000000000044e-01 4.900000000000000189e-02 6.711000000000000298e-01 9.624000000000000332e-01 8.339999999999999636e-01 -2.096999999999999886e+02
3.175000000000000044e-01 4.900000000000000189e-02 6.711000000000000298e-01 9.624000000000000332e-01 8.339999999999999636e-01 -2.876999999999999886e+02
3.175000000000000044e-01 4.900000000000000189e-02 6.711000000000000298e-01 9.624000000000000332e-01 8.339999999999999636e-01 -3.450000000000000000e+01
3.175000000000000044e-01 4.900000000000000189e-02 6.711000000000000298e-01 9.624000000000000332e-01 8.339999999999999636e-01 -1.509000000000000057e+02
3.175000000000000044e-01 4.900000000000000189e-02 6.711000000000000298e-01 9.624000000000000332e-01 8.339999999999999636e-01 9.570000000000000284e+01
3.175000000000000044e-01 4.900000000000000189e-02 6.711000000000000298e-01 9.624000000000000332e-01 8.339999999999999636e-01 2.216999999999999886e+02
3.175000000000000044e-01 4.900000000000000189e-02 6.711000000000000298e-01 9.624000000000000332e-01 8.339999999999999636e-01 -1.785000000000000000e+02
3.175000000000000044e-01 4.900000000000000189e-02 6.711000000000000298e-01 9.624000000000000332e-01 8.339999999999999636e-01 2.096999999999999886e+02
3.175000000000000044e-01 4.900000000000000189e-02 6.711000000000000298e-01 9.624000000000000332e-01 8.339999999999999636e-01 -2.655000000000000000e+02
3.175000000000000044e-01 4.900000000000000189e-02 6.711000000000000298e-01 9.624000000000000332e-01 8.339999999999999636e-01 -2.240999999999999943e+02
3.175000000000000044e-01 4.900000000000000189e-02 6.711000000000000298e-01 9.624000000000000332e-01 8.339999999999999636e-01 2.150999999999999943e+02
3.175000000000000044e-01 4.900000000000000189e-02 6.711000000000000298e-01 9.624000000000000332e-01 8.339999999999999636e-01 2.109000000000000057e+02
3.175000000000000044e-01 4.900000000000000189e-02 6.711000000000000298e-01 9.624000000000000332e-01 8.339999999999999636e-01 -3.089999999999999858e+01
3.175000000000000044e-01 4.900000000000000189e-02 6.711000000000000298e-01 9.624000000000000332e-01 8.339999999999999636e-01 1.676999999999999886e+02
3.175000000000000044e-01 4.900000000000000189e-02 6.711000000000000298e-01 9.624000000000000332e-01 8.339999999999999636e-01 1.689000000000000057e+02
3.175000000000000044e-01 4.900000000000000189e-02 6.711000000000000298e-01 9.624000000000000332e-01 8.339999999999999636e-01 -9.329999999999999716e+01
3.175000000000000044e-01 4.900000000000000189e-02 6.711000000000000298e-01 9.624000000000000332e-01 8.339999999999999636e-01 2.571000000000000227e+02
3.175000000000000044e-01 4.900000000000000189e-02 6.711000000000000298e-01 9.624000000000000332e-01 8.339999999999999636e-01 -9.509999999999999432e+01
3.175000000000000044e-01 4.900000000000000189e-02 6.711000000000000298e-01 9.624000000000000332e-01 8.339999999999999636e-01 -2.276999999999999886e+02
3.175000000000000044e-01 4.900000000000000189e-02 6.711000000000000298e-01 9.624000000000000332e-01 8.339999999999999636e-01 1.940999999999999943e+02
3.175000000000000044e-01 4.900000000000000189e-02 6.711000000000000298e-01 9.624000000000000332e-01 8.339999999999999636e-01 -1.209000000000000057e+02
3.175000000000000044e-01 4.900000000000000189e-02 6.711000000000000298e-01 9.624000000000000332e-01 8.339999999999999636e-01 -2.763000000000000114e+02
3.175000000000000044e-01 4.900000000000000189e-02 6.711000000000000298e-01 9.624000000000000332e-01 8.339999999999999636e-01 -1.293000000000000114e+02
3.175000000000000044e-01 4.900000000000000189e-02 6.711000000000000298e-01 9.624000000000000332e-01 8.339999999999999636e-01 -5.789999999999999858e+01
3.175000000000000044e-01 4.900000000000000189e-02 6.711000000000000298e-01 9.624000000000000332e-01 8.339999999999999636e-01 -3.150000000000000000e+01
3.175000000000000044e-01 4.900000000000000189e-02 6.711000000000000298e-01 9.624000000000000332e-01 8.339999999999999636e-01 -1.563000000000000114e+02
3.175000000000000044e-01 4.900000000000000189e-02 6.711000000000000298e-01 9.624000000000000332e-01 8.339999999999999636e-01 -2.643000000000000114e+02
3.175000000000000044e-01 4.900000000000000189e-02 6.711000000000000298e-01 9.624000000000000332e-01 8.339999999999999636e-01 -5.370000000000000284e+01
3.175000000000000044e-01 4.900000000000000189e-02 6.711000000000000298e-01 9.624000000000000332e-01 8.339999999999999636e-01 2.343000000000000114e+02
3.175000000000000044e-01 4.900000000000000189e-02 6.711000000000000298e-01 9.624000000000000332e-01 8.339999999999999636e-01 2.100000000000000089e+00
3.175000000000000044e-01 4.900000000000000189e-02 6.711000000000000298e-01 9.624000000000000332e-01 8.339999999999999636e-01 -4.500000000000000000e+00
3.175000000000000044e-01 4.900000000000000189e-02 6.711000000000000298e-01 9.624000000000000332e-01 8.339999999999999636e-01 2.163000000000000114e+02
3.175000000000000044e-01 4.900000000000000189e-02 6.711000000000000298e-01 9.624000000000000332e-01 8.339999999999999636e-01 1.665000000000000000e+02
3.175000000000000044e-01 4.900000000000000189e-02 6.711000000000000298e-01 9.624000000000000332e-01 8.339999999999999636e-01 -1.455000000000000000e+02
3.175000000000000044e-01 4.900000000000000189e-02 6.711000000000000298e-01 9.624000000000000332e-01 8.339999999999999636e-01 9.329999999999999716e+01
3.175000000000000044e-01 4.900000000000000189e-02 6.711000000000000298e-01 9.624000000000000332e-01 8.339999999999999636e-01 -2.456999999999999886e+02
3.175000000000000044e-01 4.900000000000000189e-02 6.711000000000000298e-01 9.624000000000000332e-01 8.339999999999999636e-01 9.509999999999999432e+01
3.175000000000000044e-01 4.900000000000000189e-02 6.711000000000000298e-01 9.624000000000000332e-01 8.339999999999999636e-01 -1.460999999999999943e+02
3.175000000000000044e-01 4.900000000000000189e-02 6.711000000000000298e-01 9.624000000000000332e-01 8.339999999999999636e-01 -2.066999999999999886e+02
3.175000000000000044e-01 4.900000000000000189e-02 6.711000000000000298e-01 9.624000000000000332e-01 8.339999999999999636e-01 -2.943000000000000114e+02
3.175000000000000044e-01 4.900000000000000189e-02 6.711000000000000298e-01 9.624000000000000332e-01 8.339999999999999636e-01 -6.329999999999999716e+01
3.175000000000000044e-01 4.900000000000000189e-02 6.711000000000000298e-01 9.624000000000000332e-01 8.339999999999999636e-01 -6.900000000000000355e+00
3.175000000000000044e-01 4.900000000000000189e-02 6.711000000000000298e-01 9.624000000000000332e-01 8.339999999999999636e-01 -2.090999999999999943e+02
3.175000000000000044e-01 4.900000000000000189e-02 6.711000000000000298e-01 9.624000000000000332e-01 8.339999999999999636e-01 2.265000000000000000e+02
3.175000000000000044e-01 4.900000000000000189e-02 6.711000000000000298e-01 9.624000000000000332e-01 8.339999999999999636e-01 -1.803000000000000114e+02
3.175000000000000044e-01 4.900000000000000189e-02 6.711000000000000298e-01 9.624000000000000332e-01 8.339999999999999636e-01 8.970000000000000284e+01
3.175000000000000044e-01 4.900000000000000189e-02 6.711000000000000298e-01 9.624000000000000332e-01 8.339999999999999636e-01 6.450000000000000000e+01
3.175000000000000044e-01 4.900000000000000189e-02 6.711000000000000298e-01 9.624000000000000332e-01 8.339999999999999636e-01 -1.533000000000000114e+02
3.175000000000000044e-01 4.900000000000000189e-02 6.711000000000000298e-01 9.624000000000000332e-01 8.339999999999999636e-01 9.750000000000000000e+01
3.175000000000000044e-01 4.900000000000000189e-02 6.711000000000000298e-01 9.624000000000000332e-01 8.339999999999999636e-01 -7.050000000000000000e+01
3.175000000000000044e-01 4.900000000000000189e-02 6.711000000000000298e-01 9.624000000000000332e-01 8.339999999999999636e-01 1.082999999999999972e+02
3.175000000000000044e-01 4.900000000000000189e-02 6.711000000000000298e-01 9.624000000000000332e-01 8.339999999999999636e-01 -2.336999999999999886e+02
3.175000000000000044e-01 4.900000000000000189e-02 6.711000000000000298e-01 9.624000000000000332e-01 8.339999999999999636e-01 -2.871000000000000227e+02
3.175000000000000044e-01 4.900000000000000189e-02 6.711000000000000298e-01 9.624000000000000332e-01 8.339999999999999636e-01 -2.480999999999999943e+02
3.175000000000000044e-01 4.900000000000000189e-02 6.711000000000000298e-01 9.624000000000000332e-01 8.339999999999999636e-01 -6.270000000000000284e+01
3.175000000000000044e-01 4.900000000000000189e-02 6.711000000000000298e-01 9.624000000000000332e-01 8.339999999999999636e-01 1.593000000000000114e+02
3.175000000000000044e-01 4.900000000000000189e-02 6.711000000000000298e-01 9.624000000000000332e-01 8.339999999999999636e-01 -5.550000000000000000e+01
3.175000000000000044e-01 4.900000000000000189e-02 6.711000000000000298e-01 9.624000000000000332e-01 8.339999999999999636e-01 1.773000000000000114e+02
3.175000000000000044e-01 4.900000000000000189e-02 6.711000000000000298e-01 9.624000000000000332e-01 8.339999999999999636e-01 1.250999999999999943e+02
3.175000000000000044e-01 4.900000000000000189e-02 6.711000000000000298e-01 9.624000000000000332e-01 8.339999999999999636e-01 1.910999999999999943e+02
3.175000000000000044e-01 4.900000000000000189e-02 6.711000000000000298e-01 9.624000000000000332e-01 8.339999999999999636e-01 2.066999999999999886e+02
3.175000000000000044e-01 4.900000000000000189e-02 6.711000000000000298e-01 9.624000000000000332e-01 8.339999999999999636e-01 1.569000000000000057e+02
3.175000000000000044e-01 4.900000000000000189e-02 6.711000000000000298e-01 9.624000000000000332e-01 8.339999999999999636e-01 -2.216999999999999886e+02
3.175000000000000044e-01 4.900000000000000189e-02 6.711000000000000298e-01 9.624000000000000332e-01 8.339999999999999636e-01 7.050000000000000000e+01
3.175000000000000044e-01 4.900000000000000189e-02 6.711000000000000298e-01 9.624000000000000332e-01 8.339999999999999636e-01 4.170000000000000284e+01
3.175000000000000044e-01 4.900000000000000189e-02 6.711000000000000298e-01 9.624000000000000332e-01 8.339999999999999636e-01 -2.745000000000000000e+02
3.175000000000000044e-01 4.900000000000000189e-02 6.711000000000000298e-01 9.624000000000000332e-01 8.339999999999999636e-01 -2.073000000000000114e+02
3.175000000000000044e-01 4.900000000000000189e-02 6.711000000000000298e-01 9.624000000000000332e-01 8.339999999999999636e-01 1.700999999999999943e+02
3.175000000000000044e-01 4.900000000000000189e-02 6.711000000000000298e-01 9.624000000000000332e-01 8.339999999999999636e-01 1.455000000000000000e+02
3.175000000000000044e-01 4.900000000000000189e-02 6.711000000000000298e-01 9.624000000000000332e-01 8.339999999999999636e-01 -1.155000000000000000e+02
3.175000000000000044e-01 4.900000000000000189e-02 6.711000000000000298e-01 9.624000000000000332e-01 8.339999999999999636e-01 -2.969999999999999929e+01
3.175000000000000044e-01 4.900000000000000189e-02 6.711000000000000298e-01 9.624000000000000332e-01 8.339999999999999636e-01 1.460999999999999943e+02
3.175000000000000044e-01 4.900000000000000189e-02 6.711000000000000298e-01 9.624000000000000332e-01 8.339999999999999636e-01 2.613000000000000114e+02
3.175000000000000044e-01 4.900000000000000189e-02 6.711000000000000298e-01 9.624000000000000332e-01 8.339999999999999636e-01 4.710000000000000142e+01
3.175000000000000044e-01 4.900000000000000189e-02 6.711000000000000298e-01 9.624000000000000332e-01 8.339999999999999636e-01 -1.275000000000000000e+02
3.175000000000000044e-01 4.900000000000000189e-02 6.711000000000000298e-01 9.624000000000000332e-01 8.339999999999999636e-01 5.099999999999999645e+00
3.175000000000000044e-01 4.900000000000000189e-02 6.711000000000000298e-01 9.624000000000000332e-01 8.339999999999999636e-01 2.486999999999999886e+02
3.175000000000000044e-01 4.900000000000000189e-02 6.711000000000000298e-01 9.624000000000000332e-01 8.339999999999999636e-01 -1.359000000000000057e+02
3.175000000000000044e-01 4.900000000000000189e-02 6.711000000000000298e-01 9.624000000000000332e-01 8.339999999999999636e-01 -4.050000000000000000e+01
3.175000000000000044e-01 4.900000000000000189e-02 6.711000000000000298e-01 9.624000000000000332e-01 8.339999999999999636e-01 1.305000000000000000e+02
3.175000000000000044e-01 4.900000000000000189e-02 6.711000000000000298e-01 9.624000000000000332e-01 8.339999999999999636e-01 -1.142999999999999972e+02
3.175000000000000044e-01 4.900000000000000189e-02 6.711000000000000298e-01 9.624000000000000332e-01 8.339999999999999636e-01 -9.809999999999999432e+01
3.175000000000000044e-01 4.900000000000000189e-02 6.711000000000000298e-01 9.624000000000000332e-01 8.339999999999999636e-01 1.503000000000000114e+02
3.175000000000000044e-01 4.900000000000000189e-02 6.711000000000000298e-01 9.624000000000000332e-01 8.339999999999999636e-01 1.065000000000000000e+02
3.175000000000000044e-01 4.900000000000000189e-02 6.711000000000000298e-01 9.624000000000000332e-01 8.339999999999999636e-01 -1.970999999999999943e+02
3.175000000000000044e-01 4.900000000000000189e-02 6.711000000000000298e-01 9.624000000000000332e-01 8.339999999999999636e-01 -5.850000000000000000e+01
3.175000000000000044e-01 4.900000000000000189e-02 6.711000000000000298e-01 9.624000000000000332e-01 8.339999999999999636e-01 -1.869000000000000057e+02
3.175000000000000044e-01 4.900000000000000189e-02 6.711000000000000298e-01 9.624000000000000332e-01 8.339999999999999636e-01 -2.955000000000000000e+02
3.175000000000000044e-01 4.900000000000000189e-02 6.711000000000000298e-01 9.624000000000000332e-01 8.339999999999999636e-01 2.025000000000000000e+02
3.175000000000000044e-01 4.900000000000000189e-02 6.711000000000000298e-01 9.624000000000000332e-01 8.339999999999999636e-01 -1.425000000000000000e+02
3.175000000000000044e-01 4.900000000000000189e-02 6.711000000000000298e-01 9.624000000000000332e-01 8.339999999999999636e-01 -8.609999999999999432e+01
3.175000000000000044e-01 4.900000000000000189e-02 6.711000000000000298e-01 9.624000000000000332e-01 8.339999999999999636e-01 -2.433000000000000114e+02
3.175000000000000044e-01 4.900000000000000189e-02 6.711000000000000298e-01 9.624000000000000332e-01 8.339999999999999636e-01 2.349000000000000057e+02
3.175000000000000044e-01 4.900000000000000189e-02 6.711000000000000298e-01 9.624000000000000332e-01 8.339999999999999636e-01 -2.996999999999999886e+02
3.175000000000000044e-01 4.900000000000000189e-02 6.711000000000000298e-01 9.624000000000000332e-01 8.339999999999999636e-01 2.499000000000000057e+02
3.175000000000000044e-01 4.900000000000000189e-02 6.711000000000000298e-01 9.624000000000000332e-01 8.339999999999999636e-01 -2.025000000000000000e+02
3.175000000000000044e-01 4.900000000000000189e-02 6.711000000000000298e-01 9.624000000000000332e-01 8.339999999999999636e-01 -4.410000000000000142e+01
3.175000000000000044e-01 4.900000000000000189e-02 6.711000000000000298e-01 9.624000000000000332e-01 8.339999999999999636e-01 7.890000000000000568e+01
3.175000000000000044e-01 4.900000000000000189e-02 6.711000000000000298e-01 9.624000000000000332e-01 8.339999999999999636e-01 -2.738999999999999773e+02
3.175000000000000044e-01 4.900000000000000189e-02 6.711000000000000298e-01 9.624000000000000332e-01 8.339999999999999636e-01 2.010000000000000142e+01
3.175000000000000044e-01 4.900000000000000189e-02 6.711000000000000298e-01 9.624000000000000332e-01 8.339999999999999636e-01 -1.976999999999999886e+02
3.175000000000000044e-01 4.900000000000000189e-02 6.711000000000000298e-01 9.624000000000000332e-01 8.339999999999999636e-01 1.310999999999999943e+02
3.175000000000000044e-01 4.900000000000000189e-02 6.711000000000000298e-01 9.624000000000000332e-01 8.339999999999999636e-01 6.299999999999999822e+00
3.175000000000000044e-01 4.900000000000000189e-02 6.711000000000000298e-01 9.624000000000000332e-01 8.339999999999999636e-01 2.145000000000000000e+02
3.175000000000000044e-01 4.900000000000000189e-02 6.711000000000000298e-01 9.624000000000000332e-01 8.339999999999999636e-01 -1.005000000000000000e+02
3.175000000000000044e-01 4.900000000000000189e-02 6.711000000000000298e-01 9.624000000000000332e-01 8.339999999999999636e-01 -1.683000000000000114e+02
3.175000000000000044e-01 4.900000000000000189e-02 6.711000000000000298e-01 9.624000000000000332e-01 8.339999999999999636e-01 1.785000000000000000e+02
3.175000000000000044e-01 4.900000000000000189e-02 6.711000000000000298e-01 9.624000000000000332e-01 8.339999999999999636e-01 -1.160999999999999943e+02
3.175000000000000044e-01 4.900000000000000189e-02 6.711000000000000298e-01 9.624000000000000332e-01 8.339999999999999636e-01 -1.706999999999999886e+02
3.175000000000000044e-01 4.900000000000000189e-02 6.711000000000000298e-01 9.624000000000000332e-01 8.339999999999999636e-01 2.625000000000000000e+02
3.175000000000000044e-01 4.900000000000000189e-02 6.711000000000000298e-01 9.624000000000000332e-01 8.339999999999999636e-01 8.550000000000000000e+01
3.175000000000000044e-01 4.900000000000000189e-02 6.711000000000000298e-01 9.624000000000000332e-01 8.339999999999999636e-01 -8.429999999999999716e+01
3.175000000000000044e-01 4.900000000000000189e-02 6.711000000000000298e-01 9.624000000000000332e-01 8.339999999999999636e-01 -1.983000000000000114e+02
3.175000000000000044e-01 4.900000000000000189e-02 6.711000000000000298e-01 9.624000000000000332e-01 8.339999999999999636e-01 -1.035000000000000000e+02
3.175000000000000044e-01 4.900000000000000189e-02 6.711000000000000298e-01 9.624000000000000332e-01 8.339999999999999636e-01 5.729999999999999716e+01
3.175000000000000044e-01 4.900000000000000189e-02 6.711000000000000298e-01 9.624000000000000332e-01 8.339999999999999636e-01 -1.286999999999999886e+02
3.175000000000000044e-01 4.900000000000000189e-02 6.711000000000000298e-01 9.624000000000000332e-01 8.339999999999999636e-01 1.119000000000000057e+02
3.175000000000000044e-01 4.900000000000000189e-02 6.711000000000000298e-01 9.624000000000000332e-01 8.339999999999999636e-01 -9.450000000000000000e+01
3.175000000000000044e-01 4.900000000000000189e-02 6.711000000000000298e-01 9.624000000000000332e-01 8.339999999999999636e-01 1.839000000000000057e+02
3.175000000000000044e-01 4.900000000000000189e-02 6.711000000000000298e-01 9.624000000000000332e-01 8.339999999999999636e-01 -1.935000000000000000e+02
3.175000000000000044e-01 4.900000000000000189e-02 6.711000000000000298e-01 9.624000000000000332e-01 8.339999999999999636e-01 1.586999999999999886e+02
3.175000000000000044e-01 4.900000000000000189e-02 6.711000000000000298e-01 9.624000000000000332e-01 8.339999999999999636e-01 -9.270000000000000284e+01
3.175000000000000044e-01 4.900000000000000189e-02 6.711000000000000298e-01 9.624000000000000332e-01 8.339999999999999636e-01 -1.227000000000000028e+02
3.175000000000000044e-01 4.900000000000000189e-02 6.711000000000000298e-01 9.624000000000000332e-01 8.339999999999999636e-01 -1.389000000000000057e+02
3.175000000000000044e-01 4.900000000000000189e-02 6.711000000000000298e-01 9.624000000000000332e-01 8.339999999999999636e-01 1.779000000000000057e+02
3.175000000000000044e-01 4.900000000000000189e-02 6.711000000000000298e-01 9.624000000000000332e-01 8.339999999999999636e-01 7.170000000000000284e+01
3.175000000000000044e-01 4.900000000000000189e-02 6.711000000000000298e-01 9.624000000000000332e-01 8.339999999999999636e-01 -1.485000000000000000e+02
3.175000000000000044e-01 4.900000000000000189e-02 6.711000000000000298e-01 9.624000000000000332e-01 8.339999999999999636e-01 -5.310000000000000142e+01
3.175000000000000044e-01 4.900000000000000189e-02 6.711000000000000298e-01 9.624000000000000332e-01 8.339999999999999636e-01 -2.576999999999999886e+02
3.175000000000000044e-01 4.900000000000000189e-02 6.711000000000000298e-01 9.624000000000000332e-01 8.339999999999999636e-01 1.100999999999999943e+02
3.175000000000000044e-01 4.900000000000000189e-02 6.711000000000000298e-01 9.624000000000000332e-01 8.339999999999999636e-01 -1.905000000000000000e+02
3.175000000000000044e-01 4.900000000000000189e-02 6.711000000000000298e-01 9.624000000000000332e-01 8.339999999999999636e-01 2.969999999999999929e+01
3.175000000000000044e-01 4.900000000000000189e-02 6.711000000000000298e-01 9.624000000000000332e-01 8.339999999999999636e-01 3.570000000000000284e+01
3.175000000000000044e-01 4.900000000000000189e-02 6.711000000000000298e-01 9.624000000000000332e-01 8.339999999999999636e-01 -2.030999999999999943e+02
3.175000000000000044e-01 4.900000000000000189e-02 6.711000000000000298e-01 9.624000000000000332e-01 8.339999999999999636e-01 2.673000000000000114e+02
3.175000000000000044e-01 4.900000000000000189e-02 6.711000000000000298e-01 9.624000000000000332e-01 8.339999999999999636e-01 2.978999999999999773e+02
3.175000000000000044e-01 4.900000000000000189e-02 6.711000000000000298e-01 9.624000000000000332e-01 8.339999999999999636e-01 -2.150999999999999943e+02
3.175000000000000044e-01 4.900000000000000189e-02 6.711000000000000298e-01 9.624000000000000332e-01 8.339999999999999636e-01 2.888999999999999773e+02
3.175000000000000044e-01 4.900000000000000189e-02 6.711000000000000298e-01 9.624000000000000332e-01 8.339999999999999636e-01 2.733000000000000114e+02
3.175000000000000044e-01 4.900000000000000189e-02 6.711000000000000298e-01 9.624000000000000332e-01 8.339999999999999636e-01 1.406999999999999886e+02
3.175000000000000044e-01 4.900000000000000189e-02 6.711000000000000298e-01 9.624000000000000332e-01 8.339999999999999636e-01 2.703000000000000114e+02
3.175000000000000044e-01 4.900000000000000189e-02 6.711000000000000298e-01 9.624000000000000332e-01 8.339999999999999636e-01 -1.350000000000000000e+01
3.175000000000000044e-01 4.900000000000000189e-02 6.711000000000000298e-01 9.624000000000000332e-01 8.339999999999999636e-01 2.189999999999999858e+01
3.175000000000000044e-01 4.900000000000000189e-02 6.711000000000000298e-01 9.624000000000000332e-01 8.339999999999999636e-01 2.246999999999999886e+02
3.175000000000000044e-01 4.900000000000000189e-02 6.711000000000000298e-01 9.624000000000000332e-01 8.339999999999999636e-01 2.115000000000000000e+02
3.175000000000000044e-01 4.900000000000000189e-02 6.711000000000000298e-01 9.624000000000000332e-01 8.339999999999999636e-01 -9.570000000000000284e+01
3.175000000000000044e-01 4.900000000000000189e-02 6.711000000000000298e-01 9.624000000000000332e-01 8.339999999999999636e-01 -1.119000000000000057e+02
3.175000000000000044e-01 4.900000000000000189e-02 6.711000000000000298e-01 9.624000000000000332e-01 8.339999999999999636e-01 -9.029999999999999716e+01
3.175000000000000044e-01 4.900000000000000189e-02 6.711000000000000298e-01 9.624000000000000332e-01 8.339999999999999636e-01 5.910000000000000142e+01
3.175000000000000044e-01 4.900000000000000189e-02 6.711000000000000298e-01 9.624000000000000332e-01 8.339999999999999636e-01 3.150000000000000000e+01
3.175000000000000044e-01 4.900000000000000189e-02 6.711000000000000298e-01 9.624000000000000332e-01 8.339999999999999636e-01 -2.265000000000000000e+02
3.175000000000000044e-01 4.900000000000000189e-02 6.711000000000000298e-01 9.624000000000000332e-01 8.339999999999999636e-01 -1.593000000000000114e+02
3.175000000000000044e-01 4.900000000000000189e-02 6.711000000000000298e-01 9.624000000000000332e-01 8.339999999999999636e-01 -1.376999999999999886e+02
3.175000000000000044e-01 4.900000000000000189e-02 6.711000000000000298e-01 9.624000000000000332e-01 8.339999999999999636e-01 2.846999999999999886e+02
3.175000000000000044e-01 4.900000000000000189e-02 6.711000000000000298e-01 9.624000000000000332e-01 8.339999999999999636e-01 -2.349000000000000057e+02
3.175000000000000044e-01 4.900000000000000189e-02 6.711000000000000298e-01 9.624000000000000332e-01 8.339999999999999636e-01 1.863000000000000114e+02
3.175000000000000044e-01 4.900000000000000189e-02 6.711000000000000298e-01 9.624000000000000332e-01 8.339999999999999636e-01 -1.899000000000000057e+02
3.175000000000000044e-01 4.900000000000000189e-02 6.711000000000000298e-01 9.624000000000000332e-01 8.339999999999999636e-01 -1.833000000000000114e+02
3.175000000000000044e-01 4.900000000000000189e-02 6.711000000000000298e-01 9.624000000000000332e-01 8.339999999999999636e-01 -1.569000000000000057e+02
3.175000000000000044e-01 4.900000000000000189e-02 6.711000000000000298e-01 9.624000000000000332e-01 8.339999999999999636e-01 2.841000000000000227e+02
3.175000000000000044e-01 4.900000000000000189e-02 6.711000000000000298e-01 9.624000000000000332e-01 8.339999999999999636e-01 1.766999999999999886e+02
3.175000000000000044e-01 4.900000000000000189e-02 6.711000000000000298e-01 9.624000000000000332e-01 8.339999999999999636e-01 2.240999999999999943e+02
3.175000000000000044e-01 4.900000000000000189e-02 6.711000000000000298e-01 9.624000000000000332e-01 8.339999999999999636e-01 4.500000000000000000e+00
3.175000000000000044e-01 4.900000000000000189e-02 6.711000000000000298e-01 9.624000000000000332e-01 8.339999999999999636e-01 -1.586999999999999886e+02
3.175000000000000044e-01 4.900000000000000189e-02 6.711000000000000298e-01 9.624000000000000332e-01 8.339999999999999636e-01 1.469999999999999929e+01
3.175000000000000044e-01 4.900000000000000189e-02 6.711000000000000298e-01 9.624000000000000332e-01 8.339999999999999636e-01 -9.900000000000000355e+00
3.175000000000000044e-01 4.900000000000000189e-02 6.711000000000000298e-01 9.624000000000000332e-01 8.339999999999999636e-01 2.691000000000000227e+02
3.175000000000000044e-01 4.900000000000000189e-02 6.711000000000000298e-01 9.624000000000000332e-01 8.339999999999999636e-01 3.389999999999999858e+01
3.175000000000000044e-01 4.900000000000000189e-02 6.711000000000000298e-01 9.624000000000000332e-01 8.339999999999999636e-01 2.756999999999999886e+02
3.175000000000000044e-01 4.900000000000000189e-02 6.711000000000000298e-01 9.624000000000000332e-01 8.339999999999999636e-01 2.069999999999999929e+01
3.175000000000000044e-01 4.900000000000000189e-02 6.711000000000000298e-01 9.624000000000000332e-01 8.339999999999999636e-01 -1.443000000000000114e+02
3.175000000000000044e-01 4.900000000000000189e-02 6.711000000000000298e-01 9.624000000000000332e-01 8.339999999999999636e-01 -2.678999999999999773e+02
3.175000000000000044e-01 4.900000000000000189e-02 6.711000000000000298e-01 9.624000000000000332e-01 8.339999999999999636e-01 -2.493000000000000114e+02
3.175000000000000044e-01 4.900000000000000189e-02 6.711000000000000298e-01 9.624000000000000332e-01 8.339999999999999636e-01 -2.661000000000000227e+02
3.175000000000000044e-01 4.900000000000000189e-02 6.711000000000000298e-01 9.624000000000000332e-01 8.339999999999999636e-01 1.239000000000000057e+02
3.175000000000000044e-01 4.900000000000000189e-02 6.711000000000000298e-01 9.624000000000000332e-01 8.339999999999999636e-01 -1.500000000000000000e+00
3.175000000000000044e-01 4.900000000000000189e-02 6.711000000000000298e-01 9.624000000000000332e-01 8.339999999999999636e-01 -2.910000000000000142e+01
3.175000000000000044e-01 4.900000000000000189e-02 6.711000000000000298e-01 9.624000000000000332e-01 8.339999999999999636e-01 5.850000000000000000e+01
3.175000000000000044e-01 4.900000000000000189e-02 6.711000000000000298e-01 9.624000000000000332e-01 8.339999999999999636e-01 2.055000000000000000e+02
3.175000000000000044e-01 4.900000000000000189e-02 6.711000000000000298e-01 9.624000000000000332e-01 8.339999999999999636e-01 -1.220999999999999943e+02
3.175000000000000044e-01 4.900000000000000189e-02 6.711000000000000298e-01 9.624000000000000332e-01 8.339999999999999636e-01 4.589999999999999858e+01
3.175000000000000044e-01 4.900000000000000189e-02 6.711000000000000298e-01 9.624000000000000332e-01 8.339999999999999636e-01 1.346999999999999886e+02
3.175000000000000044e-01 4.900000000000000189e-02 6.711000000000000298e-01 9.624000000000000332e-01 8.339999999999999636e-01 -2.510999999999999943e+02
3.175000000000000044e-01 4.900000000000000189e-02 6.711000000000000298e-01 9.624000000000000332e-01 8.339999999999999636e-01 4.229999999999999716e+01
3.175000000000000044e-01 4.900000000000000189e-02 6.711000000000000298e-01 9.624000000000000332e-01 8.339999999999999636e-01 1.436999999999999886e+02
3.175000000000000044e-01 4.900000000000000189e-02 6.711000000000000298e-01 9.624000000000000332e-01 8.339999999999999636e-01 -4.650000000000000000e+01
3.175000000000000044e-01 4.900000000000000189e-02 6.711000000000000298e-01 9.624000000000000332e-01 8.339999999999999636e-01 -3.389999999999999858e+01
3.175000000000000044e-01 4.900000000000000189e-02 6.711000000000000298e-01 9.624000000000000332e-01 8.339999999999999636e-01 2.700000000000000178e+00
3.175000000000000044e-01 4.900000000000000189e-02 6.711000000000000298e-01 9.624000000000000332e-01 8.339999999999999636e-01 1.149000000000000057e+02
3.175000000000000044e-01 4.900000000000000189e-02 6.711000000000000298e-01 9.624000000000000332e-01 8.339999999999999636e-01 -1.082999999999999972e+02
3.175000000000000044e-01 4.900000000000000189e-02 6.711000000000000298e-01 9.624000000000000332e-01 8.339999999999999636e-01 -2.000999999999999943e+02
3.175000000000000044e-01 4.900000000000000189e-02 6.711000000000000298e-01 9.624000000000000332e-01 8.339999999999999636e-01 -1.257000000000000028e+02
3.175000000000000044e-01 4.900000000000000189e-02 6.711000000000000298e-01 9.624000000000000332e-01 8.339999999999999636e-01 2.708999999999999773e+02
3.175000000000000044e-01 4.900000000000000189e-02 6.711000000000000298e-01 9.624000000000000332e-01 8.339999999999999636e-01 2.199000000000000057e+02
3.175000000000000044e-01 4.900000000000000189e-02 6.711000000000000298e-01 9.624000000000000332e-01 8.339999999999999636e-01 -1.659000000000000057e+02
3.175000000000000044e-01 4.900000000000000189e-02 6.711000000000000298e-01 9.624000000000000332e-01 8.339999999999999636e-01 -1.515000000000000000e+02
3.175000000000000044e-01 4.900000000000000189e-02 6.711000000000000298e-01 9.624000000000000332e-01 8.339999999999999636e-01 -2.369999999999999929e+01
3.175000000000000044e-01 4.900000000000000189e-02 6.711000000000000298e-01 9.624000000000000332e-01 8.339999999999999636e-01 -1.653000000000000114e+02
3.175000000000000044e-01 4.900000000000000189e-02 6.711000000000000298e-01 9.624000000000000332e-01 8.339999999999999636e-01 -2.853000000000000114e+02
3.175000000000000044e-01 4.900000000000000189e-02 6.711000000000000298e-01 9.624000000000000332e-01 8.339999999999999636e-01 -2.966999999999999886e+02
3.175000000000000044e-01 4.900000000000000189e-02 6.711000000000000298e-01 9.624000000000000332e-01 8.339999999999999636e-01 2.036999999999999886e+02
3.175000000000000044e-01 4.900000000000000189e-02 6.711000000000000298e-01 9.624000000000000332e-01 8.339999999999999636e-01 1.983000000000000114e+02
3.175000000000000044e-01 4.900000000000000189e-02 6.711000000000000298e-01 9.624000000000000332e-01 8.339999999999999636e-01 -1.719000000000000057e+02
3.175000000000000044e-01 4.900000000000000189e-02 6.711000000000000298e-01 9.624000000000000332e-01 8.339999999999999636e-01 -2.571000000000000227e+02
3.175000000000000044e-01 4.900000000000000189e-02 6.711000000000000298e-01 9.624000000000000332e-01 8.339999999999999636e-01 -9.929999999999999716e+01
3.175000000000000044e-01 4.900000000000000189e-02 6.711000000000000298e-01 9.624000000000000332e-01 8.339999999999999636e-01 -1.743000000000000114e+02
3.175000000000000044e-01 4.900000000000000189e-02 6.711000000000000298e-01 9.624000000000000332e-01 8.339999999999999636e-01 -8.129999999999999716e+01
3.175000000000000044e-01 4.900000000000000189e-02 6.711000000000000298e-01 9.624000000000000332e-01 8.339999999999999636e-01 7.470000000000000284e+01
3.175000000000000044e-01 4.900000000000000189e-02 6.711000000000000298e-01 9.624000000000000332e-01 8.339999999999999636e-01 -2.085000000000000000e+02
3.175000000000000044e-01 4.900000000000000189e-02 6.711000000000000298e-01 9.624000000000000332e-01 8.339999999999999636e-01 1.959000000000000057e+02
3.175000000000000044e-01 4.900000000000000189e-02 6.711000000000000298e-01 9.624000000000000332e-01 8.339999999999999636e-01 2.828999999999999773e+02
3.175000000000000044e-01 4.900000000000000189e-02 6.711000000000000298e-01 9.624000000000000332e-01 8.339999999999999636e-01 -4.529999999999999716e+01
3.175000000000000044e-01 4.900000000000000189e-02 6.711000000000000298e-01 9.624000000000000332e-01 8.339999999999999636e-01 -2.811000000000000227e+02
3.175000000000000044e-01 4.900000000000000189e-02 6.711000000000000298e-01 9.624000000000000332e-01 8.339999999999999636e-01 -7.709999999999999432e+01
3.175000000000000044e-01 4.900000000000000189e-02 6.711000000000000298e-01 9.624000000000000332e-01 8.339999999999999636e-01 -2.306999999999999886e+02
3.175000000000000044e-01 4.900000000000000189e-02 6.711000000000000298e-01 9.624000000000000332e-01 8.339999999999999636e-01 -1.665000000000000000e+02
3.175000000000000044e-01 4.900000000000000189e-02 6.711000000000000298e-01 9.624000000000000332e-01 8.339999999999999636e-01 -1.856999999999999886e+02
3.175000000000000044e-01 4.900000000000000189e-02 6.711000000000000298e-01 9.624000000000000332e-01 8.339999999999999636e-01 3.329999999999999716e+01
3.175000000000000044e-01 4.900000000000000189e-02 6.711000000000000298e-01 9.624000000000000332e-01 8.339999999999999636e-01 -4.829999999999999716e+01
3.175000000000000044e-01 4.900000000000000189e-02 6.711000000000000298e-01 9.624000000000000332e-01 8.339999999999999636e-01 -2.385000000000000000e+02
3.175000000000000044e-01 4.900000000000000189e-02 6.711000000000000298e-01 9.624000000000000332e-01 8.339999999999999636e-01 -2.313000000000000114e+02
3.175000000000000044e-01 4.900000000000000189e-02 6.711000000000000298e-01 9.624000000000000332e-01 8.339999999999999636e-01 3.989999999999999858e+01
3.175000000000000044e-01 4.900000000000000189e-02 6.711000000000000298e-01 9.624000000000000332e-01 8.339999999999999636e-01 -2.846999999999999886e+02
3.175000000000000044e-01 4.900000000000000189e-02 6.711000000000000298e-01 9.624000000000000332e-01 8.339999999999999636e-01 -2.708999999999999773e+02
3.175000000000000044e-01 4.900000000000000189e-02 6.711000000000000298e-01 9.624000000000000332e-01 8.339999999999999636e-01 1.635000000000000000e+02
3.175000000000000044e-01 4.900000000000000189e-02 6.711000000000000298e-01 9.624000000000000332e-01 8.339999999999999636e-01 2.745000000000000000e+02
3.175000000000000044e-01 4.900000000000000189e-02 6.711000000000000298e-01 9.624000000000000332e-01 8.339999999999999636e-01 3.510000000000000142e+01
3.175000000000000044e-01 4.900000000000000189e-02 6.711000000000000298e-01 9.624000000000000332e-01 8.339999999999999636e-01 1.323000000000000114e+02
3.175000000000000044e-01 4.900000000000000189e-02 6.711000000000000298e-01 9.624000000000000332e-01 8.339999999999999636e-01 -9.390000000000000568e+01
3.175000000000000044e-01 4.900000000000000189e-02 6.711000000000000298e-01 9.624000000000000332e-01 8.339999999999999636e-01 8.729999999999999716e+01
3.175000000000000044e-01 4.900000000000000189e-02 6.711000000000000298e-01 9.624000000000000332e-01 8.339999999999999636e-01 1.340999999999999943e+02
3.175000000000000044e-01 4.900000000000000189e-02 6.711000000000000298e-01 9.624000000000000332e-01 8.339999999999999636e-01 1.155000000000000000e+02
3.175000000000000044e-01 4.900000000000000189e-02 6.711000000000000298e-01 9.624000000000000332e-01 8.339999999999999636e-01 5.070000000000000284e+01
3.175000000000000044e-01 4.900000000000000189e-02 6.711000000000000298e-01 9.624000000000000332e-01 8.339999999999999636e-01 2.426999999999999886e+02
3.175000000000000044e-01 4.900000000000000189e-02 6.711000000000000298e-01 9.624000000000000332e-01 8.339999999999999636e-01 -1.545000000000000000e+02
3.175000000000000044e-01 4.900000000000000189e-02 6.711000000000000298e-01 9.624000000000000332e-01 8.339999999999999636e-01 -2.156999999999999886e+02
3.175000000000000044e-01 4.900000000000000189e-02 6.711000000000000298e-01 9.624000000000000332e-01 8.339999999999999636e-01 -1.473000000000000114e+02
3.175000000000000044e-01 4.900000000000000189e-02 6.711000000000000298e-01 9.624000000000000332e-01 8.339999999999999636e-01 -1.815000000000000000e+02
3.175000000000000044e-01 4.900000000000000189e-02 6.711000000000000298e-01 9.624000000000000332e-01 8.339999999999999636e-01 1.965000000000000000e+02
3.175000000000000044e-01 4.900000000000000189e-02 6.711000000000000298e-01 9.624000000000000332e-01 8.339999999999999636e-01 -1.149000000000000057e+02
3.175000000000000044e-01 4.900000000000000189e-02 6.711000000000000298e-01 9.624000000000000332e-01 8.339999999999999636e-01 -2.540999999999999943e+02
3.175000000000000044e-01 4.900000000000000189e-02 6.711000000000000298e-01 9.624000000000000332e-01 8.339999999999999636e-01 2.853000000000000114e+02
3.175000000000000044e-01 4.900000000000000189e-02 6.711000000000000298e-01 9.624000000000000332e-01 8.339999999999999636e-01 1.089000000000000057e+02
3.175000000000000044e-01 4.900000000000000189e-02 6.711000000000000298e-01 9.624000000000000332e-01 8.339999999999999636e-01 1.209000000000000057e+02
3.175000000000000044e-01 4.900000000000000189e-02 6.711000000000000298e-01 9.624000000000000332e-01 8.339999999999999636e-01 -2.469000000000000057e+02
3.175000000000000044e-01 4.900000000000000189e-02 6.711000000000000298e-01 9.624000000000000332e-01 8.339999999999999636e-01 8.370000000000000284e+01
