2.265419999999999934e-01 3.447631999999999780e-02 8.479189999999999783e-01 1.196167999999999898e+00 7.159611999999999643e-01 4.707453999999999805e-01 -2.536082999999999957e-04
2.461339999999999917e-01 5.464290000000000119e-02 5.701935999999999671e-01 1.197832999999999926e+00 7.522670000000000190e-01 3.202607000000000093e-01 -2.014793999999999873e-04
4.880109999999999726e-01 6.080387999999999765e-02 8.771436000000000233e-01 9.784045000000000103e-01 9.098998000000000363e-01 4.921089000000000158e-01 -2.448357000000000181e-04
3.258969999999999922e-01 6.407820000000000182e-02 8.424186999999999648e-01 1.095847000000000016e+00 8.580640000000000489e-01 9.219933000000000156e-01 -2.030191000000000092e-04
2.100130000000000052e-01 6.057164999999999772e-02 6.121016000000000234e-01 8.851385000000000502e-01 9.616995999999999878e-01 1.084105000000000069e-01 -2.773211000000000035e-04
3.515469999999999984e-01 4.407925000000000038e-02 7.508576000000000139e-01 1.036572999999999967e+00 8.554629000000000261e-01 8.279448000000000363e-02 -4.838586999999999825e-05
1.405019999999999880e-01 4.820887000000000089e-02 7.466405999999999876e-01 1.114676999999999918e+00 7.871801000000000492e-01 3.002285000000000093e-01 -1.042179999999999973e-04
4.600739999999999830e-01 3.323612000000000094e-02 6.252495999999999610e-01 8.206042999999999532e-01 8.034911999999999610e-01 8.125255999999999590e-01 -1.829107999999999971e-04
4.833979999999999944e-01 3.289187999999999834e-02 6.891540999999999917e-01 8.735876999999999670e-01 6.049130000000000340e-01 9.216509999999999980e-01 -1.583657999999999941e-04
1.528259999999999896e-01 3.740787000000000279e-02 8.004932999999999632e-01 1.128249000000000057e+00 6.800053999999999821e-01 2.620792000000000121e-01 -4.367441999999999782e-05
1.382039999999999935e-01 6.408890999999999893e-02 7.768298999999999621e-01 1.004939000000000027e+00 9.516904999999999948e-01 2.712994999999999990e-02 -5.508041000000000277e-05
2.035099999999999965e-01 6.539541000000000104e-02 7.522037000000000306e-01 1.118478000000000083e+00 8.808958000000000066e-01 6.769226000000000409e-01 -1.699000000000000098e-04
2.415380000000000027e-01 3.141429999999999917e-02 5.993945000000000523e-01 1.005182000000000020e+00 7.396116999999999830e-01 5.169403000000000192e-01 -2.812560999999999989e-04
2.875429999999999930e-01 6.180323000000000067e-02 7.550017999999999452e-01 1.188477999999999923e+00 7.676395000000000302e-01 3.132496000000000169e-01 -5.027655000000000231e-05
2.659839999999999982e-01 6.512977000000000349e-02 8.042190000000000172e-01 9.175984999999999836e-01 6.893761000000000472e-01 7.347145000000000481e-01 -2.667476000000000005e-04
2.301169999999999882e-01 4.942242000000000163e-02 5.832929000000000030e-01 1.188012999999999986e+00 8.206002000000000018e-01 2.548790000000000222e-01 -1.478840999999999890e-04
2.865199999999999969e-01 5.075384000000000145e-02 7.349797999999999609e-01 1.081461999999999923e+00 6.277901999999999649e-01 4.368881000000000014e-01 -1.603533000000000085e-04
2.723869999999999902e-01 4.958959000000000283e-02 7.947288000000000130e-01 1.127323000000000075e+00 8.503747000000000389e-01 8.812417999999999640e-01 -1.614337999999999993e-04
2.892060000000000186e-01 6.607459999999999722e-02 8.680959999999999788e-01 9.647708000000000395e-01 8.877658999999999967e-01 6.263068999999999997e-01 -2.913990000000000200e-04
3.165160000000000196e-01 4.938603999999999911e-02 8.602674999999999628e-01 9.529201999999999950e-01 7.434361999999999915e-01 3.733389999999999764e-01 -2.177585000000000057e-04
2.556760000000000144e-01 4.992652999999999675e-02 5.667124000000000050e-01 8.155622000000000149e-01 9.230950999999999462e-01 3.503276000000000168e-01 -1.123775000000000061e-04
4.867429999999999812e-01 3.151657000000000070e-02 7.505532000000000314e-01 1.158144999999999980e+00 9.896983000000000308e-01 7.639614000000000127e-01 -2.525354999999999744e-04
1.761119999999999908e-01 5.775597999999999843e-02 6.319789000000000101e-01 1.152471000000000023e+00 6.216720999999999497e-01 8.222557000000000338e-01 -2.385414999999999996e-04
4.714700000000000002e-01 3.298543999999999782e-02 5.080668999999999880e-01 9.471614999999999895e-01 9.159827999999999859e-01 6.132250999999999674e-01 -2.502860000000000089e-04
1.911579999999999946e-01 3.621126999999999679e-02 8.266926999999999470e-01 9.075208000000000164e-01 7.422779000000000460e-01 7.232250999999999541e-01 -8.235314999999999942e-05
2.379499999999999948e-01 3.284882000000000080e-02 8.606044000000000471e-01 9.148380999999999874e-01 8.548164999999999791e-01 6.688363000000000502e-01 -1.879298000000000112e-04
2.206029999999999935e-01 4.121891999999999917e-02 6.858035999999999577e-01 1.098278000000000088e+00 9.668244000000000282e-01 8.274114999999999664e-01 -6.025502000000000429e-07
3.189069999999999960e-01 4.094475999999999671e-02 8.391612999999999989e-01 9.349490000000000300e-01 9.831628000000000034e-01 7.591769000000000434e-01 -1.755624000000000117e-04
1.587439999999999962e-01 3.223041000000000100e-02 5.602013999999999605e-01 8.745743000000000267e-01 7.617996000000000212e-01 9.542186000000000279e-01 -1.044176000000000013e-04
1.634089999999999987e-01 6.404377999999999460e-02 7.731892000000000209e-01 9.790003000000000455e-01 8.546641999999999850e-01 3.937961999999999851e-01 -1.738114000000000144e-05
4.888399999999999967e-01 4.108263999999999666e-02 7.328784000000000409e-01 1.065161000000000024e+00 8.061218999999999468e-01 8.878380999999999634e-01 -1.374644999999999914e-04
2.163360000000000005e-01 3.896817999999999810e-02 7.113840000000000163e-01 1.191578000000000026e+00 9.772235999999999700e-01 3.786140000000000061e-01 -1.232166000000000088e-04
1.113460000000000005e-01 3.606608000000000036e-02 6.390363999999999489e-01 9.718714999999999993e-01 7.845495000000000108e-01 4.062357999999999802e-01 -2.082557999999999924e-04
3.945819999999999883e-01 3.304077999999999876e-02 7.952822999999999976e-01 1.190415999999999919e+00 7.388966000000000145e-01 9.851648000000000349e-02 -1.691085999999999956e-04
2.212469999999999992e-01 4.884858999999999729e-02 7.163766000000000300e-01 8.045759999999999579e-01 7.543781999999999988e-01 6.369966999999999713e-01 -2.099295000000000100e-04
3.398410000000000042e-01 3.312343999999999705e-02 6.143754999999999633e-01 1.052764999999999951e+00 8.951706999999999859e-01 7.243819000000000230e-01 -6.217559999999999472e-05
4.544639999999999791e-01 6.514061000000000157e-02 7.636540000000000550e-01 9.831902000000000141e-01 7.954018999999999950e-01 3.382166999999999812e-01 -1.144118999999999947e-04
4.218819999999999792e-01 4.005050000000000276e-02 6.154627999999999766e-01 1.130630000000000024e+00 9.609368999999999827e-01 4.145858000000000043e-01 -2.381619000000000075e-04
4.602359999999999784e-01 6.027901000000000092e-02 6.225258999999999654e-01 1.013400999999999996e+00 6.651827999999999630e-01 8.833984000000000281e-01 -3.515232000000000025e-05
3.038080000000000225e-01 5.384531000000000039e-02 5.939649000000000179e-01 1.169686000000000003e+00 8.272277000000000102e-01 8.750145000000000284e-01 -2.855544000000000116e-04
1.415150000000000019e-01 4.964462000000000041e-02 8.761396999999999657e-01 8.727943999999999702e-01 9.358338000000000489e-01 7.604246000000000061e-01 -1.234685000000000123e-04
1.742670000000000052e-01 4.208651000000000059e-02 7.963324999999999987e-01 8.238440000000000207e-01 8.419349999999999890e-01 6.909009999999999874e-01 -9.986789000000000581e-05
2.331270000000000009e-01 5.299526000000000237e-02 5.321221000000000423e-01 9.163071000000000410e-01 8.129965999999999582e-01 5.562916999999999446e-01 -2.482618999999999820e-04
1.821750000000000036e-01 6.097401000000000210e-02 8.136193000000000453e-01 9.033155999999999963e-01 8.864416999999999991e-01 8.415483000000000269e-01 -1.729717000000000028e-04
2.817569999999999797e-01 6.427016000000000673e-02 7.017060999999999993e-01 8.218096999999999763e-01 7.481980000000000297e-01 3.480484999999999829e-01 -1.841927000000000093e-04
3.244009999999999949e-01 5.410407999999999884e-02 7.659255999999999842e-01 8.813493000000000022e-01 9.993560999999999694e-01 4.079165000000000152e-01 -4.398512000000000146e-05
3.402299999999999769e-01 4.908574999999999744e-02 8.245474999999999888e-01 9.061105000000000409e-01 9.419214000000000198e-01 4.810212999999999850e-01 -1.908919000000000078e-04
2.527159999999999962e-01 3.209623000000000337e-02 6.834052000000000460e-01 8.530668000000000140e-01 7.292456999999999967e-01 6.915430999999999662e-01 -1.785071999999999907e-04
2.095629999999999993e-01 5.330043000000000281e-02 5.963441000000000436e-01 9.630406000000000244e-01 6.145121999999999529e-01 6.654212000000000460e-01 -2.354706000000000084e-04
2.960990000000000011e-01 5.720014999999999822e-02 7.183958999999999762e-01 9.858867999999999521e-01 8.166877000000000164e-01 9.194868999999999959e-01 -2.239871000000000022e-05
4.857730000000000103e-01 4.787704000000000265e-02 7.295576000000000283e-01 8.668411000000000310e-01 9.066210000000000102e-01 6.434239999999999959e-01 -3.923889000000000066e-05
4.781509999999999927e-01 4.690090000000000231e-02 7.135506999999999822e-01 9.677824999999999900e-01 6.383560000000000345e-01 4.110096999999999778e-01 -2.795162000000000124e-04
4.172790000000000110e-01 5.594037999999999788e-02 5.082402000000000308e-01 1.009889999999999954e+00 7.041323999999999916e-01 3.331486000000000169e-01 -1.024017000000000059e-04
4.906719999999999970e-01 4.466521999999999853e-02 6.193322999999999467e-01 9.556280000000000330e-01 7.900869999999999838e-01 7.977708999999999495e-01 -4.343787999999999821e-05
1.630139999999999922e-01 5.753550999999999804e-02 5.629990999999999746e-01 1.025992999999999933e+00 9.074254000000000486e-01 6.375798000000000298e-01 -1.795827999999999910e-04
4.374259999999999815e-01 4.697334000000000231e-02 6.959252000000000216e-01 8.804216999999999738e-01 9.945321999999999774e-01 7.908579000000000025e-01 -8.879295999999999901e-05
2.708960000000000257e-01 3.544477000000000044e-02 7.684862999999999555e-01 9.635447999999999791e-01 9.737092000000000525e-01 8.463313000000000086e-01 -1.830759000000000000e-04
2.713010000000000144e-01 6.869603999999999988e-02 7.837313999999999670e-01 1.170455000000000023e+00 7.072696000000000538e-01 9.618088999999999666e-01 -3.495426000000000235e-05
4.340930000000000066e-01 5.545441000000000259e-02 7.913299999999999779e-01 9.951788999999999774e-01 8.707489000000000479e-01 8.104529000000000316e-01 -1.809996000000000077e-04
1.359100000000000030e-01 6.277565999999999702e-02 6.161778999999999451e-01 1.094252000000000002e+00 6.731133000000000255e-01 2.116769000000000012e-01 -2.350633000000000030e-04
1.390349999999999919e-01 4.404518000000000322e-02 8.335827999999999571e-01 9.385795999999999584e-01 8.572878000000000442e-01 6.063973999999999753e-01 -1.624546999999999949e-04
1.308370000000000088e-01 6.461308000000000329e-02 8.565095000000000347e-01 1.125245000000000051e+00 8.641744000000000092e-01 3.196791999999999967e-01 -1.201484000000000032e-04
3.547819999999999863e-01 6.263884999999999592e-02 7.651997999999999855e-01 1.067210999999999910e+00 7.123376000000000152e-01 3.138279000000000069e-02 -2.218892000000000032e-04
1.566319999999999935e-01 3.441415999999999920e-02 7.292108999999999952e-01 8.037484000000000295e-01 6.951503999999999461e-01 3.363324999999999787e-01 -6.674293000000000304e-05
2.373999999999999999e-01 5.126822999999999797e-02 8.216506999999999561e-01 1.000402000000000013e+00 7.783052000000000303e-01 6.443493000000000137e-01 -1.541248000000000054e-04
3.410969999999999835e-01 6.763555999999999735e-02 8.101749000000000311e-01 9.992366000000000303e-01 6.973513999999999546e-01 4.377028000000000030e-01 -6.441011999999999649e-05
2.738490000000000091e-01 4.253258000000000039e-02 8.812986999999999904e-01 9.010310000000000263e-01 7.802550000000000319e-01 1.975390999999999952e-01 -1.072986000000000030e-04
4.146179999999999866e-01 3.984062000000000020e-02 7.879291000000000489e-01 1.037325999999999970e+00 9.958445000000000213e-01 8.939205000000000068e-01 -1.905669000000000135e-04
1.852260000000000018e-01 5.825563000000000269e-02 7.365498999999999796e-01 9.658018000000000436e-01 6.674004000000000048e-01 2.545254000000000127e-01 -9.864117000000000479e-05
3.421620000000000217e-01 6.245272000000000323e-02 5.907356999999999747e-01 1.105534000000000017e+00 8.848135999999999779e-01 1.333586999999999967e-01 -1.562575000000000129e-04
1.732390000000000041e-01 5.158432000000000295e-02 5.372303999999999968e-01 1.061150000000000038e+00 7.659508999999999901e-01 2.498441000000000134e-01 -2.123853999999999944e-04
1.335890000000000133e-01 3.211693000000000187e-02 5.898191999999999879e-01 1.147048999999999985e+00 6.568724999999999703e-01 5.803215999999999930e-01 -1.415719000000000124e-04
4.028399999999999759e-01 5.199407000000000334e-02 5.388732000000000522e-01 9.070384000000000224e-01 9.402477999999999669e-01 8.405217000000000382e-01 -2.398376000000000023e-04
3.413320000000000243e-01 4.194965999999999973e-02 6.473134999999999861e-01 8.376187999999999967e-01 9.812081000000000275e-01 5.115807999999999467e-01 -3.862749000000000174e-05
1.660069999999999879e-01 5.318363999999999731e-02 5.212238000000000149e-01 1.160187000000000079e+00 8.851904000000000439e-01 9.786753999999999731e-01 -1.438598000000000079e-04
3.850180000000000269e-01 5.079461999999999866e-02 5.899976999999999583e-01 9.446847000000000438e-01 6.221970000000000001e-01 4.915273000000000003e-01 -3.459855000000000097e-05
3.280529999999999835e-01 5.527631999999999685e-02 8.649778999999999662e-01 9.791402000000000161e-01 8.382682000000000189e-01 5.472034000000000065e-01 -1.069098999999999977e-04
3.028629999999999933e-01 6.882299999999999529e-02 8.371494000000000435e-01 1.164493000000000000e+00 7.350877999999999579e-01 5.972102999999999717e-01 -1.007267999999999993e-04
1.362009999999999887e-01 5.335096000000000283e-02 7.070047000000000414e-01 1.124484999999999957e+00 8.431144000000000416e-01 1.507342999999999877e-01 -1.654670000000000067e-04
4.251969999999999916e-01 5.277443999999999885e-02 8.633954999999999824e-01 1.069679999999999964e+00 8.540411999999999448e-01 8.596019999999999772e-01 -1.590960999999999894e-04
1.035959999999999936e-01 6.008096000000000270e-02 5.317916999999999783e-01 8.878013000000000154e-01 9.285552999999999724e-01 3.712048000000000014e-01 -5.381738000000000277e-05
4.633599999999999941e-01 4.154851999999999851e-02 8.270385999999999571e-01 9.694418000000000202e-01 8.560022000000000464e-01 3.185273000000000132e-01 -1.122515999999999944e-04
2.735079999999999734e-01 5.908622000000000180e-02 5.356724999999999959e-01 9.892395000000000493e-01 7.263589000000000295e-01 4.406630000000000269e-01 -1.239512000000000068e-04
4.905619999999999981e-01 6.361538999999999389e-02 6.084578000000000486e-01 9.499136000000000246e-01 8.456890999999999714e-01 8.641868000000000327e-01 -2.074367999999999991e-04
3.491949999999999776e-01 5.658956999999999876e-02 5.295204999999999496e-01 9.216630999999999574e-01 7.369371999999999590e-01 7.317540999999999629e-01 -2.211040999999999961e-04
1.290179999999999938e-01 4.191936000000000273e-02 5.817014999999999825e-01 8.600449000000000011e-01 8.871392999999999640e-01 4.355458999999999858e-01 -1.907593000000000016e-04
4.821259999999999990e-01 4.346900000000000069e-02 7.862194000000000127e-01 9.451235000000000053e-01 8.851185000000000302e-01 9.845270999999999884e-01 -2.279617999999999966e-04
3.676030000000000131e-01 3.171986000000000250e-02 7.243802000000000296e-01 1.041093000000000046e+00 6.082815999999999779e-01 9.637763000000000302e-01 -8.030210999999999881e-05
2.043059999999999876e-01 3.874570000000000097e-02 7.987018000000000173e-01 9.225537999999999794e-01 6.379789999999999628e-01 5.133429000000000464e-01 -2.000140999999999863e-05
3.184230000000000116e-01 5.928429000000000337e-02 6.201596999999999804e-01 1.115223000000000075e+00 8.674764000000000363e-01 8.294089999999999518e-01 -1.052776000000000032e-04
3.934790000000000232e-01 4.716697999999999724e-02 6.208506000000000302e-01 1.096314000000000011e+00 7.051520999999999484e-01 6.091252999999999806e-01 -2.928628999999999976e-04
4.518159999999999954e-01 4.658107999999999693e-02 7.524155000000000149e-01 9.145885000000000264e-01 8.399706999999999590e-01 2.712003000000000053e-01 -2.879323999999999946e-04
1.002419999999999978e-01 6.576081000000000287e-02 5.775164000000000408e-01 9.220159999999999467e-01 8.500210999999999739e-01 3.060223000000000110e-02 -2.414808000000000004e-04
1.265199999999999936e-01 4.626132000000000161e-02 5.274261000000000088e-01 9.254609999999999781e-01 9.086056000000000132e-01 2.197734000000000076e-01 -7.641385999999999415e-05
2.184719999999999995e-01 3.677922000000000136e-02 5.804666000000000547e-01 1.136328999999999922e+00 8.656494000000000133e-01 9.965304000000000384e-01 -1.030653000000000074e-05
4.293130000000000002e-01 3.848838000000000259e-02 7.640856999999999788e-01 8.018062000000000245e-01 8.334833999999999854e-01 1.252990999999999966e-01 -2.269018000000000033e-04
1.696020000000000028e-01 3.294778999999999763e-02 7.669162000000000479e-01 1.085285000000000055e+00 9.340287000000000450e-01 5.402166000000000468e-01 -7.588010000000000555e-05
4.773319999999999785e-01 4.579756000000000105e-02 8.590761000000000092e-01 1.019649999999999945e+00 8.900919000000000469e-01 9.330806999999999851e-01 -2.615839999999999810e-04
1.052580000000000043e-01 6.717671999999999533e-02 6.453088000000000157e-01 1.065460999999999991e+00 6.018059000000000047e-01 5.526723000000000052e-01 -2.995723000000000049e-04
2.839720000000000022e-01 3.550895999999999914e-02 8.374167999999999612e-01 8.400222999999999995e-01 6.596851999999999716e-01 6.597214999999999607e-01 -2.420373999999999876e-04
2.986980000000000190e-01 6.556030000000000191e-02 5.633293999999999802e-01 1.154663999999999913e+00 8.481914999999999871e-01 4.525043000000000259e-01 -1.207546999999999977e-04
2.153229999999999866e-01 4.399340000000000195e-02 6.698032999999999904e-01 1.198851000000000111e+00 6.850859000000000254e-01 9.954333999999999405e-02 -2.431514999999999978e-04
4.158259999999999734e-01 3.871705999999999759e-02 8.330406999999999673e-01 9.751068000000000513e-01 7.444564000000000181e-01 4.337234999999999840e-01 -1.724816000000000055e-04
2.062640000000000029e-01 6.624190000000000633e-02 6.538707999999999743e-01 9.005573999999999524e-01 8.331655000000000033e-01 2.624289000000000205e-01 -1.798739999999999993e-05
2.613340000000000107e-01 4.527615000000000112e-02 5.764936000000000504e-01 9.130099000000000409e-01 6.288519999999999666e-01 6.151003000000000442e-01 -1.688764999999999949e-04
2.702729999999999855e-01 3.763600000000000279e-02 5.498184999999999878e-01 9.085400000000000142e-01 8.816699999999999537e-01 4.741929999999999756e-01 -2.974728000000000159e-04
2.904900000000000260e-01 3.806621999999999784e-02 8.841223000000000276e-01 1.169972000000000012e+00 6.306648000000000254e-01 6.945358999999999838e-01 -1.421049000000000021e-04
1.505350000000000021e-01 5.028023000000000214e-02 8.697420999999999625e-01 1.038048000000000082e+00 8.592497000000000051e-01 6.532435999999999798e-02 -9.687393000000000306e-05
2.487119999999999886e-01 6.253396999999999428e-02 7.245032000000000139e-01 9.665491000000000499e-01 7.828781999999999686e-01 7.891240000000000476e-01 -2.624794999999999863e-04
4.915010000000000212e-01 6.469948999999999839e-02 5.625645999999999702e-01 1.087523999999999935e+00 6.939035000000000064e-01 3.421161999999999814e-01 -1.508129999999999942e-04
2.095730000000000093e-01 3.652048000000000100e-02 7.584828000000000126e-01 8.246643999999999641e-01 9.078034000000000381e-01 2.819287999999999794e-01 -2.612525999999999998e-04
3.876899999999999791e-01 4.429817999999999950e-02 8.447886999999999480e-01 1.159952000000000094e+00 7.662191999999999892e-01 3.912188999999999806e-01 -1.452865999999999923e-04
2.617200000000000082e-01 3.126897000000000010e-02 7.850717000000000390e-01 1.066395999999999900e+00 7.817123000000000266e-01 3.698657000000000195e-01 -9.307126999999999905e-06
4.201389999999999847e-01 6.621111000000000357e-02 5.132086999999999621e-01 9.971063999999999483e-01 9.265873000000000026e-01 6.867524000000000406e-01 -1.657065999999999899e-04
3.748900000000000010e-01 6.989364000000000687e-02 6.860321999999999809e-01 1.153702000000000005e+00 9.913971000000000311e-01 4.352816999999999936e-01 -2.170283999999999972e-04
1.216160000000000019e-01 6.594160000000000299e-02 7.618057000000000301e-01 1.035339999999999927e+00 9.234006000000000158e-01 7.374032999999999838e-01 -2.836626000000000037e-05
4.792159999999999753e-01 4.301208000000000115e-02 6.816225999999999674e-01 1.136579999999999924e+00 8.258174000000000348e-01 9.817666999999999367e-02 -1.091551999999999947e-04
3.302629999999999733e-01 6.691771999999999998e-02 6.169428000000000134e-01 1.160436000000000023e+00 8.187771999999999828e-01 8.606105999999999479e-02 -5.528190999999999737e-05
2.754670000000000174e-01 3.256395000000000123e-02 7.079305999999999655e-01 1.115521999999999903e+00 6.654524000000000550e-01 7.421058000000000376e-01 -2.475275999999999779e-04
2.571069999999999744e-01 4.368665000000000048e-02 7.516034000000000326e-01 8.307240000000000180e-01 6.927389999999999937e-01 3.968302000000000218e-01 -2.113534000000000015e-05
4.611990000000000256e-01 6.309526000000000023e-02 8.911875000000000213e-01 1.058297999999999961e+00 7.794906999999999808e-01 2.635861999999999927e-01 -1.453916999999999991e-04
2.993910000000000182e-01 6.452723999999999960e-02 8.313892000000000504e-01 9.483669000000000127e-01 6.357323000000000279e-01 2.190307999999999838e-02 -2.492211000000000252e-04
1.869460000000000011e-01 3.579634999999999762e-02 6.109812000000000021e-01 1.044294000000000056e+00 6.843038000000000176e-01 1.443352999999999997e-02 -1.692017000000000033e-04
1.018990000000000035e-01 6.151638999999999718e-02 6.894282999999999939e-01 1.149629999999999930e+00 7.802911999999999626e-01 8.314008999999999983e-01 -3.324421000000000336e-05
1.709320000000000006e-01 6.668483999999999523e-02 8.940820999999999907e-01 1.054669999999999996e+00 8.705891999999999520e-01 4.680675000000000252e-01 -2.272391999999999910e-05
3.564620000000000011e-01 6.890437000000000645e-02 5.532152999999999654e-01 1.077147000000000077e+00 8.788626999999999967e-01 2.323802000000000090e-01 -2.820750000000000124e-04
4.992210000000000258e-01 3.879252999999999868e-02 6.572871000000000130e-01 1.171569000000000083e+00 8.379138999999999893e-01 4.390221999999999736e-01 -3.388883000000000195e-05
2.215940000000000132e-01 5.292128000000000110e-02 6.635273000000000421e-01 8.927348999999999979e-01 7.020450000000000301e-01 9.884340999999999822e-01 -1.516570000000000017e-04
4.949520000000000031e-01 5.215894000000000086e-02 7.266485000000000305e-01 9.713772000000000517e-01 9.825224000000000180e-01 4.424332000000000265e-02 -6.954886999999999875e-05
4.504859999999999975e-01 3.277552999999999717e-02 7.300527999999999462e-01 1.010399999999999965e+00 8.574226999999999821e-01 1.442519999999999913e-01 -4.354129999999999933e-06
1.038310000000000066e-01 4.939509000000000261e-02 7.197027000000000285e-01 9.494188999999999545e-01 6.499103999999999992e-01 6.995322000000000484e-01 -7.022211000000000045e-05
3.807039999999999869e-01 3.165558999999999734e-02 8.808401000000000147e-01 1.167937000000000003e+00 9.192538000000000098e-01 5.316343999999999514e-01 -2.602890000000000078e-05
3.330779999999999852e-01 3.049019000000000035e-02 6.673322000000000420e-01 9.321409999999999973e-01 8.148073000000000121e-01 6.354269999999999641e-01 -1.532449999999999871e-04
3.381779999999999786e-01 3.977997999999999951e-02 5.024714999999999598e-01 8.751020999999999939e-01 7.742759000000000169e-01 4.182057000000000135e-01 -2.709980999999999762e-04
1.456320000000000114e-01 6.350521000000000638e-02 5.489981999999999918e-01 1.173944000000000099e+00 7.606216999999999562e-01 3.826897000000000215e-01 -1.512495000000000094e-04
4.962679999999999869e-01 4.166533000000000042e-02 5.929373000000000005e-01 1.109070999999999918e+00 6.065656000000000381e-01 5.313094000000000428e-01 -2.570668000000000237e-04
4.380240000000000244e-01 6.852004999999999901e-02 6.350968999999999642e-01 1.191055999999999893e+00 6.711458999999999619e-01 7.824434000000000111e-01 -1.220119999999999967e-04
2.771629999999999927e-01 5.025786000000000142e-02 6.334971000000000352e-01 8.994807000000000219e-01 6.862612000000000156e-01 5.178331000000000461e-01 -2.750204000000000139e-05
3.511949999999999794e-01 6.605421000000000209e-02 5.879415000000000058e-01 1.176522999999999985e+00 7.730966000000000227e-01 9.921516999999999697e-01 -7.417078000000000343e-05
2.761979999999999991e-01 5.306646999999999753e-02 8.519936999999999649e-01 8.288510000000000044e-01 7.693193000000000392e-01 1.457494000000000012e-01 -1.389840000000000097e-04
1.008860000000000035e-01 6.432743999999999962e-02 8.203941999999999624e-01 1.178315999999999919e+00 6.625649999999999595e-01 4.592701000000000144e-01 -1.472907000000000025e-04
2.464359999999999884e-01 3.516764000000000001e-02 7.814961000000000269e-01 1.039144000000000068e+00 8.699478999999999962e-01 7.488753000000000215e-01 -2.225693000000000105e-04
2.861890000000000267e-01 6.287410000000000221e-02 8.694619999999999571e-01 1.165669000000000066e+00 9.999776000000000220e-01 8.701204999999999634e-01 -2.022919999999999937e-04
1.419509999999999939e-01 5.369750999999999691e-02 5.287707999999999853e-01 8.361494000000000426e-01 9.834800999999999682e-01 6.178607000000000404e-01 -1.067422000000000027e-04
3.737130000000000174e-01 5.352225000000000038e-02 8.773992000000000457e-01 8.007039000000000240e-01 8.441581000000000223e-01 6.773126999999999898e-01 -5.489550999999999714e-05
4.657729999999999926e-01 5.887457000000000107e-02 8.668504999999999683e-01 1.049873999999999974e+00 7.907830000000000137e-01 2.330824999999999980e-01 -7.250626000000000466e-05
3.657980000000000120e-01 6.194859999999999950e-02 5.592696000000000334e-01 8.783992999999999940e-01 9.838812999999999587e-01 4.768028000000000266e-01 -1.927846000000000041e-04
3.540519999999999778e-01 4.972736999999999991e-02 7.082521999999999984e-01 1.152041000000000093e+00 9.269165999999999794e-01 2.996463999999999794e-01 -2.375556000000000130e-04
2.631760000000000210e-01 4.877622000000000207e-02 6.995324000000000542e-01 9.421175999999999995e-01 8.105546999999999613e-01 5.823152999999999663e-02 -2.623867999999999863e-05
3.714470000000000272e-01 4.620106999999999686e-02 8.157218000000000524e-01 1.181111999999999940e+00 7.086691000000000518e-01 8.565325000000000299e-01 -9.000828000000000214e-05
4.474029999999999951e-01 4.239649000000000195e-02 5.212989999999999569e-01 8.349560999999999789e-01 9.105682999999999971e-01 7.743468999999999491e-01 -2.645481999999999890e-04
3.944710000000000161e-01 6.094310000000000005e-02 7.542560000000000375e-01 9.943450999999999818e-01 9.803673000000000526e-01 2.294511999999999941e-01 -2.067288999999999919e-05
4.004510000000000014e-01 3.537184000000000161e-02 5.813637999999999861e-01 8.231239999999999668e-01 7.236164999999999958e-01 6.041518000000000166e-01 -2.194697999999999972e-04
4.888989999999999725e-01 6.910737999999999603e-02 5.215705000000000480e-01 1.122103999999999990e+00 7.224376000000000131e-01 6.350190999999999475e-02 -1.163693000000000041e-04
4.550150000000000028e-01 3.389874999999999833e-02 8.974180000000000490e-01 9.520870000000000166e-01 6.092083999999999833e-01 6.740559999999999885e-01 -5.862103000000000208e-05
1.282870000000000121e-01 6.242215999999999737e-02 6.251710999999999796e-01 1.196801999999999921e+00 9.788702000000000236e-01 9.395744000000000318e-01 -8.682494000000000561e-06
2.204170000000000018e-01 6.928305999999999354e-02 8.721609000000000167e-01 1.139772999999999925e+00 6.616435000000000510e-01 2.437883000000000133e-01 -2.638303000000000005e-05
1.425279999999999880e-01 4.746084999999999887e-02 6.071058000000000288e-01 8.051435999999999593e-01 8.211382999999999877e-01 3.900610999999999939e-01 -1.019184999999999967e-05
2.147950000000000137e-01 4.607564000000000104e-02 7.253766999999999854e-01 9.051483999999999641e-01 8.976420000000000510e-01 4.057900999999999869e-01 -1.463249999999999924e-04
2.314319999999999988e-01 3.045277000000000053e-02 8.076999999999999735e-01 1.094006999999999952e+00 8.352045999999999637e-01 7.036316000000000237e-01 -2.764640000000000012e-05
3.150299999999999767e-01 3.555981999999999893e-02 8.779702999999999813e-01 1.137561000000000044e+00 6.326015999999999861e-01 4.005452999999999930e-01 -2.017556999999999901e-04
1.510360000000000036e-01 4.323489999999999972e-02 8.794969999999999732e-01 8.467137999999999609e-01 6.224669000000000452e-01 1.340367000000000086e-01 -2.475595999999999938e-04
2.677899999999999725e-01 3.619984999999999870e-02 6.637203999999999882e-01 1.154900999999999955e+00 9.153358999999999801e-01 2.166804999999999981e-01 -4.229003999999999770e-06
4.521580000000000044e-01 5.000844000000000122e-02 6.052286000000000055e-01 9.763808999999999960e-01 8.907627999999999657e-01 1.208397999999999972e-01 -2.343474999999999920e-04
1.102700000000000069e-01 4.537307000000000146e-02 7.357088999999999990e-01 8.469174999999999898e-01 9.050882999999999567e-01 4.671258999999999828e-01 -2.860227999999999816e-04
4.536339999999999817e-01 4.549726999999999938e-02 8.201716999999999480e-01 1.072877000000000081e+00 6.885763999999999774e-01 7.932708000000000537e-01 -2.296924000000000101e-04
4.349000000000000088e-01 4.978972000000000259e-02 8.145687000000000344e-01 8.478780999999999679e-01 8.623560000000000114e-01 4.184853000000000045e-01 -4.941767999999999812e-05
4.414660000000000251e-01 6.713985999999999565e-02 7.236567000000000416e-01 8.756384000000000389e-01 9.371357999999999633e-01 9.341066999999999565e-01 -6.592412999999999659e-05
3.597540000000000182e-01 5.157301999999999720e-02 6.966674000000000477e-01 1.039627000000000079e+00 6.719277999999999640e-01 8.210950000000000193e-01 -6.446237000000000603e-05
4.421849999999999947e-01 5.922242999999999952e-02 8.831320000000000281e-01 9.723456999999999795e-01 6.905343000000000453e-01 3.773357999999999990e-01 -3.286621000000000122e-05
1.556339999999999946e-01 5.868614999999999943e-02 6.958041999999999838e-01 1.105685000000000029e+00 8.199596000000000107e-01 9.620733999999999675e-01 -2.445961999999999876e-04
3.383880000000000221e-01 6.686074999999999657e-02 5.497478000000000087e-01 1.083868000000000054e+00 9.062672999999999979e-01 2.877541000000000126e-01 -1.203102000000000056e-04
3.707489999999999952e-01 5.794004999999999989e-02 8.317236999999999547e-01 9.848942000000000530e-01 9.719229000000000340e-01 9.564051999999999554e-01 -2.404026999999999878e-04
2.694440000000000168e-01 5.798219999999999763e-02 6.933089999999999531e-01 1.048334000000000099e+00 9.780896000000000035e-01 9.008595000000000352e-01 -1.036712999999999979e-04
2.501650000000000262e-01 3.490970999999999658e-02 8.020969999999999489e-01 8.190087999999999813e-01 6.154285999999999923e-01 7.367395000000000194e-02 -2.926623999999999849e-04
1.074630000000000030e-01 6.915852000000000110e-02 5.685230999999999479e-01 8.245187999999999962e-01 7.948458999999999941e-01 7.570126000000000355e-01 -2.264401999999999924e-06
3.533200000000000229e-01 6.961518999999999346e-02 8.517453999999999859e-01 8.919407999999999781e-01 8.320617000000000152e-01 8.325586000000000375e-01 -1.301806999999999986e-04
4.802919999999999967e-01 3.374477000000000032e-02 7.907973999999999837e-01 1.057133000000000100e+00 6.591358999999999968e-01 3.537581000000000059e-02 -2.871944000000000095e-05
4.337489999999999957e-01 4.140334999999999849e-02 6.384821999999999997e-01 9.083864999999999856e-01 8.230781999999999821e-01 5.741247999999999907e-01 -1.971394000000000119e-04
1.297540000000000082e-01 6.545563000000000076e-02 5.386454999999999993e-01 9.689470999999999501e-01 6.517304999999999904e-01 1.392366999999999910e-01 -2.497867000000000186e-04
1.164940000000000003e-01 5.385671000000000208e-02 6.346503000000000005e-01 1.129540999999999906e+00 9.333082999999999796e-01 1.959855000000000069e-01 -1.330902000000000018e-04
4.684110000000000218e-01 6.945160999999999696e-02 5.576780999999999544e-01 1.168865000000000043e+00 9.238577999999999513e-01 1.721397000000000066e-01 -1.411913000000000046e-04
4.093910000000000049e-01 4.775614999999999721e-02 7.204477000000000242e-01 1.142779999999999907e+00 8.122314999999999952e-01 7.702664999999999651e-01 -8.027046999999999576e-07
3.154790000000000094e-01 4.830247000000000013e-02 7.186590000000000478e-01 1.009646000000000043e+00 9.920411000000000090e-01 8.335346000000000144e-01 -1.598182999999999874e-04
1.225549999999999973e-01 5.108217000000000313e-02 6.194062999999999652e-01 1.030089000000000032e+00 6.154404999999999459e-01 9.552663000000000126e-01 -2.231547000000000066e-04
4.384109999999999951e-01 5.489999999999999741e-02 8.264702000000000437e-01 8.381551999999999891e-01 7.182872000000000146e-01 3.622771999999999798e-02 -2.999605999999999822e-04
1.475640000000000007e-01 4.562159999999999827e-02 8.671640000000000459e-01 9.737341000000000468e-01 6.162107999999999475e-01 3.498547999999999936e-02 -1.952772999999999879e-04
3.341180000000000261e-01 6.349367999999999679e-02 6.833371000000000306e-01 1.126841999999999899e+00 6.545990999999999893e-01 5.664919999999999956e-01 -3.729502999999999908e-06
2.577760000000000051e-01 3.018540000000000112e-02 8.422916000000000292e-01 9.211690000000000156e-01 9.334909999999999597e-01 8.300627000000000422e-01 -6.359233999999999362e-05
1.005000000000000060e-01 5.787686999999999693e-02 6.180417000000000272e-01 8.253089000000000119e-01 7.222047999999999801e-01 7.113327999999999873e-01 -2.746337999999999861e-04
3.496739999999999848e-01 5.332080000000000153e-02 8.725924000000000458e-01 1.177863000000000104e+00 9.494757000000000335e-01 7.983888000000000096e-01 -1.763585999999999889e-05
3.179500000000000104e-01 5.062976000000000282e-02 7.757315999999999656e-01 9.839263999999999788e-01 6.549226000000000214e-01 6.388437000000000143e-01 -2.747604000000000062e-04
3.036220000000000030e-01 3.565941000000000249e-02 7.576652999999999860e-01 1.017241000000000062e+00 7.450917000000000234e-01 1.976282000000000039e-01 -2.691495000000000020e-04
3.692819999999999991e-01 5.495731000000000227e-02 7.451796000000000531e-01 1.161726999999999954e+00 6.959368000000000221e-01 1.552440999999999960e-01 -3.681682999999999831e-05
1.694700000000000095e-01 6.119294000000000122e-02 7.821398999999999990e-01 8.799398000000000497e-01 7.973436999999999886e-01 6.569063000000000541e-01 -2.263645999999999909e-04
2.883740000000000192e-01 4.129071000000000130e-02 8.115632000000000401e-01 8.550385000000000346e-01 6.733700000000000241e-01 8.153299999999999992e-01 -1.679062999999999953e-04
1.242290000000000061e-01 4.983939999999999898e-02 5.414940999999999782e-01 1.011193000000000008e+00 7.766347000000000111e-01 5.264234000000000274e-02 -2.786533000000000109e-04
3.090479999999999894e-01 3.801477000000000328e-02 8.308735000000000426e-01 8.708797999999999817e-01 6.520491999999999955e-01 4.972343000000000179e-01 -3.266892000000000298e-05
3.921720000000000206e-01 6.938529999999999698e-02 7.456747999999999710e-01 9.185668000000000166e-01 7.462566000000000477e-01 6.478827000000000336e-01 -7.224517999999999598e-05
3.251640000000000086e-01 4.403404000000000346e-02 7.991217999999999932e-01 9.606344999999999468e-01 9.509265000000000079e-01 4.644194999999999851e-01 -1.010074000000000081e-05
4.180099999999999927e-01 3.590602999999999850e-02 6.516842000000000468e-01 9.465675000000000061e-01 6.111081000000000429e-01 8.060734000000000510e-01 -2.844783999999999833e-04
4.521430000000000171e-01 3.947852000000000305e-02 8.431427000000000227e-01 8.366434000000000371e-01 7.869247000000000325e-01 9.517198000000000047e-01 -2.460625000000000247e-04
4.769570000000000198e-01 6.402278999999999609e-02 6.953850000000000309e-01 1.167205000000000048e+00 7.814423999999999815e-01 1.617421000000000136e-02 -2.357995000000000045e-04
1.708729999999999971e-01 4.350355999999999668e-02 6.577315999999999718e-01 1.108475000000000099e+00 7.509428999999999688e-01 6.030322000000000182e-01 -6.320761999999999911e-06
1.141240000000000032e-01 4.076243999999999701e-02 5.578885999999999568e-01 1.076035000000000075e+00 9.499885999999999608e-01 5.950843999999999578e-01 -2.270987999999999880e-04
1.034869999999999957e-01 5.346883999999999665e-02 6.723601000000000161e-01 9.595023000000000302e-01 6.944523000000000224e-01 9.281863999999999670e-01 -1.130886000000000001e-05
3.081300000000000150e-01 6.596942000000000084e-02 8.210941999999999963e-01 1.063871999999999929e+00 8.168223999999999485e-01 3.334131000000000178e-01 -1.805189999999999974e-04
3.427939999999999876e-01 4.516640999999999712e-02 5.357450999999999741e-01 1.015277999999999903e+00 6.509323000000000192e-01 3.214201999999999892e-01 -2.844373999999999882e-04
4.610620000000000274e-01 4.740909000000000095e-02 6.540588000000000513e-01 1.104479999999999906e+00 8.990778999999999854e-01 6.856744999999999646e-01 -1.242992999999999908e-04
3.333849999999999869e-01 4.337209000000000203e-02 5.265627999999999975e-01 8.167265000000000219e-01 7.614225999999999495e-01 7.844785999999999426e-02 -1.951812999999999942e-04
4.371909999999999963e-01 6.250324999999999631e-02 8.587934000000000401e-01 9.326773999999999898e-01 6.768984000000000112e-01 1.598777999999999866e-01 -1.098898000000000062e-04
1.818960000000000021e-01 3.301086000000000298e-02 8.358712000000000364e-01 1.111934999999999896e+00 6.450749000000000066e-01 9.742963000000000040e-01 -2.160690000000000145e-05
2.753550000000000164e-01 4.107373000000000274e-02 8.984674000000000271e-01 1.037174999999999958e+00 9.122483999999999593e-01 6.134508999999999795e-02 -2.899835000000000130e-04
4.811210000000000209e-01 5.316387999999999669e-02 8.473252000000000006e-01 9.984952000000000272e-01 7.506235999999999464e-01 6.011119000000000323e-01 -2.216371999999999928e-04
1.073299999999999949e-01 5.690102999999999828e-02 6.278162000000000464e-01 9.274696999999999525e-01 8.289488999999999885e-01 4.475306000000000006e-01 -4.411143000000000128e-05
2.639099999999999779e-01 6.935679999999999623e-02 5.435950999999999977e-01 1.002229999999999954e+00 9.054670999999999692e-01 5.752956000000000181e-01 -2.106598000000000053e-04
4.323699999999999766e-01 6.393891000000000158e-02 7.136938000000000448e-01 1.079857000000000067e+00 8.251193999999999473e-01 6.896813000000000526e-01 -1.271075000000000091e-04
1.843950000000000033e-01 3.861259000000000219e-02 8.799905999999999562e-01 1.077375999999999889e+00 7.728277999999999537e-01 6.342891000000000501e-01 -2.830662999999999973e-04
3.462799999999999767e-01 3.214759999999999840e-02 6.304066999999999865e-01 1.150603000000000042e+00 7.505385999999999447e-01 4.924888000000000043e-01 -2.940700000000000085e-04
3.780419999999999892e-01 5.287532000000000343e-02 6.230257000000000156e-01 1.191877000000000075e+00 7.806682000000000343e-01 2.033191000000000026e-01 -2.669406000000000036e-04
1.814520000000000022e-01 6.895950000000000690e-02 5.814837000000000478e-01 1.197017999999999915e+00 6.989946999999999688e-01 6.537927000000000044e-01 -3.776631999999999927e-05
2.960860000000000158e-01 4.928441000000000072e-02 7.336409000000000402e-01 1.180150999999999950e+00 6.517918999999999796e-01 7.735667999999999989e-01 -1.722258000000000003e-04
4.874370000000000092e-01 4.484575999999999840e-02 8.410956000000000543e-01 1.092303999999999942e+00 6.365072000000000507e-01 4.547211999999999921e-01 -2.850121999999999747e-04
1.691229999999999956e-01 3.713941999999999938e-02 6.347817999999999516e-01 8.165850000000000053e-01 7.465734000000000536e-01 9.705780000000000518e-01 -2.852058999999999996e-04
2.433329999999999937e-01 5.386935999999999808e-02 8.749983999999999540e-01 9.829398999999999775e-01 7.118120000000000003e-01 7.410196999999999479e-01 -6.130155999999999995e-05
3.593779999999999752e-01 3.854826000000000086e-02 8.579660999999999538e-01 1.198131999999999975e+00 9.558565999999999452e-01 2.520384999999999986e-01 -3.868478999999999863e-05
2.929889999999999994e-01 3.371434000000000236e-02 8.251102999999999632e-01 1.042078000000000060e+00 7.529607000000000383e-01 9.118737999999999566e-01 -1.813456999999999873e-04
2.896599999999999731e-01 5.755335000000000312e-02 7.273644999999999694e-01 8.864353000000000371e-01 7.345635000000000359e-01 1.930773000000000073e-01 -2.588560000000000166e-04
4.235450000000000048e-01 4.706559999999999910e-02 5.019702999999999804e-01 9.036020000000000163e-01 6.837796999999999903e-01 7.279980999999999813e-01 -2.983368000000000063e-05
3.706169999999999742e-01 6.568789999999999352e-02 7.724250999999999756e-01 8.631870999999999849e-01 6.003091999999999873e-01 2.756732000000000071e-01 -2.735511000000000041e-04
4.696509999999999851e-01 5.044305000000000316e-02 8.332694999999999963e-01 1.063153999999999932e+00 9.326908999999999894e-01 6.515026000000000428e-01 -2.093354000000000151e-05
3.763850000000000251e-01 5.985113999999999712e-02 5.095406000000000102e-01 9.673422999999999883e-01 8.511792000000000247e-01 8.792950999999999961e-01 -5.802655000000000096e-05
1.246659999999999990e-01 5.326866000000000240e-02 8.880677999999999628e-01 1.097838000000000092e+00 7.289645000000000152e-01 3.354088000000000069e-01 -2.619257000000000052e-04
1.534979999999999956e-01 5.586975999999999748e-02 8.146851000000000509e-01 1.172654000000000085e+00 9.370024999999999604e-01 3.444289999999999852e-01 -2.078186999999999895e-04
2.010490000000000055e-01 3.306814000000000281e-02 7.420885000000000398e-01 8.879485999999999768e-01 7.656948000000000087e-01 8.534785999999999762e-01 -2.846821000000000030e-04
3.454510000000000081e-01 5.225981999999999850e-02 5.861338000000000381e-01 8.937197999999999531e-01 6.592208999999999985e-01 8.862569999999999615e-01 -1.116951999999999941e-04
1.749130000000000129e-01 3.436370999999999870e-02 8.120155000000000012e-01 9.271918000000000104e-01 7.826404999999999612e-01 1.041311999999999967e-02 -1.329465000000000052e-04
3.619539999999999980e-01 3.573429000000000189e-02 6.268532999999999467e-01 1.129796999999999940e+00 8.888169999999999682e-01 6.243638000000000243e-01 -7.608361999999999916e-05
3.881430000000000158e-01 3.206409999999999816e-02 7.605319999999999858e-01 1.088257000000000030e+00 8.067636999999999725e-01 8.244502999999999693e-01 -1.121370000000000006e-04
2.159949999999999926e-01 6.304124999999999313e-02 6.587539999999999507e-01 1.104932000000000025e+00 9.295780000000000154e-01 1.172498999999999937e-02 -1.071492999999999941e-04
3.389110000000000178e-01 5.958945999999999688e-02 6.589909000000000461e-01 1.168026999999999926e+00 6.659646000000000177e-01 9.685167000000000082e-01 -7.837276000000000008e-05
4.306909999999999905e-01 4.211815000000000003e-02 7.432851000000000319e-01 1.123181999999999903e+00 8.628479000000000010e-01 4.931157999999999930e-01 -6.516525999999999482e-05
1.519969999999999932e-01 5.697376999999999997e-02 7.562816999999999457e-01 8.149267000000000039e-01 7.852227999999999986e-01 8.742349000000000370e-01 -1.510456000000000027e-04
2.209440000000000015e-01 5.716716000000000159e-02 7.316002999999999812e-01 1.011438000000000059e+00 9.144949999999999468e-01 5.532991000000000437e-01 -5.951651999999999984e-05
1.817830000000000001e-01 5.748090000000000144e-02 6.221799000000000079e-01 1.050310999999999995e+00 9.272352999999999845e-01 9.678298999999999930e-02 -5.203883999999999828e-06
2.835759999999999947e-01 4.165681000000000245e-02 6.272763999999999562e-01 1.193265000000000020e+00 7.000882000000000494e-01 4.178113999999999995e-01 -1.047514999999999948e-04
1.725160000000000027e-01 5.832967000000000013e-02 8.675962999999999870e-01 8.424473999999999574e-01 9.534955000000000513e-01 3.173528999999999933e-01 -7.746070999999999244e-06
3.309969999999999857e-01 4.742989999999999706e-02 5.726691000000000420e-01 8.956298999999999788e-01 9.152010999999999896e-01 5.591205999999999676e-01 -1.623607000000000056e-04
1.919889999999999930e-01 5.563009000000000009e-02 7.832073000000000507e-01 1.048888999999999960e+00 6.479504000000000374e-01 1.578550999999999982e-01 -2.670727000000000018e-04
2.939869999999999983e-01 5.938651999999999820e-02 5.999235000000000539e-01 9.424540999999999613e-01 9.277729999999999588e-01 3.015782000000000185e-01 -1.347083000000000059e-04
2.235219999999999985e-01 5.148715000000000236e-02 7.781124000000000374e-01 1.177292999999999923e+00 8.922109000000000290e-01 8.309554000000000107e-01 -2.451657999999999897e-04
3.819679999999999742e-01 6.874526999999999721e-02 6.598266999999999882e-01 9.821954000000000518e-01 8.285443999999999587e-01 5.851518999999999471e-01 -2.556888999999999907e-04
2.232619999999999882e-01 4.774493999999999960e-02 8.610841999999999663e-01 1.158006000000000091e+00 9.061143000000000391e-01 1.768021999999999927e-01 -1.530078999999999890e-04
1.473540000000000127e-01 6.490121999999999558e-02 6.784725000000000339e-01 8.134829999999999561e-01 9.123586000000000196e-01 9.124946000000000446e-01 -2.069924000000000004e-04
3.877059999999999951e-01 6.611720999999999571e-02 6.069272999999999474e-01 1.002831999999999946e+00 8.622465000000000268e-01 5.580722999999999656e-01 -1.288810999999999950e-04
1.477459999999999885e-01 5.851883000000000085e-02 8.824121000000000326e-01 1.166484999999999994e+00 8.528592000000000395e-01 1.653122999999999954e-01 -4.603558000000000216e-05
2.514009999999999856e-01 6.157424000000000230e-02 8.485707000000000111e-01 1.014979000000000076e+00 8.536399999999999544e-01 2.504256000000000260e-01 -1.410245999999999982e-04
2.750279999999999947e-01 6.913787000000000404e-02 6.621105999999999936e-01 1.175556000000000045e+00 6.162225999999999537e-01 8.856212999999999447e-01 -2.641985000000000015e-04
3.427600000000000091e-01 6.464168000000000691e-02 7.220988000000000406e-01 1.172404000000000002e+00 9.706029000000000462e-01 7.512579999999999814e-01 -2.680326000000000128e-04
1.946529999999999927e-01 6.871750999999999554e-02 5.191660999999999637e-01 9.170188000000000228e-01 9.351165000000000171e-01 4.856650000000000134e-01 -1.031907000000000012e-04
4.179240000000000177e-01 6.760940999999999479e-02 6.989360000000000017e-01 1.138195000000000068e+00 8.696319000000000132e-01 8.898882999999999655e-01 -1.349629999999999884e-04
4.025830000000000242e-01 6.413383999999999752e-02 6.546340999999999966e-01 8.416301000000000476e-01 6.874466999999999661e-01 4.075314999999999910e-01 -2.729173999999999901e-04
4.194069999999999743e-01 4.563025999999999888e-02 6.689568000000000181e-01 1.058961000000000041e+00 8.323909999999999920e-01 1.981945999999999986e-01 -4.778876000000000288e-05
1.271420000000000050e-01 4.907526999999999723e-02 7.589595999999999565e-01 9.962379000000000095e-01 8.483009000000000244e-01 5.918493999999999700e-01 -3.850119000000000262e-05
4.206289999999999751e-01 5.553823000000000093e-02 8.098948000000000258e-01 8.216579999999999995e-01 7.567943000000000309e-01 7.476272000000000473e-01 -2.352707999999999904e-04
1.168379999999999974e-01 4.792811000000000293e-02 7.828030000000000266e-01 1.167699999999999960e+00 9.856652999999999665e-01 4.400496999999999881e-01 -7.950534000000000203e-05
2.716290000000000093e-01 5.516627999999999810e-02 8.242260000000000142e-01 1.079998000000000014e+00 8.665190999999999866e-01 2.810472999999999999e-01 -6.749834000000000671e-05
2.766850000000000143e-01 6.360446999999999629e-02 5.740697999999999634e-01 9.524380000000000068e-01 9.390652999999999917e-01 2.085651000000000033e-01 -6.004506000000000275e-05
3.852979999999999738e-01 4.256516999999999940e-02 5.622770000000000268e-01 1.139291000000000054e+00 8.589801000000000242e-01 3.303802000000000127e-01 -1.833089000000000094e-04
3.646059999999999857e-01 4.905030999999999974e-02 8.254470999999999892e-01 1.078610000000000069e+00 8.394325999999999732e-01 1.284301999999999944e-01 -1.537375999999999966e-04
4.302369999999999806e-01 5.389737000000000000e-02 7.092870000000000008e-01 9.178368999999999556e-01 6.057772999999999630e-01 3.297971000000000097e-01 -2.138021000000000040e-04
1.163089999999999957e-01 4.215939999999999965e-02 6.131796999999999942e-01 9.364970000000000239e-01 7.982099000000000277e-01 1.271558000000000133e-01 -2.818009000000000009e-04
2.484169999999999989e-01 5.320692999999999950e-02 6.024393000000000109e-01 8.397398999999999836e-01 9.005370000000000319e-01 8.500670999999999644e-01 -1.809039000000000079e-04
3.446170000000000067e-01 3.512959999999999694e-02 5.434719999999999551e-01 9.776764999999999484e-01 8.800392999999999688e-01 6.827556000000000180e-01 -4.774737000000000089e-05
1.559810000000000085e-01 4.461234000000000033e-02 7.492425999999999808e-01 1.190768999999999966e+00 8.738552000000000541e-01 6.638401999999999914e-01 -2.659558000000000126e-04
2.246889999999999998e-01 6.505856000000000139e-02 5.866911000000000209e-01 8.302393999999999608e-01 9.456997999999999793e-01 9.217185999999999435e-02 -8.305558999999999739e-05
3.710519999999999929e-01 3.225871999999999767e-02 6.195880000000000276e-01 8.277619999999999978e-01 6.557676999999999534e-01 1.166002000000000011e-01 -2.568057999999999799e-04
2.502300000000000080e-01 5.559104000000000129e-02 6.399612999999999552e-01 9.683348999999999984e-01 9.068907999999999969e-01 9.975486999999999549e-01 -2.809466999999999846e-04
4.984879999999999867e-01 5.930508999999999781e-02 5.015384999999999982e-01 8.848886999999999725e-01 9.468577999999999717e-01 9.406305999999999834e-01 -2.171429999999999910e-04
4.047700000000000187e-01 5.374368000000000201e-02 8.026695000000000357e-01 1.022944999999999993e+00 6.555598000000000258e-01 9.982037000000000271e-01 -1.839381999999999866e-04
2.698329999999999895e-01 6.418788000000000271e-02 8.956125999999999809e-01 9.949409999999999643e-01 8.371494999999999909e-01 1.614710000000000034e-01 -2.433006999999999997e-04
1.043280000000000041e-01 4.051542999999999811e-02 6.750808000000000364e-01 1.155717000000000105e+00 8.374542999999999848e-01 7.648673999999999751e-01 -1.597237000000000103e-04
4.485230000000000050e-01 5.127877000000000129e-02 7.622402000000000344e-01 1.097261999999999960e+00 6.845717999999999526e-01 3.027174999999999727e-01 -2.029583000000000182e-06
3.589499999999999913e-01 4.349535000000000207e-02 5.234166000000000096e-01 1.192298999999999998e+00 6.572738000000000191e-01 4.697178000000000186e-01 -1.586175000000000107e-04
1.936599999999999988e-01 3.840265999999999819e-02 6.580314000000000441e-01 9.641366999999999576e-01 6.006264000000000047e-01 1.033845999999999932e-01 -4.647323000000000296e-05
3.240450000000000275e-01 4.237988000000000172e-02 7.819519000000000331e-01 1.077612000000000014e+00 7.314327999999999941e-01 2.912455999999999934e-01 -1.926402999999999926e-04
2.814200000000000035e-01 3.769990000000000147e-02 6.558895000000000142e-01 8.816490000000000160e-01 7.958655999999999509e-01 4.204884999999999873e-02 -2.055528999999999950e-04
1.354710000000000081e-01 3.934577000000000213e-02 7.633421999999999707e-01 1.009217000000000031e+00 6.207563999999999860e-01 4.238669999999999938e-01 -2.939778000000000096e-04
4.710779999999999967e-01 4.917984000000000244e-02 7.057569999999999677e-01 1.093768999999999991e+00 8.687865999999999644e-01 3.601361000000000145e-01 -7.789932000000000280e-05
4.298029999999999906e-01 4.795093000000000272e-02 6.611510999999999916e-01 9.794827999999999868e-01 6.502980000000000427e-01 6.248441999999999885e-02 -1.549621000000000050e-04
1.957289999999999863e-01 5.804402000000000172e-02 8.037421999999999622e-01 8.892442000000000402e-01 7.549088000000000465e-01 4.247974999999999945e-01 -3.476631000000000019e-05
4.863480000000000025e-01 4.506827000000000055e-02 5.607191000000000258e-01 8.111045000000000060e-01 8.489533999999999692e-01 2.354569999999999927e-02 -7.568536000000000274e-05
2.779929999999999901e-01 3.038002999999999884e-02 5.767934999999999590e-01 1.156562000000000090e+00 7.789793000000000411e-01 1.222125000000000017e-01 -2.095793999999999945e-04
2.973410000000000220e-01 5.379454999999999654e-02 5.409667000000000225e-01 8.703975000000000461e-01 8.554893000000000081e-01 8.470347999999999766e-02 -1.699934999999999912e-04
3.582279999999999909e-01 5.048944999999999822e-02 5.261647000000000407e-01 9.979398000000000435e-01 8.237071999999999727e-01 3.531640999999999808e-01 -7.840852000000000124e-06
4.388880000000000003e-01 6.155018999999999768e-02 7.670371999999999746e-01 9.098562999999999512e-01 8.586019999999999763e-01 7.167457000000000411e-01 -2.575082000000000022e-04
1.672899999999999943e-01 3.088787000000000130e-02 8.468153999999999959e-01 8.261787999999999910e-01 8.630075999999999858e-01 7.694522000000000306e-01 -2.232993000000000120e-04
3.987470000000000181e-01 4.806499999999999662e-02 6.361248999999999931e-01 1.193762999999999908e+00 8.499811000000000449e-01 3.757746000000000142e-01 -6.338198999999999656e-05
4.263569999999999860e-01 4.074128999999999945e-02 8.856505000000000072e-01 8.642832999999999766e-01 6.142431000000000418e-01 9.610461999999999616e-01 -7.220226000000000215e-06
3.379989999999999939e-01 5.034411999999999915e-02 7.395521999999999929e-01 9.367259000000000002e-01 8.535061999999999927e-01 5.306923999999999531e-01 -2.827177999999999853e-04
4.894720000000000182e-01 6.629875000000000351e-02 7.905796999999999963e-01 1.156209999999999960e+00 6.331322999999999812e-01 6.814162999999999748e-01 -3.090626999999999793e-06
2.896449999999999858e-01 3.202340000000000048e-02 5.145001000000000158e-01 9.261724999999999541e-01 8.432239000000000262e-01 7.544028000000000400e-01 -2.377586000000000109e-04
4.830659999999999954e-01 4.065793999999999658e-02 5.048384999999999678e-01 9.769354999999999567e-01 9.704192999999999847e-01 3.646394000000000024e-01 -1.914980999999999953e-04
4.754900000000000237e-01 6.825440000000000673e-02 5.838651999999999731e-01 9.919352999999999643e-01 8.617072000000000065e-01 8.169807999999999515e-01 -3.219550000000000032e-05
4.971099999999999963e-01 3.660386999999999669e-02 8.259727999999999515e-01 1.100109000000000004e+00 9.049530000000000074e-01 8.094763000000000375e-01 -1.465085999999999884e-04
2.217729999999999979e-01 3.720119999999999677e-02 8.756627999999999634e-01 9.449720999999999815e-01 8.202644999999999520e-01 8.022825999999999569e-02 -1.774346000000000105e-04
1.107080000000000009e-01 5.131867999999999846e-02 6.813103000000000353e-01 8.620293999999999457e-01 9.511960000000000415e-01 1.689096999999999960e-01 -2.324368000000000105e-04
1.595850000000000046e-01 4.729368999999999934e-02 8.209159999999999791e-01 8.662469000000000419e-01 8.509096999999999911e-01 7.384707000000000354e-01 -2.991304999999999984e-04
3.598169999999999980e-01 6.447680000000000078e-02 5.121719999999999606e-01 1.111682000000000059e+00 9.003775000000000528e-01 3.878631000000000162e-01 -2.259933000000000102e-05
4.547559999999999936e-01 5.567868000000000123e-02 6.603278999999999677e-01 8.105742000000000225e-01 9.130103000000000524e-01 2.753482999999999903e-01 -4.221101000000000025e-05
1.513740000000000085e-01 5.978986000000000023e-02 5.253151000000000348e-01 8.567477000000000009e-01 6.716959000000000124e-01 5.018774000000000290e-01 -2.637176999999999772e-04
4.499049999999999994e-01 4.458012000000000086e-02 7.899853000000000014e-01 8.929882000000000097e-01 8.463610999999999773e-01 4.041798999999999809e-01 -1.503708999999999938e-04
1.886940000000000006e-01 6.357759000000000327e-02 8.665258999999999601e-01 1.086389999999999967e+00 8.042989000000000388e-01 8.067379999999999551e-01 -4.255754000000000318e-05
4.100880000000000081e-01 3.610616999999999993e-02 8.859472999999999931e-01 1.008231000000000099e+00 7.654385000000000217e-01 4.607841999999999771e-01 -4.323909999999999738e-05
1.549649999999999916e-01 5.140378000000000308e-02 7.027444999999999942e-01 9.994861999999999913e-01 6.075188000000000255e-01 5.332523999999999598e-01 -1.161287000000000051e-04
4.381550000000000167e-01 4.158388999999999835e-02 8.229651999999999523e-01 1.046624999999999917e+00 9.503884000000000221e-01 1.669325000000000114e-01 -1.477900999999999998e-04
4.576560000000000072e-01 6.587097999999999565e-02 6.682506000000000279e-01 1.197985000000000078e+00 7.436677999999999900e-01 7.290240000000000054e-01 -2.976745000000000042e-04
2.362269999999999925e-01 6.527753999999999501e-02 6.177603000000000399e-01 9.537841999999999709e-01 6.314522999999999664e-01 4.024996000000000129e-01 -2.394848000000000148e-05
1.291809999999999903e-01 6.764459000000000444e-02 7.696113999999999455e-01 9.031025999999999776e-01 7.913316999999999712e-01 5.093640000000000390e-01 -2.118567999999999873e-04
2.181899999999999951e-01 4.966119000000000089e-02 6.146979000000000193e-01 1.014682000000000084e+00 7.065517999999999521e-01 3.157994000000000079e-01 -5.215583000000000171e-05
1.741800000000000015e-01 5.377297999999999800e-02 7.560873999999999651e-01 1.017180999999999891e+00 6.771312000000000442e-01 6.222073000000000187e-01 -2.493994000000000029e-04
1.497479999999999922e-01 4.781007999999999786e-02 6.481118999999999630e-01 9.045685999999999449e-01 7.269025000000000070e-01 6.528922999999999810e-01 -2.335536999999999997e-04
2.757009999999999739e-01 5.699984999999999774e-02 5.466282000000000085e-01 1.072648000000000046e+00 9.567662999999999585e-01 3.286389000000000116e-01 -2.311245999999999928e-04
2.595250000000000057e-01 5.605298999999999698e-02 7.414091999999999905e-01 1.150315999999999894e+00 9.540336000000000372e-01 8.128786000000000345e-02 -1.313944999999999903e-04
1.444110000000000116e-01 3.267073000000000199e-02 7.830998000000000125e-01 9.112508999999999748e-01 8.346649999999999903e-01 9.314818000000000264e-01 -1.137669999999999968e-04
2.134209999999999996e-01 5.483858999999999956e-02 8.106955999999999607e-01 9.361545000000000005e-01 9.103010000000000268e-01 6.024180999999999564e-01 -5.563402999999999833e-05
2.208610000000000018e-01 3.273125000000000340e-02 5.202984000000000497e-01 1.151173999999999920e+00 6.077266999999999531e-01 3.941791000000000045e-01 -4.310879000000000235e-05
3.766360000000000263e-01 4.110947000000000212e-02 6.265549999999999731e-01 9.991290999999999922e-01 9.377632999999999663e-01 1.323292000000000079e-01 -1.149915000000000052e-04
2.429989999999999928e-01 3.568832999999999728e-02 6.863002000000000269e-01 8.289385000000000225e-01 8.159691999999999501e-01 3.276331000000000104e-01 -4.020682999999999804e-05
4.186559999999999726e-01 4.804419000000000051e-02 5.422139000000000264e-01 8.061042000000000485e-01 9.643464000000000480e-01 4.965923999999999894e-01 -2.514204999999999825e-04
1.535849999999999993e-01 6.799252999999999547e-02 7.803818000000000144e-01 1.075550000000000006e+00 6.900089000000000361e-01 9.011995000000000422e-01 -1.747390999999999886e-04
1.873879999999999990e-01 6.235047999999999979e-02 7.591082999999999581e-01 1.059260000000000090e+00 6.350955000000000350e-01 3.736184000000000172e-01 -1.900295999999999940e-04
3.492330000000000156e-01 4.989468999999999849e-02 5.197684999999999667e-01 1.113091999999999970e+00 9.939959000000000433e-01 5.861817000000000277e-01 -7.180782000000000191e-05
4.581419999999999937e-01 5.517735000000000001e-02 7.586861000000000299e-01 1.020777999999999963e+00 9.729474999999999651e-01 6.662002999999999675e-01 -2.199070999999999871e-04
2.878519999999999968e-01 4.862190999999999735e-02 5.936991000000000351e-01 1.048742000000000063e+00 8.609200000000000186e-01 6.335866999999999472e-01 -7.137342999999999878e-05
2.451190000000000035e-01 6.600337000000000565e-02 5.474402999999999908e-01 8.772292000000000423e-01 7.439911999999999637e-01 1.996051000000000075e-01 -1.100519000000000025e-04
1.506409999999999971e-01 3.959925999999999724e-02 6.818748000000000031e-01 1.199659999999999949e+00 7.630635999999999530e-01 8.816420000000000368e-01 -8.046899000000000423e-05
3.975270000000000192e-01 5.826474999999999710e-02 8.959624000000000477e-01 9.318497000000000030e-01 7.736275999999999708e-01 8.163538000000000183e-01 -2.508645999999999901e-04
2.287629999999999941e-01 6.711124000000000256e-02 8.580919000000000185e-01 8.220100999999999658e-01 8.312106999999999690e-01 1.501647000000000051e-02 -2.185505000000000076e-04
4.030270000000000241e-01 3.756309000000000037e-02 7.002207999999999766e-01 8.547896999999999856e-01 6.319647999999999932e-01 2.339413999999999938e-01 -2.562447000000000032e-04
1.926259999999999917e-01 3.166655000000000164e-02 7.401548000000000016e-01 1.132840000000000069e+00 8.131793999999999967e-01 4.174261000000000221e-01 -1.734756999999999966e-04
3.867659999999999987e-01 4.953136999999999818e-02 6.741994000000000042e-01 9.139720000000000066e-01 7.857349999999999612e-01 5.201706000000000385e-01 -9.156400000000000628e-05
3.622119999999999784e-01 4.781549000000000216e-02 5.675299000000000316e-01 1.020632999999999901e+00 7.357588000000000461e-01 1.911040999999999990e-01 -1.179490000000000052e-04
3.470980000000000176e-01 4.708317000000000058e-02 7.883814999999999573e-01 1.158967000000000080e+00 8.613283000000000467e-01 2.138411000000000062e-01 -1.085850000000000048e-04
1.518639999999999990e-01 6.907600999999999325e-02 8.469883000000000273e-01 9.369633000000000544e-01 8.386694000000000093e-01 4.410029999999999784e-01 -1.929865000000000063e-04
1.052929999999999977e-01 4.270147999999999999e-02 8.066143999999999536e-01 1.122586000000000084e+00 9.196337999999999457e-01 3.946853000000000167e-01 -2.737896999999999987e-04
3.348729999999999762e-01 3.157468000000000080e-02 5.100867999999999514e-01 1.080297999999999981e+00 6.630774999999999864e-01 1.674990000000000090e-01 -2.103068000000000038e-04
3.609310000000000018e-01 6.559225999999999945e-02 8.927454999999999696e-01 9.928812999999999667e-01 7.128176000000000512e-01 7.493895999999999891e-02 -1.885644999999999867e-04
2.099010000000000042e-01 4.985157999999999950e-02 8.491847999999999619e-01 9.280060999999999449e-01 6.668697999999999571e-01 9.626611999999999947e-01 -2.937257999999999991e-04
4.959160000000000235e-01 5.497517999999999849e-02 5.581580000000000430e-01 9.006984000000000101e-01 8.745619000000000032e-01 6.618783999999999779e-01 -1.063077000000000054e-04
1.712589999999999946e-01 3.995565999999999701e-02 8.538339999999999819e-01 8.613364000000000020e-01 6.103933999999999749e-01 3.510302000000000144e-01 -1.717450000000000031e-04
1.104249999999999954e-01 6.480922999999999545e-02 5.220603000000000327e-01 9.899864999999999915e-01 6.233796000000000337e-01 6.021387999999999741e-01 -2.649282000000000091e-04
3.455570000000000030e-01 3.794079000000000201e-02 7.748351999999999462e-01 9.444006000000000345e-01 9.630001000000000255e-01 6.312650000000000206e-02 -8.591753999999999461e-05
3.069120000000000181e-01 3.520324999999999843e-02 6.624320000000000208e-01 8.007868000000000208e-01 7.908688000000000384e-01 8.674013999999999891e-01 -1.430364000000000049e-04
4.554880000000000040e-01 3.619089999999999807e-02 5.043571000000000026e-01 1.145885000000000042e+00 8.217613999999999752e-01 8.560718999999999967e-01 -1.519299000000000105e-04
3.119190000000000018e-01 3.360429000000000194e-02 8.844168000000000029e-01 9.429364000000000079e-01 7.297529000000000377e-01 1.561256000000000033e-01 -2.907553999999999911e-04
2.425019999999999953e-01 3.422566999999999970e-02 7.182268000000000541e-01 1.072735999999999912e+00 6.034283999999999759e-01 1.467675999999999981e-01 -1.710170000000000060e-04
3.755149999999999877e-01 5.005893000000000148e-02 8.914674999999999683e-01 1.136041999999999996e+00 6.637260999999999855e-01 5.734993999999999925e-01 -1.525107999999999900e-04
1.890449999999999908e-01 4.660265000000000241e-02 6.786577999999999777e-01 1.126341000000000037e+00 7.241667000000000520e-01 1.382950000000000013e-01 -5.895998999999999723e-05
1.879619999999999902e-01 4.330893000000000242e-02 7.230858999999999481e-01 9.700436999999999532e-01 9.117106000000000376e-01 3.206405999999999978e-01 -1.522724999999999892e-04
2.090970000000000051e-01 5.550974000000000186e-02 7.693054999999999755e-01 8.806810999999999945e-01 6.506159999999999721e-01 3.233105000000000007e-01 -8.788092000000000223e-05
4.169930000000000025e-01 4.469813999999999732e-02 6.306882000000000321e-01 1.028493000000000102e+00 6.911078999999999972e-01 6.786558000000000312e-01 -5.592185999999999621e-06
1.461109999999999909e-01 6.640770999999999480e-02 8.559263000000000288e-01 9.302449999999999886e-01 9.730809000000000264e-01 7.623098000000000374e-02 -5.940217999999999714e-05
2.998689999999999967e-01 5.161048000000000024e-02 7.718838000000000088e-01 8.012814999999999799e-01 9.889348000000000027e-01 7.026331000000000104e-01 -2.822836000000000225e-04
1.782970000000000110e-01 6.939584000000000030e-02 8.862638000000000460e-01 9.837844999999999507e-01 6.400843000000000504e-01 3.011777999999999955e-01 -2.245261999999999985e-04
2.840559999999999752e-01 4.843145000000000089e-02 7.717154999999999987e-01 9.120652999999999677e-01 9.125465999999999855e-01 1.029840999999999951e-01 -2.751124999999999990e-04
1.314899999999999958e-01 6.171208999999999723e-02 7.297803000000000484e-01 9.851330000000000364e-01 9.320692999999999895e-01 1.237999999999999934e-01 -1.790538000000000101e-04
3.545010000000000105e-01 3.640054000000000206e-02 8.990217000000000347e-01 1.099096000000000073e+00 6.985318000000000360e-01 9.804091000000000333e-01 -2.800607000000000205e-04
4.488699999999999912e-01 4.534950000000000092e-02 6.078493000000000368e-01 1.011789000000000049e+00 6.338019999999999765e-01 8.956435000000000091e-02 -6.087074000000000261e-05
4.427340000000000164e-01 5.640648999999999663e-02 6.015798999999999452e-01 9.055725000000000025e-01 7.540613999999999928e-01 9.950331000000000037e-01 -1.475364000000000059e-04
2.419769999999999976e-01 6.548740000000000117e-02 8.457985999999999560e-01 1.092022999999999966e+00 7.919656999999999947e-01 8.615949000000000524e-01 -2.276888000000000078e-04
1.502070000000000072e-01 6.366993999999999432e-02 7.354810000000000514e-01 1.110133999999999954e+00 7.185426000000000313e-01 7.458420000000000050e-01 -1.393091000000000110e-04
2.439340000000000119e-01 3.798142000000000185e-02 5.001883999999999775e-01 1.082529000000000075e+00 9.869875999999999650e-01 1.312705000000000122e-01 -2.578281000000000192e-04
3.999170000000000225e-01 3.410573000000000077e-02 8.274909999999999766e-01 8.471665999999999919e-01 9.902360999999999525e-01 6.283195000000000308e-01 -1.898280000000000128e-04
1.607179999999999997e-01 5.934741999999999795e-02 8.298866000000000298e-01 1.074766000000000110e+00 6.173737999999999726e-01 5.746687000000000323e-01 -1.484268000000000067e-04
3.985110000000000041e-01 6.237912999999999791e-02 8.247704000000000146e-01 1.043088000000000015e+00 7.285875000000000545e-01 6.973797000000000468e-01 -3.760454999999999896e-05
3.740589999999999749e-01 4.946862999999999955e-02 5.302398000000000389e-01 8.902788000000000368e-01 8.996125000000000371e-01 9.523464999999999847e-01 -3.348169000000000096e-05
4.227119999999999767e-01 6.056298000000000237e-02 5.713903000000000176e-01 8.125225000000000364e-01 8.550847999999999782e-01 9.644017999999999757e-01 -1.296202000000000096e-04
3.625030000000000197e-01 5.977862999999999927e-02 6.910007000000000232e-01 8.409130999999999689e-01 7.654258999999999924e-01 5.689389000000000252e-01 -1.162550000000000042e-04
4.011830000000000118e-01 5.525994000000000045e-02 6.254355000000000331e-01 1.133334000000000064e+00 6.166239999999999499e-01 4.078810000000000074e-02 -3.621515000000000172e-05
2.681450000000000222e-01 6.794126999999999805e-02 6.851911000000000529e-01 9.603471000000000091e-01 7.536815000000000042e-01 1.151005999999999974e-01 -1.528636000000000046e-04
3.499280000000000168e-01 3.654571999999999682e-02 6.854575000000000529e-01 1.034793000000000074e+00 6.283033000000000090e-01 1.529511000000000065e-01 -2.935314999999999864e-05
3.374489999999999990e-01 3.376316000000000039e-02 7.785282999999999509e-01 1.048046000000000033e+00 7.800221000000000515e-01 5.395902999999999672e-01 -2.467910000000000026e-04
1.933209999999999928e-01 6.497395999999999727e-02 7.124066999999999483e-01 9.261245000000000172e-01 6.560837000000000474e-01 2.846675000000000177e-01 -2.564419000000000019e-05
4.085489999999999955e-01 4.884001000000000314e-02 8.507143999999999817e-01 8.946473000000000342e-01 6.608433999999999697e-01 3.100696000000000008e-01 -5.755698000000000335e-05
3.893619999999999859e-01 6.160925999999999902e-02 5.199789999999999690e-01 8.251686000000000298e-01 7.823725000000000263e-01 3.679187999999999903e-01 -2.246545000000000020e-04
3.854099999999999748e-01 6.700106999999999591e-02 7.986305000000000209e-01 1.097979000000000038e+00 7.625511999999999846e-01 7.445566000000000129e-01 -1.622161000000000002e-04
4.533510000000000040e-01 3.837481999999999699e-02 7.859334000000000042e-01 1.175791000000000031e+00 9.351878000000000135e-01 4.837898999999999949e-01 -2.628476999999999940e-04
2.160809999999999953e-01 5.089918999999999694e-02 5.493042000000000202e-01 1.045395999999999992e+00 6.950889999999999569e-01 6.924856999999999818e-01 -1.490010000000000054e-04
3.405739999999999879e-01 5.253275000000000305e-02 5.709393999999999858e-01 9.911938000000000137e-01 9.895888000000000462e-01 1.605650000000000133e-01 -1.695501999999999882e-04
2.245800000000000018e-01 5.857916999999999985e-02 6.209763999999999839e-01 9.210931999999999453e-01 6.797486999999999835e-01 6.489093000000000222e-01 -1.155264999999999992e-04
1.117319999999999980e-01 4.234973999999999683e-02 8.476390000000000313e-01 1.024723999999999968e+00 6.251965999999999912e-01 6.558207999999999815e-01 -4.495534000000000249e-05
2.696279999999999788e-01 4.600168000000000312e-02 6.593139000000000083e-01 8.426924000000000081e-01 7.413191999999999560e-01 7.834638999999999909e-01 -2.550157999999999852e-04
2.686189999999999967e-01 5.568668000000000229e-02 5.196414999999999784e-01 8.886399000000000381e-01 8.194236999999999771e-01 6.718393999999999755e-01 -1.948033000000000056e-04
3.632250000000000201e-01 6.627120000000000233e-02 5.002575999999999690e-01 9.063153999999999932e-01 8.123662000000000383e-01 1.357098999999999944e-01 -8.378302999999999597e-05
1.835539999999999949e-01 3.971559999999999674e-02 7.473786999999999514e-01 9.351026000000000060e-01 9.245638999999999941e-01 1.663595999999999964e-01 -2.252843999999999940e-04
2.814780000000000060e-01 5.217030000000000278e-02 8.921888999999999514e-01 9.309617999999999505e-01 8.764507999999999743e-01 9.048194999999999988e-01 -2.172700999999999918e-04
3.198190000000000199e-01 4.896940000000000320e-02 5.585999999999999854e-01 1.166152000000000077e+00 7.956098000000000336e-01 6.936297999999999631e-01 -4.504564999999999790e-05
4.966090000000000226e-01 5.511461000000000138e-02 8.400982999999999645e-01 1.194496000000000002e+00 6.620234000000000396e-01 8.527759999999999785e-01 -2.731529000000000118e-04
3.769839999999999858e-01 5.703765999999999697e-02 7.784037999999999791e-01 9.105790000000000273e-01 9.932220000000000493e-01 2.594678000000000262e-01 -9.423747000000000493e-05
