2.802000000000000046e-01 4.900000000000000189e-02 6.842000000000000304e-01 9.741999999999999549e-01 6.326000000000000512e-01 2.045999999999999943e+02
3.709999999999999964e-01 4.900000000000000189e-02 8.446000000000000174e-01 1.191400000000000015e+00 8.154000000000000137e-01 4.620000000000000284e+01
1.213999999999999940e-01 4.900000000000000189e-02 6.513999999999999790e-01 1.002599999999999936e+00 9.669999999999999707e-01 4.038000000000000114e+02
2.457999999999999907e-01 4.900000000000000189e-02 8.306000000000000050e-01 9.145999999999999686e-01 6.221999999999999753e-01 1.140000000000000036e+01
1.797999999999999876e-01 4.900000000000000189e-02 5.425999999999999712e-01 8.249999999999999556e-01 6.842000000000000304e-01 -4.986000000000000227e+02
1.390000000000000124e-01 4.900000000000000189e-02 7.538000000000000256e-01 9.225999999999999757e-01 8.746000000000000441e-01 4.361999999999999886e+02
2.938000000000000056e-01 4.900000000000000189e-02 6.702000000000000179e-01 9.582000000000000517e-01 9.737999999999999989e-01 -5.081999999999999886e+02
3.901999999999999913e-01 4.900000000000000189e-02 8.858000000000000318e-01 8.389999999999999680e-01 8.386000000000000121e-01 4.590000000000000000e+02
4.633999999999999786e-01 4.900000000000000189e-02 8.950000000000000178e-01 9.774000000000000465e-01 9.721999999999999531e-01 1.085999999999999943e+02
1.401999999999999913e-01 4.900000000000000189e-02 8.077999999999999625e-01 9.729999999999999760e-01 6.685999999999999721e-01 -1.830000000000000000e+02
1.285999999999999921e-01 4.900000000000000189e-02 8.477999999999999980e-01 1.118200000000000083e+00 7.653999999999999693e-01 -1.625999999999999943e+02
2.398000000000000131e-01 4.900000000000000189e-02 5.802000000000000490e-01 1.161399999999999988e+00 9.746000000000000218e-01 -5.213999999999999773e+02
1.381999999999999895e-01 4.900000000000000189e-02 7.842000000000000082e-01 9.801999999999999602e-01 8.354000000000000314e-01 -5.177999999999999545e+02
4.325999999999999845e-01 4.900000000000000189e-02 5.542000000000000259e-01 1.191000000000000059e+00 8.878000000000000336e-01 -4.590000000000000000e+02
4.153999999999999915e-01 4.900000000000000189e-02 8.905999999999999472e-01 9.222000000000000197e-01 6.610000000000000320e-01 1.638000000000000114e+02
1.242000000000000048e-01 4.900000000000000189e-02 8.314000000000000279e-01 9.834000000000000519e-01 7.097999999999999865e-01 4.326000000000000227e+02
4.818000000000000060e-01 4.900000000000000189e-02 6.241999999999999771e-01 8.074000000000000066e-01 6.498000000000000442e-01 3.870000000000000000e+02
2.985999999999999766e-01 4.900000000000000189e-02 6.385999999999999455e-01 1.124600000000000044e+00 8.010000000000000453e-01 -1.434000000000000057e+02
3.397999999999999909e-01 4.900000000000000189e-02 5.470000000000000417e-01 8.893999999999999684e-01 8.062000000000000277e-01 -5.142000000000000455e+02
1.650000000000000078e-01 4.900000000000000189e-02 7.042000000000000481e-01 8.369999999999999662e-01 7.945999999999999730e-01 1.800000000000000044e+00
2.169999999999999984e-01 4.900000000000000189e-02 7.114000000000000323e-01 8.381999999999999451e-01 7.042000000000000481e-01 4.793999999999999773e+02
1.097999999999999948e-01 4.900000000000000189e-02 8.050000000000000488e-01 9.474000000000000199e-01 9.741999999999999549e-01 -2.394000000000000057e+02
2.766000000000000125e-01 4.900000000000000189e-02 5.422000000000000153e-01 9.661999999999999478e-01 9.509999999999999565e-01 1.325999999999999943e+02
3.654000000000000026e-01 4.900000000000000189e-02 7.790000000000000258e-01 1.142600000000000060e+00 8.094000000000000083e-01 -3.779999999999999716e+01
1.062000000000000027e-01 4.900000000000000189e-02 5.161999999999999922e-01 1.197400000000000020e+00 6.774000000000000021e-01 4.121999999999999886e+02
3.085999999999999854e-01 4.900000000000000189e-02 6.994000000000000217e-01 1.037400000000000100e+00 7.910000000000000364e-01 9.300000000000000000e+01
3.241999999999999882e-01 4.900000000000000189e-02 6.438000000000000389e-01 8.873999999999999666e-01 7.810000000000000275e-01 -3.060000000000000142e+01
4.782000000000000139e-01 4.900000000000000189e-02 8.866000000000000547e-01 1.014199999999999990e+00 9.566000000000000059e-01 3.833999999999999773e+02
4.026000000000000134e-01 4.900000000000000189e-02 5.385999999999999677e-01 9.002000000000000002e-01 8.169999999999999485e-01 2.261999999999999886e+02
3.934000000000000274e-01 4.900000000000000189e-02 6.757999999999999563e-01 8.377999999999999892e-01 9.606000000000000094e-01 3.978000000000000114e+02
3.138000000000000234e-01 4.900000000000000189e-02 7.625999999999999446e-01 9.394000000000000128e-01 6.366000000000000547e-01 -1.650000000000000000e+02
3.054000000000000048e-01 4.900000000000000189e-02 5.782000000000000473e-01 1.163000000000000034e+00 8.145999999999999908e-01 5.357999999999999545e+02
1.237999999999999934e-01 4.900000000000000189e-02 6.965999999999999970e-01 1.098999999999999977e+00 6.909999999999999476e-01 -7.740000000000000568e+01
2.889999999999999791e-01 4.900000000000000189e-02 5.725999999999999979e-01 1.009400000000000075e+00 8.750000000000000000e-01 3.233999999999999773e+02
4.425999999999999934e-01 4.900000000000000189e-02 5.313999999999999835e-01 8.269999999999999574e-01 6.233999999999999542e-01 -1.122000000000000028e+02
4.046000000000000152e-01 4.900000000000000189e-02 5.125999999999999446e-01 1.122200000000000086e+00 6.153999999999999471e-01 -3.486000000000000227e+02
3.542000000000000148e-01 4.900000000000000189e-02 7.606000000000000538e-01 1.052200000000000024e+00 8.638000000000000123e-01 1.865999999999999943e+02
2.074000000000000010e-01 4.900000000000000189e-02 5.430000000000000382e-01 1.014999999999999902e+00 6.341999999999999860e-01 -4.410000000000000000e+02
4.945999999999999841e-01 4.900000000000000189e-02 5.221999999999999975e-01 1.126200000000000090e+00 6.974000000000000199e-01 -2.898000000000000114e+02
2.245999999999999941e-01 4.900000000000000189e-02 5.921999999999999487e-01 8.953999999999999737e-01 6.490000000000000213e-01 -5.466000000000000227e+02
1.953999999999999904e-01 4.900000000000000189e-02 7.513999999999999568e-01 1.137000000000000011e+00 9.969999999999999973e-01 3.713999999999999773e+02
4.457999999999999741e-01 4.900000000000000189e-02 7.278000000000000025e-01 1.043800000000000061e+00 6.373999999999999666e-01 8.579999999999999716e+01
2.741999999999999993e-01 4.900000000000000189e-02 7.446000000000000396e-01 8.766000000000000458e-01 7.501999999999999780e-01 -6.779999999999999716e+01
3.810000000000000053e-01 4.900000000000000189e-02 7.701999999999999957e-01 8.017999999999999572e-01 7.201999999999999513e-01 -8.220000000000000284e+01
4.554000000000000270e-01 4.900000000000000189e-02 8.129999999999999449e-01 9.617999999999999883e-01 7.990000000000000435e-01 -2.070000000000000000e+02
3.890000000000000124e-01 4.900000000000000189e-02 7.326000000000000290e-01 1.087800000000000100e+00 9.889999999999999902e-01 3.180000000000000071e+01
1.869999999999999996e-01 4.900000000000000189e-02 8.853999999999999648e-01 1.174199999999999910e+00 7.558000000000000274e-01 -8.100000000000000000e+01
4.269999999999999907e-01 4.900000000000000189e-02 5.926000000000000156e-01 1.005400000000000071e+00 9.841999999999999638e-01 3.881999999999999886e+02
1.305999999999999939e-01 4.900000000000000189e-02 7.069999999999999618e-01 1.061399999999999899e+00 7.690000000000000169e-01 2.514000000000000057e+02
2.730000000000000204e-01 4.900000000000000189e-02 6.286000000000000476e-01 1.165799999999999947e+00 6.393999999999999684e-01 -9.000000000000000000e+00
2.210000000000000020e-01 4.900000000000000189e-02 8.506000000000000227e-01 8.446000000000000174e-01 8.701999999999999735e-01 3.606000000000000227e+02
4.570000000000000173e-01 4.900000000000000189e-02 7.745999999999999552e-01 9.614000000000000323e-01 9.050000000000000266e-01 -2.939999999999999858e+01
1.018000000000000016e-01 4.900000000000000189e-02 8.818000000000000282e-01 1.111799999999999899e+00 6.957999999999999741e-01 2.081999999999999886e+02
2.530000000000000027e-01 4.900000000000000189e-02 5.333999999999999853e-01 1.079800000000000093e+00 6.630000000000000338e-01 -4.901999999999999886e+02
2.281999999999999862e-01 4.900000000000000189e-02 8.297999999999999821e-01 9.694000000000000394e-01 6.258000000000000229e-01 4.686000000000000227e+02
4.013999999999999790e-01 4.900000000000000189e-02 5.018000000000000238e-01 1.030599999999999961e+00 6.034000000000000474e-01 -5.202000000000000455e+02
4.865999999999999770e-01 4.900000000000000189e-02 7.705999999999999517e-01 8.090000000000000524e-01 7.374000000000000554e-01 2.730000000000000000e+02
3.622000000000000219e-01 4.900000000000000189e-02 5.302000000000000046e-01 8.449999999999999734e-01 8.821999999999999842e-01 4.746000000000000227e+02
2.826000000000000179e-01 4.900000000000000189e-02 7.338000000000000078e-01 1.044599999999999973e+00 9.666000000000000147e-01 -3.893999999999999773e+02
3.798000000000000265e-01 4.900000000000000189e-02 8.494000000000000439e-01 9.981999999999999762e-01 9.734000000000000430e-01 5.820000000000000284e+01
3.038000000000000145e-01 4.900000000000000189e-02 5.806000000000000050e-01 1.076999999999999957e+00 9.090000000000000302e-01 3.810000000000000000e+02
3.437999999999999945e-01 4.900000000000000189e-02 5.702000000000000401e-01 1.072200000000000042e+00 7.386000000000000343e-01 1.841999999999999886e+02
3.685999999999999832e-01 4.900000000000000189e-02 6.169999999999999929e-01 9.005999999999999561e-01 7.049999999999999600e-01 1.217999999999999972e+02
1.526000000000000134e-01 4.900000000000000189e-02 6.310000000000000053e-01 9.758000000000000007e-01 9.165999999999999703e-01 3.270000000000000000e+02
3.457999999999999963e-01 4.900000000000000189e-02 5.457999999999999519e-01 9.185999999999999721e-01 8.122000000000000330e-01 -1.277999999999999972e+02
4.974000000000000088e-01 4.900000000000000189e-02 5.282000000000000028e-01 1.100600000000000023e+00 8.574000000000000510e-01 -2.141999999999999886e+02
4.914000000000000035e-01 4.900000000000000189e-02 6.158000000000000140e-01 8.182000000000000384e-01 7.433999999999999497e-01 2.658000000000000114e+02
1.170000000000000068e-01 4.900000000000000189e-02 7.181999999999999496e-01 1.142200000000000104e+00 7.469999999999999973e-01 3.510000000000000000e+02
4.802000000000000157e-01 4.900000000000000189e-02 6.914000000000000146e-01 8.057999999999999607e-01 9.397999999999999687e-01 -1.710000000000000000e+02
3.257999999999999785e-01 4.900000000000000189e-02 5.158000000000000362e-01 1.057399999999999896e+00 9.866000000000000325e-01 -5.922000000000000455e+02
3.094000000000000083e-01 4.900000000000000189e-02 6.266000000000000458e-01 8.406000000000000139e-01 7.229999999999999760e-01 5.993999999999999773e+02
1.290000000000000036e-01 4.900000000000000189e-02 7.570000000000000062e-01 1.003800000000000026e+00 8.070000000000000506e-01 1.938000000000000114e+02
3.794000000000000150e-01 4.900000000000000189e-02 5.562000000000000277e-01 8.666000000000000369e-01 6.310000000000000053e-01 -1.217999999999999972e+02
4.202000000000000179e-01 4.900000000000000189e-02 6.922000000000000375e-01 1.175400000000000000e+00 8.506000000000000227e-01 -1.614000000000000057e+02
2.597999999999999754e-01 4.900000000000000189e-02 5.393999999999999906e-01 1.104999999999999982e+00 9.869999999999999885e-01 2.693999999999999773e+02
1.297999999999999987e-01 4.900000000000000189e-02 5.497999999999999554e-01 8.878000000000000336e-01 7.601999999999999869e-01 -2.460000000000000142e+01
1.042000000000000010e-01 4.900000000000000189e-02 6.498000000000000442e-01 1.193799999999999972e+00 9.602000000000000535e-01 -1.770000000000000000e+02
1.950000000000000067e-01 4.900000000000000189e-02 8.589999999999999858e-01 9.594000000000000306e-01 8.893999999999999684e-01 -1.794000000000000057e+02
2.126000000000000112e-01 4.900000000000000189e-02 7.201999999999999513e-01 1.053800000000000070e+00 8.289999999999999591e-01 -2.405999999999999943e+02
3.098000000000000198e-01 4.900000000000000189e-02 5.577999999999999625e-01 9.818000000000000060e-01 8.022000000000000242e-01 -5.622000000000000455e+02
3.662000000000000255e-01 4.900000000000000189e-02 5.485999999999999766e-01 1.184199999999999919e+00 8.806000000000000494e-01 -9.420000000000000284e+01
4.722000000000000086e-01 4.900000000000000189e-02 6.121999999999999664e-01 8.414000000000000368e-01 6.318000000000000282e-01 -7.799999999999999822e+00
2.349999999999999867e-01 4.900000000000000189e-02 7.057999999999999829e-01 8.770000000000000018e-01 8.681999999999999718e-01 -5.862000000000000455e+02
3.973999999999999755e-01 4.900000000000000189e-02 6.430000000000000160e-01 1.086999999999999966e+00 7.738000000000000433e-01 5.922000000000000455e+02
4.381999999999999784e-01 4.900000000000000189e-02 5.270000000000000240e-01 1.115399999999999947e+00 7.134000000000000341e-01 1.157999999999999972e+02
1.862000000000000044e-01 4.900000000000000189e-02 5.565999999999999837e-01 1.036599999999999966e+00 9.362000000000000322e-01 -3.726000000000000227e+02
1.981999999999999873e-01 4.900000000000000189e-02 7.453999999999999515e-01 1.096999999999999975e+00 6.754000000000000004e-01 -1.938000000000000114e+02
3.921999999999999931e-01 4.900000000000000189e-02 8.601999999999999647e-01 9.574000000000000288e-01 9.145999999999999686e-01 -3.846000000000000227e+02
2.926000000000000267e-01 4.900000000000000189e-02 6.114000000000000545e-01 8.965999999999999526e-01 8.165999999999999925e-01 4.098000000000000114e+02
3.562000000000000166e-01 4.900000000000000189e-02 6.558000000000000496e-01 8.474000000000000421e-01 7.338000000000000078e-01 2.580000000000000071e+01
1.181999999999999995e-01 4.900000000000000189e-02 6.857999999999999652e-01 9.337999999999999634e-01 9.045999999999999597e-01 -1.494000000000000057e+02
4.713999999999999857e-01 4.900000000000000189e-02 5.413999999999999924e-01 1.035400000000000098e+00 7.850000000000000311e-01 1.961999999999999886e+02
3.281999999999999917e-01 4.900000000000000189e-02 6.518000000000000460e-01 1.068999999999999950e+00 6.206000000000000405e-01 5.873999999999999773e+02
4.593999999999999750e-01 4.900000000000000189e-02 6.161999999999999700e-01 1.054599999999999982e+00 8.961999999999999966e-01 5.382000000000000455e+02
2.318000000000000060e-01 4.900000000000000189e-02 5.402000000000000135e-01 8.850000000000000089e-01 6.198000000000000176e-01 -3.401999999999999886e+02
2.497999999999999943e-01 4.900000000000000189e-02 7.346000000000000307e-01 8.174000000000000155e-01 9.425999999999999934e-01 -2.706000000000000227e+02
4.265999999999999792e-01 4.900000000000000189e-02 7.469999999999999973e-01 1.084200000000000053e+00 6.485999999999999543e-01 1.950000000000000000e+02
1.577999999999999958e-01 4.900000000000000189e-02 8.381999999999999451e-01 9.357999999999999652e-01 6.834000000000000075e-01 2.898000000000000114e+02
3.874000000000000221e-01 4.900000000000000189e-02 7.905999999999999694e-01 1.080999999999999961e+00 9.781999999999999584e-01 4.001999999999999886e+02
2.381999999999999951e-01 4.900000000000000189e-02 8.925999999999999490e-01 1.134600000000000053e+00 7.550000000000000044e-01 4.218000000000000114e+02
1.630000000000000060e-01 4.900000000000000189e-02 6.101999999999999647e-01 1.145799999999999930e+00 8.334000000000000297e-01 5.573999999999999773e+02
3.841999999999999860e-01 4.900000000000000189e-02 8.274000000000000243e-01 1.032599999999999962e+00 9.113999999999999879e-01 -2.730000000000000000e+02
1.418000000000000094e-01 4.900000000000000189e-02 6.885999999999999899e-01 8.950000000000000178e-01 7.234000000000000430e-01 -1.205999999999999943e+02
2.922000000000000153e-01 4.900000000000000189e-02 8.626000000000000334e-01 8.706000000000000405e-01 6.889999999999999458e-01 2.225999999999999943e+02
1.246000000000000024e-01 4.900000000000000189e-02 5.153999999999999693e-01 1.103399999999999936e+00 8.781999999999999806e-01 4.481999999999999886e+02
2.278000000000000025e-01 4.900000000000000189e-02 6.490000000000000213e-01 9.849999999999999867e-01 9.953999999999999515e-01 3.660000000000000142e+01
1.226000000000000006e-01 4.900000000000000189e-02 7.221999999999999531e-01 9.734000000000000430e-01 6.550000000000000266e-01 -4.973999999999999773e+02
3.306000000000000050e-01 4.900000000000000189e-02 7.630000000000000115e-01 9.626000000000000112e-01 7.753999999999999782e-01 5.826000000000000227e+02
4.786000000000000254e-01 4.900000000000000189e-02 8.326000000000000068e-01 9.065999999999999615e-01 7.286000000000000254e-01 3.473999999999999773e+02
1.477999999999999869e-01 4.900000000000000189e-02 5.957999999999999963e-01 1.083800000000000097e+00 6.186000000000000387e-01 -4.110000000000000000e+02
1.386000000000000010e-01 4.900000000000000189e-02 5.013999999999999568e-01 1.162199999999999900e+00 8.117999999999999661e-01 -3.521999999999999886e+02
1.661999999999999866e-01 4.900000000000000189e-02 8.369999999999999662e-01 1.190600000000000103e+00 6.825999999999999845e-01 -2.214000000000000057e+02
1.254000000000000115e-01 4.900000000000000189e-02 6.742000000000000215e-01 1.141399999999999970e+00 7.518000000000000238e-01 -1.230000000000000000e+02
3.221999999999999864e-01 4.900000000000000189e-02 8.781999999999999806e-01 8.002000000000000224e-01 9.986000000000000432e-01 -2.753999999999999773e+02
1.126000000000000056e-01 4.900000000000000189e-02 6.233999999999999542e-01 1.183400000000000007e+00 9.030000000000000249e-01 1.794000000000000057e+02
3.589999999999999858e-01 4.900000000000000189e-02 7.194000000000000394e-01 1.104600000000000026e+00 9.921999999999999709e-01 1.277999999999999972e+02
3.678000000000000158e-01 4.900000000000000189e-02 6.682000000000000162e-01 8.709999999999999964e-01 7.510000000000000009e-01 -4.860000000000000142e+01
3.605999999999999761e-01 4.900000000000000189e-02 7.990000000000000435e-01 1.057800000000000074e+00 8.417999999999999927e-01 -3.018000000000000114e+02
2.030000000000000138e-01 4.900000000000000189e-02 5.937999999999999945e-01 8.990000000000000213e-01 6.441999999999999948e-01 -4.938000000000000114e+02
4.954000000000000070e-01 4.900000000000000189e-02 6.962000000000000410e-01 8.149999999999999467e-01 8.549999999999999822e-01 -1.025999999999999943e+02
4.506000000000000005e-01 4.900000000000000189e-02 8.713999999999999524e-01 8.202000000000000401e-01 7.306000000000000272e-01 -5.790000000000000000e+02
1.178000000000000019e-01 4.900000000000000189e-02 5.038000000000000256e-01 9.929999999999999938e-01 8.818000000000000282e-01 -4.086000000000000227e+02
3.029999999999999916e-01 4.900000000000000189e-02 6.441999999999999948e-01 8.065999999999999837e-01 6.129999999999999893e-01 3.378000000000000114e+02
3.373999999999999777e-01 4.900000000000000189e-02 7.718000000000000416e-01 9.714000000000000412e-01 6.582000000000000073e-01 2.538000000000000114e+02
2.641999999999999904e-01 4.900000000000000189e-02 7.401999999999999691e-01 8.297999999999999821e-01 9.814000000000000501e-01 2.454000000000000057e+02
2.041999999999999926e-01 4.900000000000000189e-02 6.333999999999999631e-01 9.270000000000000462e-01 8.578000000000000069e-01 -1.998000000000000114e+02
2.565999999999999948e-01 4.900000000000000189e-02 8.105999999999999872e-01 1.083399999999999919e+00 8.930000000000000160e-01 4.860000000000000142e+01
1.602000000000000091e-01 4.900000000000000189e-02 6.014000000000000457e-01 1.060999999999999943e+00 9.929999999999999938e-01 -5.093999999999999773e+02
3.390000000000000235e-01 4.900000000000000189e-02 8.681999999999999718e-01 1.122600000000000042e+00 7.309999999999999831e-01 1.770000000000000000e+02
3.877999999999999781e-01 4.900000000000000189e-02 7.398000000000000131e-01 1.056999999999999940e+00 8.641999999999999682e-01 4.806000000000000227e+02
2.837999999999999967e-01 4.900000000000000189e-02 7.037999999999999812e-01 1.139799999999999924e+00 9.821999999999999620e-01 5.717999999999999545e+02
2.862000000000000099e-01 4.900000000000000189e-02 8.426000000000000156e-01 1.180199999999999916e+00 6.358000000000000318e-01 -1.134000000000000057e+02
1.154000000000000026e-01 4.900000000000000189e-02 7.853999999999999870e-01 1.047800000000000065e+00 9.482000000000000428e-01 3.906000000000000227e+02
1.814000000000000057e-01 4.900000000000000189e-02 6.081999999999999629e-01 1.110999999999999988e+00 8.469999999999999751e-01 2.430000000000000000e+02
4.666000000000000147e-01 4.900000000000000189e-02 8.002000000000000224e-01 8.426000000000000156e-01 9.861999999999999655e-01 -2.201999999999999886e+02
2.942000000000000171e-01 4.900000000000000189e-02 6.370000000000000107e-01 1.109799999999999898e+00 8.034000000000000030e-01 1.074000000000000057e+02
1.001999999999999974e-01 4.900000000000000189e-02 5.645999999999999908e-01 8.514000000000000457e-01 6.101999999999999647e-01 -1.601999999999999886e+02
1.854000000000000092e-01 4.900000000000000189e-02 8.165999999999999925e-01 1.013800000000000034e+00 8.581999999999999629e-01 3.161999999999999886e+02
4.182000000000000162e-01 4.900000000000000189e-02 6.637999999999999456e-01 1.044999999999999929e+00 7.349999999999999867e-01 -1.721999999999999886e+02
2.157999999999999918e-01 4.900000000000000189e-02 5.377999999999999448e-01 8.578000000000000069e-01 6.038000000000000034e-01 -5.333999999999999773e+02
2.833999999999999853e-01 4.900000000000000189e-02 6.401999999999999913e-01 1.054200000000000026e+00 7.813999999999999835e-01 -3.953999999999999773e+02
2.310000000000000109e-01 4.900000000000000189e-02 8.497999999999999998e-01 1.007400000000000073e+00 8.194000000000000172e-01 4.146000000000000227e+02
4.126000000000000223e-01 4.900000000000000189e-02 8.953999999999999737e-01 1.130600000000000049e+00 7.441999999999999726e-01 -4.739999999999999858e+01
1.706000000000000016e-01 4.900000000000000189e-02 5.325999999999999623e-01 8.726000000000000423e-01 8.786000000000000476e-01 4.841999999999999886e+02
1.998000000000000054e-01 4.900000000000000189e-02 6.465999999999999526e-01 8.773999999999999577e-01 9.758000000000000007e-01 4.758000000000000114e+02
2.726000000000000090e-01 4.900000000000000189e-02 8.594000000000000528e-01 1.189400000000000013e+00 6.665999999999999703e-01 -1.398000000000000114e+02
3.758000000000000229e-01 4.900000000000000189e-02 7.266000000000000236e-01 9.422000000000000375e-01 7.778000000000000469e-01 5.213999999999999773e+02
2.417999999999999872e-01 4.900000000000000189e-02 8.434000000000000385e-01 8.154000000000000137e-01 7.818000000000000504e-01 1.037999999999999972e+02
4.229999999999999871e-01 4.900000000000000189e-02 7.970000000000000417e-01 1.034200000000000008e+00 9.434000000000000163e-01 5.622000000000000455e+02
1.353999999999999926e-01 4.900000000000000189e-02 8.741999999999999771e-01 1.072999999999999954e+00 8.174000000000000155e-01 -2.454000000000000057e+02
1.529999999999999971e-01 4.900000000000000189e-02 6.593999999999999861e-01 1.135000000000000009e+00 6.814000000000000057e-01 3.773999999999999773e+02
3.313999999999999724e-01 4.900000000000000189e-02 8.322000000000000508e-01 1.159399999999999986e+00 8.873999999999999666e-01 5.430000000000000000e+02
3.734000000000000097e-01 4.900000000000000189e-02 5.362000000000000099e-01 8.598000000000000087e-01 7.258000000000000007e-01 -4.050000000000000000e+02
3.449999999999999734e-01 4.900000000000000189e-02 7.169999999999999707e-01 1.093800000000000106e+00 6.850000000000000533e-01 -3.173999999999999773e+02
4.673999999999999821e-01 4.900000000000000189e-02 5.253999999999999782e-01 9.050000000000000266e-01 9.394000000000000128e-01 -4.146000000000000227e+02
3.446000000000000174e-01 4.900000000000000189e-02 6.186000000000000387e-01 9.354000000000000092e-01 7.613999999999999657e-01 -4.338000000000000114e+02
1.458000000000000129e-01 4.900000000000000189e-02 7.349999999999999867e-01 8.978000000000000425e-01 7.897999999999999465e-01 5.010000000000000000e+02
2.386000000000000065e-01 4.900000000000000189e-02 8.729999999999999982e-01 9.949999999999999956e-01 7.398000000000000131e-01 -5.837999999999999545e+02
4.561999999999999944e-01 4.900000000000000189e-02 5.502000000000000224e-01 1.006199999999999983e+00 8.978000000000000425e-01 1.259999999999999964e+01
1.638000000000000012e-01 4.900000000000000189e-02 5.086000000000000520e-01 9.961999999999999744e-01 8.162000000000000366e-01 -1.470000000000000000e+02
2.878000000000000003e-01 4.900000000000000189e-02 6.418000000000000371e-01 1.099800000000000111e+00 9.529999999999999583e-01 -2.381999999999999886e+02
4.534000000000000252e-01 4.900000000000000189e-02 8.970000000000000195e-01 9.829999999999999849e-01 6.425999999999999490e-01 2.201999999999999886e+02
1.322000000000000119e-01 4.900000000000000189e-02 8.189999999999999503e-01 1.058599999999999985e+00 8.245999999999999996e-01 -3.180000000000000071e+01
3.953999999999999737e-01 4.900000000000000189e-02 8.114000000000000101e-01 8.885999999999999455e-01 6.041999999999999593e-01 -3.281999999999999886e+02
1.438000000000000111e-01 4.900000000000000189e-02 8.137999999999999678e-01 1.130200000000000093e+00 8.621999999999999664e-01 -5.357999999999999545e+02
2.066000000000000059e-01 4.900000000000000189e-02 6.533999999999999808e-01 9.669999999999999707e-01 6.762000000000000233e-01 -3.473999999999999773e+02
3.197999999999999732e-01 4.900000000000000189e-02 6.565999999999999615e-01 8.649999999999999911e-01 6.642000000000000126e-01 -5.442000000000000455e+02
4.829999999999999849e-01 4.900000000000000189e-02 8.337999999999999856e-01 8.821999999999999842e-01 8.653999999999999471e-01 5.837999999999999545e+02
3.214000000000000190e-01 4.900000000000000189e-02 7.721999999999999975e-01 1.046599999999999975e+00 7.993999999999999995e-01 -1.140000000000000036e+01
2.621999999999999886e-01 4.900000000000000189e-02 8.998000000000000442e-01 1.044200000000000017e+00 9.993999999999999551e-01 -1.619999999999999929e+01
1.766000000000000070e-01 4.900000000000000189e-02 6.657999999999999474e-01 1.108999999999999986e+00 7.126000000000000112e-01 3.000000000000000000e+00
4.010000000000000231e-01 4.900000000000000189e-02 8.229999999999999538e-01 1.051800000000000068e+00 8.841999999999999860e-01 -5.453999999999999773e+02
2.713999999999999746e-01 4.900000000000000189e-02 5.682000000000000384e-01 1.131399999999999961e+00 8.397999999999999909e-01 3.786000000000000227e+02
2.746000000000000107e-01 4.900000000000000189e-02 7.561999999999999833e-01 8.866000000000000547e-01 7.641999999999999904e-01 -5.490000000000000000e+02
4.030000000000000249e-01 4.900000000000000189e-02 6.605999999999999650e-01 1.148200000000000109e+00 7.877999999999999448e-01 2.370000000000000000e+02
2.061999999999999944e-01 4.900000000000000189e-02 6.238000000000000211e-01 1.122999999999999998e+00 6.058000000000000052e-01 3.678000000000000114e+02
1.318000000000000005e-01 4.900000000000000189e-02 8.349999999999999645e-01 9.162000000000000144e-01 9.153999999999999915e-01 1.745999999999999943e+02
4.925999999999999823e-01 4.900000000000000189e-02 8.638000000000000123e-01 1.110600000000000032e+00 9.058000000000000496e-01 1.062000000000000028e+02
1.794000000000000039e-01 4.900000000000000189e-02 5.030000000000000027e-01 9.677999999999999936e-01 9.818000000000000060e-01 3.293999999999999773e+02
1.433999999999999997e-01 4.900000000000000189e-02 7.870000000000000329e-01 1.117399999999999949e+00 9.217999999999999527e-01 5.633999999999999773e+02
1.506000000000000116e-01 4.900000000000000189e-02 7.294000000000000483e-01 1.147399999999999975e+00 8.129999999999999449e-01 -2.850000000000000000e+02
4.022000000000000020e-01 4.900000000000000189e-02 6.358000000000000318e-01 8.326000000000000068e-01 6.570000000000000284e-01 2.525999999999999943e+02
2.086000000000000076e-01 4.900000000000000189e-02 5.817999999999999838e-01 9.826000000000000290e-01 8.057999999999999607e-01 -1.685999999999999943e+02
3.466000000000000192e-01 4.900000000000000189e-02 8.938000000000000389e-01 9.217999999999999527e-01 8.826000000000000512e-01 4.926000000000000227e+02
1.277999999999999969e-01 4.900000000000000189e-02 5.834000000000000297e-01 8.477999999999999980e-01 9.130000000000000338e-01 4.193999999999999773e+02
1.570000000000000007e-01 4.900000000000000189e-02 5.657999999999999696e-01 8.286000000000000032e-01 6.313999999999999613e-01 3.138000000000000114e+02
1.089999999999999997e-01 4.900000000000000189e-02 8.097999999999999643e-01 8.421999999999999487e-01 7.014000000000000234e-01 1.878000000000000114e+02
1.890000000000000013e-01 4.900000000000000189e-02 7.506000000000000449e-01 1.063800000000000079e+00 8.798000000000000265e-01 6.900000000000000000e+01
4.650000000000000244e-01 4.900000000000000189e-02 6.865999999999999881e-01 9.437999999999999723e-01 7.698000000000000398e-01 -3.798000000000000114e+02
4.702000000000000068e-01 4.900000000000000189e-02 7.805999999999999606e-01 1.066999999999999948e+00 7.026000000000000023e-01 1.890000000000000000e+02
4.262000000000000233e-01 4.900000000000000189e-02 6.854000000000000092e-01 8.729999999999999982e-01 9.422000000000000375e-01 -3.006000000000000227e+02
1.474000000000000032e-01 4.900000000000000189e-02 7.274000000000000465e-01 8.658000000000000140e-01 7.037999999999999812e-01 3.173999999999999773e+02
1.093999999999999972e-01 4.900000000000000189e-02 7.241999999999999549e-01 8.921999999999999931e-01 8.110000000000000542e-01 2.921999999999999886e+02
4.762000000000000122e-01 4.900000000000000189e-02 7.217999999999999972e-01 1.193000000000000060e+00 7.413999999999999480e-01 -2.790000000000000000e+02
1.338000000000000023e-01 4.900000000000000189e-02 7.598000000000000309e-01 8.905999999999999472e-01 8.337999999999999856e-01 1.434000000000000057e+02
4.938000000000000167e-01 4.900000000000000189e-02 8.746000000000000441e-01 1.100200000000000067e+00 6.854000000000000092e-01 -1.505999999999999943e+02
4.158000000000000029e-01 4.900000000000000189e-02 7.498000000000000220e-01 9.746000000000000218e-01 6.805999999999999828e-01 -2.958000000000000114e+02
4.461999999999999855e-01 4.900000000000000189e-02 8.798000000000000265e-01 9.622000000000000552e-01 7.658000000000000362e-01 -5.633999999999999773e+02
4.838000000000000078e-01 4.900000000000000189e-02 5.934000000000000385e-01 8.793999999999999595e-01 6.650000000000000355e-01 -6.900000000000000000e+01
1.769999999999999907e-01 4.900000000000000189e-02 5.150000000000000133e-01 8.329999999999999627e-01 6.670000000000000373e-01 5.286000000000000227e+02
2.829999999999999738e-01 4.900000000000000189e-02 6.814000000000000057e-01 1.015800000000000036e+00 8.558000000000000052e-01 -2.094000000000000057e+02
3.870000000000000107e-01 4.900000000000000189e-02 5.170000000000000151e-01 9.789999999999999813e-01 6.074000000000000510e-01 5.466000000000000227e+02
3.738000000000000211e-01 4.900000000000000189e-02 8.750000000000000000e-01 1.069399999999999906e+00 6.353999999999999648e-01 -4.458000000000000114e+02
3.406000000000000139e-01 4.900000000000000189e-02 6.293999999999999595e-01 8.401999999999999469e-01 6.069999999999999840e-01 -3.270000000000000000e+02
4.613999999999999768e-01 4.900000000000000189e-02 5.729999999999999538e-01 8.541999999999999593e-01 7.237999999999999989e-01 5.033999999999999773e+02
4.526000000000000023e-01 4.900000000000000189e-02 5.522000000000000242e-01 1.187000000000000055e+00 6.502000000000000002e-01 2.490000000000000000e+02
1.605999999999999928e-01 4.900000000000000189e-02 6.106000000000000316e-01 1.049800000000000066e+00 9.474000000000000199e-01 -5.873999999999999773e+02
3.946000000000000063e-01 4.900000000000000189e-02 8.122000000000000330e-01 9.886000000000000343e-01 7.009999999999999565e-01 3.060000000000000142e+01
1.633999999999999897e-01 4.900000000000000189e-02 8.397999999999999909e-01 1.062200000000000033e+00 7.226000000000000201e-01 5.453999999999999773e+02
1.409999999999999865e-01 4.900000000000000189e-02 5.941999999999999504e-01 8.601999999999999647e-01 6.261999999999999789e-01 -4.913999999999999773e+02
4.546000000000000041e-01 4.900000000000000189e-02 8.437999999999999945e-01 8.798000000000000265e-01 6.510000000000000231e-01 -3.186000000000000227e+02
4.073999999999999844e-01 4.900000000000000189e-02 8.890000000000000124e-01 1.102600000000000025e+00 7.790000000000000258e-01 1.505999999999999943e+02
4.550000000000000155e-01 4.900000000000000189e-02 6.273999999999999577e-01 1.062599999999999989e+00 8.850000000000000089e-01 4.506000000000000227e+02
4.657999999999999918e-01 4.900000000000000189e-02 8.045999999999999819e-01 8.306000000000000050e-01 8.466000000000000192e-01 2.681999999999999886e+02
4.106000000000000205e-01 4.900000000000000189e-02 7.486000000000000432e-01 9.330000000000000515e-01 6.877999999999999670e-01 4.739999999999999858e+01
2.677999999999999825e-01 4.900000000000000189e-02 5.754000000000000226e-01 1.108600000000000030e+00 8.254000000000000226e-01 -2.418000000000000114e+02
2.109999999999999931e-01 4.900000000000000189e-02 8.294000000000000261e-01 9.325999999999999845e-01 6.702000000000000179e-01 -5.058000000000000114e+02
4.490000000000000102e-01 4.900000000000000189e-02 6.765999999999999792e-01 9.986000000000000432e-01 6.622000000000000108e-01 1.854000000000000057e+02
2.290000000000000091e-01 4.900000000000000189e-02 8.177999999999999714e-01 9.285999999999999810e-01 8.097999999999999643e-01 -7.379999999999999716e+01
2.822000000000000064e-01 4.900000000000000189e-02 8.254000000000000226e-01 1.155399999999999983e+00 8.406000000000000139e-01 -1.481999999999999886e+02
3.190000000000000058e-01 4.900000000000000189e-02 7.638000000000000345e-01 8.165999999999999925e-01 6.418000000000000371e-01 -4.206000000000000227e+02
2.661999999999999922e-01 4.900000000000000189e-02 6.905999999999999917e-01 1.118999999999999995e+00 6.982000000000000428e-01 -5.753999999999999773e+02
2.078000000000000125e-01 4.900000000000000189e-02 8.721999999999999753e-01 1.120200000000000085e+00 9.886000000000000343e-01 4.638000000000000114e+02
3.161999999999999811e-01 4.900000000000000189e-02 5.310000000000000275e-01 9.274000000000000021e-01 8.257999999999999785e-01 5.693999999999999773e+02
2.717999999999999861e-01 4.900000000000000189e-02 8.718000000000000194e-01 8.618000000000000105e-01 9.497999999999999776e-01 -1.805999999999999943e+02
4.138000000000000012e-01 4.900000000000000189e-02 8.726000000000000423e-01 1.112200000000000077e+00 8.426000000000000156e-01 -2.514000000000000057e+02
4.689999999999999725e-01 4.900000000000000189e-02 5.490000000000000435e-01 9.078000000000000513e-01 8.833999999999999631e-01 4.313999999999999773e+02
4.485999999999999988e-01 4.900000000000000189e-02 8.205999999999999961e-01 8.985999999999999543e-01 6.161999999999999700e-01 1.734000000000000057e+02
1.413999999999999979e-01 4.900000000000000189e-02 8.481999999999999540e-01 9.062000000000000055e-01 7.621999999999999886e-01 2.418000000000000114e+02
3.154000000000000137e-01 4.900000000000000189e-02 8.965999999999999526e-01 1.008999999999999897e+00 8.713999999999999524e-01 -3.390000000000000000e+02
4.282000000000000250e-01 4.900000000000000189e-02 7.685999999999999499e-01 9.462000000000000410e-01 7.117999999999999883e-01 1.974000000000000057e+02
1.174000000000000044e-01 4.900000000000000189e-02 7.613999999999999657e-01 9.609999999999999654e-01 9.846000000000000307e-01 -3.101999999999999886e+02
2.058000000000000107e-01 4.900000000000000189e-02 8.174000000000000155e-01 8.521999999999999575e-01 7.685999999999999499e-01 -5.850000000000000000e+02
4.053999999999999826e-01 4.900000000000000189e-02 6.797999999999999599e-01 1.190199999999999925e+00 6.977999999999999758e-01 4.866000000000000227e+02
1.726000000000000034e-01 4.900000000000000189e-02 6.470000000000000195e-01 9.454000000000000181e-01 9.053999999999999826e-01 2.700000000000000000e+01
2.265999999999999959e-01 4.900000000000000189e-02 5.605999999999999872e-01 1.048999999999999932e+00 6.378000000000000336e-01 1.758000000000000114e+02
1.718000000000000083e-01 4.900000000000000189e-02 7.810000000000000275e-01 1.145399999999999974e+00 7.950000000000000400e-01 -1.301999999999999886e+02
2.706000000000000072e-01 4.900000000000000189e-02 8.633999999999999453e-01 8.930000000000000160e-01 6.942000000000000393e-01 2.165999999999999943e+02
1.078000000000000069e-01 4.900000000000000189e-02 8.993999999999999773e-01 1.067399999999999904e+00 9.254000000000000004e-01 3.858000000000000114e+02
4.898000000000000131e-01 4.900000000000000189e-02 8.609999999999999876e-01 1.068599999999999994e+00 6.178000000000000158e-01 5.021999999999999886e+02
3.506000000000000227e-01 4.900000000000000189e-02 6.493999999999999773e-01 1.010599999999999943e+00 8.866000000000000547e-01 4.020000000000000284e+01
3.745999999999999885e-01 4.900000000000000189e-02 5.709999999999999520e-01 9.926000000000000378e-01 7.973999999999999977e-01 1.019999999999999929e+01
2.558000000000000274e-01 4.900000000000000189e-02 6.590000000000000302e-01 1.099399999999999933e+00 9.689999999999999725e-01 -1.314000000000000057e+02
1.894000000000000128e-01 4.900000000000000189e-02 6.777999999999999581e-01 1.139399999999999968e+00 8.666000000000000369e-01 1.781999999999999886e+02
4.198000000000000065e-01 4.900000000000000189e-02 6.622000000000000108e-01 1.021400000000000086e+00 6.693999999999999950e-01 -9.059999999999999432e+01
4.302000000000000268e-01 4.900000000000000189e-02 7.741999999999999993e-01 9.425999999999999934e-01 9.098000000000000531e-01 -2.621999999999999886e+02
1.486000000000000099e-01 4.900000000000000189e-02 6.229999999999999982e-01 8.574000000000000510e-01 7.538000000000000256e-01 6.420000000000000284e+01
4.878000000000000114e-01 4.900000000000000189e-02 8.214000000000000190e-01 9.921999999999999709e-01 6.925999999999999934e-01 -4.733999999999999773e+02
2.466000000000000136e-01 4.900000000000000189e-02 8.466000000000000192e-01 1.117799999999999905e+00 7.446000000000000396e-01 -1.445999999999999943e+02
1.582000000000000073e-01 4.900000000000000189e-02 7.865999999999999659e-01 9.485999999999999988e-01 9.282000000000000250e-01 1.578000000000000114e+02
4.849999999999999867e-01 4.900000000000000189e-02 8.770000000000000018e-01 1.167000000000000037e+00 7.705999999999999517e-01 -3.210000000000000000e+02
2.018000000000000071e-01 4.900000000000000189e-02 8.621999999999999664e-01 9.646000000000000130e-01 8.142000000000000348e-01 2.250000000000000000e+02
1.789999999999999925e-01 4.900000000000000189e-02 8.062000000000000277e-01 9.562000000000000499e-01 8.721999999999999753e-01 -1.925999999999999943e+02
4.062000000000000055e-01 4.900000000000000189e-02 8.037999999999999590e-01 1.105799999999999894e+00 6.346000000000000529e-01 1.374000000000000057e+02
3.830000000000000071e-01 4.900000000000000189e-02 6.934000000000000163e-01 1.183000000000000052e+00 9.918000000000000149e-01 -3.653999999999999773e+02
3.565999999999999726e-01 4.900000000000000189e-02 6.353999999999999648e-01 1.182600000000000096e+00 7.154000000000000359e-01 4.698000000000000114e+02
4.626000000000000112e-01 4.900000000000000189e-02 6.421999999999999931e-01 1.108200000000000074e+00 6.066000000000000281e-01 7.740000000000000568e+01
4.597999999999999865e-01 4.900000000000000189e-02 8.377999999999999892e-01 1.180600000000000094e+00 7.925999999999999712e-01 -3.353999999999999773e+02
2.813999999999999835e-01 4.900000000000000189e-02 6.049999999999999822e-01 8.501999999999999558e-01 9.429999999999999494e-01 -7.620000000000000284e+01
4.758000000000000007e-01 4.900000000000000189e-02 6.545999999999999597e-01 1.192600000000000104e+00 7.369999999999999885e-01 5.118000000000000114e+02
2.094000000000000028e-01 4.900000000000000189e-02 5.842000000000000526e-01 1.030200000000000005e+00 9.893999999999999462e-01 4.500000000000000000e+01
4.294000000000000039e-01 4.900000000000000189e-02 5.537999999999999590e-01 8.082000000000000295e-01 8.945999999999999508e-01 -2.261999999999999886e+02
4.225999999999999757e-01 4.900000000000000189e-02 6.949999999999999512e-01 1.060200000000000031e+00 8.329999999999999627e-01 -3.773999999999999773e+02
2.129999999999999949e-01 4.900000000000000189e-02 5.981999999999999540e-01 1.144200000000000106e+00 6.493999999999999773e-01 3.900000000000000000e+01
4.709999999999999742e-01 4.900000000000000189e-02 6.129999999999999893e-01 9.230000000000000426e-01 7.650000000000000133e-01 -3.660000000000000142e+01
2.906000000000000250e-01 4.900000000000000189e-02 5.338000000000000522e-01 9.322000000000000286e-01 8.925999999999999490e-01 2.310000000000000000e+02
3.297999999999999821e-01 4.900000000000000189e-02 5.293999999999999817e-01 1.055399999999999894e+00 8.921999999999999931e-01 -1.974000000000000057e+02
3.089999999999999969e-01 4.900000000000000189e-02 7.458000000000000185e-01 9.809999999999999831e-01 9.102000000000000091e-01 2.718000000000000114e+02
3.141999999999999793e-01 4.900000000000000189e-02 6.313999999999999613e-01 1.155799999999999939e+00 7.062000000000000499e-01 1.421999999999999886e+02
1.229999999999999982e-01 4.900000000000000189e-02 5.165999999999999481e-01 9.557999999999999829e-01 9.534000000000000252e-01 -4.979999999999999716e+01
1.406000000000000028e-01 4.900000000000000189e-02 8.873999999999999666e-01 1.151799999999999935e+00 9.517999999999999794e-01 3.420000000000000284e+01
3.413999999999999813e-01 4.900000000000000189e-02 6.126000000000000334e-01 1.078999999999999959e+00 9.694000000000000394e-01 3.653999999999999773e+02
4.969999999999999973e-01 4.900000000000000189e-02 6.613999999999999879e-01 1.187400000000000011e+00 8.973999999999999755e-01 3.053999999999999773e+02
2.313999999999999946e-01 4.900000000000000189e-02 6.774000000000000021e-01 8.890000000000000124e-01 7.645999999999999464e-01 4.446000000000000227e+02
1.497999999999999887e-01 4.900000000000000189e-02 8.286000000000000032e-01 8.589999999999999858e-01 6.790000000000000480e-01 -4.433999999999999773e+02
1.542000000000000037e-01 4.900000000000000189e-02 5.285999999999999588e-01 1.080600000000000005e+00 7.174000000000000377e-01 4.386000000000000227e+02
1.597999999999999976e-01 4.900000000000000189e-02 6.001999999999999558e-01 1.081800000000000095e+00 6.481999999999999984e-01 -1.781999999999999886e+02
1.141999999999999960e-01 4.900000000000000189e-02 5.766000000000000014e-01 1.050599999999999978e+00 7.189999999999999725e-01 1.242000000000000028e+02
3.718000000000000194e-01 4.900000000000000189e-02 6.730000000000000426e-01 9.382000000000000339e-01 9.749999999999999778e-01 2.886000000000000227e+02
1.509999999999999953e-01 4.900000000000000189e-02 7.730000000000000204e-01 9.494000000000000217e-01 7.930000000000000382e-01 5.682000000000000455e+02
2.446000000000000119e-01 4.900000000000000189e-02 7.962000000000000188e-01 1.136600000000000055e+00 8.441999999999999504e-01 9.900000000000000000e+01
2.721999999999999975e-01 4.900000000000000189e-02 6.373999999999999666e-01 1.045400000000000107e+00 9.197999999999999510e-01 3.521999999999999886e+02
3.765999999999999903e-01 4.900000000000000189e-02 7.014000000000000234e-01 9.202000000000000179e-01 9.250000000000000444e-01 -2.165999999999999943e+02
1.293999999999999873e-01 4.900000000000000189e-02 6.917999999999999705e-01 1.110200000000000076e+00 8.913999999999999702e-01 -3.533999999999999773e+02
2.406000000000000083e-01 4.900000000000000189e-02 7.558000000000000274e-01 8.506000000000000227e-01 6.333999999999999631e-01 -5.730000000000000000e+02
2.538000000000000256e-01 4.900000000000000189e-02 6.522000000000000020e-01 8.686000000000000387e-01 8.998000000000000442e-01 3.186000000000000227e+02
4.889999999999999902e-01 4.900000000000000189e-02 6.713999999999999968e-01 1.036999999999999922e+00 8.497999999999999998e-01 -1.350000000000000000e+02
2.510000000000000009e-01 4.900000000000000189e-02 8.870000000000000107e-01 8.633999999999999453e-01 8.429999999999999716e-01 1.338000000000000114e+02
2.165999999999999870e-01 4.900000000000000189e-02 8.678000000000000158e-01 8.346000000000000085e-01 7.106000000000000094e-01 -4.260000000000000142e+01
4.242000000000000215e-01 4.900000000000000189e-02 5.046000000000000485e-01 8.222000000000000419e-01 6.465999999999999526e-01 -3.306000000000000227e+02
2.873999999999999888e-01 4.900000000000000189e-02 7.141999999999999460e-01 1.058999999999999941e+00 9.714000000000000412e-01 -2.610000000000000000e+02
1.350000000000000089e-01 4.900000000000000189e-02 8.753999999999999559e-01 1.066599999999999993e+00 9.125999999999999668e-01 3.726000000000000227e+02
2.006000000000000005e-01 4.900000000000000189e-02 7.785999999999999588e-01 9.182000000000000162e-01 7.590000000000000080e-01 -4.926000000000000227e+02
1.494000000000000050e-01 4.900000000000000189e-02 8.357999999999999874e-01 9.941999999999999726e-01 9.377999999999999670e-01 3.018000000000000114e+02
3.845999999999999974e-01 4.900000000000000189e-02 6.189999999999999947e-01 8.257999999999999785e-01 9.294000000000000039e-01 -5.777999999999999545e+02
1.270000000000000018e-01 4.900000000000000189e-02 5.809999999999999609e-01 9.726000000000000201e-01 7.730000000000000204e-01 2.970000000000000000e+02
4.902000000000000246e-01 4.900000000000000189e-02 8.282000000000000473e-01 9.754000000000000448e-01 9.898000000000000131e-01 2.219999999999999929e+01
3.290000000000000147e-01 4.900000000000000189e-02 7.154000000000000359e-01 1.137399999999999967e+00 7.937999999999999501e-01 -4.386000000000000227e+02
2.697999999999999843e-01 4.900000000000000189e-02 7.550000000000000044e-01 9.125999999999999668e-01 8.678000000000000158e-01 -2.910000000000000000e+02
2.505999999999999894e-01 4.900000000000000189e-02 7.650000000000000133e-01 1.129000000000000004e+00 6.189999999999999947e-01 -4.518000000000000114e+02
2.797999999999999932e-01 4.900000000000000189e-02 8.222000000000000419e-01 8.169999999999999485e-01 6.697999999999999510e-01 1.805999999999999943e+02
2.205999999999999905e-01 4.900000000000000189e-02 6.021999999999999575e-01 9.554000000000000270e-01 7.289999999999999813e-01 -2.178000000000000114e+02
4.113999999999999879e-01 4.900000000000000189e-02 5.714000000000000190e-01 8.354000000000000314e-01 8.266000000000000014e-01 1.182000000000000028e+02
3.497999999999999998e-01 4.900000000000000189e-02 6.361999999999999877e-01 1.165000000000000036e+00 6.802000000000000268e-01 2.034000000000000057e+02
2.134000000000000064e-01 4.900000000000000189e-02 8.449999999999999734e-01 1.119799999999999907e+00 8.698000000000000176e-01 2.706000000000000227e+02
3.629999999999999893e-01 4.900000000000000189e-02 7.698000000000000398e-01 1.096600000000000019e+00 9.778000000000000025e-01 -4.313999999999999773e+02
4.149999999999999800e-01 4.900000000000000189e-02 6.133999999999999453e-01 8.374000000000000332e-01 9.210000000000000409e-01 4.338000000000000114e+02
3.705999999999999850e-01 4.900000000000000189e-02 5.026000000000000467e-01 8.237999999999999767e-01 9.485999999999999988e-01 3.821999999999999886e+02
1.801999999999999991e-01 4.900000000000000189e-02 5.205999999999999517e-01 1.023400000000000087e+00 8.217999999999999750e-01 3.438000000000000114e+02
2.485999999999999877e-01 4.900000000000000189e-02 5.218000000000000416e-01 9.070000000000000284e-01 7.745999999999999552e-01 -2.826000000000000227e+02
4.354000000000000092e-01 4.900000000000000189e-02 5.178000000000000380e-01 8.366000000000000103e-01 6.089999999999999858e-01 1.050000000000000000e+02
1.910000000000000031e-01 4.900000000000000189e-02 6.198000000000000176e-01 9.542000000000000481e-01 6.006000000000000227e-01 5.802000000000000455e+02
1.421999999999999931e-01 4.900000000000000189e-02 5.929999999999999716e-01 1.000999999999999890e+00 8.237999999999999767e-01 1.914000000000000057e+02
1.990000000000000102e-01 4.900000000000000189e-02 6.562000000000000055e-01 8.417999999999999927e-01 9.265999999999999792e-01 -2.478000000000000114e+02
4.017999999999999905e-01 4.900000000000000189e-02 7.985999999999999766e-01 9.566000000000000059e-01 6.209999999999999964e-01 -4.830000000000000000e+02
1.373999999999999944e-01 4.900000000000000189e-02 7.830000000000000293e-01 8.753999999999999559e-01 9.222000000000000197e-01 -1.097999999999999972e+02
4.258000000000000118e-01 4.900000000000000189e-02 8.666000000000000369e-01 8.085999999999999854e-01 8.114000000000000101e-01 -1.961999999999999886e+02
3.482000000000000095e-01 4.900000000000000189e-02 7.778000000000000469e-01 1.138200000000000101e+00 8.518000000000000016e-01 1.445999999999999943e+02
2.270000000000000073e-01 4.900000000000000189e-02 8.910000000000000142e-01 1.185799999999999965e+00 9.858000000000000096e-01 3.101999999999999886e+02
4.842000000000000193e-01 4.900000000000000189e-02 7.953999999999999959e-01 9.821999999999999620e-01 8.726000000000000423e-01 4.470000000000000000e+02
2.518000000000000238e-01 4.900000000000000189e-02 6.066000000000000281e-01 1.140600000000000058e+00 9.290000000000000480e-01 5.610000000000000000e+02
3.582000000000000184e-01 4.900000000000000189e-02 7.738000000000000433e-01 1.004199999999999982e+00 8.554000000000000492e-01 -5.106000000000000227e+02
3.370000000000000218e-01 4.900000000000000189e-02 5.073999999999999622e-01 1.022999999999999909e+00 6.350000000000000089e-01 -5.513999999999999773e+02
4.530000000000000138e-01 4.900000000000000189e-02 7.670000000000000151e-01 8.409999999999999698e-01 8.733999999999999542e-01 4.050000000000000000e+02
2.733999999999999764e-01 4.900000000000000189e-02 5.081999999999999851e-01 1.034999999999999920e+00 8.302000000000000490e-01 -1.818000000000000114e+02
1.365999999999999992e-01 4.900000000000000189e-02 5.585999999999999854e-01 8.721999999999999753e-01 6.989999999999999547e-01 5.910000000000000000e+02
3.513999999999999901e-01 4.900000000000000189e-02 7.473999999999999533e-01 1.128600000000000048e+00 9.382000000000000339e-01 4.578000000000000114e+02
4.205999999999999739e-01 4.900000000000000189e-02 6.717999999999999527e-01 1.032200000000000006e+00 6.785999999999999810e-01 1.625999999999999943e+02
3.178000000000000269e-01 4.900000000000000189e-02 5.534000000000000030e-01 9.122000000000000108e-01 6.026000000000000245e-01 -5.700000000000000000e+01
4.146000000000000241e-01 4.900000000000000189e-02 6.957999999999999741e-01 9.025999999999999579e-01 9.365999999999999881e-01 1.025999999999999943e+02
1.110000000000000014e-01 4.900000000000000189e-02 6.173999999999999488e-01 9.858000000000000096e-01 8.389999999999999680e-01 1.554000000000000057e+02
2.581999999999999851e-01 4.900000000000000189e-02 6.582000000000000073e-01 1.168600000000000083e+00 9.082000000000000073e-01 -5.393999999999999773e+02
4.445999999999999952e-01 4.900000000000000189e-02 8.778000000000000247e-01 8.266000000000000014e-01 9.133999999999999897e-01 5.742000000000000455e+02
1.358000000000000040e-01 4.900000000000000189e-02 6.598000000000000531e-01 1.133000000000000007e+00 8.481999999999999540e-01 9.000000000000000000e+00
3.689999999999999947e-01 4.900000000000000189e-02 7.137999999999999901e-01 8.157999999999999696e-01 6.478000000000000425e-01 -6.060000000000000142e+01
2.010000000000000120e-01 4.900000000000000189e-02 7.393999999999999462e-01 1.087399999999999922e+00 6.390000000000000124e-01 1.985999999999999943e+02
2.333999999999999964e-01 4.900000000000000189e-02 7.106000000000000094e-01 1.009800000000000031e+00 7.893999999999999906e-01 5.153999999999999773e+02
3.754000000000000115e-01 4.900000000000000189e-02 8.225999999999999979e-01 8.054000000000000048e-01 9.829999999999999849e-01 4.961999999999999886e+02
3.770000000000000018e-01 4.900000000000000189e-02 5.298000000000000487e-01 8.786000000000000476e-01 6.001999999999999558e-01 5.093999999999999773e+02
4.213999999999999968e-01 4.900000000000000189e-02 7.046000000000000041e-01 8.494000000000000439e-01 9.062000000000000055e-01 1.458000000000000114e+02
4.305999999999999828e-01 4.900000000000000189e-02 7.933999999999999941e-01 1.076200000000000045e+00 8.778000000000000247e-01 5.370000000000000000e+02
3.669999999999999929e-01 4.900000000000000189e-02 8.242000000000000437e-01 8.569999999999999840e-01 6.213999999999999524e-01 5.946000000000000227e+02
3.402000000000000024e-01 4.900000000000000189e-02 6.737999999999999545e-01 1.008199999999999985e+00 9.409999999999999476e-01 4.998000000000000114e+02
4.566000000000000059e-01 4.900000000000000189e-02 7.117999999999999883e-01 1.158199999999999896e+00 6.865999999999999881e-01 -1.374000000000000057e+02
2.898000000000000020e-01 4.900000000000000189e-02 8.514000000000000457e-01 9.397999999999999687e-01 6.885999999999999899e-01 3.210000000000000000e+02
3.549999999999999822e-01 4.900000000000000189e-02 6.009999999999999787e-01 9.290000000000000480e-01 8.005999999999999783e-01 9.179999999999999716e+01
3.774000000000000132e-01 4.900000000000000189e-02 5.517999999999999572e-01 8.162000000000000366e-01 6.173999999999999488e-01 -2.778000000000000114e+02
3.442000000000000060e-01 4.900000000000000189e-02 8.409999999999999698e-01 1.157399999999999984e+00 8.085999999999999854e-01 -2.946000000000000227e+02
2.757999999999999896e-01 4.900000000000000189e-02 8.374000000000000332e-01 8.225999999999999979e-01 9.973999999999999533e-01 -4.601999999999999886e+02
4.746000000000000218e-01 4.900000000000000189e-02 8.501999999999999558e-01 8.738000000000000211e-01 8.366000000000000103e-01 -3.539999999999999858e+01
4.617999999999999883e-01 4.900000000000000189e-02 7.573999999999999622e-01 1.187799999999999967e+00 7.750000000000000222e-01 4.733999999999999773e+02
2.033999999999999975e-01 4.900000000000000189e-02 5.642000000000000348e-01 1.161000000000000032e+00 8.182000000000000384e-01 4.421999999999999886e+02
4.057999999999999940e-01 4.900000000000000189e-02 8.406000000000000139e-01 8.302000000000000490e-01 8.718000000000000194e-01 -1.458000000000000114e+02
2.394000000000000017e-01 4.900000000000000189e-02 6.330000000000000071e-01 1.140200000000000102e+00 6.438000000000000389e-01 -5.339999999999999858e+01
4.042000000000000037e-01 4.900000000000000189e-02 6.478000000000000425e-01 1.070999999999999952e+00 9.989999999999999991e-01 5.142000000000000455e+02
3.970000000000000195e-01 4.900000000000000189e-02 5.417999999999999483e-01 1.025400000000000089e+00 9.674000000000000377e-01 5.537999999999999545e+02
4.601999999999999980e-01 4.900000000000000189e-02 7.318000000000000060e-01 9.465999999999999970e-01 6.737999999999999545e-01 -3.918000000000000114e+02
4.885999999999999788e-01 4.900000000000000189e-02 8.661999999999999700e-01 8.661999999999999700e-01 7.281999999999999584e-01 2.178000000000000114e+02
3.526000000000000245e-01 4.900000000000000189e-02 6.882000000000000339e-01 1.177000000000000046e+00 9.137999999999999456e-01 -2.441999999999999886e+02
4.133999999999999897e-01 4.900000000000000189e-02 5.634000000000000119e-01 9.497999999999999776e-01 8.830000000000000071e-01 4.133999999999999773e+02
4.178000000000000047e-01 4.900000000000000189e-02 5.694000000000000172e-01 9.033999999999999808e-01 8.045999999999999819e-01 4.626000000000000227e+02
2.737999999999999878e-01 4.900000000000000189e-02 8.346000000000000085e-01 9.953999999999999515e-01 8.706000000000000405e-01 -4.193999999999999773e+02
3.225999999999999979e-01 4.900000000000000189e-02 7.802000000000000046e-01 1.120600000000000041e+00 9.182000000000000162e-01 -4.566000000000000227e+02
4.077999999999999958e-01 4.900000000000000189e-02 7.530000000000000027e-01 1.143000000000000016e+00 9.774000000000000465e-01 5.106000000000000227e+02
1.330000000000000071e-01 4.900000000000000189e-02 7.366000000000000325e-01 8.394000000000000350e-01 8.042000000000000259e-01 -1.325999999999999943e+02
3.634000000000000008e-01 4.900000000000000189e-02 8.629999999999999893e-01 8.881999999999999895e-01 6.994000000000000217e-01 -1.062000000000000028e+02
1.690000000000000113e-01 4.900000000000000189e-02 6.645999999999999686e-01 1.085399999999999920e+00 6.330000000000000071e-01 1.380000000000000071e+01
1.222000000000000031e-01 4.900000000000000189e-02 7.157999999999999918e-01 1.056200000000000028e+00 9.654000000000000359e-01 1.860000000000000142e+01
2.225999999999999923e-01 4.900000000000000189e-02 7.358000000000000096e-01 1.050200000000000022e+00 8.446000000000000174e-01 -4.793999999999999773e+02
4.989999999999999991e-01 4.900000000000000189e-02 7.206000000000000183e-01 1.019400000000000084e+00 9.202000000000000179e-01 2.741999999999999886e+02
3.894000000000000239e-01 4.900000000000000189e-02 7.017999999999999794e-01 8.778000000000000247e-01 8.197999999999999732e-01 5.813999999999999773e+02
4.845999999999999752e-01 4.900000000000000189e-02 6.038000000000000034e-01 1.191799999999999971e+00 7.329999999999999849e-01 2.339999999999999858e+01
1.117999999999999966e-01 4.900000000000000189e-02 7.510000000000000009e-01 8.826000000000000512e-01 7.922000000000000153e-01 -2.130000000000000000e+02
2.378000000000000114e-01 4.900000000000000189e-02 6.281999999999999806e-01 1.008599999999999941e+00 7.586000000000000520e-01 -5.933999999999999773e+02
4.238000000000000100e-01 4.900000000000000189e-02 7.214000000000000412e-01 1.042599999999999971e+00 8.234000000000000208e-01 2.100000000000000000e+01
3.165999999999999925e-01 4.900000000000000189e-02 5.113999999999999657e-01 1.060599999999999987e+00 8.870000000000000107e-01 -1.085999999999999943e+02
1.137999999999999984e-01 4.900000000000000189e-02 7.546000000000000485e-01 9.302000000000000268e-01 6.573999999999999844e-01 1.739999999999999858e+01
2.958000000000000074e-01 4.900000000000000189e-02 5.290000000000000258e-01 1.062999999999999945e+00 6.321999999999999842e-01 1.110000000000000000e+02
4.129999999999999782e-01 4.900000000000000189e-02 7.409999999999999920e-01 1.000199999999999978e+00 7.089999999999999636e-01 -3.300000000000000000e+01
3.433999999999999830e-01 4.900000000000000189e-02 5.866000000000000103e-01 1.041800000000000059e+00 9.494000000000000217e-01 3.306000000000000227e+02
4.361999999999999766e-01 4.900000000000000189e-02 8.990000000000000213e-01 1.055800000000000072e+00 7.661999999999999922e-01 5.730000000000000000e+02
2.293999999999999928e-01 4.900000000000000189e-02 7.681999999999999940e-01 9.282000000000000250e-01 7.453999999999999515e-01 -2.118000000000000114e+02
3.346000000000000085e-01 4.900000000000000189e-02 8.569999999999999840e-01 9.998000000000000220e-01 6.141999999999999682e-01 3.353999999999999773e+02
4.341999999999999749e-01 4.900000000000000189e-02 6.146000000000000352e-01 8.322000000000000508e-01 9.641999999999999460e-01 -4.541999999999999886e+02
2.330000000000000127e-01 4.900000000000000189e-02 7.174000000000000377e-01 1.089800000000000102e+00 8.185999999999999943e-01 4.770000000000000000e+02
4.189999999999999836e-01 4.900000000000000189e-02 6.902000000000000357e-01 9.365999999999999881e-01 6.710000000000000409e-01 -2.741999999999999886e+02
3.729999999999999982e-01 4.900000000000000189e-02 8.558000000000000052e-01 1.016599999999999948e+00 9.981999999999999762e-01 -1.878000000000000114e+02
1.781999999999999973e-01 4.900000000000000189e-02 6.830000000000000515e-01 1.012599999999999945e+00 9.854000000000000536e-01 5.933999999999999773e+02
4.577999999999999847e-01 4.900000000000000189e-02 6.710000000000000409e-01 1.177400000000000002e+00 6.301999999999999824e-01 -2.933999999999999773e+02
1.113999999999999990e-01 4.900000000000000189e-02 6.425999999999999490e-01 8.005999999999999783e-01 9.193999999999999950e-01 5.070000000000000000e+02
4.825999999999999734e-01 4.900000000000000189e-02 5.986000000000000210e-01 1.084600000000000009e+00 8.205999999999999961e-01 1.721999999999999886e+02
1.313999999999999890e-01 4.900000000000000189e-02 6.909999999999999476e-01 1.024199999999999999e+00 9.122000000000000108e-01 4.518000000000000114e+02
4.793999999999999928e-01 4.900000000000000189e-02 5.041999999999999815e-01 1.146600000000000064e+00 7.610000000000000098e-01 -1.800000000000000044e+00
2.361999999999999933e-01 4.900000000000000189e-02 8.758000000000000229e-01 8.094000000000000083e-01 6.565999999999999615e-01 -5.939999999999999858e+01
4.737999999999999989e-01 4.900000000000000189e-02 8.546000000000000263e-01 8.813999999999999613e-01 6.193999999999999506e-01 3.641999999999999886e+02
2.605999999999999983e-01 4.900000000000000189e-02 5.745999999999999996e-01 1.106999999999999984e+00 6.645999999999999686e-01 -9.179999999999999716e+01
1.466000000000000081e-01 4.900000000000000189e-02 5.597999999999999643e-01 1.018999999999999906e+00 7.977999999999999536e-01 -2.058000000000000114e+02
2.690000000000000169e-01 4.900000000000000189e-02 8.658000000000000140e-01 8.810000000000000053e-01 6.657999999999999474e-01 -5.262000000000000455e+02
3.658000000000000140e-01 4.900000000000000189e-02 7.813999999999999835e-01 9.966000000000000414e-01 6.662000000000000144e-01 2.621999999999999886e+02
2.149999999999999967e-01 4.900000000000000189e-02 5.974000000000000421e-01 1.195000000000000062e+00 8.054000000000000048e-01 3.593999999999999773e+02
