3.296999999999999931e-01 6.395000000000000684e-02 7.589000000000000190e-01 9.366999999999999771e-01 8.094999999999999973e-01 1.161775000000000030e-01 -9.281500000000000306e-01
2.681000000000000050e-01 3.074999999999999956e-02 7.631000000000000005e-01 1.058499999999999996e+00 8.475000000000000311e-01 6.913675000000000237e-01 -1.127650000000000041e+00
2.079000000000000015e-01 3.230999999999999844e-02 5.032999999999999696e-01 1.068500000000000005e+00 7.167000000000000037e-01 2.805174999999999752e-01 -7.466500000000000359e-01
2.824999999999999734e-01 4.993000000000000216e-02 7.502999999999999670e-01 1.015099999999999891e+00 8.460999999999999632e-01 2.230975000000000041e-01 -1.037649999999999961e+00
4.601000000000000090e-01 4.465000000000000219e-02 5.866999999999999993e-01 1.078699999999999992e+00 6.471000000000000085e-01 7.032475000000000254e-01 -1.265050000000000008e+00
3.852999999999999758e-01 4.796999999999999875e-02 7.677000000000000490e-01 8.839000000000000190e-01 9.221000000000000307e-01 4.433725000000000027e-01 -1.129750000000000032e+00
2.822999999999999954e-01 6.417000000000000481e-02 8.268999999999999684e-01 8.547000000000000153e-01 8.058999999999999497e-01 1.330075000000000007e-01 -1.223049999999999971e+00
1.864999999999999991e-01 4.283000000000000002e-02 7.459000000000000075e-01 1.130100000000000104e+00 8.053000000000000158e-01 3.458574999999999844e-01 -7.433499999999999552e-01
2.096999999999999975e-01 3.459000000000000269e-02 5.272999999999999909e-01 8.749000000000000110e-01 9.156999999999999584e-01 7.933375000000000288e-01 -8.879500000000000171e-01
4.974999999999999978e-01 4.177000000000000157e-02 8.907000000000000473e-01 1.052699999999999969e+00 8.754999999999999449e-01 9.487674999999999859e-01 -7.667500000000000426e-01
2.046999999999999931e-01 3.402999999999999775e-02 6.179000000000000048e-01 1.032299999999999995e+00 6.327000000000000401e-01 2.315125000000000099e-01 -8.387499999999999956e-01
2.702999999999999847e-01 3.228999999999999926e-02 5.299000000000000377e-01 1.140900000000000025e+00 8.532999999999999474e-01 7.458175000000000221e-01 -9.434500000000000108e-01
1.932999999999999996e-01 6.354999999999999538e-02 5.094999999999999529e-01 9.234999999999999876e-01 9.049000000000000377e-01 2.963574999999999959e-01 -8.006499999999999728e-01
3.574999999999999845e-01 6.425000000000000155e-02 7.921000000000000263e-01 8.463000000000000522e-01 6.661000000000000254e-01 2.681425000000000058e-01 -1.024149999999999894e+00
1.439000000000000001e-01 3.461000000000000187e-02 6.943000000000000282e-01 1.117099999999999982e+00 7.959000000000000519e-01 2.270574999999999954e-01 -9.515500000000000069e-01
4.168999999999999928e-01 3.470999999999999780e-02 6.070999999999999730e-01 8.123000000000000220e-01 9.899000000000000021e-01 6.052374999999999838e-01 -7.202499999999999458e-01
3.860999999999999988e-01 3.781000000000000333e-02 5.014999999999999458e-01 9.139000000000000457e-01 7.310999999999999721e-01 7.621525000000000105e-01 -9.701499999999999568e-01
4.297000000000000264e-01 4.757000000000000117e-02 6.264999999999999458e-01 1.134100000000000108e+00 6.312999999999999723e-01 3.720924999999999927e-01 -1.164549999999999974e+00
2.247000000000000108e-01 5.441000000000000003e-02 6.956999999999999851e-01 1.054899999999999949e+00 7.060999999999999499e-01 3.814974999999999894e-01 -1.046950000000000047e+00
1.786999999999999977e-01 5.210999999999999660e-02 7.362999999999999545e-01 8.243000000000000327e-01 9.650999999999999579e-01 9.522325000000000372e-01 -7.271499999999999631e-01
4.707000000000000073e-01 5.362999999999999712e-02 7.954999999999999849e-01 1.033900000000000041e+00 6.856999999999999762e-01 8.987724999999999742e-01 -7.658500000000000307e-01
3.664999999999999925e-01 6.654999999999999805e-02 6.431000000000000050e-01 9.585000000000000187e-01 9.902999999999999581e-01 7.657750000000000667e-02 -8.564500000000000446e-01
3.034999999999999920e-01 4.501000000000000140e-02 5.302999999999999936e-01 9.221000000000000307e-01 8.879000000000000226e-01 5.136625000000000218e-01 -9.725500000000000256e-01
1.534999999999999976e-01 4.572999999999999982e-02 6.542999999999999927e-01 1.112900000000000000e+00 9.256999999999999673e-01 9.517375000000000140e-01 -7.508500000000000174e-01
1.238999999999999962e-01 6.676999999999999602e-02 8.629000000000000004e-01 1.084899999999999975e+00 8.308999999999999719e-01 1.973574999999999913e-01 -7.814499999999999780e-01
3.054999999999999938e-01 5.809000000000000274e-02 7.322999999999999510e-01 1.168099999999999916e+00 6.622999999999999998e-01 5.626674999999999871e-01 -8.285500000000000087e-01
4.429000000000000159e-01 3.261000000000000010e-02 5.853000000000000425e-01 1.042300000000000004e+00 8.632999999999999563e-01 2.810124999999999984e-01 -1.228750000000000009e+00
2.676999999999999935e-01 6.998999999999999666e-02 5.960999999999999632e-01 9.308999999999999497e-01 7.090999999999999526e-01 9.462924999999999809e-01 -1.171450000000000102e+00
4.436999999999999833e-01 4.130999999999999950e-02 6.314999999999999503e-01 9.605000000000000204e-01 8.046999999999999709e-01 2.141875000000000029e-01 -9.122500000000000053e-01
1.653000000000000025e-01 5.446999999999999759e-02 7.522999999999999687e-01 1.060300000000000020e+00 9.346999999999999753e-01 3.389274999999999927e-01 -1.049949999999999939e+00
1.260999999999999899e-01 6.611000000000000210e-02 8.864999999999999547e-01 1.176099999999999923e+00 7.419000000000000039e-01 7.819525000000000503e-01 -8.513500000000000512e-01
2.535000000000000031e-01 6.633000000000000007e-02 7.834999999999999742e-01 1.061700000000000088e+00 9.189000000000000501e-01 1.473625000000000074e-01 -7.835499999999999687e-01
2.933000000000000052e-01 5.414999999999999675e-02 7.272999999999999465e-01 1.169100000000000028e+00 6.459000000000000297e-01 5.893975000000000186e-01 -9.056499999999999551e-01
2.253000000000000003e-01 3.939000000000000140e-02 7.617000000000000437e-01 9.473000000000000309e-01 8.667000000000000259e-01 1.519749999999999920e-02 -7.460499999999999909e-01
1.656999999999999862e-01 5.677000000000000102e-02 6.382999999999999785e-01 8.662999999999999590e-01 7.153000000000000469e-01 4.745575000000000210e-01 -1.002250000000000085e+00
4.737000000000000099e-01 3.081000000000000058e-02 8.505000000000000338e-01 1.152300000000000102e+00 6.943000000000000282e-01 2.869524999999999992e-01 -8.123500000000000165e-01
2.111000000000000099e-01 4.150999999999999829e-02 5.286999999999999478e-01 1.057700000000000085e+00 6.853000000000000203e-01 5.824675000000000269e-01 -1.231449999999999934e+00
1.287000000000000088e-01 5.942999999999999672e-02 6.913000000000000256e-01 8.488999999999999879e-01 9.134999999999999787e-01 6.334524999999999739e-01 -8.078499999999999570e-01
1.648999999999999910e-01 4.041000000000000147e-02 8.774999999999999467e-01 9.313000000000000167e-01 7.208999999999999853e-01 2.552725000000000133e-01 -9.197499999999999565e-01
3.183000000000000274e-01 4.334999999999999964e-02 6.482999999999999874e-01 1.024299999999999988e+00 6.664999999999999813e-01 9.299574999999999925e-01 -1.189750000000000085e+00
1.087000000000000050e-01 6.852999999999999370e-02 8.448999999999999844e-01 1.137699999999999934e+00 9.054999999999999716e-01 9.527274999999999494e-01 -1.293250000000000011e+00
1.852999999999999925e-01 4.023000000000000187e-02 6.689000000000000501e-01 8.373000000000000442e-01 9.133000000000000007e-01 5.691024999999999556e-01 -9.734500000000000375e-01
1.773000000000000131e-01 3.622999999999999832e-02 5.399000000000000465e-01 1.132100000000000106e+00 9.032999999999999918e-01 7.037425000000000486e-01 -1.272250000000000103e+00
4.320999999999999841e-01 4.945000000000000090e-02 7.699000000000000288e-01 1.085499999999999909e+00 9.381000000000000449e-01 2.943775000000000142e-01 -8.207499999999999796e-01
3.265000000000000124e-01 3.577000000000000318e-02 7.766999999999999460e-01 8.827000000000000401e-01 9.860999999999999766e-01 9.948025000000000340e-01 -1.121350000000000069e+00
4.877000000000000224e-01 3.499000000000000027e-02 5.426999999999999602e-01 8.844999999999999529e-01 9.204999999999999849e-01 3.829825000000000035e-01 -1.069749999999999979e+00
4.469000000000000195e-01 5.115000000000000102e-02 8.024999999999999911e-01 9.697000000000000064e-01 8.997000000000000552e-01 4.795074999999999754e-01 -8.843499999999999694e-01
4.439000000000000168e-01 3.194999999999999923e-02 8.493000000000000549e-01 9.363000000000000211e-01 8.620999999999999774e-01 9.012474999999999792e-01 -1.152549999999999963e+00
2.599000000000000199e-01 6.819000000000000061e-02 5.925000000000000266e-01 9.980999999999999872e-01 9.959000000000000075e-01 4.082275000000000209e-01 -8.996499999999999497e-01
3.266999999999999904e-01 5.049000000000000016e-02 6.734999999999999876e-01 1.173499999999999988e+00 7.984999999999999876e-01 5.270274999999999821e-01 -7.754499999999999726e-01
4.694999999999999729e-01 3.014999999999999972e-02 6.369000000000000217e-01 1.174500000000000099e+00 7.033000000000000362e-01 9.259975000000000289e-01 -1.086249999999999938e+00
1.063000000000000056e-01 4.044999999999999984e-02 5.506999999999999673e-01 9.416999999999999815e-01 6.693000000000000060e-01 4.869324999999999903e-01 -1.009749999999999925e+00
2.265000000000000069e-01 3.207000000000000128e-02 6.307000000000000384e-01 8.642999999999999572e-01 6.070999999999999730e-01 2.572524999999999951e-01 -1.105150000000000077e+00
4.031000000000000139e-01 6.622999999999999721e-02 5.513000000000000123e-01 9.593000000000000416e-01 8.994999999999999662e-01 1.965249999999999983e-02 -1.223349999999999937e+00
2.827000000000000068e-01 5.322999999999999954e-02 5.362999999999999989e-01 1.164299999999999891e+00 9.630999999999999561e-01 4.984750000000000292e-02 -7.637500000000000400e-01
4.545000000000000151e-01 5.462999999999999801e-02 8.530999999999999694e-01 9.266999999999999682e-01 6.601000000000000201e-01 3.468474999999999753e-01 -9.107499999999999485e-01
3.594999999999999862e-01 3.851000000000000256e-02 6.419000000000000261e-01 9.258999999999999453e-01 9.942999999999999616e-01 2.859625000000000083e-01 -1.253649999999999931e+00
3.799000000000000155e-01 5.079000000000000181e-02 5.314999999999999725e-01 8.315000000000000169e-01 6.492999999999999883e-01 8.265025000000000288e-01 -8.435500000000000220e-01
3.292999999999999816e-01 3.068999999999999853e-02 8.223000000000000309e-01 1.100700000000000012e+00 8.420999999999999597e-01 1.082575000000000065e-01 -1.018150000000000110e+00
2.343000000000000083e-01 4.827000000000000041e-02 6.479000000000000314e-01 9.755000000000000338e-01 7.946999999999999620e-01 2.064250000000000113e-02 -7.964499999999999913e-01
1.676999999999999880e-01 5.680999999999999939e-02 8.839000000000000190e-01 8.305000000000000160e-01 7.899000000000000465e-01 2.374525000000000108e-01 -1.109650000000000025e+00
1.832999999999999907e-01 3.257000000000000173e-02 5.334999999999999742e-01 1.069700000000000095e+00 9.997000000000000330e-01 4.790125000000000077e-01 -7.919500000000000428e-01
2.099000000000000032e-01 6.335000000000000353e-02 7.786999999999999478e-01 1.098100000000000076e+00 6.771000000000000352e-01 2.587375000000000091e-01 -1.172649999999999970e+00
3.083000000000000185e-01 4.259000000000000286e-02 6.661000000000000254e-01 8.790999999999999925e-01 6.072999999999999510e-01 2.666574999999999918e-01 -1.184350000000000014e+00
2.616999999999999882e-01 6.169000000000000178e-02 5.561000000000000387e-01 1.060499999999999998e+00 9.633000000000000451e-01 5.631625000000000103e-01 -1.114749999999999908e+00
3.352999999999999869e-01 6.740999999999999770e-02 8.987000000000000544e-01 1.096899999999999986e+00 6.105000000000000426e-01 2.023075000000000012e-01 -1.243749999999999911e+00
2.106999999999999984e-01 5.066999999999999976e-02 6.653000000000000025e-01 9.912999999999999590e-01 9.144999999999999796e-01 7.680924999999999558e-01 -8.666500000000000314e-01
3.116999999999999771e-01 3.679000000000000326e-02 5.332999999999999963e-01 8.872999999999999776e-01 6.062999999999999501e-01 1.290475000000000094e-01 -9.455500000000000016e-01
3.491000000000000214e-01 5.303000000000000075e-02 8.672999999999999599e-01 9.153000000000000025e-01 7.724999999999999645e-01 7.106725000000000403e-01 -1.102749999999999897e+00
1.854999999999999982e-01 4.825000000000000122e-02 6.739000000000000545e-01 9.201000000000000290e-01 6.442999999999999838e-01 1.196424999999999988e-01 -9.065499999999999670e-01
4.329000000000000070e-01 4.232999999999999957e-02 5.261000000000000121e-01 1.156300000000000106e+00 7.861000000000000210e-01 3.453625000000000167e-01 -9.593500000000000361e-01
1.595000000000000029e-01 6.060999999999999721e-02 5.596999999999999753e-01 8.427000000000000046e-01 6.437000000000000499e-01 4.567375000000000185e-01 -9.035499999999999643e-01
2.245000000000000051e-01 5.122999999999999776e-02 5.997000000000000108e-01 1.194499999999999895e+00 7.547000000000000375e-01 9.255025000000000057e-01 -7.025500000000000078e-01
4.742999999999999994e-01 4.859000000000000125e-02 6.247000000000000330e-01 1.156900000000000039e+00 6.906999999999999806e-01 6.487975000000000270e-01 -1.060750000000000082e+00
4.462999999999999745e-01 5.326999999999999791e-02 7.587000000000000410e-01 1.048300000000000010e+00 6.975000000000000089e-01 8.413524999999999476e-01 -8.711499999999999799e-01
1.290999999999999925e-01 5.342999999999999833e-02 8.979000000000000314e-01 8.629000000000000004e-01 7.629000000000000226e-01 1.805275000000000074e-01 -9.938500000000000112e-01
2.851000000000000201e-01 6.875000000000000555e-02 7.213000000000000522e-01 1.108700000000000019e+00 6.744999999999999885e-01 5.087125000000000119e-01 -1.074249999999999927e+00
1.527000000000000024e-01 3.926999999999999935e-02 8.657000000000000250e-01 8.904999999999999583e-01 9.897000000000000242e-01 8.720425000000000537e-01 -1.251249999999999973e+00
1.640999999999999959e-01 6.017000000000000126e-02 7.220999999999999641e-01 9.660999999999999588e-01 8.907000000000000473e-01 1.024749999999999966e-02 -8.297499999999999876e-01
2.549000000000000155e-01 4.619000000000000189e-02 8.754999999999999449e-01 1.133699999999999930e+00 8.649000000000000021e-01 1.533025000000000082e-01 -1.130349999999999966e+00
4.950999999999999845e-01 5.083000000000000018e-02 8.083000000000000185e-01 1.015900000000000025e+00 6.616999999999999549e-01 4.022875000000000201e-01 -1.115350000000000064e+00
1.988999999999999935e-01 6.371000000000000274e-02 5.406999999999999584e-01 9.106999999999999540e-01 6.681000000000000272e-01 3.003175000000000150e-01 -8.489499999999999824e-01
3.382999999999999896e-01 6.230999999999999733e-02 7.984999999999999876e-01 8.233000000000000318e-01 8.370999999999999552e-01 3.216025000000000134e-01 -9.767500000000000071e-01
2.200999999999999901e-01 4.390999999999999764e-02 5.134999999999999565e-01 9.381000000000000449e-01 7.073000000000000398e-01 3.834775000000000267e-01 -1.244650000000000034e+00
3.311000000000000054e-01 4.807000000000000162e-02 8.198999999999999622e-01 8.093000000000000194e-01 8.951000000000000068e-01 1.513224999999999987e-01 -9.236499999999999710e-01
4.509000000000000230e-01 3.325000000000000178e-02 6.068999999999999950e-01 8.582999999999999519e-01 8.817000000000000393e-01 9.750024999999999942e-01 -1.136349999999999971e+00
2.748999999999999777e-01 3.978999999999999898e-02 8.318999999999999728e-01 8.762999999999999678e-01 7.811000000000000165e-01 3.978324999999999778e-01 -1.124049999999999994e+00
4.405000000000000027e-01 5.535000000000000336e-02 7.469000000000000083e-01 1.148500000000000076e+00 6.798999999999999488e-01 6.507775000000000087e-01 -1.241950000000000109e+00
4.738999999999999879e-01 4.984999999999999848e-02 8.183000000000000274e-01 1.183100000000000041e+00 9.815000000000000391e-01 4.978225000000000011e-01 -8.534500000000000419e-01
2.665000000000000147e-01 4.082999999999999824e-02 6.915000000000000036e-01 9.214999999999999858e-01 9.588999999999999746e-01 8.994249999999999468e-02 -1.064049999999999940e+00
3.318999999999999728e-01 4.218999999999999834e-02 6.170999999999999819e-01 8.602999999999999536e-01 6.307000000000000384e-01 2.750724999999999976e-01 -1.198749999999999982e+00
1.122999999999999970e-01 6.026999999999999719e-02 7.886999999999999567e-01 8.285000000000000142e-01 7.590999999999999970e-01 5.973174999999999457e-01 -8.042500000000000204e-01
3.945000000000000173e-01 3.823000000000000009e-02 6.781000000000000361e-01 8.163000000000000256e-01 8.932999999999999829e-01 9.388674999999999660e-01 -9.101500000000000146e-01
2.091000000000000081e-01 6.146999999999999686e-02 8.280999999999999472e-01 1.031300000000000106e+00 7.996999999999999664e-01 1.414225000000000065e-01 -9.833499999999999464e-01
4.284999999999999920e-01 3.209000000000000047e-02 6.072999999999999510e-01 8.934999999999999609e-01 8.672999999999999599e-01 2.384425000000000017e-01 -1.079949999999999966e+00
3.239000000000000212e-01 6.929000000000000437e-02 7.891000000000000236e-01 1.017500000000000071e+00 8.400999999999999579e-01 5.651424999999999921e-01 -7.817499999999999449e-01
4.899000000000000021e-01 4.617000000000000270e-02 6.199000000000000066e-01 8.809000000000000163e-01 8.764999999999999458e-01 3.958524999999999960e-01 -8.384500000000000286e-01
2.812999999999999945e-01 4.370999999999999885e-02 5.227000000000000535e-01 1.059099999999999930e+00 7.337000000000000188e-01 6.760224999999999707e-01 -9.161500000000000199e-01
2.177000000000000046e-01 4.399000000000000132e-02 8.366999999999999993e-01 8.034999999999999920e-01 8.081000000000000405e-01 6.225625000000000187e-01 -1.259649999999999936e+00
4.969000000000000083e-01 5.986999999999999961e-02 8.977000000000000535e-01 1.001300000000000079e+00 9.072999999999999954e-01 4.631724999999999870e-01 -1.141450000000000076e+00
4.586999999999999966e-01 3.393000000000000183e-02 7.096999999999999975e-01 8.881000000000000005e-01 7.774999999999999689e-01 4.973274999999999779e-01 -1.273150000000000004e+00
3.584999999999999853e-01 6.413000000000000644e-02 6.539000000000000368e-01 1.048100000000000032e+00 8.520999999999999686e-01 7.532425000000000370e-01 -9.527499999999999858e-01
4.131000000000000227e-01 6.916999999999999538e-02 8.568999999999999950e-01 9.186999999999999611e-01 9.855000000000000426e-01 1.686475000000000057e-01 -9.545500000000000096e-01
2.686999999999999944e-01 4.698999999999999705e-02 6.714999999999999858e-01 1.093099999999999961e+00 9.371000000000000441e-01 7.289875000000000105e-01 -9.920499999999999874e-01
2.066999999999999948e-01 6.386999999999999622e-02 8.066999999999999726e-01 8.353000000000000425e-01 8.804999999999999494e-01 8.284825000000000106e-01 -8.027499999999999636e-01
2.797000000000000042e-01 3.846999999999999725e-02 6.282999999999999696e-01 9.268999999999999462e-01 6.561000000000000165e-01 4.143249999999999711e-02 -7.682499999999999885e-01
1.499000000000000055e-01 4.821000000000000285e-02 8.335000000000000187e-01 1.102500000000000036e+00 8.832999999999999741e-01 7.972974999999999923e-01 -1.032550000000000079e+00
3.325000000000000178e-01 3.250999999999999723e-02 7.372999999999999554e-01 1.089900000000000091e+00 7.327000000000000179e-01 8.819424999999999626e-01 -1.259349999999999969e+00
4.827000000000000179e-01 3.824999999999999928e-02 7.791000000000000147e-01 9.528999999999999693e-01 9.203000000000000069e-01 2.829924999999999802e-01 -8.864499999999999602e-01
4.870999999999999774e-01 6.772999999999999854e-02 5.995000000000000329e-01 1.178099999999999925e+00 7.849000000000000421e-01 2.310174999999999867e-01 -8.936500000000000554e-01
2.960999999999999743e-01 4.474999999999999811e-02 7.852999999999999980e-01 1.139699999999999935e+00 7.180999999999999606e-01 5.331249999999999878e-02 -1.136949999999999905e+00
1.010999999999999954e-01 6.042999999999999761e-02 5.643000000000000238e-01 8.286999999999999922e-01 7.465000000000000524e-01 3.824874999999999803e-01 -1.299549999999999983e+00
4.677000000000000046e-01 4.708999999999999991e-02 7.504999999999999449e-01 8.290999999999999481e-01 8.862999999999999767e-01 9.665875000000000439e-01 -1.293849999999999945e+00
1.502999999999999892e-01 3.533000000000000029e-02 5.161000000000000032e-01 1.189500000000000002e+00 7.671000000000000041e-01 2.255725000000000091e-01 -7.895499999999999741e-01
2.298999999999999932e-01 3.355000000000000343e-02 8.937000000000000499e-01 1.062100000000000044e+00 8.820999999999999952e-01 3.953574999999999728e-01 -1.226650000000000018e+00
4.064999999999999725e-01 5.836999999999999827e-02 8.316999999999999948e-01 9.026999999999999469e-01 8.051000000000000378e-01 2.707750000000000087e-02 -7.298499999999999988e-01
4.204999999999999849e-01 3.479000000000000148e-02 5.494999999999999885e-01 1.155100000000000016e+00 9.720999999999999641e-01 4.512924999999999853e-01 -1.283050000000000024e+00
3.057000000000000273e-01 3.898999999999999688e-02 6.032999999999999474e-01 1.123899999999999899e+00 6.419000000000000261e-01 1.597375000000000045e-01 -7.526500000000000412e-01
1.461000000000000076e-01 5.720999999999999697e-02 5.937000000000000055e-01 8.258999999999999675e-01 7.831000000000000183e-01 2.765575000000000117e-01 -1.211950000000000083e+00
4.953000000000000180e-01 3.855000000000000093e-02 5.341000000000000192e-01 8.897000000000000464e-01 9.960999999999999854e-01 4.735674999999999746e-01 -7.112500000000000488e-01
1.039000000000000062e-01 4.893000000000000127e-02 8.260999999999999455e-01 1.120700000000000029e+00 8.387000000000000011e-01 5.398975000000000302e-01 -8.813499999999999668e-01
2.383000000000000118e-01 5.401000000000000245e-02 7.769000000000000350e-01 8.804999999999999494e-01 9.505000000000000115e-01 3.042774999999999785e-01 -1.151049999999999907e+00
1.504999999999999949e-01 6.426999999999999380e-02 6.552999999999999936e-01 8.201000000000000512e-01 7.479000000000000092e-01 8.482825000000000504e-01 -9.302500000000000213e-01
3.435000000000000275e-01 3.830999999999999683e-02 6.012999999999999456e-01 9.645000000000000240e-01 8.942999999999999838e-01 3.027925000000000200e-01 -1.100950000000000095e+00
4.718999999999999861e-01 3.436999999999999778e-02 7.687000000000000499e-01 1.098899999999999988e+00 8.390999999999999570e-01 5.933574999999999822e-01 -8.582499999999999574e-01
4.611000000000000099e-01 4.388999999999999846e-02 7.731000000000000094e-01 9.688999999999999835e-01 7.647000000000000464e-01 6.418675000000000352e-01 -9.530499999999999527e-01
4.032999999999999918e-01 5.018999999999999850e-02 7.752999999999999892e-01 1.048899999999999944e+00 7.826999999999999513e-01 1.206325000000000036e-01 -1.172350000000000003e+00
4.824999999999999845e-01 3.123000000000000081e-02 5.598999999999999533e-01 8.867000000000000437e-01 7.751000000000000112e-01 9.745074999999999710e-01 -1.056550000000000100e+00
3.176999999999999824e-01 5.467000000000000332e-02 5.625000000000000000e-01 9.485000000000000098e-01 6.734999999999999876e-01 3.478375000000000217e-01 -1.213149999999999951e+00
3.017000000000000237e-01 6.268999999999999573e-02 7.377000000000000224e-01 1.047700000000000076e+00 6.915000000000000036e-01 1.849824999999999942e-01 -1.089550000000000018e+00
4.356999999999999762e-01 4.542999999999999816e-02 8.098999999999999533e-01 1.196900000000000075e+00 6.340999999999999970e-01 5.309874999999999456e-01 -1.095250000000000057e+00
3.153000000000000247e-01 3.864999999999999686e-02 7.208999999999999853e-01 1.030299999999999994e+00 7.367000000000000215e-01 7.027525000000000022e-01 -9.980499999999999927e-01
3.169000000000000150e-01 3.665000000000000202e-02 8.235000000000000098e-01 9.523000000000000353e-01 8.216999999999999860e-01 9.017425000000000024e-01 -1.048750000000000071e+00
2.199000000000000121e-01 5.951000000000000040e-02 7.806999999999999496e-01 1.044499999999999984e+00 7.524999999999999467e-01 1.523124999999999896e-01 -7.349499999999999922e-01
4.934999999999999942e-01 5.655000000000000304e-02 5.381000000000000227e-01 1.074100000000000055e+00 7.485000000000000542e-01 3.250675000000000092e-01 -1.218250000000000055e+00
4.137000000000000122e-01 4.141000000000000236e-02 5.181000000000000050e-01 8.118999999999999551e-01 7.862999999999999989e-01 7.487875000000000503e-01 -1.289649999999999963e+00
2.232999999999999985e-01 4.789000000000000201e-02 8.298999999999999710e-01 8.116999999999999771e-01 8.415000000000000258e-01 1.884474999999999900e-01 -1.143250000000000099e+00
1.754999999999999893e-01 4.508999999999999814e-02 8.709000000000000075e-01 1.157699999999999951e+00 9.510999999999999455e-01 6.537475000000000369e-01 -9.503500000000000281e-01
4.847000000000000197e-01 6.458999999999999464e-02 5.097000000000000419e-01 8.937000000000000499e-01 8.959000000000000297e-01 1.420749999999999964e-02 -7.574499999999999567e-01
3.378999999999999782e-01 4.322999999999999760e-02 7.547000000000000375e-01 8.592999999999999527e-01 9.842999999999999527e-01 3.582325000000000093e-01 -7.724499999999999700e-01
1.615000000000000047e-01 4.723000000000000115e-02 5.766999999999999904e-01 9.318999999999999506e-01 8.206999999999999851e-01 8.809525000000000272e-01 -1.185850000000000071e+00
1.688999999999999946e-01 6.621000000000000496e-02 8.652999999999999581e-01 9.491000000000000547e-01 7.517000000000000348e-01 1.691425000000000012e-01 -1.256350000000000078e+00
2.160999999999999865e-01 6.743000000000000382e-02 5.434999999999999831e-01 1.074699999999999989e+00 8.542999999999999483e-01 7.022574999999999790e-01 -1.113250000000000073e+00
4.549000000000000266e-01 3.425000000000000266e-02 8.470999999999999641e-01 1.065099999999999936e+00 8.175000000000000044e-01 2.904174999999999951e-01 -9.443500000000000227e-01
2.957000000000000184e-01 3.722999999999999921e-02 6.891000000000000458e-01 1.026899999999999924e+00 6.711000000000000298e-01 3.671424999999999828e-01 -1.291749999999999954e+00
3.321000000000000063e-01 3.500999999999999945e-02 5.189000000000000279e-01 9.471000000000000529e-01 8.570999999999999730e-01 2.107225000000000070e-01 -9.578499999999999792e-01
4.929000000000000048e-01 4.871000000000000330e-02 5.322999999999999954e-01 1.122900000000000009e+00 9.523000000000000353e-01 2.641824999999999868e-01 -1.238650000000000029e+00
4.021000000000000130e-01 6.980999999999999706e-02 5.968999999999999861e-01 8.225000000000000089e-01 7.901000000000000245e-01 4.542625000000000135e-01 -1.202350000000000030e+00
2.781000000000000139e-01 5.766999999999999904e-02 6.561000000000000165e-01 8.051000000000000378e-01 7.173000000000000487e-01 9.489250000000000462e-02 -1.299250000000000016e+00
1.665000000000000091e-01 3.021000000000000074e-02 5.199000000000000288e-01 9.226999999999999647e-01 8.493000000000000549e-01 6.770125000000000171e-01 -1.154949999999999921e+00
2.479000000000000092e-01 6.482999999999999874e-02 7.711000000000000076e-01 8.951000000000000068e-01 9.758999999999999897e-01 9.984250000000000069e-02 -7.715499999999999581e-01
3.699000000000000066e-01 3.121000000000000163e-02 7.379000000000000004e-01 1.033500000000000085e+00 8.699000000000000066e-01 3.240775000000000183e-01 -1.255149999999999988e+00
3.578999999999999959e-01 5.482999999999999680e-02 6.098999999999999977e-01 1.175499999999999989e+00 9.969000000000000083e-01 1.151874999999999982e-01 -8.990500000000000158e-01
1.227000000000000035e-01 6.976999999999999869e-02 7.832999999999999963e-01 8.772999999999999687e-01 8.881000000000000005e-01 4.829725000000000268e-01 -7.934499999999999886e-01
1.917000000000000093e-01 3.187000000000000249e-02 8.136999999999999789e-01 1.153899999999999926e+00 7.178999999999999826e-01 8.086824999999999708e-01 -1.259949999999999903e+00
2.536999999999999811e-01 6.757000000000000506e-02 7.527000000000000357e-01 1.107699999999999907e+00 9.276999999999999691e-01 7.433425000000000171e-01 -1.076049999999999951e+00
3.387000000000000011e-01 5.197000000000000230e-02 7.036999999999999922e-01 1.037900000000000045e+00 7.597000000000000419e-01 3.740724999999999745e-01 -1.156150000000000011e+00
1.670999999999999985e-01 6.934999999999999498e-02 5.252999999999999892e-01 1.179100000000000037e+00 7.781000000000000139e-01 5.111875000000000169e-01 -7.826499999999999568e-01
3.130999999999999894e-01 5.041000000000000342e-02 6.766999999999999682e-01 8.615000000000000435e-01 7.003000000000000336e-01 8.047225000000000072e-01 -1.106049999999999978e+00
4.889000000000000012e-01 3.948999999999999733e-02 6.037000000000000144e-01 8.961000000000000076e-01 7.285000000000000364e-01 4.527774999999999994e-01 -1.112950000000000106e+00
3.935000000000000164e-01 6.467000000000000526e-02 8.769000000000000128e-01 9.882999999999999563e-01 6.098999999999999977e-01 4.270375000000000143e-01 -1.223649999999999904e+00
3.972999999999999865e-01 4.046999999999999903e-02 7.135000000000000231e-01 1.045700000000000074e+00 8.590999999999999748e-01 9.002575000000000438e-01 -7.739500000000000268e-01
4.668999999999999817e-01 4.080999999999999905e-02 8.123000000000000220e-01 8.784999999999999476e-01 9.314999999999999947e-01 5.082174999999999887e-01 -1.184050000000000047e+00
3.295000000000000151e-01 6.585000000000000575e-02 8.655000000000000471e-01 9.478999999999999648e-01 8.557000000000000162e-01 5.235625000000000417e-01 -1.275549999999999962e+00
1.003000000000000003e-01 5.970999999999999919e-02 7.941000000000000281e-01 9.603000000000000425e-01 7.050999999999999490e-01 8.557074999999999543e-01 -8.432500000000000551e-01
4.237000000000000210e-01 5.738999999999999657e-02 7.849000000000000421e-01 8.722999999999999643e-01 9.236999999999999655e-01 7.151275000000000270e-01 -8.504500000000000393e-01
2.589000000000000190e-01 5.704999999999999655e-02 8.270999999999999464e-01 1.105299999999999949e+00 9.889000000000000012e-01 2.146824999999999983e-01 -1.106349999999999945e+00
3.875000000000000111e-01 4.589000000000000024e-02 6.654999999999999805e-01 9.807000000000000162e-01 8.600999999999999757e-01 8.656074999999999742e-01 -9.692499999999999449e-01
4.873000000000000109e-01 4.299000000000000044e-02 7.370999999999999774e-01 1.103499999999999925e+00 6.626999999999999558e-01 6.448374999999999524e-01 -1.227249999999999952e+00
4.970999999999999863e-01 6.035000000000000087e-02 7.712999999999999856e-01 1.109699999999999909e+00 7.609000000000000208e-01 4.943575000000000053e-01 -1.278850000000000042e+00
3.543000000000000038e-01 6.208999999999999936e-02 8.525000000000000355e-01 8.720999999999999863e-01 9.415000000000000036e-01 7.651225000000000387e-01 -8.912499999999999867e-01
4.983000000000000207e-01 6.975000000000000644e-02 5.726999999999999869e-01 1.114100000000000090e+00 6.102999999999999536e-01 6.765174999999999939e-01 -7.505500000000000504e-01
3.019000000000000017e-01 3.289000000000000257e-02 6.442999999999999838e-01 1.194900000000000073e+00 6.594999999999999751e-01 7.611624999999999641e-01 -9.146499999999999631e-01
4.996999999999999775e-01 3.264999999999999847e-02 6.816999999999999726e-01 1.186700000000000088e+00 9.089000000000000412e-01 5.196024999999999672e-01 -9.059500000000000330e-01
2.752999999999999892e-01 6.201000000000000262e-02 7.682999999999999829e-01 1.025300000000000100e+00 8.173000000000000265e-01 8.438274999999999526e-01 -1.208050000000000068e+00
2.071000000000000063e-01 4.839000000000000246e-02 7.445000000000000506e-01 1.037300000000000111e+00 6.152999999999999581e-01 3.166525000000000034e-01 -7.802499999999999991e-01
1.378999999999999948e-01 6.571000000000000452e-02 8.064999999999999947e-01 9.119000000000000439e-01 6.754999999999999893e-01 7.824474999999999625e-01 -1.118349999999999955e+00
4.954999999999999960e-01 5.263000000000000317e-02 5.715000000000000080e-01 8.068999999999999506e-01 6.399000000000000243e-01 6.200875000000000137e-01 -1.025649999999999951e+00
3.991000000000000103e-01 5.827000000000000235e-02 6.562999999999999945e-01 8.794999999999999485e-01 8.842999999999999750e-01 2.262250000000000025e-02 -1.240750000000000020e+00
3.523000000000000020e-01 5.052999999999999853e-02 7.679000000000000270e-01 1.068100000000000049e+00 8.705000000000000515e-01 4.235725000000000184e-01 -9.020500000000000185e-01
2.655000000000000138e-01 6.049000000000000210e-02 7.512999999999999678e-01 1.002099999999999991e+00 8.909000000000000252e-01 6.512725000000000319e-01 -8.429499999999999771e-01
2.785000000000000253e-01 5.748999999999999944e-02 5.563000000000000167e-01 8.595000000000000417e-01 7.495000000000000551e-01 1.968624999999999958e-01 -7.565499999999999448e-01
4.005000000000000226e-01 6.790999999999999814e-02 8.400999999999999579e-01 1.131899999999999906e+00 9.286999999999999700e-01 6.469750000000000500e-02 -8.198499999999999677e-01
2.235000000000000042e-01 4.145000000000000073e-02 5.049000000000000155e-01 1.078899999999999970e+00 9.912999999999999590e-01 3.394225000000000159e-01 -1.096449999999999925e+00
3.921000000000000041e-01 6.446999999999999953e-02 7.292999999999999483e-01 1.004499999999999948e+00 9.657000000000000028e-01 6.091974999999999474e-01 -1.155250000000000110e+00
4.591000000000000081e-01 5.389000000000000040e-02 6.961000000000000520e-01 8.330999999999999517e-01 6.961000000000000520e-01 4.334724999999999828e-01 -9.623500000000000387e-01
3.789000000000000146e-01 6.612999999999999434e-02 7.255000000000000338e-01 1.138900000000000023e+00 6.956999999999999851e-01 7.542324999999999724e-01 -8.702499999999999680e-01
4.858999999999999986e-01 5.696999999999999981e-02 8.770999999999999908e-01 1.013300000000000090e+00 7.594999999999999529e-01 6.705775000000000485e-01 -7.736499999999999488e-01
2.579000000000000181e-01 5.356999999999999956e-02 5.294999999999999707e-01 8.074999999999999956e-01 6.417000000000000481e-01 8.863974999999999493e-01 -7.688500000000000334e-01
2.545000000000000040e-01 6.558999999999999553e-02 8.824999999999999512e-01 9.425000000000000044e-01 6.230999999999999872e-01 8.245225000000000470e-01 -1.232650000000000023e+00
2.364999999999999880e-01 6.961000000000000520e-02 7.567000000000000393e-01 1.066100000000000048e+00 8.525000000000000355e-01 9.858924999999999494e-01 -8.522499999999999520e-01
3.276999999999999913e-01 4.828999999999999959e-02 8.941000000000000059e-01 1.189300000000000024e+00 8.592999999999999527e-01 3.400750000000000300e-02 -8.681499999999999773e-01
3.992999999999999883e-01 5.285000000000000114e-02 7.694999999999999618e-01 1.090300000000000047e+00 8.999000000000000332e-01 6.814675000000000038e-01 -9.764500000000000401e-01
1.995000000000000107e-01 3.975000000000000061e-02 8.043000000000000149e-01 9.647000000000000020e-01 7.612999999999999767e-01 3.285325000000000051e-01 -7.532499999999999751e-01
2.516999999999999793e-01 4.753000000000000280e-02 7.497000000000000330e-01 9.762999999999999456e-01 7.352999999999999536e-01 2.443825000000000025e-01 -1.123450000000000060e+00
4.313000000000000167e-01 4.555000000000000021e-02 5.454999999999999849e-01 1.018299999999999983e+00 9.358999999999999542e-01 8.878825000000000189e-01 -7.385500000000000398e-01
1.476999999999999980e-01 3.651000000000000079e-02 7.507000000000000339e-01 8.443000000000000504e-01 6.472999999999999865e-01 1.958725000000000049e-01 -1.037050000000000027e+00
2.326999999999999902e-01 5.004999999999999727e-02 7.627000000000000446e-01 9.867000000000000215e-01 6.414999999999999591e-01 6.888925000000000187e-01 -1.202949999999999964e+00
3.365000000000000213e-01 3.667000000000000121e-02 8.919000000000000261e-01 8.907000000000000473e-01 7.829000000000000403e-01 8.581824999999999593e-01 -7.277500000000000080e-01
3.846999999999999864e-01 5.754999999999999699e-02 7.681000000000000050e-01 9.770999999999999686e-01 9.451000000000000512e-01 7.443324999999999525e-01 -1.180749999999999966e+00
3.866999999999999882e-01 3.212999999999999884e-02 8.669000000000000039e-01 1.168700000000000072e+00 7.190999999999999615e-01 8.854075000000000140e-01 -1.274650000000000061e+00
1.366999999999999882e-01 6.532999999999999918e-02 5.441000000000000281e-01 8.802999999999999714e-01 7.292999999999999483e-01 1.998324999999999962e-01 -1.062850000000000072e+00
4.316999999999999726e-01 6.657000000000000417e-02 7.762999999999999901e-01 1.136300000000000088e+00 7.268999999999999906e-01 4.874275000000000135e-01 -1.062249999999999917e+00
4.976999999999999758e-01 3.747000000000000330e-02 5.349000000000000421e-01 1.195899999999999963e+00 7.223000000000000531e-01 6.082075000000000120e-01 -1.277349999999999985e+00
2.918999999999999928e-01 4.504999999999999977e-02 5.449000000000000510e-01 1.017099999999999893e+00 6.814999999999999947e-01 2.955249999999999891e-02 -7.823499999999999899e-01
3.673000000000000154e-01 4.125000000000000194e-02 8.355000000000000204e-01 1.102899999999999991e+00 9.161000000000000254e-01 2.760624999999999885e-01 -8.492499999999999494e-01
4.410999999999999921e-01 4.719000000000000278e-02 6.699000000000000510e-01 9.171000000000000263e-01 9.009000000000000341e-01 6.834474999999999856e-01 -1.029249999999999998e+00
1.938999999999999890e-01 4.057000000000000189e-02 5.780999999999999472e-01 1.011900000000000022e+00 6.110999999999999766e-01 5.661325000000000385e-01 -9.215499999999999803e-01
4.798999999999999932e-01 3.774999999999999883e-02 7.405000000000000471e-01 1.012100000000000000e+00 6.824999999999999956e-01 7.438375000000000403e-01 -7.982500000000000151e-01
3.932999999999999829e-01 3.082999999999999977e-02 8.276999999999999913e-01 9.243000000000000105e-01 9.553000000000000380e-01 6.978024999999999922e-01 -1.173249999999999904e+00
4.618999999999999773e-01 6.580999999999999350e-02 7.796999999999999487e-01 1.100899999999999990e+00 6.139000000000000012e-01 1.800325000000000120e-01 -1.238350000000000062e+00
1.328999999999999904e-01 4.515000000000000263e-02 6.993000000000000327e-01 8.687000000000000277e-01 6.272999999999999687e-01 5.898925000000000418e-01 -7.874499999999999833e-01
2.102999999999999869e-01 4.361000000000000293e-02 8.897000000000000464e-01 9.321000000000000396e-01 7.282999999999999474e-01 9.537174999999999958e-01 -1.101849999999999996e+00
4.647000000000000020e-01 6.733000000000000096e-02 8.128999999999999559e-01 8.779000000000000137e-01 8.131000000000000449e-01 4.171374999999999944e-01 -1.075450000000000017e+00
1.589000000000000135e-01 6.600999999999999923e-02 6.015000000000000346e-01 8.532999999999999474e-01 7.989000000000000545e-01 6.072174999999999656e-01 -1.286049999999999915e+00
3.533000000000000029e-01 3.413000000000000062e-02 8.363000000000000433e-01 1.097299999999999942e+00 8.104999999999999982e-01 4.210975000000000135e-01 -8.141500000000000403e-01
3.593000000000000083e-01 3.778999999999999720e-02 8.901000000000000023e-01 1.081099999999999950e+00 7.200999999999999623e-01 4.710925000000000251e-01 -8.699500000000000011e-01
2.675000000000000155e-01 3.857000000000000012e-02 5.514999999999999902e-01 1.164099999999999913e+00 8.931000000000000050e-01 2.928925000000000001e-01 -1.104549999999999921e+00
2.735000000000000209e-01 6.390999999999999459e-02 6.105000000000000426e-01 1.149299999999999988e+00 7.619000000000000217e-01 2.542825000000000224e-01 -1.152249999999999996e+00
1.386999999999999900e-01 3.094999999999999835e-02 5.419000000000000483e-01 1.076699999999999990e+00 6.576999999999999513e-01 6.007824999999999971e-01 -1.245249999999999968e+00
2.726999999999999980e-01 4.606999999999999984e-02 7.966999999999999638e-01 8.293000000000000371e-01 6.631000000000000227e-01 5.423725000000000351e-01 -9.899499999999999966e-01
1.705000000000000127e-01 4.744999999999999912e-02 7.639000000000000234e-01 1.170099999999999918e+00 7.210999999999999632e-01 2.597275000000000000e-01 -9.332500000000000240e-01
1.169000000000000039e-01 5.906999999999999751e-02 8.390999999999999570e-01 9.752999999999999448e-01 7.240999999999999659e-01 6.186025000000000551e-01 -9.866500000000000270e-01
1.557000000000000051e-01 3.917000000000000343e-02 5.935000000000000275e-01 1.003300000000000081e+00 7.704999999999999627e-01 3.384325000000000250e-01 -7.106500000000000039e-01
2.061000000000000054e-01 5.589000000000000218e-02 8.740999999999999881e-01 1.119499999999999940e+00 8.111000000000000432e-01 2.280474999999999863e-01 -1.188549999999999995e+00
2.990999999999999770e-01 6.522999999999999632e-02 7.060999999999999499e-01 8.659000000000000030e-01 8.802999999999999714e-01 9.309475000000000389e-01 -8.126499999999999835e-01
4.602999999999999869e-01 5.448999999999999677e-02 8.487000000000000099e-01 8.849000000000000199e-01 6.262999999999999678e-01 8.636274999999999924e-01 -8.459499999999999797e-01
4.102999999999999980e-01 4.179000000000000076e-02 6.422999999999999821e-01 8.280999999999999472e-01 7.016999999999999904e-01 7.799724999999999575e-01 -1.061350000000000016e+00
4.531000000000000028e-01 3.914999999999999730e-02 5.231000000000000094e-01 8.326999999999999957e-01 6.945000000000000062e-01 2.186424999999999896e-01 -1.244350000000000067e+00
4.450999999999999956e-01 6.173000000000000015e-02 7.177000000000000046e-01 8.912999999999999812e-01 9.879000000000000004e-01 5.720724999999999838e-01 -8.117499999999999716e-01
3.458999999999999853e-01 4.952999999999999764e-02 5.868999999999999773e-01 8.453000000000000513e-01 6.541000000000000147e-01 8.799624999999999808e-01 -7.604499999999999593e-01
4.632999999999999896e-01 3.432999999999999940e-02 5.453000000000000069e-01 9.445000000000000062e-01 7.432999999999999607e-01 6.717249999999999610e-02 -1.060149999999999926e+00
2.858999999999999875e-01 6.133000000000000257e-02 5.875000000000000222e-01 9.576999999999999957e-01 7.789000000000000368e-01 6.596874999999999822e-01 -7.184500000000000330e-01
4.741000000000000214e-01 3.105000000000000121e-02 7.106999999999999984e-01 1.068699999999999983e+00 9.628999999999999782e-01 5.275225000000000053e-01 -9.248499999999999499e-01
1.617000000000000104e-01 6.784999999999999365e-02 8.934999999999999609e-01 9.022999999999999909e-01 9.406999999999999806e-01 7.903675000000000006e-01 -8.636500000000000288e-01
3.563000000000000056e-01 3.760999999999999760e-02 5.651000000000000467e-01 8.719000000000000083e-01 8.114999999999999991e-01 1.938924999999999954e-01 -7.649500000000000188e-01
1.771000000000000074e-01 5.372999999999999998e-02 7.906999999999999584e-01 8.837000000000000410e-01 8.241000000000000547e-01 9.121375000000000455e-01 -8.588500000000000023e-01
3.604999999999999871e-01 4.556999999999999940e-02 7.557000000000000384e-01 1.135899999999999910e+00 7.435000000000000497e-01 3.171475000000000266e-01 -7.145500000000000185e-01
1.016999999999999987e-01 4.558999999999999858e-02 8.528999999999999915e-01 1.120900000000000007e+00 8.213000000000000300e-01 5.522725000000000550e-01 -1.028650000000000064e+00
3.411000000000000143e-01 4.639000000000000068e-02 7.782999999999999918e-01 9.219000000000000528e-01 9.101000000000000201e-01 7.963074999999999459e-01 -1.187349999999999905e+00
4.864999999999999880e-01 3.389000000000000346e-02 5.436999999999999611e-01 8.340999999999999526e-01 7.270999999999999686e-01 6.710724999999999607e-01 -7.847499999999999476e-01
1.126999999999999946e-01 6.328999999999999904e-02 7.904999999999999805e-01 9.126999999999999558e-01 8.972999999999999865e-01 4.760424999999999796e-01 -7.946499999999999675e-01
3.368999999999999773e-01 4.132999999999999868e-02 8.420999999999999597e-01 1.096100000000000074e+00 7.100999999999999535e-01 4.394124999999999837e-01 -7.142500000000000515e-01
3.421000000000000152e-01 3.878999999999999809e-02 5.164999999999999591e-01 1.185300000000000020e+00 7.098999999999999755e-01 8.116524999999999990e-01 -1.096749999999999892e+00
1.176999999999999991e-01 4.594999999999999779e-02 6.100999999999999757e-01 1.141499999999999959e+00 7.672999999999999821e-01 1.320175000000000098e-01 -8.420499999999999652e-01
1.753000000000000114e-01 3.715000000000000246e-02 6.669000000000000483e-01 8.031000000000000361e-01 8.435000000000000275e-01 4.539250000000000229e-02 -1.155850000000000044e+00
1.927000000000000102e-01 6.661000000000000254e-02 6.643000000000000016e-01 1.033099999999999907e+00 8.725000000000000533e-01 4.285224999999999729e-01 -8.219499999999999584e-01
2.947000000000000175e-01 4.513000000000000345e-02 7.358999999999999986e-01 1.091299999999999937e+00 8.116999999999999771e-01 3.948625000000000052e-01 -1.289050000000000029e+00
4.820999999999999730e-01 4.404999999999999888e-02 5.524999999999999911e-01 8.248999999999999666e-01 6.901000000000000467e-01 5.676174999999999971e-01 -1.160949999999999926e+00
2.620999999999999996e-01 6.979000000000000481e-02 8.218999999999999639e-01 1.026100000000000012e+00 9.606999999999999984e-01 4.473325000000000218e-01 -1.131250000000000089e+00
1.320999999999999952e-01 6.263000000000000511e-02 7.010999999999999455e-01 9.778999999999999915e-01 6.342999999999999750e-01 2.176524999999999987e-01 -8.234500000000000153e-01
1.006999999999999978e-01 4.451000000000000095e-02 5.877000000000000002e-01 1.034299999999999997e+00 6.793000000000000149e-01 2.523024999999999851e-01 -7.223500000000000476e-01
4.466999999999999860e-01 4.343000000000000332e-02 7.302999999999999492e-01 8.932999999999999829e-01 9.528999999999999693e-01 2.658249999999999849e-02 -1.262049999999999894e+00
1.149000000000000021e-01 5.152999999999999942e-02 5.893000000000000460e-01 8.572999999999999510e-01 9.655000000000000249e-01 3.032874999999999877e-01 -1.097650000000000015e+00
3.050999999999999823e-01 5.763000000000000067e-02 6.182999999999999607e-01 1.074300000000000033e+00 7.600999999999999979e-01 8.309575000000000156e-01 -8.051500000000000323e-01
4.038999999999999813e-01 3.311000000000000054e-02 5.518999999999999462e-01 8.355000000000000204e-01 7.564999999999999503e-01 1.171674999999999939e-01 -8.063500000000000112e-01
2.401000000000000079e-01 5.165000000000000147e-02 7.883000000000000007e-01 1.016499999999999959e+00 6.047000000000000153e-01 9.156024999999999858e-01 -8.402500000000000524e-01
1.744999999999999885e-01 3.142999999999999960e-02 5.030999999999999917e-01 8.114999999999999991e-01 9.296999999999999709e-01 2.122074999999999934e-01 -7.571499999999999897e-01
3.842999999999999750e-01 6.221000000000000141e-02 5.648999999999999577e-01 9.573000000000000398e-01 9.436999999999999833e-01 7.463125000000000453e-01 -1.067949999999999955e+00
4.657000000000000028e-01 6.349000000000000477e-02 7.784999999999999698e-01 9.403000000000000247e-01 7.752999999999999892e-01 6.393925000000000303e-01 -7.772499999999999964e-01
1.221000000000000002e-01 5.834999999999999909e-02 8.283000000000000362e-01 9.375000000000000000e-01 7.661000000000000032e-01 2.790325000000000166e-01 -9.431500000000000439e-01
1.630999999999999950e-01 5.861000000000000237e-02 6.237000000000000322e-01 9.508999999999999675e-01 6.042999999999999483e-01 1.844874999999999987e-01 -8.318499999999999783e-01
2.169000000000000095e-01 3.271000000000000296e-02 5.645000000000000018e-01 8.226999999999999869e-01 7.128999999999999782e-01 3.103749999999999912e-02 -8.834499999999999575e-01
3.074999999999999956e-01 3.443000000000000227e-02 5.588999999999999524e-01 1.075900000000000079e+00 8.740999999999999881e-01 4.374325000000000019e-01 -1.280350000000000099e+00
3.507000000000000117e-01 5.995000000000000329e-02 5.483000000000000096e-01 1.130700000000000038e+00 7.509000000000000119e-01 3.443725000000000258e-01 -9.365499999999999936e-01
2.556999999999999829e-01 6.171000000000000096e-02 7.544999999999999485e-01 1.111099999999999977e+00 7.652999999999999803e-01 3.047725000000000017e-01 -9.908500000000000085e-01
4.757000000000000117e-01 4.182999999999999913e-02 8.608999999999999986e-01 9.858999999999999986e-01 8.829000000000000181e-01 7.735374999999999890e-01 -1.283949999999999925e+00
2.127000000000000002e-01 6.748999999999999444e-02 8.515000000000000346e-01 9.852999999999999536e-01 9.448999999999999622e-01 8.458075000000000454e-01 -1.175950000000000051e+00
4.956999999999999740e-01 5.133000000000000063e-02 6.225000000000000533e-01 8.508999999999999897e-01 8.310999999999999499e-01 3.963475000000000192e-01 -1.258150000000000102e+00
1.233000000000000068e-01 5.539000000000000173e-02 6.626999999999999558e-01 1.121299999999999963e+00 9.466999999999999860e-01 7.507675000000000320e-01 -8.483500000000000485e-01
4.153000000000000025e-01 3.182999999999999718e-02 6.152999999999999581e-01 1.149899999999999922e+00 9.465000000000000080e-01 9.819324999999999859e-01 -1.034350000000000103e+00
3.800999999999999934e-01 5.847000000000000114e-02 6.694999999999999840e-01 1.185499999999999998e+00 6.477000000000000535e-01 5.780125000000000401e-01 -7.409499999999999975e-01
4.652999999999999914e-01 4.628999999999999782e-02 7.579000000000000181e-01 1.103900000000000103e+00 7.549000000000000155e-01 8.319474999999999509e-01 -1.238949999999999996e+00
3.829000000000000181e-01 6.933000000000000274e-02 7.973000000000000087e-01 1.107099999999999973e+00 7.739000000000000323e-01 3.747249999999999887e-02 -1.223950000000000093e+00
2.503000000000000225e-01 6.712999999999999523e-02 6.028999999999999915e-01 9.191000000000000281e-01 6.007000000000000117e-01 8.943174999999999875e-01 -8.870500000000000052e-01
4.499000000000000221e-01 6.364999999999999825e-02 5.683000000000000274e-01 9.618999999999999773e-01 9.586999999999999966e-01 2.735874999999999835e-01 -1.059549999999999992e+00
4.264999999999999902e-01 5.637000000000000344e-02 6.883000000000000229e-01 8.974999999999999645e-01 6.778999999999999471e-01 3.300175000000000192e-01 -1.221850000000000103e+00
4.171000000000000263e-01 5.249000000000000193e-02 7.066999999999999948e-01 8.829000000000000181e-01 9.715000000000000302e-01 9.393624999999999892e-01 -1.043050000000000033e+00
4.350999999999999868e-01 6.382999999999999785e-02 8.203000000000000291e-01 8.148999999999999577e-01 7.295000000000000373e-01 1.438975000000000115e-01 -9.875500000000000389e-01
4.946999999999999731e-01 4.658999999999999947e-02 6.177000000000000268e-01 9.543000000000000371e-01 8.236999999999999877e-01 6.012775000000000203e-01 -1.185249999999999915e+00
3.786999999999999811e-01 4.710999999999999910e-02 5.803000000000000380e-01 8.632999999999999563e-01 8.839000000000000190e-01 4.988124999999999920e-01 -7.358500000000000041e-01
1.715000000000000135e-01 6.965000000000000357e-02 5.548999999999999488e-01 9.034999999999999698e-01 6.225000000000000533e-01 2.923974999999999769e-01 -9.620499999999999607e-01
1.358999999999999930e-01 6.962999999999999745e-02 6.359000000000000208e-01 1.088300000000000045e+00 9.426999999999999824e-01 7.720525000000000304e-01 -9.077499999999999458e-01
2.409000000000000030e-01 3.731000000000000288e-02 8.126999999999999780e-01 8.053000000000000158e-01 7.953000000000000069e-01 7.086924999999999475e-01 -8.369499999999999718e-01
4.274999999999999911e-01 5.174999999999999739e-02 8.834999999999999520e-01 1.134300000000000086e+00 6.267000000000000348e-01 5.220774999999999721e-01 -1.175349999999999895e+00
1.779000000000000026e-01 6.550999999999999879e-02 8.715000000000000524e-01 1.041900000000000048e+00 7.168999999999999817e-01 3.631825000000000192e-01 -1.097050000000000081e+00
1.912999999999999978e-01 3.670999999999999958e-02 6.559000000000000385e-01 9.989000000000000101e-01 9.880999999999999783e-01 4.819824999999999804e-01 -1.242850000000000010e+00
2.290999999999999981e-01 4.898999999999999883e-02 7.489000000000000101e-01 1.181300000000000017e+00 7.986999999999999655e-01 3.448674999999999935e-01 -7.262499999999999512e-01
3.282999999999999807e-01 3.660999999999999671e-02 5.988999999999999879e-01 9.680999999999999606e-01 8.465000000000000302e-01 6.865749999999999631e-02 -1.015149999999999997e+00
3.706999999999999740e-01 4.991000000000000297e-02 5.950999999999999623e-01 9.011000000000000121e-01 9.418999999999999595e-01 1.909224999999999950e-01 -1.147450000000000081e+00
1.691000000000000003e-01 3.400999999999999857e-02 7.228999999999999870e-01 1.076899999999999968e+00 8.625000000000000444e-01 2.364624999999999921e-01 -1.071849999999999969e+00
4.303000000000000158e-01 5.032999999999999974e-02 6.674999999999999822e-01 1.108899999999999997e+00 8.103000000000000203e-01 9.398575000000000124e-01 -1.096149999999999958e+00
3.377000000000000002e-01 5.575000000000000094e-02 7.597000000000000419e-01 1.024899999999999922e+00 8.295000000000000151e-01 9.146125000000000504e-01 -7.268499999999999961e-01
2.278999999999999915e-01 3.189000000000000168e-02 7.262999999999999456e-01 9.638999999999999790e-01 7.312999999999999501e-01 5.067325000000000301e-01 -9.086499999999999577e-01
2.195000000000000007e-01 5.793000000000000232e-02 7.355000000000000426e-01 1.115099999999999980e+00 7.761000000000000121e-01 7.928425000000000056e-01 -1.103350000000000053e+00
3.206999999999999851e-01 5.945000000000000284e-02 5.404999999999999805e-01 1.145699999999999941e+00 8.356999999999999984e-01 6.294925000000000104e-01 -7.616500000000000492e-01
4.121000000000000218e-01 3.892999999999999933e-02 8.892999999999999794e-01 9.860999999999999766e-01 7.130999999999999561e-01 9.438174999999999759e-01 -1.022650000000000059e+00
4.289000000000000035e-01 6.472999999999999587e-02 6.709000000000000519e-01 8.894999999999999574e-01 8.333000000000000407e-01 7.690825000000000022e-01 -1.035849999999999937e+00
3.603000000000000091e-01 6.318999999999999617e-02 8.206999999999999851e-01 8.308999999999999719e-01 6.903000000000000247e-01 9.759925000000000406e-01 -1.211649999999999894e+00
3.271000000000000019e-01 5.879000000000000198e-02 8.567000000000000171e-01 1.038300000000000001e+00 9.516999999999999904e-01 9.913374999999999826e-01 -1.116549999999999931e+00
4.376999999999999780e-01 5.426999999999999880e-02 6.793000000000000149e-01 1.052899999999999947e+00 7.889000000000000457e-01 3.715975000000000250e-01 -9.539499999999999647e-01
2.580999999999999961e-01 5.725000000000000228e-02 8.830999999999999961e-01 8.393000000000000460e-01 7.490999999999999881e-01 9.061974999999999891e-01 -8.354500000000000259e-01
3.009000000000000008e-01 4.939000000000000334e-02 6.911000000000000476e-01 1.091099999999999959e+00 7.587000000000000410e-01 6.740424999999999889e-01 -7.082500000000000462e-01
4.667000000000000037e-01 6.428999999999999992e-02 6.651000000000000245e-01 9.131000000000000227e-01 7.218999999999999861e-01 4.215924999999999812e-01 -1.181049999999999933e+00
2.132999999999999896e-01 6.414999999999999869e-02 5.603000000000000203e-01 8.138999999999999568e-01 9.797000000000000153e-01 2.008224999999999871e-01 -8.135499999999999954e-01
1.081000000000000016e-01 3.089000000000000079e-02 5.364999999999999769e-01 1.153699999999999948e+00 7.405000000000000471e-01 6.428574999999999706e-01 -1.098549999999999915e+00
2.642999999999999794e-01 6.407000000000000195e-02 5.149000000000000243e-01 1.038499999999999979e+00 7.941000000000000281e-01 4.755475000000000119e-01 -9.485500000000000043e-01
2.553000000000000269e-01 3.341000000000000220e-02 7.145000000000000240e-01 9.792999999999999483e-01 9.356999999999999762e-01 6.123250000000000220e-02 -1.120749999999999913e+00
3.408999999999999808e-01 4.612999999999999740e-02 6.629000000000000448e-01 8.356999999999999984e-01 8.428999999999999826e-01 8.007625000000000437e-01 -1.041250000000000009e+00
3.548999999999999932e-01 6.435000000000000442e-02 7.327000000000000179e-01 1.055099999999999927e+00 8.712999999999999634e-01 3.220974999999999810e-01 -1.051749999999999963e+00
3.862999999999999767e-01 3.976999999999999980e-02 6.684999999999999831e-01 1.180900000000000061e+00 8.417000000000000037e-01 9.185725000000000140e-01 -1.046650000000000080e+00
3.938999999999999724e-01 5.365000000000000324e-02 7.115000000000000213e-01 8.535000000000000364e-01 9.738999999999999879e-01 1.052875000000000061e-01 -8.897500000000000409e-01
4.516999999999999904e-01 6.264999999999999736e-02 6.846999999999999753e-01 1.192299999999999915e+00 9.780999999999999694e-01 8.527375000000000371e-01 -7.334500000000000464e-01
1.724999999999999867e-01 3.740999999999999881e-02 7.252999999999999448e-01 1.196099999999999941e+00 6.836999999999999744e-01 3.344725000000000059e-01 -9.092500000000000027e-01
3.564999999999999836e-01 6.403000000000000358e-02 8.171000000000000485e-01 1.105499999999999927e+00 9.062999999999999945e-01 2.448774999999999979e-01 -1.009449999999999958e+00
1.005000000000000060e-01 5.872999999999999748e-02 5.060999999999999943e-01 8.203000000000000291e-01 9.061000000000000165e-01 2.250775000000000137e-01 -1.183149999999999924e+00
4.691000000000000170e-01 6.248999999999999694e-02 6.621000000000000218e-01 9.862999999999999545e-01 6.499000000000000332e-01 4.176325000000000176e-01 -7.427500000000000213e-01
1.550999999999999879e-01 6.126999999999999807e-02 6.834999999999999964e-01 1.080300000000000038e+00 7.489000000000000101e-01 2.003274999999999917e-01 -7.757500000000000506e-01
3.501000000000000223e-01 4.157000000000000278e-02 5.456999999999999629e-01 9.455000000000000071e-01 7.447000000000000286e-01 5.161375000000000268e-01 -1.132149999999999990e+00
3.744999999999999996e-01 3.108999999999999958e-02 5.429000000000000492e-01 8.498999999999999888e-01 6.596999999999999531e-01 7.700725000000000486e-01 -8.768500000000000183e-01
3.464999999999999747e-01 4.778999999999999915e-02 6.249000000000000110e-01 1.148099999999999898e+00 6.389000000000000234e-01 3.414024999999999976e-01 -1.003149999999999986e+00
1.348999999999999921e-01 5.442999999999999922e-02 8.246999999999999886e-01 1.158700000000000063e+00 7.879000000000000448e-01 8.616475000000000106e-01 -1.290249999999999897e+00
4.708999999999999853e-01 4.742999999999999994e-02 8.346999999999999975e-01 1.174900000000000055e+00 9.955000000000000515e-01 8.621425000000000338e-01 -9.134499999999999842e-01
2.572999999999999732e-01 3.048999999999999974e-02 6.020999999999999686e-01 1.006699999999999928e+00 6.085000000000000409e-01 4.092175000000000118e-01 -1.201149999999999940e+00
4.366999999999999771e-01 5.526999999999999968e-02 8.014999999999999902e-01 9.526999999999999913e-01 8.939000000000000279e-01 4.062474999999999836e-01 -1.282149999999999901e+00
1.346999999999999864e-01 3.482999999999999985e-02 8.018999999999999462e-01 9.109000000000000430e-01 8.710999999999999854e-01 7.265125000000000055e-01 -1.115050000000000097e+00
4.354999999999999982e-01 6.368999999999999662e-02 5.895000000000000240e-01 1.002699999999999925e+00 6.235000000000000542e-01 5.567275000000000418e-01 -7.190499999999999670e-01
2.149000000000000077e-01 5.215000000000000191e-02 8.155000000000000027e-01 1.132300000000000084e+00 9.002999999999999892e-01 3.433824999999999794e-01 -9.758499999999999952e-01
4.914999999999999925e-01 5.852999999999999869e-02 8.921000000000000041e-01 9.840999999999999748e-01 8.912999999999999812e-01 5.473225000000000451e-01 -1.061050000000000049e+00
2.838999999999999857e-01 6.837000000000000022e-02 8.819000000000000172e-01 1.095299999999999940e+00 7.699000000000000288e-01 6.611725000000000518e-01 -7.820500000000000229e-01
2.698999999999999733e-01 4.696999999999999786e-02 5.409000000000000474e-01 1.114300000000000068e+00 8.183000000000000274e-01 4.552525000000000044e-01 -1.277949999999999919e+00
4.018999999999999795e-01 3.991000000000000103e-02 8.804999999999999494e-01 9.391000000000000458e-01 8.522999999999999465e-01 8.170975000000000321e-01 -1.040049999999999919e+00
2.506999999999999784e-01 3.037000000000000116e-02 5.127000000000000446e-01 8.490999999999999659e-01 9.069000000000000394e-01 6.656275000000000386e-01 -1.230850000000000000e+00
4.920999999999999819e-01 5.378999999999999754e-02 7.956999999999999629e-01 8.917000000000000481e-01 7.030999999999999472e-01 8.566975000000000007e-01 -1.273749999999999938e+00
2.575000000000000067e-01 4.304999999999999799e-02 6.928999999999999604e-01 1.161699999999999955e+00 7.711000000000000076e-01 7.844275000000000553e-01 -1.247949999999999893e+00
3.988999999999999768e-01 5.525000000000000050e-02 6.646999999999999575e-01 1.114900000000000002e+00 6.696999999999999620e-01 9.304525000000000157e-01 -1.235349999999999948e+00
2.649000000000000243e-01 6.951000000000000234e-02 8.131000000000000449e-01 1.035300000000000109e+00 7.602999999999999758e-01 4.364425000000000110e-01 -1.065250000000000030e+00
1.381000000000000005e-01 5.464999999999999719e-02 5.753000000000000336e-01 9.713000000000000522e-01 8.163000000000000256e-01 2.409175000000000066e-01 -1.179249999999999909e+00
2.771000000000000130e-01 3.434999999999999859e-02 6.195000000000000506e-01 9.925000000000000488e-01 9.401000000000000467e-01 5.874175000000000368e-01 -7.154500000000000304e-01
4.924999999999999933e-01 5.424999999999999961e-02 8.093000000000000194e-01 9.193000000000000060e-01 6.534999999999999698e-01 6.285024999999999640e-01 -8.321499999999999453e-01
3.281000000000000028e-01 4.214999999999999997e-02 5.608999999999999542e-01 1.069499999999999895e+00 8.133000000000000229e-01 1.820124999999999937e-01 -7.232499999999999485e-01
4.732999999999999985e-01 6.907000000000000639e-02 7.018999999999999684e-01 1.188499999999999890e+00 8.286999999999999922e-01 8.967924999999999924e-01 -1.078149999999999942e+00
4.134999999999999787e-01 6.496999999999999997e-02 5.733000000000000318e-01 9.316999999999999726e-01 7.644999999999999574e-01 5.928624999999999590e-01 -9.668499999999999872e-01
3.614999999999999880e-01 5.371000000000000080e-02 7.163000000000000478e-01 1.088700000000000001e+00 9.700999999999999623e-01 5.547474999999999490e-01 -7.502499999999999725e-01
1.020999999999999963e-01 6.765000000000000180e-02 7.619000000000000217e-01 1.085700000000000109e+00 8.385000000000000231e-01 5.537575000000000136e-01 -1.207750000000000101e+00
2.831000000000000183e-01 5.498999999999999722e-02 7.086999999999999966e-01 1.072300000000000031e+00 9.084999999999999742e-01 6.349375000000000435e-01 -8.246499999999999941e-01
4.502999999999999781e-01 3.350999999999999812e-02 6.886999999999999789e-01 1.015700000000000047e+00 8.086999999999999744e-01 1.468675000000000119e-01 -7.304500000000000437e-01
1.713000000000000078e-01 5.106999999999999734e-02 7.669000000000000261e-01 8.238999999999999657e-01 8.784999999999999476e-01 1.567675000000000041e-01 -9.245499999999999829e-01
2.043000000000000094e-01 4.164999999999999952e-02 8.982999999999999874e-01 1.106700000000000017e+00 7.712999999999999856e-01 1.790424999999999933e-01 -8.441499999999999559e-01
2.054999999999999882e-01 4.383000000000000090e-02 6.364999999999999547e-01 9.977000000000000313e-01 6.132999999999999563e-01 3.126924999999999844e-01 -1.006750000000000034e+00
4.240999999999999770e-01 6.754999999999999893e-02 5.676999999999999824e-01 1.140500000000000069e+00 8.121000000000000441e-01 1.864675000000000082e-01 -1.104249999999999954e+00
4.460999999999999965e-01 4.028999999999999942e-02 5.907000000000000028e-01 1.001500000000000057e+00 7.784999999999999698e-01 5.577174999999999772e-01 -8.228499999999999703e-01
1.345000000000000084e-01 6.396999999999999909e-02 8.340999999999999526e-01 1.009300000000000086e+00 9.216999999999999638e-01 1.424124999999999974e-01 -1.125550000000000050e+00
1.693000000000000060e-01 4.009000000000000064e-02 7.744999999999999662e-01 1.098500000000000032e+00 7.457000000000000295e-01 4.206024999999999903e-01 -1.023549999999999960e+00
3.870999999999999996e-01 4.633000000000000312e-02 5.274999999999999689e-01 1.193100000000000049e+00 8.919000000000000261e-01 9.467875000000000041e-01 -7.247500000000000053e-01
4.091000000000000192e-01 5.353000000000000119e-02 5.019000000000000128e-01 8.588999999999999968e-01 8.984999999999999654e-01 5.354425000000000434e-01 -1.207149999999999945e+00
3.895000000000000129e-01 3.663000000000000284e-02 7.659000000000000252e-01 9.199000000000000510e-01 6.784999999999999920e-01 9.923275000000000290e-01 -9.287499999999999645e-01
1.203000000000000042e-01 3.597000000000000197e-02 8.745000000000000551e-01 1.118300000000000072e+00 8.739000000000000101e-01 3.844675000000000176e-01 -9.809499999999999886e-01
2.852999999999999980e-01 3.676999999999999713e-02 7.662999999999999812e-01 1.001900000000000013e+00 9.925000000000000488e-01 3.846249999999999669e-02 -1.057749999999999968e+00
3.150999999999999912e-01 4.569000000000000145e-02 6.686999999999999611e-01 8.669000000000000039e-01 6.891000000000000458e-01 3.598749999999999866e-02 -1.152849999999999930e+00
4.426999999999999824e-01 6.187000000000000138e-02 7.225000000000000311e-01 9.206999999999999629e-01 6.624999999999999778e-01 1.221175000000000038e-01 -9.509499999999999620e-01
1.857000000000000040e-01 3.404999999999999694e-02 7.368999999999999995e-01 9.213000000000000078e-01 7.247000000000000108e-01 7.760124999999999940e-01 -1.075150000000000050e+00
2.141000000000000125e-01 3.223000000000000170e-02 7.170999999999999597e-01 8.877000000000000446e-01 8.675000000000000488e-01 1.612224999999999908e-01 -7.862500000000000044e-01
3.020999999999999797e-01 5.514999999999999764e-02 5.810999999999999499e-01 1.082699999999999996e+00 8.512999999999999456e-01 8.725374999999999659e-01 -1.016350000000000087e+00
2.119000000000000050e-01 4.318999999999999923e-02 6.127000000000000224e-01 1.191500000000000004e+00 9.877000000000000224e-01 6.181075000000000319e-01 -1.119550000000000045e+00
3.986999999999999988e-01 6.575000000000000289e-02 7.040999999999999481e-01 9.141000000000000236e-01 6.497000000000000552e-01 4.057525000000000159e-01 -8.192500000000000338e-01
1.542999999999999927e-01 4.184999999999999831e-02 7.258999999999999897e-01 1.118900000000000006e+00 7.584999999999999520e-01 7.839325000000000321e-01 -1.205650000000000110e+00
3.971000000000000085e-01 6.099000000000000254e-02 7.073000000000000398e-01 8.787000000000000366e-01 9.122999999999999998e-01 3.280374999999999819e-01 -9.986500000000000377e-01
1.259000000000000119e-01 6.715000000000000135e-02 7.749000000000000332e-01 1.000299999999999967e+00 6.005000000000000338e-01 1.542924999999999991e-01 -1.121050000000000102e+00
2.093000000000000138e-01 5.729000000000000065e-02 5.887000000000000011e-01 1.156500000000000083e+00 9.179000000000000492e-01 2.320075000000000054e-01 -1.159149999999999903e+00
2.209000000000000130e-01 5.476999999999999924e-02 8.577000000000000179e-01 9.233000000000000096e-01 6.995000000000000107e-01 2.171575000000000033e-01 -7.175500000000000211e-01
4.658999999999999808e-01 6.644999999999999518e-02 7.350999999999999757e-01 1.191899999999999959e+00 7.023000000000000353e-01 9.453025000000000455e-01 -1.257549999999999946e+00
2.073000000000000120e-01 5.686999999999999694e-02 7.732999999999999874e-01 1.036100000000000021e+00 7.137000000000000011e-01 2.894275000000000042e-01 -8.618500000000000050e-01
2.923000000000000043e-01 4.180999999999999994e-02 5.197000000000000508e-01 8.712999999999999634e-01 7.257000000000000117e-01 7.393825000000000536e-01 -8.849500000000000144e-01
4.930999999999999828e-01 6.947000000000000397e-02 5.034999999999999476e-01 8.098999999999999533e-01 6.028999999999999915e-01 4.998024999999999829e-01 -1.214650000000000007e+00
2.974999999999999867e-01 3.210999999999999965e-02 6.704999999999999849e-01 1.071499999999999897e+00 9.867000000000000215e-01 2.844774999999999943e-01 -8.351499999999999480e-01
2.606999999999999873e-01 4.168999999999999789e-02 6.861000000000000432e-01 8.982999999999999874e-01 9.688999999999999835e-01 2.914074999999999860e-01 -8.510499999999999732e-01
3.941000000000000059e-01 4.845000000000000001e-02 8.887000000000000455e-01 9.133000000000000007e-01 9.660999999999999588e-01 3.651625000000000010e-01 -9.842499999999999583e-01
3.796999999999999820e-01 5.664999999999999897e-02 5.304999999999999716e-01 1.088100000000000067e+00 9.526999999999999913e-01 6.775075000000000403e-01 -9.803500000000000547e-01
3.482999999999999985e-01 4.039000000000000229e-02 5.908999999999999808e-01 1.004699999999999926e+00 9.234999999999999876e-01 3.928825000000000234e-01 -1.297449999999999992e+00
3.477000000000000091e-01 6.589000000000000412e-02 7.862999999999999989e-01 1.000499999999999945e+00 8.303000000000000380e-01 4.814875000000000127e-01 -9.869499999999999940e-01
2.018999999999999961e-01 5.233000000000000151e-02 6.951000000000000512e-01 9.772999999999999465e-01 9.321000000000000396e-01 3.107125000000000026e-01 -8.978500000000000369e-01
3.361000000000000099e-01 6.140999999999999931e-02 8.368999999999999773e-01 1.045900000000000052e+00 7.534999999999999476e-01 9.566875000000000240e-01 -1.072750000000000092e+00
4.420999999999999930e-01 5.625000000000000139e-02 5.745000000000000107e-01 8.480999999999999650e-01 6.946999999999999842e-01 6.621624999999999872e-01 -1.150449999999999973e+00
2.543000000000000260e-01 6.958999999999999908e-02 8.378999999999999782e-01 8.467000000000000082e-01 6.487000000000000544e-01 5.389074999999999838e-01 -7.109499999999999709e-01
1.549000000000000099e-01 6.829000000000000348e-02 5.584999999999999964e-01 1.192700000000000093e+00 6.027000000000000135e-01 5.826250000000000179e-02 -8.801499999999999879e-01
3.322999999999999843e-01 3.889000000000000096e-02 7.382999999999999563e-01 8.064999999999999947e-01 6.384999999999999565e-01 6.359274999999999789e-01 -9.068500000000000449e-01
3.342999999999999861e-01 5.158999999999999697e-02 5.384999999999999787e-01 8.667000000000000259e-01 8.575000000000000400e-01 8.067024999999999890e-01 -1.079649999999999999e+00
3.911000000000000032e-01 5.457000000000000045e-02 7.187000000000000055e-01 8.437000000000000055e-01 7.439000000000000057e-01 8.279874999999999874e-01 -9.830499999999999794e-01
1.302999999999999992e-01 5.195000000000000312e-02 7.477000000000000313e-01 9.231000000000000316e-01 9.947000000000000286e-01 2.191375000000000128e-01 -7.733499999999999819e-01
1.327000000000000124e-01 6.085000000000000131e-02 5.621000000000000441e-01 1.176700000000000079e+00 7.105000000000000204e-01 1.721125000000000016e-01 -7.832500000000000018e-01
4.127000000000000113e-01 4.034999999999999698e-02 5.359000000000000430e-01 8.759000000000000119e-01 6.978999999999999648e-01 8.829325000000000090e-01 -8.603499999999999481e-01
4.628999999999999782e-01 6.879000000000000392e-02 5.361000000000000210e-01 1.160099999999999909e+00 7.864999999999999769e-01 8.294724999999999460e-01 -1.132449999999999957e+00
3.912999999999999812e-01 4.077000000000000068e-02 7.899000000000000465e-01 1.051099999999999923e+00 7.542999999999999705e-01 2.646775000000000100e-01 -9.116499999999999604e-01
4.430999999999999939e-01 3.300999999999999768e-02 6.018999999999999906e-01 9.368999999999999551e-01 6.923000000000000265e-01 5.324725000000000152e-01 -1.050550000000000095e+00
4.208999999999999964e-01 5.036999999999999811e-02 6.132999999999999563e-01 8.618999999999999995e-01 9.485000000000000098e-01 4.339675000000000060e-01 -1.256050000000000111e+00
2.001000000000000001e-01 6.443000000000000116e-02 7.472999999999999643e-01 1.165100000000000025e+00 9.840999999999999748e-01 2.532924999999999760e-01 -8.456500000000000128e-01
1.107000000000000067e-01 5.469000000000000250e-02 7.529000000000000137e-01 9.815000000000000391e-01 9.024999999999999689e-01 4.809924999999999895e-01 -9.044499999999999762e-01
3.736999999999999766e-01 3.318999999999999728e-02 7.165000000000000258e-01 9.271000000000000352e-01 7.754999999999999671e-01 1.097425000000000067e-01 -1.274950000000000028e+00
3.073000000000000176e-01 3.366999999999999854e-02 5.626999999999999780e-01 1.145899999999999919e+00 8.772999999999999687e-01 1.503325000000000078e-01 -7.865499999999999714e-01
