1.925000000000000044e-01 5.893000000000000321e-02 5.039000000000000146e-01 1.144900000000000029e+00 6.434999999999999609e-01 5.790024999999999755e-01 -7.328500000000000014e-01
4.128999999999999893e-01 4.120999999999999663e-02 5.329000000000000403e-01 1.141100000000000003e+00 8.335000000000000187e-01 6.369175000000000253e-01 -8.330499999999999572e-01
4.956999999999999740e-01 5.133000000000000063e-02 6.225000000000000533e-01 8.508999999999999897e-01 8.310999999999999499e-01 3.963475000000000192e-01 -1.258150000000000102e+00
1.965000000000000080e-01 6.844999999999999696e-02 5.526999999999999691e-01 1.069900000000000073e+00 6.895000000000000018e-01 5.022775000000000434e-01 -8.174500000000000099e-01
3.378999999999999782e-01 4.322999999999999760e-02 7.547000000000000375e-01 8.592999999999999527e-01 9.842999999999999527e-01 3.582325000000000093e-01 -7.724499999999999700e-01
3.146999999999999797e-01 5.668999999999999734e-02 6.885000000000000009e-01 1.135499999999999954e+00 6.993000000000000327e-01 9.408474999999999477e-01 -1.003449999999999953e+00
1.259000000000000119e-01 6.715000000000000135e-02 7.749000000000000332e-01 1.000299999999999967e+00 6.005000000000000338e-01 1.542924999999999991e-01 -1.121050000000000102e+00
4.174999999999999822e-01 3.592999999999999666e-02 8.156999999999999806e-01 9.169000000000000483e-01 8.922999999999999821e-01 5.671224999999999739e-01 -7.094500000000000250e-01
2.579000000000000181e-01 5.356999999999999956e-02 5.294999999999999707e-01 8.074999999999999956e-01 6.417000000000000481e-01 8.863974999999999493e-01 -7.688500000000000334e-01
1.395000000000000129e-01 5.306999999999999912e-02 5.423000000000000043e-01 1.134700000000000042e+00 8.967000000000000526e-01 4.240674999999999861e-01 -1.177149999999999919e+00
2.348999999999999977e-01 4.093000000000000110e-02 5.685000000000000053e-01 1.020899999999999919e+00 7.452999999999999625e-01 1.102375000000000022e-01 -8.726500000000000368e-01
2.298999999999999932e-01 3.355000000000000343e-02 8.937000000000000499e-01 1.062100000000000044e+00 8.820999999999999952e-01 3.953574999999999728e-01 -1.226650000000000018e+00
1.557000000000000051e-01 3.917000000000000343e-02 5.935000000000000275e-01 1.003300000000000081e+00 7.704999999999999627e-01 3.384325000000000250e-01 -7.106500000000000039e-01
3.180999999999999939e-01 3.833000000000000296e-02 8.809000000000000163e-01 1.118700000000000028e+00 9.041000000000000147e-01 7.062175000000000535e-01 -1.017849999999999921e+00
4.546999999999999931e-01 4.830999999999999878e-02 5.234999999999999654e-01 1.000899999999999901e+00 6.606999999999999540e-01 8.888724999999999543e-01 -1.170849999999999946e+00
3.295000000000000151e-01 6.585000000000000575e-02 8.655000000000000471e-01 9.478999999999999648e-01 8.557000000000000162e-01 5.235625000000000417e-01 -1.275549999999999962e+00
3.889000000000000234e-01 3.180999999999999800e-02 8.061000000000000387e-01 1.061299999999999910e+00 7.400999999999999801e-01 9.601524999999999643e-01 -9.524500000000000188e-01
1.262999999999999956e-01 4.143000000000000155e-02 6.579000000000000403e-01 9.535000000000000142e-01 6.090999999999999748e-01 3.339774999999999827e-01 -1.099750000000000005e+00
2.550999999999999934e-01 3.090999999999999998e-02 6.901000000000000467e-01 1.061900000000000066e+00 9.922999999999999599e-01 7.383925000000000072e-01 -1.260550000000000059e+00
2.964999999999999858e-01 3.205000000000000210e-02 7.751000000000000112e-01 1.155299999999999994e+00 6.985000000000000098e-01 7.626475000000000337e-01 -1.008550000000000058e+00
2.086999999999999966e-01 4.112999999999999989e-02 8.175000000000000044e-01 1.101699999999999902e+00 9.229000000000000536e-01 9.606474999999999875e-01 -1.078449999999999909e+00
4.167000000000000148e-01 6.508999999999999508e-02 6.107000000000000206e-01 8.054999999999999938e-01 7.881000000000000227e-01 4.265424999999999911e-01 -1.084449999999999914e+00
3.387000000000000011e-01 5.197000000000000230e-02 7.036999999999999922e-01 1.037900000000000045e+00 7.597000000000000419e-01 3.740724999999999745e-01 -1.156150000000000011e+00
1.932999999999999996e-01 6.354999999999999538e-02 5.094999999999999529e-01 9.234999999999999876e-01 9.049000000000000377e-01 2.963574999999999959e-01 -8.006499999999999728e-01
4.946999999999999731e-01 4.658999999999999947e-02 6.177000000000000268e-01 9.543000000000000371e-01 8.236999999999999877e-01 6.012775000000000203e-01 -1.185249999999999915e+00
4.450999999999999956e-01 6.173000000000000015e-02 7.177000000000000046e-01 8.912999999999999812e-01 9.879000000000000004e-01 5.720724999999999838e-01 -8.117499999999999716e-01
2.938999999999999946e-01 3.994999999999999940e-02 6.549000000000000377e-01 9.488999999999999657e-01 8.101000000000000423e-01 2.631924999999999959e-01 -1.197249999999999925e+00
4.214999999999999858e-01 5.566999999999999726e-02 7.741000000000000103e-01 9.733000000000000540e-01 7.265000000000000346e-01 5.116825000000000401e-01 -1.012150000000000105e+00
4.455000000000000071e-01 5.673000000000000265e-02 6.372999999999999776e-01 1.175300000000000011e+00 9.378999999999999559e-01 7.558750000000000191e-02 -1.261749999999999927e+00
4.452999999999999736e-01 4.499000000000000221e-02 6.611000000000000210e-01 1.144700000000000051e+00 7.824999999999999734e-01 8.859025000000000372e-01 -1.081749999999999989e+00
1.544999999999999984e-01 3.685000000000000081e-02 7.594999999999999529e-01 8.333000000000000407e-01 9.428999999999999604e-01 4.889125000000000276e-01 -8.018499999999999517e-01
3.690999999999999837e-01 6.704999999999999849e-02 8.737000000000000322e-01 1.197100000000000053e+00 8.096999999999999753e-01 2.547774999999999901e-01 -1.082950000000000079e+00
2.315000000000000113e-01 4.995000000000000134e-02 5.721000000000000529e-01 9.979000000000000092e-01 6.454999999999999627e-01 9.967825000000000157e-01 -1.025050000000000017e+00
4.521000000000000019e-01 5.788999999999999702e-02 5.913000000000000478e-01 8.957000000000000517e-01 7.894999999999999796e-01 3.418975000000000208e-01 -1.230250000000000066e+00
4.021000000000000130e-01 6.980999999999999706e-02 5.968999999999999861e-01 8.225000000000000089e-01 7.901000000000000245e-01 4.542625000000000135e-01 -1.202350000000000030e+00
2.477000000000000035e-01 6.174999999999999933e-02 6.102999999999999536e-01 1.172099999999999920e+00 9.082999999999999963e-01 1.839925000000000033e-01 -7.367500000000000160e-01
1.973000000000000032e-01 6.393000000000000071e-02 7.006999999999999895e-01 8.468999999999999861e-01 6.322999999999999732e-01 4.913874999999999771e-01 -9.575500000000000123e-01
1.348999999999999921e-01 5.442999999999999922e-02 8.246999999999999886e-01 1.158700000000000063e+00 7.879000000000000448e-01 8.616475000000000106e-01 -1.290249999999999897e+00
4.591000000000000081e-01 5.389000000000000040e-02 6.961000000000000520e-01 8.330999999999999517e-01 6.961000000000000520e-01 4.334724999999999828e-01 -9.623500000000000387e-01
1.501000000000000112e-01 6.285000000000000309e-02 5.489000000000000545e-01 8.931000000000000050e-01 7.540999999999999925e-01 9.443124999999999991e-01 -1.263549999999999951e+00
4.107000000000000095e-01 6.536999999999999755e-02 8.495000000000000329e-01 8.103000000000000203e-01 8.639000000000000012e-01 3.315024999999999777e-01 -8.093500000000000139e-01
4.773000000000000020e-01 3.418999999999999817e-02 8.969000000000000306e-01 8.814999999999999503e-01 7.537000000000000366e-01 7.468074999999999575e-01 -7.196500000000000119e-01
4.393000000000000238e-01 4.449000000000000177e-02 6.606999999999999540e-01 8.760999999999999899e-01 8.377000000000000002e-01 7.245325000000000237e-01 -1.189149999999999929e+00
2.046999999999999931e-01 3.402999999999999775e-02 6.179000000000000048e-01 1.032299999999999995e+00 6.327000000000000401e-01 2.315125000000000099e-01 -8.387499999999999956e-01
4.578999999999999737e-01 5.895000000000000240e-02 6.564999999999999725e-01 8.084999999999999964e-01 9.503000000000000336e-01 8.982774999999999510e-01 -9.080500000000000238e-01
3.165000000000000036e-01 3.357000000000000262e-02 5.439000000000000501e-01 1.115499999999999936e+00 9.471000000000000529e-01 2.245824999999999905e-01 -8.243500000000000272e-01
3.251000000000000001e-01 5.031000000000000055e-02 7.390999999999999792e-01 9.204999999999999849e-01 9.328999999999999515e-01 9.354025000000000256e-01 -1.229349999999999943e+00
1.244999999999999996e-01 5.569000000000000339e-02 7.564999999999999503e-01 1.132900000000000018e+00 9.573000000000000398e-01 5.616775000000000517e-01 -7.439500000000000002e-01
4.349000000000000088e-01 6.839000000000000634e-02 5.451000000000000290e-01 8.735000000000000542e-01 7.607000000000000428e-01 6.953274999999999872e-01 -8.048499999999999543e-01
1.194999999999999951e-01 6.194999999999999812e-02 7.043000000000000371e-01 1.173699999999999966e+00 9.251000000000000334e-01 5.083750000000000074e-02 -1.001649999999999929e+00
2.288999999999999924e-01 4.397000000000000214e-02 5.728999999999999648e-01 8.652999999999999581e-01 8.722999999999999643e-01 1.488474999999999937e-01 -8.252500000000000391e-01
3.401000000000000134e-01 4.261000000000000204e-02 5.292999999999999927e-01 8.094999999999999973e-01 9.828999999999999959e-01 5.493025000000000269e-01 -1.206550000000000011e+00
2.616999999999999882e-01 6.169000000000000178e-02 5.561000000000000387e-01 1.060499999999999998e+00 9.633000000000000451e-01 5.631625000000000103e-01 -1.114749999999999908e+00
1.472999999999999865e-01 4.966999999999999887e-02 6.986999999999999877e-01 8.782999999999999696e-01 6.284999999999999476e-01 8.101675000000000404e-01 -8.210499999999999465e-01
4.001000000000000112e-01 4.538999999999999979e-02 5.099000000000000199e-01 1.156700000000000061e+00 7.903000000000000025e-01 5.884074999999999722e-01 -8.090500000000000469e-01
1.514999999999999958e-01 6.500999999999999834e-02 8.682999999999999607e-01 9.969000000000000083e-01 7.385000000000000453e-01 2.102275000000000116e-01 -1.265649999999999942e+00
1.187000000000000000e-01 3.536999999999999866e-02 7.240999999999999659e-01 1.089299999999999935e+00 8.495000000000000329e-01 4.800024999999999986e-01 -1.208949999999999969e+00
2.805000000000000271e-01 5.818999999999999867e-02 5.880999999999999561e-01 1.125299999999999967e+00 6.988999999999999657e-01 5.913775000000000004e-01 -1.202050000000000063e+00
4.220999999999999752e-01 5.559000000000000052e-02 5.247000000000000552e-01 8.385000000000000231e-01 7.123000000000000442e-01 6.354324999999999557e-01 -1.109949999999999992e+00
2.489000000000000101e-01 6.479000000000000037e-02 6.925000000000000044e-01 8.313000000000000389e-01 6.195000000000000506e-01 4.775274999999999936e-01 -7.322499999999999565e-01
3.593000000000000083e-01 3.778999999999999720e-02 8.901000000000000023e-01 1.081099999999999950e+00 7.200999999999999623e-01 4.710925000000000251e-01 -8.699500000000000011e-01
2.570999999999999952e-01 4.748999999999999749e-02 8.497000000000000108e-01 1.119699999999999918e+00 9.281000000000000361e-01 6.532525000000000137e-01 -8.753499999999999615e-01
2.712999999999999856e-01 4.066999999999999782e-02 7.203000000000000513e-01 9.121000000000000218e-01 7.976999999999999647e-01 1.335024999999999962e-01 -1.020550000000000068e+00
2.610999999999999988e-01 5.954999999999999877e-02 8.006999999999999673e-01 1.105099999999999971e+00 6.075000000000000400e-01 4.671325000000000061e-01 -8.075499999999999901e-01
4.151000000000000245e-01 3.762999999999999678e-02 7.157000000000000028e-01 1.167499999999999982e+00 7.145000000000000240e-01 2.622025000000000050e-01 -1.068850000000000078e+00
1.173000000000000015e-01 4.078999999999999987e-02 5.389000000000000457e-01 1.196299999999999919e+00 7.135000000000000231e-01 4.750524999999999887e-01 -7.853499999999999925e-01
3.931000000000000050e-01 3.801000000000000212e-02 6.165000000000000480e-01 1.087099999999999955e+00 6.998999999999999666e-01 8.373924999999999841e-01 -1.053849999999999953e+00
2.275000000000000078e-01 4.725000000000000033e-02 8.820999999999999952e-01 9.102999999999999980e-01 6.038999999999999924e-01 8.057125000000000536e-01 -9.674500000000000322e-01
3.338999999999999746e-01 6.683000000000000052e-02 8.750999999999999890e-01 9.870999999999999774e-01 8.326999999999999957e-01 3.153249999999999803e-02 -8.072500000000000231e-01
4.585000000000000187e-01 6.295000000000000595e-02 6.814999999999999947e-01 8.295000000000000151e-01 9.184999999999999831e-01 5.562325000000000186e-01 -8.576500000000000234e-01
4.561000000000000054e-01 6.155000000000000054e-02 8.437000000000000055e-01 1.131299999999999972e+00 8.151000000000000467e-01 6.794875000000000220e-01 -9.032499999999999973e-01
4.565000000000000169e-01 3.348999999999999894e-02 7.764999999999999680e-01 1.090500000000000025e+00 7.502999999999999670e-01 5.479749999999999899e-02 -7.085500000000000131e-01
3.753000000000000225e-01 4.358999999999999680e-02 8.063000000000000167e-01 1.058699999999999974e+00 6.619000000000000439e-01 6.893875000000000419e-01 -8.909500000000000197e-01
4.469000000000000195e-01 5.115000000000000102e-02 8.024999999999999911e-01 9.697000000000000064e-01 8.997000000000000552e-01 4.795074999999999754e-01 -8.843499999999999694e-01
2.787000000000000033e-01 3.414999999999999980e-02 5.783000000000000362e-01 1.007500000000000062e+00 8.769000000000000128e-01 8.972875000000000156e-01 -7.163500000000000423e-01
4.887000000000000233e-01 4.431000000000000216e-02 7.088999999999999746e-01 8.156999999999999806e-01 9.408999999999999586e-01 3.874374999999999902e-01 -1.203549999999999898e+00
1.401000000000000023e-01 5.553000000000000297e-02 8.959000000000000297e-01 1.165300000000000002e+00 6.529000000000000359e-01 8.740225000000000355e-01 -1.178649999999999975e+00
2.170999999999999874e-01 4.297000000000000125e-02 8.520999999999999686e-01 1.097900000000000098e+00 6.397000000000000464e-01 9.621324999999999461e-01 -9.263500000000000068e-01
4.828999999999999959e-01 3.550999999999999990e-02 7.979000000000000536e-01 1.160300000000000109e+00 6.052999999999999492e-01 6.398875000000000535e-01 -1.292950000000000044e+00
2.526999999999999802e-01 6.137000000000000094e-02 8.997000000000000552e-01 1.161899999999999933e+00 8.518999999999999906e-01 9.616375000000000339e-01 -1.141150000000000109e+00
2.801000000000000156e-01 4.191000000000000281e-02 5.785000000000000142e-01 1.184700000000000086e+00 7.325000000000000400e-01 6.024249999999999744e-02 -1.016049999999999898e+00
1.922999999999999987e-01 5.548999999999999766e-02 5.835000000000000187e-01 1.054499999999999993e+00 6.449000000000000288e-01 9.378775000000000306e-01 -9.872499999999999609e-01
2.228999999999999870e-01 5.186999999999999944e-02 7.367000000000000215e-01 8.892999999999999794e-01 8.840999999999999970e-01 3.196224999999999761e-01 -1.058650000000000091e+00
2.411000000000000087e-01 6.190999999999999975e-02 5.798999999999999710e-01 8.218999999999999639e-01 8.343000000000000416e-01 6.339474999999999971e-01 -1.002550000000000052e+00
4.531000000000000028e-01 3.914999999999999730e-02 5.231000000000000094e-01 8.326999999999999957e-01 6.945000000000000062e-01 2.186424999999999896e-01 -1.244350000000000067e+00
2.300999999999999990e-01 4.737000000000000238e-02 5.790999999999999481e-01 1.062500000000000000e+00 9.733000000000000540e-01 1.404324999999999879e-01 -8.294500000000000206e-01
3.271000000000000019e-01 5.879000000000000198e-02 8.567000000000000171e-01 1.038300000000000001e+00 9.516999999999999904e-01 9.913374999999999826e-01 -1.116549999999999931e+00
3.548999999999999932e-01 6.435000000000000442e-02 7.327000000000000179e-01 1.055099999999999927e+00 8.712999999999999634e-01 3.220974999999999810e-01 -1.051749999999999963e+00
1.877000000000000057e-01 4.794999999999999957e-02 6.459000000000000297e-01 9.623000000000000442e-01 6.833000000000000185e-01 3.054250000000000020e-02 -9.551500000000000545e-01
1.716999999999999915e-01 4.521000000000000019e-02 7.275000000000000355e-01 1.160700000000000065e+00 7.358999999999999986e-01 2.909125000000000183e-01 -1.134549999999999947e+00
3.779000000000000137e-01 6.431000000000000605e-02 5.316999999999999504e-01 8.635000000000000453e-01 9.945000000000000506e-01 4.027824999999999878e-01 -1.167550000000000088e+00
2.015000000000000124e-01 3.518999999999999906e-02 5.765000000000000124e-01 8.223000000000000309e-01 7.973000000000000087e-01 4.008025000000000060e-01 -1.103050000000000086e+00
3.371000000000000107e-01 5.886999999999999872e-02 5.985000000000000320e-01 1.163499999999999979e+00 8.812999999999999723e-01 2.067624999999999880e-01 -1.133350000000000080e+00
2.940999999999999726e-01 3.572999999999999787e-02 6.848999999999999533e-01 1.047099999999999920e+00 6.641000000000000236e-01 6.700825000000000253e-01 -1.007050000000000001e+00
3.760999999999999899e-01 5.471000000000000169e-02 6.841000000000000414e-01 1.065299999999999914e+00 6.227000000000000313e-01 3.206125000000000225e-01 -8.852499999999999813e-01
2.482999999999999929e-01 3.570999999999999869e-02 6.723000000000000087e-01 8.962999999999999856e-01 9.131000000000000227e-01 3.750625000000000209e-01 -1.111750000000000016e+00
2.414999999999999925e-01 4.578999999999999737e-02 8.779000000000000137e-01 8.911000000000000032e-01 9.663000000000000478e-01 4.255525000000000002e-01 -1.049649999999999972e+00
1.550999999999999879e-01 6.126999999999999807e-02 6.834999999999999964e-01 1.080300000000000038e+00 7.489000000000000101e-01 2.003274999999999917e-01 -7.757500000000000506e-01
2.874999999999999778e-01 6.635000000000000620e-02 8.073000000000000176e-01 8.001000000000000334e-01 8.735000000000000542e-01 3.117024999999999935e-01 -1.166349999999999998e+00
1.774999999999999911e-01 6.212999999999999773e-02 5.691000000000000503e-01 9.518999999999999684e-01 7.116999999999999993e-01 7.388875000000000304e-01 -1.192450000000000010e+00
4.758999999999999897e-01 5.863000000000000156e-02 7.365000000000000435e-01 9.298999999999999488e-01 8.300999999999999490e-01 5.062375000000000069e-01 -1.194250000000000034e+00
1.071000000000000008e-01 3.336999999999999689e-02 7.647000000000000464e-01 8.206999999999999851e-01 6.674999999999999822e-01 7.329474999999999740e-01 -1.001349999999999962e+00
4.173000000000000043e-01 4.886999999999999678e-02 5.212999999999999856e-01 9.176999999999999602e-01 7.657000000000000473e-01 6.111775000000000402e-01 -8.111500000000000377e-01
3.200999999999999956e-01 3.221000000000000252e-02 8.293000000000000371e-01 8.166999999999999815e-01 6.813000000000000167e-01 9.314424999999999510e-01 -1.140849999999999920e+00
2.099000000000000032e-01 6.335000000000000353e-02 7.786999999999999478e-01 1.098100000000000076e+00 6.771000000000000352e-01 2.587375000000000091e-01 -1.172649999999999970e+00
1.098999999999999977e-01 5.489000000000000129e-02 5.020999999999999908e-01 9.019000000000000350e-01 8.285000000000000142e-01 8.591725000000000056e-01 -1.186450000000000005e+00
1.703000000000000069e-01 5.897000000000000158e-02 6.267000000000000348e-01 1.005700000000000038e+00 8.305000000000000160e-01 4.899025000000000185e-01 -1.268350000000000088e+00
2.026999999999999913e-01 5.759000000000000230e-02 7.717000000000000526e-01 1.082899999999999974e+00 8.398999999999999799e-01 4.983175000000000243e-01 -1.063150000000000039e+00
4.260999999999999788e-01 5.410999999999999838e-02 7.055000000000000160e-01 9.059000000000000385e-01 6.219000000000000083e-01 6.695875000000000021e-01 -1.214350000000000041e+00
1.917000000000000093e-01 3.187000000000000249e-02 8.136999999999999789e-01 1.153899999999999926e+00 7.178999999999999826e-01 8.086824999999999708e-01 -1.259949999999999903e+00
4.737000000000000099e-01 3.081000000000000058e-02 8.505000000000000338e-01 1.152300000000000102e+00 6.943000000000000282e-01 2.869524999999999992e-01 -8.123500000000000165e-01
3.710999999999999854e-01 3.601000000000000034e-02 8.952999999999999847e-01 8.028999999999999471e-01 7.290999999999999703e-01 2.394324999999999926e-01 -9.851499999999999702e-01
4.966999999999999749e-01 3.022999999999999993e-02 6.451000000000000068e-01 9.705000000000000293e-01 7.891000000000000236e-01 2.275524999999999909e-01 -1.049050000000000038e+00
3.869000000000000217e-01 3.549000000000000071e-02 8.191000000000000503e-01 1.103699999999999903e+00 9.690999999999999615e-01 6.077124999999999888e-01 -7.064500000000000224e-01
4.148999999999999910e-01 3.520999999999999824e-02 8.013000000000000123e-01 1.031500000000000083e+00 8.453000000000000513e-01 8.403625000000000123e-01 -9.428499999999999659e-01
4.615000000000000213e-01 5.013000000000000095e-02 7.223000000000000531e-01 1.017700000000000049e+00 6.115000000000000435e-01 2.608749999999999958e-02 -9.590499999999999581e-01
3.925000000000000155e-01 3.604999999999999871e-02 5.089000000000000190e-01 1.057900000000000063e+00 7.697000000000000508e-01 7.398774999999999658e-01 -1.135450000000000070e+00
1.879000000000000115e-01 6.834999999999999409e-02 8.303000000000000380e-01 8.587000000000000188e-01 6.542999999999999927e-01 1.240974999999999995e-01 -1.200849999999999973e+00
3.862999999999999767e-01 3.976999999999999980e-02 6.684999999999999831e-01 1.180900000000000061e+00 8.417000000000000037e-01 9.185725000000000140e-01 -1.046650000000000080e+00
2.419000000000000039e-01 6.081000000000000294e-02 8.872999999999999776e-01 8.300999999999999490e-01 9.249000000000000554e-01 8.449750000000000316e-02 -7.625499999999999501e-01
2.731000000000000094e-01 5.870999999999999830e-02 8.121000000000000441e-01 8.812999999999999723e-01 8.113000000000000211e-01 4.616874999999999729e-01 -8.054499999999999993e-01
1.943000000000000005e-01 5.605000000000000260e-02 6.462999999999999856e-01 8.375000000000000222e-01 9.668999999999999817e-01 7.200775000000000370e-01 -1.035250000000000004e+00
2.192999999999999949e-01 5.874999999999999667e-02 7.981000000000000316e-01 1.086300000000000043e+00 7.063000000000000389e-01 2.163249999999999895e-02 -1.061649999999999983e+00
2.245000000000000051e-01 5.122999999999999776e-02 5.997000000000000108e-01 1.194499999999999895e+00 7.547000000000000375e-01 9.255025000000000057e-01 -7.025500000000000078e-01
1.595000000000000029e-01 6.060999999999999721e-02 5.596999999999999753e-01 8.427000000000000046e-01 6.437000000000000499e-01 4.567375000000000185e-01 -9.035499999999999643e-01
2.745000000000000218e-01 6.721000000000000585e-02 7.884999999999999787e-01 1.150300000000000100e+00 9.455000000000000071e-01 6.992874999999999508e-01 -1.081450000000000022e+00
1.129000000000000004e-01 3.647000000000000242e-02 5.846999999999999975e-01 8.729000000000000092e-01 8.263000000000000345e-01 3.349674999999999736e-01 -1.093450000000000033e+00
1.290999999999999925e-01 5.342999999999999833e-02 8.979000000000000314e-01 8.629000000000000004e-01 7.629000000000000226e-01 1.805275000000000074e-01 -9.938500000000000112e-01
4.702999999999999958e-01 5.915000000000000119e-02 7.312999999999999501e-01 9.967000000000000304e-01 9.209000000000000519e-01 2.711124999999999785e-01 -7.337500000000000133e-01
4.542999999999999816e-01 4.676999999999999907e-02 7.173000000000000487e-01 1.088500000000000023e+00 6.360999999999999988e-01 7.581925000000000470e-01 -1.282450000000000090e+00
1.638999999999999901e-01 3.654999999999999916e-02 6.045000000000000373e-01 1.111299999999999955e+00 8.640999999999999792e-01 3.884274999999999811e-01 -8.306499999999999995e-01
3.835000000000000075e-01 6.139000000000000012e-02 7.280999999999999694e-01 8.397000000000000020e-01 8.036999999999999700e-01 7.304724999999999691e-01 -9.749499999999999833e-01
2.555000000000000049e-01 5.297000000000000319e-02 5.978999999999999870e-01 1.124700000000000033e+00 8.992999999999999883e-01 7.953175000000000106e-01 -7.613499999999999712e-01
2.461000000000000132e-01 4.510999999999999732e-02 5.816999999999999948e-01 8.221000000000000529e-01 9.146999999999999575e-01 1.315224999999999866e-01 -9.956500000000000350e-01
1.590999999999999914e-01 3.794999999999999762e-02 7.357000000000000206e-01 8.822999999999999732e-01 9.835000000000000409e-01 9.215425000000000422e-01 -7.079499999999999682e-01
3.733000000000000207e-01 3.631000000000000200e-02 8.151000000000000467e-01 8.997000000000000552e-01 7.904999999999999805e-01 9.482724999999999627e-01 -8.168499999999999650e-01
3.261000000000000010e-01 5.630999999999999894e-02 6.077000000000000179e-01 9.615000000000000213e-01 6.604999999999999760e-01 5.280175000000000285e-01 -1.114449999999999941e+00
4.933000000000000163e-01 5.607000000000000178e-02 6.437000000000000499e-01 9.358999999999999542e-01 7.379000000000000004e-01 1.409275000000000111e-01 -9.902499999999999636e-01
1.446999999999999953e-01 4.284999999999999920e-02 5.421000000000000263e-01 1.010899999999999910e+00 6.282999999999999696e-01 1.810225000000000029e-01 -8.708500000000000130e-01
2.111000000000000099e-01 4.150999999999999829e-02 5.286999999999999478e-01 1.057700000000000085e+00 6.853000000000000203e-01 5.824675000000000269e-01 -1.231449999999999934e+00
4.691000000000000170e-01 6.248999999999999694e-02 6.621000000000000218e-01 9.862999999999999545e-01 6.499000000000000332e-01 4.176325000000000176e-01 -7.427500000000000213e-01
2.101000000000000090e-01 3.858999999999999930e-02 8.732999999999999652e-01 8.231000000000000538e-01 7.155000000000000249e-01 2.265625000000000000e-01 -8.258499999999999730e-01
2.741000000000000103e-01 6.486999999999999711e-02 8.842999999999999750e-01 8.610999999999999766e-01 9.481000000000000538e-01 8.715475000000000305e-01 -1.131550000000000056e+00
3.630999999999999783e-01 6.701000000000000012e-02 5.980999999999999650e-01 1.102300000000000058e+00 7.170999999999999597e-01 5.557374999999999954e-01 -9.788499999999999979e-01
3.341000000000000081e-01 4.832999999999999796e-02 6.352999999999999758e-01 1.163300000000000001e+00 7.255000000000000338e-01 8.289775000000000338e-01 -1.088349999999999929e+00
4.685000000000000275e-01 5.170999999999999902e-02 7.247000000000000108e-01 1.179699999999999971e+00 8.008999999999999453e-01 6.903774999999999773e-01 -1.067350000000000021e+00
1.637000000000000122e-01 3.688999999999999918e-02 5.653000000000000247e-01 9.530999999999999472e-01 7.844999999999999751e-01 4.725774999999999837e-01 -9.260500000000000398e-01
4.940999999999999837e-01 4.866999999999999799e-02 6.784999999999999920e-01 1.033300000000000107e+00 8.957000000000000517e-01 2.815075000000000216e-01 -1.171149999999999913e+00
3.965000000000000191e-01 6.308999999999999331e-02 7.245000000000000329e-01 9.161000000000000254e-01 7.809000000000000385e-01 1.765674999999999883e-01 -1.253049999999999997e+00
1.122999999999999970e-01 6.026999999999999719e-02 7.886999999999999567e-01 8.285000000000000142e-01 7.590999999999999970e-01 5.973174999999999457e-01 -8.042500000000000204e-01
3.249000000000000221e-01 5.430999999999999717e-02 8.403000000000000469e-01 1.169300000000000006e+00 8.872999999999999776e-01 7.403724999999999890e-01 -8.789500000000000091e-01
3.366999999999999993e-01 3.055000000000000077e-02 7.400999999999999801e-01 1.031099999999999905e+00 8.899000000000000243e-01 8.428375000000000172e-01 -1.044249999999999901e+00
2.091000000000000081e-01 6.146999999999999686e-02 8.280999999999999472e-01 1.031300000000000106e+00 7.996999999999999664e-01 1.414225000000000065e-01 -9.833499999999999464e-01
4.907000000000000250e-01 6.336999999999999578e-02 7.742999999999999883e-01 9.630999999999999561e-01 7.872999999999999998e-01 3.562525000000000275e-01 -1.138149999999999995e+00
3.361000000000000099e-01 6.140999999999999931e-02 8.368999999999999773e-01 1.045900000000000052e+00 7.534999999999999476e-01 9.566875000000000240e-01 -1.072750000000000092e+00
2.416999999999999982e-01 3.040999999999999953e-02 7.033000000000000362e-01 1.199899999999999967e+00 8.827000000000000401e-01 5.943475000000000286e-01 -1.180449999999999999e+00
2.649000000000000243e-01 6.951000000000000234e-02 8.131000000000000449e-01 1.035300000000000109e+00 7.602999999999999758e-01 4.364425000000000110e-01 -1.065250000000000030e+00
4.462999999999999745e-01 5.326999999999999791e-02 7.587000000000000410e-01 1.048300000000000010e+00 6.975000000000000089e-01 8.413524999999999476e-01 -8.711499999999999799e-01
2.513000000000000234e-01 5.492999999999999966e-02 7.495000000000000551e-01 1.007100000000000106e+00 8.490999999999999659e-01 5.839524999999999855e-01 -1.280049999999999910e+00
2.572999999999999732e-01 3.048999999999999974e-02 6.020999999999999686e-01 1.006699999999999928e+00 6.085000000000000409e-01 4.092175000000000118e-01 -1.201149999999999940e+00
3.130999999999999894e-01 5.041000000000000342e-02 6.766999999999999682e-01 8.615000000000000435e-01 7.003000000000000336e-01 8.047225000000000072e-01 -1.106049999999999978e+00
4.661000000000000143e-01 3.113000000000000142e-02 6.280999999999999917e-01 8.774999999999999467e-01 9.830999999999999739e-01 7.656174999999999509e-01 -1.005849999999999911e+00
1.622999999999999998e-01 4.345000000000000251e-02 7.691000000000000059e-01 9.253000000000000114e-01 6.364999999999999547e-01 7.977925000000000155e-01 -1.039749999999999952e+00
1.150999999999999940e-01 6.253000000000000225e-02 8.478999999999999870e-01 9.029000000000000359e-01 6.240999999999999881e-01 8.760025000000000173e-01 -8.696500000000000341e-01
4.602999999999999869e-01 5.448999999999999677e-02 8.487000000000000099e-01 8.849000000000000199e-01 6.262999999999999678e-01 8.636274999999999924e-01 -8.459499999999999797e-01
2.585000000000000075e-01 3.497000000000000108e-02 6.457000000000000517e-01 8.657000000000000250e-01 7.514999999999999458e-01 9.660925000000000207e-01 -1.200550000000000006e+00
2.641000000000000014e-01 4.238999999999999713e-02 5.930999999999999606e-01 9.383000000000000229e-01 9.543000000000000371e-01 2.221075000000000133e-01 -8.396500000000000075e-01
2.053000000000000103e-01 4.803000000000000325e-02 8.557000000000000162e-01 8.407000000000000028e-01 7.527000000000000357e-01 1.661725000000000008e-01 -1.204450000000000021e+00
3.775000000000000022e-01 4.857000000000000206e-02 8.777000000000000357e-01 8.336999999999999966e-01 6.844999999999999973e-01 8.794674999999999576e-01 -7.286500000000000199e-01
1.507000000000000006e-01 6.031000000000000250e-02 7.440999999999999837e-01 9.486999999999999877e-01 8.719000000000000083e-01 6.933475000000000055e-01 -9.686500000000000110e-01
2.817000000000000060e-01 6.884999999999999454e-02 8.829000000000000181e-01 8.266999999999999904e-01 7.627000000000000446e-01 5.938525000000000054e-01 -1.015449999999999964e+00
1.829000000000000070e-01 3.737000000000000044e-02 8.854999999999999538e-01 8.797000000000000375e-01 7.682999999999999829e-01 4.547574999999999812e-01 -8.744499999999999496e-01
3.524999999999999800e-01 3.110999999999999877e-02 6.297000000000000375e-01 1.134900000000000020e+00 6.474999999999999645e-01 1.622125000000000095e-01 -8.012500000000000178e-01
4.880999999999999783e-01 5.399000000000000327e-02 7.108999999999999764e-01 1.059700000000000086e+00 8.610999999999999766e-01 4.072374999999999745e-01 -9.452500000000000346e-01
2.356999999999999929e-01 6.008999999999999758e-02 7.227000000000000091e-01 1.073099999999999943e+00 6.252999999999999670e-01 8.571925000000000239e-01 -9.131500000000000172e-01
3.488999999999999879e-01 6.310999999999999943e-02 6.467000000000000526e-01 1.027300000000000102e+00 6.055000000000000382e-01 9.804475000000000273e-01 -1.066750000000000087e+00
4.316999999999999726e-01 6.657000000000000417e-02 7.762999999999999901e-01 1.136300000000000088e+00 7.268999999999999906e-01 4.874275000000000135e-01 -1.062249999999999917e+00
1.948999999999999899e-01 6.802999999999999325e-02 7.869000000000000439e-01 1.057299999999999907e+00 8.156999999999999806e-01 3.894175000000000275e-01 -9.053499999999999881e-01
2.908999999999999919e-01 4.422999999999999848e-02 8.639000000000000012e-01 1.089699999999999891e+00 9.201000000000000290e-01 6.156325000000000269e-01 -7.568500000000000227e-01
3.265000000000000124e-01 3.577000000000000318e-02 7.766999999999999460e-01 8.827000000000000401e-01 9.860999999999999766e-01 9.948025000000000340e-01 -1.121350000000000069e+00
3.564999999999999836e-01 6.403000000000000358e-02 8.171000000000000485e-01 1.105499999999999927e+00 9.062999999999999945e-01 2.448774999999999979e-01 -1.009449999999999958e+00
3.205000000000000071e-01 4.161000000000000115e-02 5.192999999999999838e-01 1.081700000000000106e+00 6.649000000000000465e-01 3.770425000000000026e-01 -9.614500000000000268e-01
2.263000000000000012e-01 4.469000000000000056e-02 7.387000000000000233e-01 1.103299999999999947e+00 9.768999999999999906e-01 9.250074999999999825e-01 -1.147149999999999892e+00
1.577000000000000068e-01 5.274999999999999828e-02 7.168999999999999817e-01 8.433000000000000496e-01 7.227000000000000091e-01 7.275025000000000519e-01 -8.669499999999999984e-01
2.036999999999999922e-01 4.759000000000000036e-02 7.781000000000000139e-01 9.496999999999999886e-01 8.854999999999999538e-01 4.666374999999999829e-01 -7.289499999999999869e-01
4.314999999999999947e-01 4.281000000000000083e-02 7.332999999999999519e-01 9.173000000000000043e-01 9.740999999999999659e-01 3.181375000000000175e-01 -7.952500000000000124e-01
1.044999999999999957e-01 5.045000000000000179e-02 5.339000000000000412e-01 1.047299999999999898e+00 8.588999999999999968e-01 6.210774999999999491e-01 -8.375500000000000167e-01
1.453000000000000125e-01 6.830999999999999572e-02 7.056999999999999940e-01 8.126999999999999780e-01 8.438999999999999835e-01 8.032375000000000487e-01 -7.220499999999999696e-01
2.451000000000000123e-01 5.560999999999999971e-02 7.345000000000000417e-01 8.043000000000000149e-01 6.202999999999999625e-01 5.156425000000000036e-01 -9.329499999999999460e-01
2.807000000000000051e-01 3.522999999999999743e-02 5.716999999999999860e-01 1.051900000000000057e+00 7.684999999999999609e-01 7.982875000000000387e-01 -1.079350000000000032e+00
2.685000000000000164e-01 6.648999999999999355e-02 8.465000000000000302e-01 9.506999999999999895e-01 8.153000000000000247e-01 2.706175000000000108e-01 -7.709500000000000242e-01
2.877000000000000113e-01 6.090999999999999887e-02 7.584999999999999520e-01 8.328999999999999737e-01 9.790999999999999703e-01 9.086724999999999941e-01 -1.294750000000000068e+00
3.703000000000000180e-01 5.134999999999999981e-02 5.593000000000000194e-01 8.647000000000000242e-01 6.599000000000000421e-01 6.314724999999999921e-01 -7.418500000000000094e-01
2.923000000000000043e-01 4.180999999999999994e-02 5.197000000000000508e-01 8.712999999999999634e-01 7.257000000000000117e-01 7.393825000000000536e-01 -8.849500000000000144e-01
4.299000000000000044e-01 3.615000000000000158e-02 5.858999999999999764e-01 9.413000000000000256e-01 9.563000000000000389e-01 1.943874999999999909e-01 -1.046349999999999891e+00
1.731000000000000039e-01 4.927000000000000129e-02 8.575000000000000400e-01 1.062699999999999978e+00 6.207000000000000295e-01 5.394025000000000070e-01 -9.680499999999999661e-01
3.342999999999999861e-01 5.158999999999999697e-02 5.384999999999999787e-01 8.667000000000000259e-01 8.575000000000000400e-01 8.067024999999999890e-01 -1.079649999999999999e+00
1.875000000000000000e-01 6.703000000000000624e-02 7.427000000000000268e-01 1.113899999999999890e+00 7.260999999999999677e-01 5.606875000000000053e-01 -1.142050000000000010e+00
4.877000000000000224e-01 3.499000000000000027e-02 5.426999999999999602e-01 8.844999999999999529e-01 9.204999999999999849e-01 3.829825000000000035e-01 -1.069749999999999979e+00
4.833000000000000074e-01 3.162999999999999839e-02 5.321000000000000174e-01 1.109299999999999953e+00 6.506999999999999451e-01 6.750325000000000353e-01 -1.137250000000000094e+00
3.820999999999999952e-01 3.595000000000000279e-02 5.776999999999999913e-01 1.190299999999999914e+00 7.475000000000000533e-01 9.561925000000000008e-01 -7.394500000000000517e-01
4.218999999999999972e-01 4.585000000000000187e-02 7.450999999999999845e-01 1.079299999999999926e+00 7.884999999999999787e-01 3.201174999999999993e-01 -9.992499999999999716e-01
1.655000000000000082e-01 4.680999999999999744e-02 5.057000000000000384e-01 9.907000000000000250e-01 7.642999999999999794e-01 4.483225000000000127e-01 -1.145049999999999901e+00
4.950999999999999845e-01 5.083000000000000018e-02 8.083000000000000185e-01 1.015900000000000025e+00 6.616999999999999549e-01 4.022875000000000201e-01 -1.115350000000000064e+00
3.185000000000000053e-01 3.862999999999999767e-02 7.602999999999999758e-01 1.191300000000000026e+00 8.595000000000000417e-01 3.305124999999999869e-01 -1.215549999999999908e+00
1.754999999999999893e-01 4.508999999999999814e-02 8.709000000000000075e-01 1.157699999999999951e+00 9.510999999999999455e-01 6.537475000000000369e-01 -9.503500000000000281e-01
1.439000000000000001e-01 3.461000000000000187e-02 6.943000000000000282e-01 1.117099999999999982e+00 7.959000000000000519e-01 2.270574999999999954e-01 -9.515500000000000069e-01
1.680999999999999994e-01 6.553000000000000491e-02 7.854999999999999760e-01 1.170500000000000096e+00 7.158999999999999808e-01 5.656375000000000153e-01 -1.078750000000000098e+00
4.445000000000000062e-01 3.928999999999999854e-02 7.063000000000000389e-01 9.628999999999999782e-01 6.654999999999999805e-01 5.497975000000000501e-01 -9.548499999999999766e-01
4.744999999999999774e-01 6.054999999999999966e-02 7.914999999999999813e-01 8.101000000000000423e-01 9.014999999999999680e-01 8.710525000000000073e-01 -1.072449999999999903e+00
3.573000000000000065e-01 3.574999999999999706e-02 8.792999999999999705e-01 8.470999999999999641e-01 9.905000000000000471e-01 5.918725000000000236e-01 -1.238050000000000095e+00
3.427000000000000046e-01 6.038999999999999924e-02 6.774999999999999911e-01 9.578999999999999737e-01 8.782999999999999696e-01 8.052175000000000304e-01 -1.125850000000000017e+00
4.929000000000000048e-01 4.871000000000000330e-02 5.322999999999999954e-01 1.122900000000000009e+00 9.523000000000000353e-01 2.641824999999999868e-01 -1.238650000000000029e+00
1.019000000000000045e-01 6.065000000000000252e-02 8.630999999999999783e-01 1.006099999999999994e+00 6.167000000000000259e-01 2.151774999999999938e-01 -1.021749999999999936e+00
3.275000000000000133e-01 5.743000000000000188e-02 6.582999999999999963e-01 1.086100000000000065e+00 6.032999999999999474e-01 9.349075000000000024e-01 -1.087450000000000028e+00
2.278999999999999915e-01 3.189000000000000168e-02 7.262999999999999456e-01 9.638999999999999790e-01 7.312999999999999501e-01 5.067325000000000301e-01 -9.086499999999999577e-01
1.993000000000000049e-01 6.357000000000000151e-02 8.889000000000000234e-01 9.304999999999999938e-01 7.782999999999999918e-01 1.434024999999999883e-01 -9.737500000000000044e-01
2.781000000000000139e-01 5.766999999999999904e-02 6.561000000000000165e-01 8.051000000000000378e-01 7.173000000000000487e-01 9.489250000000000462e-02 -1.299250000000000016e+00
4.254999999999999893e-01 4.864999999999999880e-02 8.054999999999999938e-01 9.016999999999999460e-01 7.956999999999999629e-01 8.062074999999999658e-01 -8.312500000000000444e-01
4.274999999999999911e-01 5.174999999999999739e-02 8.834999999999999520e-01 1.134300000000000086e+00 6.267000000000000348e-01 5.220774999999999721e-01 -1.175349999999999895e+00
2.963000000000000078e-01 6.449000000000000565e-02 6.973000000000000309e-01 1.031700000000000061e+00 8.408999999999999808e-01 5.121774999999999523e-01 -8.750499999999999945e-01
1.413000000000000089e-01 3.982999999999999735e-02 8.650999999999999801e-01 1.160900000000000043e+00 6.319000000000000172e-01 3.994749999999999690e-02 -1.001049999999999995e+00
2.619000000000000217e-01 3.019000000000000156e-02 6.329000000000000181e-01 9.495000000000000107e-01 6.330999999999999961e-01 8.017524999999999791e-01 -1.052950000000000053e+00
2.172999999999999932e-01 3.987000000000000266e-02 5.433000000000000052e-01 1.170700000000000074e+00 9.298999999999999488e-01 5.745474999999999888e-01 -1.206849999999999978e+00
4.369000000000000106e-01 5.643000000000000099e-02 6.317000000000000393e-01 8.622999999999999554e-01 6.095000000000000417e-01 8.383825000000000305e-01 -8.069499999999999451e-01
3.242999999999999772e-01 6.158999999999999891e-02 5.501000000000000334e-01 9.042999999999999927e-01 9.475000000000000089e-01 5.304925000000000335e-01 -1.076950000000000074e+00
3.467000000000000082e-01 5.999000000000000166e-02 8.213000000000000300e-01 1.073900000000000077e+00 6.973000000000000309e-01 1.859725000000000128e-01 -1.125250000000000083e+00
3.803000000000000269e-01 3.697000000000000286e-02 6.202999999999999625e-01 8.764999999999999458e-01 6.656999999999999584e-01 5.776749999999999940e-02 -1.033749999999999947e+00
4.598999999999999755e-01 3.903000000000000219e-02 8.188999999999999613e-01 8.580999999999999739e-01 9.022999999999999909e-01 8.012574999999999559e-01 -1.115949999999999998e+00
2.399000000000000021e-01 5.478999999999999843e-02 5.688999999999999613e-01 1.161499999999999977e+00 9.226999999999999647e-01 3.072475000000000067e-01 -1.001949999999999896e+00
3.951000000000000068e-01 4.426999999999999685e-02 8.250999999999999446e-01 8.730999999999999872e-01 7.871000000000000218e-01 6.671124999999999972e-01 -9.974499999999999478e-01
1.859000000000000097e-01 4.823000000000000204e-02 5.534999999999999920e-01 1.140300000000000091e+00 9.213000000000000078e-01 7.740325000000000122e-01 -8.771499999999999853e-01
2.374999999999999889e-01 4.714999999999999747e-02 5.928999999999999826e-01 1.107900000000000107e+00 8.750999999999999890e-01 7.806250000000000688e-02 -1.119250000000000078e+00
1.806999999999999995e-01 4.762999999999999873e-02 7.308999999999999941e-01 8.348999999999999755e-01 7.462999999999999634e-01 2.671525000000000150e-01 -7.904499999999999860e-01
1.170999999999999958e-01 5.741000000000000270e-02 5.431000000000000272e-01 9.239000000000000545e-01 6.484999999999999654e-01 3.805074999999999985e-01 -9.128500000000000503e-01
4.413000000000000256e-01 4.517000000000000182e-02 6.449000000000000288e-01 1.033700000000000063e+00 9.917000000000000259e-01 8.705574999999999841e-01 -7.844499999999999806e-01
3.882999999999999785e-01 4.775000000000000078e-02 7.532999999999999696e-01 1.128300000000000081e+00 8.003000000000000114e-01 6.141474999999999573e-01 -9.143499999999999961e-01
3.125000000000000000e-01 4.030999999999999861e-02 6.150999999999999801e-01 1.119099999999999984e+00 9.336999999999999744e-01 1.280574999999999908e-01 -7.208499999999999908e-01
2.054999999999999882e-01 4.383000000000000090e-02 6.364999999999999547e-01 9.977000000000000313e-01 6.132999999999999563e-01 3.126924999999999844e-01 -1.006750000000000034e+00
4.900999999999999801e-01 5.480999999999999761e-02 8.290999999999999481e-01 8.675000000000000488e-01 9.765000000000000346e-01 8.398674999999999891e-01 -1.141750000000000043e+00
1.547000000000000042e-01 4.732999999999999707e-02 8.550999999999999712e-01 1.021700000000000053e+00 9.950999999999999845e-01 1.735974999999999879e-01 -9.194499999999999895e-01
4.041000000000000147e-01 6.957000000000000683e-02 6.554999999999999716e-01 8.113000000000000211e-01 9.253000000000000114e-01 6.963175000000000336e-01 -7.694499999999999673e-01
1.986999999999999877e-01 5.242999999999999744e-02 8.028999999999999471e-01 1.090899999999999981e+00 9.600999999999999535e-01 4.636675000000000102e-01 -1.094049999999999967e+00
2.209000000000000130e-01 5.476999999999999924e-02 8.577000000000000179e-01 9.233000000000000096e-01 6.995000000000000107e-01 2.171575000000000033e-01 -7.175500000000000211e-01
2.260999999999999954e-01 3.733000000000000207e-02 6.681000000000000272e-01 9.663000000000000478e-01 7.994999999999999885e-01 8.103249999999999342e-02 -1.099450000000000038e+00
2.131000000000000116e-01 5.238999999999999907e-02 8.947000000000000508e-01 9.134999999999999787e-01 8.814999999999999503e-01 6.121674999999999756e-01 -7.157499999999999973e-01
3.534999999999999809e-01 5.781000000000000028e-02 7.552999999999999714e-01 1.145100000000000007e+00 7.567000000000000393e-01 7.077025000000000121e-01 -1.182549999999999990e+00
1.688999999999999946e-01 6.621000000000000496e-02 8.652999999999999581e-01 9.491000000000000547e-01 7.517000000000000348e-01 1.691425000000000012e-01 -1.256350000000000078e+00
3.956999999999999962e-01 5.272999999999999909e-02 5.616999999999999771e-01 1.035500000000000087e+00 8.752999999999999670e-01 4.384224999999999928e-01 -8.468499999999999917e-01
3.527000000000000135e-01 3.332999999999999852e-02 8.325000000000000178e-01 1.003900000000000015e+00 7.195000000000000284e-01 4.295125000000000193e-01 -1.005549999999999944e+00
4.183000000000000052e-01 6.160999999999999810e-02 8.712999999999999634e-01 8.537000000000000144e-01 7.812999999999999945e-01 2.755675000000000208e-01 -7.088499999999999801e-01
1.867000000000000048e-01 5.537000000000000255e-02 6.427000000000000490e-01 1.095699999999999896e+00 6.691000000000000281e-01 6.601825000000000054e-01 -1.048149999999999915e+00
2.189000000000000112e-01 3.919000000000000261e-02 7.083000000000000407e-01 8.971000000000000085e-01 8.927000000000000490e-01 8.467974999999999808e-01 -7.838500000000000467e-01
3.518999999999999906e-01 5.117000000000000021e-02 8.447000000000000064e-01 1.013700000000000045e+00 9.935000000000000497e-01 9.192250000000000421e-02 -9.662500000000000533e-01
1.016999999999999987e-01 4.558999999999999858e-02 8.528999999999999915e-01 1.120900000000000007e+00 8.213000000000000300e-01 5.522725000000000550e-01 -1.028650000000000064e+00
2.762999999999999901e-01 3.937000000000000222e-02 6.908999999999999586e-01 8.989000000000000323e-01 9.094999999999999751e-01 1.389475000000000016e-01 -8.024499999999999966e-01
4.627000000000000002e-01 5.167000000000000065e-02 6.724999999999999867e-01 9.892999999999999572e-01 6.082999999999999519e-01 6.037525000000000253e-01 -1.080249999999999932e+00
4.753000000000000003e-01 4.220999999999999752e-02 5.336999999999999522e-01 9.254999999999999893e-01 8.265000000000000124e-01 4.042675000000000018e-01 -1.140249999999999986e+00
1.466999999999999971e-01 4.018999999999999656e-02 8.053000000000000158e-01 1.125099999999999989e+00 9.603000000000000425e-01 9.952974999999999461e-01 -7.775499999999999634e-01
3.302999999999999825e-01 4.313000000000000167e-02 5.840999999999999526e-01 8.006999999999999673e-01 8.041000000000000369e-01 5.374225000000000252e-01 -7.940500000000000336e-01
4.147000000000000131e-01 5.934999999999999998e-02 8.964999999999999636e-01 1.004899999999999904e+00 6.479000000000000314e-01 8.269975000000000520e-01 -9.761499999999999622e-01
4.874999999999999889e-01 3.253000000000000336e-02 8.640999999999999792e-01 8.131000000000000449e-01 7.577000000000000401e-01 3.532824999999999993e-01 -1.247649999999999926e+00
1.880999999999999894e-01 4.571000000000000063e-02 7.338999999999999968e-01 1.159899999999999931e+00 8.256999999999999895e-01 5.700925000000000020e-01 -1.108149999999999968e+00
3.669000000000000039e-01 6.254999999999999449e-02 6.791000000000000369e-01 1.116900000000000004e+00 8.425000000000000266e-01 8.735275000000000123e-01 -9.533500000000000307e-01
4.840999999999999748e-01 6.761000000000000343e-02 5.736999999999999877e-01 8.241000000000000547e-01 6.310999999999999943e-01 8.647749999999999881e-02 -1.018750000000000044e+00
3.019000000000000017e-01 3.289000000000000257e-02 6.442999999999999838e-01 1.194900000000000073e+00 6.594999999999999751e-01 7.611624999999999641e-01 -9.146499999999999631e-01
1.633000000000000007e-01 3.842999999999999888e-02 6.756999999999999673e-01 9.344999999999999973e-01 7.721000000000000085e-01 1.222750000000000052e-02 -1.275249999999999995e+00
2.310999999999999999e-01 6.707000000000000461e-02 6.424999999999999600e-01 1.112100000000000088e+00 7.056999999999999940e-01 4.849525000000000086e-01 -8.705500000000000460e-01
4.595000000000000195e-01 5.967000000000000082e-02 7.479000000000000092e-01 8.737000000000000322e-01 8.355000000000000204e-01 6.577075000000000005e-01 -7.976499999999999702e-01
4.078999999999999848e-01 5.077000000000000263e-02 6.905000000000000027e-01 8.171000000000000485e-01 7.028999999999999693e-01 3.696174999999999877e-01 -7.547500000000000320e-01
1.711000000000000021e-01 4.247000000000000081e-02 5.022999999999999687e-01 8.056999999999999718e-01 8.245000000000000107e-01 9.997525000000000439e-01 -7.793499999999999872e-01
3.563000000000000056e-01 3.760999999999999760e-02 5.651000000000000467e-01 8.719000000000000083e-01 8.114999999999999991e-01 1.938924999999999954e-01 -7.649500000000000188e-01
2.066999999999999948e-01 6.386999999999999622e-02 8.066999999999999726e-01 8.353000000000000425e-01 8.804999999999999494e-01 8.284825000000000106e-01 -8.027499999999999636e-01
2.953000000000000069e-01 5.208999999999999742e-02 7.649000000000000243e-01 9.648999999999999799e-01 7.522999999999999687e-01 2.014749999999999874e-02 -1.165750000000000064e+00
1.116999999999999937e-01 3.826999999999999846e-02 8.338999999999999746e-01 9.915000000000000480e-01 9.992999999999999661e-01 4.935250000000000054e-02 -9.284499999999999975e-01
4.920999999999999819e-01 5.378999999999999754e-02 7.956999999999999629e-01 8.917000000000000481e-01 7.030999999999999472e-01 8.566975000000000007e-01 -1.273749999999999938e+00
1.751000000000000056e-01 5.304999999999999993e-02 8.789000000000000146e-01 1.040899999999999936e+00 9.468999999999999639e-01 4.448575000000000168e-01 -7.028499999999999748e-01
3.447000000000000064e-01 6.457000000000000239e-02 5.890999999999999570e-01 1.000699999999999923e+00 7.288999999999999924e-01 9.329275000000000206e-01 -1.108449999999999935e+00
2.147000000000000020e-01 6.804999999999999938e-02 6.137000000000000233e-01 1.092300000000000049e+00 9.366999999999999771e-01 3.369475000000000109e-01 -9.005499999999999616e-01
1.033000000000000029e-01 5.265000000000000235e-02 5.374999999999999778e-01 1.129099999999999993e+00 6.753000000000000114e-01 7.992774999999999741e-01 -1.260250000000000092e+00
2.818999999999999839e-01 5.337000000000000077e-02 7.934999999999999831e-01 1.117299999999999960e+00 9.772999999999999465e-01 1.300375000000000003e-01 -8.162500000000000311e-01
4.047000000000000042e-01 3.563000000000000195e-02 8.597000000000000197e-01 1.046899999999999942e+00 6.828999999999999515e-01 7.423524999999999707e-01 -1.218550000000000022e+00
4.304999999999999938e-01 3.658999999999999753e-02 8.870999999999999996e-01 1.035700000000000065e+00 9.857000000000000206e-01 6.344425000000000203e-01 -1.242250000000000076e+00
3.608999999999999986e-01 3.008999999999999869e-02 5.152999999999999803e-01 1.147499999999999964e+00 8.363000000000000433e-01 3.186324999999999852e-01 -1.232050000000000090e+00
1.976999999999999869e-01 6.525000000000000244e-02 5.681000000000000494e-01 8.176999999999999824e-01 9.211000000000000298e-01 6.626575000000000104e-01 -1.275849999999999929e+00
3.292999999999999816e-01 3.068999999999999853e-02 8.223000000000000309e-01 1.100700000000000012e+00 8.420999999999999597e-01 1.082575000000000065e-01 -1.018150000000000110e+00
4.227000000000000202e-01 6.514999999999999958e-02 8.747000000000000330e-01 1.024499999999999966e+00 7.709000000000000297e-01 8.769924999999999526e-01 -1.196949999999999958e+00
4.525000000000000133e-01 5.202999999999999986e-02 6.851000000000000423e-01 9.553000000000000380e-01 8.360999999999999543e-01 2.453724999999999934e-01 -1.272850000000000037e+00
1.665000000000000091e-01 3.021000000000000074e-02 5.199000000000000288e-01 9.226999999999999647e-01 8.493000000000000549e-01 6.770125000000000171e-01 -1.154949999999999921e+00
4.601000000000000090e-01 4.465000000000000219e-02 5.866999999999999993e-01 1.078699999999999992e+00 6.471000000000000085e-01 7.032475000000000254e-01 -1.265050000000000008e+00
1.920999999999999930e-01 4.021000000000000268e-02 6.310999999999999943e-01 9.143000000000000016e-01 6.786999999999999700e-01 9.680725000000000025e-01 -1.224849999999999994e+00
3.139000000000000123e-01 3.849000000000000338e-02 7.600999999999999979e-01 1.003100000000000103e+00 6.531000000000000139e-01 1.062774999999999970e-01 -8.948500000000000343e-01
3.755000000000000004e-01 6.332999999999999741e-02 5.499000000000000554e-01 8.078999999999999515e-01 7.539000000000000146e-01 2.438875000000000071e-01 -1.157350000000000101e+00
1.208999999999999936e-01 3.060999999999999832e-02 8.537000000000000144e-01 8.842999999999999750e-01 8.807000000000000384e-01 7.225525000000000420e-01 -9.305499999999999883e-01
4.903000000000000136e-01 3.246999999999999886e-02 6.022999999999999465e-01 9.737000000000000099e-01 8.205000000000000071e-01 6.220674999999999955e-01 -7.664499999999999647e-01
4.727000000000000091e-01 4.533000000000000224e-02 8.942999999999999838e-01 1.118500000000000050e+00 8.969000000000000306e-01 5.250475000000000003e-01 -8.195500000000000007e-01
3.816999999999999837e-01 3.803000000000000130e-02 6.092999999999999527e-01 1.043299999999999894e+00 9.915000000000000480e-01 9.368874999999999842e-01 -9.488499999999999712e-01
4.632999999999999896e-01 3.432999999999999940e-02 5.453000000000000069e-01 9.445000000000000062e-01 7.432999999999999607e-01 6.717249999999999610e-02 -1.060149999999999926e+00
4.323000000000000176e-01 5.219000000000000028e-02 6.641000000000000236e-01 1.138700000000000045e+00 6.591000000000000192e-01 1.305324999999999958e-01 -7.346500000000000252e-01
4.163000000000000034e-01 5.854999999999999788e-02 5.923000000000000487e-01 9.625000000000000222e-01 7.617000000000000437e-01 7.547274999999999956e-01 -9.962499999999999689e-01
2.722999999999999865e-01 6.499000000000000610e-02 5.611000000000000432e-01 8.008999999999999453e-01 8.954999999999999627e-01 2.419074999999999975e-01 -9.665500000000000203e-01
2.119000000000000050e-01 4.318999999999999923e-02 6.127000000000000224e-01 1.191500000000000004e+00 9.877000000000000224e-01 6.181075000000000319e-01 -1.119550000000000045e+00
2.661000000000000032e-01 3.284999999999999726e-02 6.866999999999999771e-01 8.133000000000000229e-01 9.748999999999999888e-01 5.849425000000000319e-01 -7.316500000000000226e-01
3.810999999999999943e-01 5.920999999999999874e-02 6.844999999999999973e-01 9.740999999999999659e-01 6.245000000000000551e-01 9.052075000000000538e-01 -8.438499999999999890e-01
4.238999999999999990e-01 6.241000000000000020e-02 5.786999999999999922e-01 8.530999999999999694e-01 9.595000000000000195e-01 4.418874999999999886e-01 -8.654500000000000526e-01
3.262999999999999790e-01 6.758999999999999730e-02 6.506999999999999451e-01 1.120300000000000074e+00 9.640999999999999570e-01 7.869024999999999492e-01 -1.173550000000000093e+00
3.099000000000000088e-01 6.730999999999999484e-02 6.801000000000000378e-01 1.050699999999999967e+00 8.181000000000000494e-01 3.895749999999999907e-02 -1.217950000000000088e+00
4.379000000000000115e-01 3.792999999999999844e-02 8.241000000000000547e-01 1.078100000000000058e+00 9.363000000000000211e-01 5.587075000000000236e-01 -9.350500000000000478e-01
3.417000000000000037e-01 5.312999999999999667e-02 8.398999999999999799e-01 9.116999999999999549e-01 9.353000000000000203e-01 3.097225000000000117e-01 -1.204150000000000054e+00
2.479000000000000092e-01 6.482999999999999874e-02 7.711000000000000076e-01 8.951000000000000068e-01 9.758999999999999897e-01 9.984250000000000069e-02 -7.715499999999999581e-01
2.752999999999999892e-01 6.201000000000000262e-02 7.682999999999999829e-01 1.025300000000000100e+00 8.173000000000000265e-01 8.438274999999999526e-01 -1.208050000000000068e+00
2.927000000000000157e-01 4.782999999999999752e-02 7.861000000000000210e-01 9.114999999999999769e-01 8.013000000000000123e-01 5.529250000000000137e-02 -8.525500000000000300e-01
4.190999999999999726e-01 6.071000000000000008e-02 5.411000000000000254e-01 8.283000000000000362e-01 6.514999999999999680e-01 1.587475000000000136e-01 -1.213449999999999918e+00
4.853000000000000091e-01 3.785000000000000170e-02 6.402999999999999803e-01 8.502999999999999448e-01 7.771000000000000130e-01 6.690924999999999789e-01 -1.082649999999999890e+00
3.709000000000000075e-01 4.100999999999999784e-02 5.119000000000000217e-01 9.945000000000000506e-01 6.382999999999999785e-01 7.185924999999999674e-01 -1.193650000000000100e+00
2.227000000000000091e-01 4.705000000000000154e-02 7.999000000000000554e-01 1.028699999999999948e+00 9.967000000000000304e-01 4.661425000000000152e-01 -8.021500000000000297e-01
3.316999999999999948e-01 4.968999999999999806e-02 8.782999999999999696e-01 9.326999999999999735e-01 9.847000000000000197e-01 9.279775000000000107e-01 -1.089250000000000052e+00
4.677000000000000046e-01 4.708999999999999991e-02 7.504999999999999449e-01 8.290999999999999481e-01 8.862999999999999767e-01 9.665875000000000439e-01 -1.293849999999999945e+00
4.817000000000000171e-01 3.185000000000000331e-02 8.330999999999999517e-01 8.824999999999999512e-01 8.578999999999999959e-01 7.562124999999999542e-01 -7.856499999999999595e-01
2.832999999999999963e-01 5.840999999999999664e-02 5.167000000000000481e-01 8.697000000000000286e-01 6.247000000000000330e-01 3.062575000000000158e-01 -7.256500000000000172e-01
2.958999999999999964e-01 4.646999999999999742e-02 6.354999999999999538e-01 8.819000000000000172e-01 7.187000000000000055e-01 3.587274999999999769e-01 -1.033449999999999980e+00
3.425000000000000266e-01 4.764999999999999791e-02 8.642999999999999572e-01 9.346999999999999753e-01 8.468999999999999861e-01 9.136225000000000041e-01 -8.873499999999999721e-01
2.878999999999999893e-01 5.099000000000000060e-02 5.084999999999999520e-01 9.683000000000000496e-01 8.487000000000000099e-01 9.868824999999999958e-01 -7.124500000000000277e-01
2.831000000000000183e-01 5.498999999999999722e-02 7.086999999999999966e-01 1.072300000000000031e+00 9.084999999999999742e-01 6.349375000000000435e-01 -8.246499999999999941e-01
2.286999999999999866e-01 4.340999999999999720e-02 6.197000000000000286e-01 1.155499999999999972e+00 9.576999999999999957e-01 6.641424999999999690e-01 -1.209249999999999936e+00
1.814999999999999947e-01 4.546999999999999653e-02 8.266999999999999904e-01 1.137899999999999912e+00 7.532999999999999696e-01 5.215824999999999489e-01 -7.499500000000000055e-01
3.547000000000000153e-01 6.056999999999999884e-02 5.920999999999999597e-01 1.145499999999999963e+00 9.647000000000000020e-01 2.325025000000000008e-01 -8.237499999999999822e-01
4.959000000000000075e-01 4.485000000000000098e-02 8.620999999999999774e-01 8.136999999999999789e-01 7.916999999999999593e-01 3.102174999999999794e-01 -8.591499999999999693e-01
4.596999999999999975e-01 6.151000000000000217e-02 5.897000000000000020e-01 1.016100000000000003e+00 6.873000000000000220e-01 5.666274999999999507e-01 -9.644500000000000295e-01
2.791000000000000147e-01 6.554999999999999716e-02 6.062999999999999501e-01 8.857000000000000428e-01 8.792999999999999705e-01 1.364724999999999966e-01 -7.055500000000000105e-01
3.020999999999999797e-01 5.514999999999999764e-02 5.810999999999999499e-01 1.082699999999999996e+00 8.512999999999999456e-01 8.725374999999999659e-01 -1.016350000000000087e+00
2.235000000000000042e-01 4.145000000000000073e-02 5.049000000000000155e-01 1.078899999999999970e+00 9.912999999999999590e-01 3.394225000000000159e-01 -1.096449999999999925e+00
1.983000000000000040e-01 5.100999999999999979e-02 5.232999999999999874e-01 1.164900000000000047e+00 7.667000000000000481e-01 1.656775000000000053e-01 -8.906500000000000528e-01
2.540999999999999925e-01 4.315000000000000085e-02 7.530999999999999917e-01 1.035900000000000043e+00 9.890999999999999792e-01 2.874475000000000224e-01 -1.196350000000000025e+00
2.706999999999999962e-01 5.609000000000000097e-02 8.405000000000000249e-01 8.310999999999999499e-01 7.038999999999999702e-01 3.800124999999999753e-01 -1.237449999999999939e+00
2.609000000000000208e-01 3.234999999999999681e-02 8.106999999999999762e-01 9.251000000000000334e-01 8.405000000000000249e-01 7.126525000000000221e-01 -1.258750000000000036e+00
1.360999999999999988e-01 4.726999999999999952e-02 6.309000000000000163e-01 9.999000000000000110e-01 6.022999999999999465e-01 9.116425000000000223e-01 -8.825499999999999456e-01
3.086999999999999744e-01 5.594999999999999973e-02 5.050999999999999934e-01 1.192099999999999937e+00 9.680999999999999606e-01 7.794775000000000453e-01 -9.695500000000000229e-01
2.672999999999999821e-01 3.244999999999999968e-02 5.059000000000000163e-01 1.149100000000000010e+00 8.687000000000000277e-01 3.409074999999999744e-01 -8.810499999999999998e-01
1.463000000000000134e-01 4.050999999999999740e-02 8.802999999999999714e-01 8.567000000000000171e-01 8.537000000000000144e-01 7.878924999999999956e-01 -7.628500000000000281e-01
3.962999999999999856e-01 4.460999999999999688e-02 7.599000000000000199e-01 1.143899999999999917e+00 7.756999999999999451e-01 4.908925000000000094e-01 -1.004050000000000109e+00
2.811000000000000165e-01 5.931000000000000161e-02 8.617000000000000215e-01 8.076999999999999735e-01 6.264999999999999458e-01 5.819725000000000037e-01 -9.014499999999999735e-01
2.073000000000000120e-01 5.686999999999999694e-02 7.732999999999999874e-01 1.036100000000000021e+00 7.137000000000000011e-01 2.894275000000000042e-01 -8.618500000000000050e-01
1.746999999999999942e-01 4.608999999999999903e-02 8.306999999999999940e-01 8.106999999999999762e-01 7.821000000000000174e-01 6.265224999999999822e-01 -7.388500000000000068e-01
2.871000000000000218e-01 4.873000000000000248e-02 6.274999999999999467e-01 1.170299999999999896e+00 8.662999999999999590e-01 7.250275000000000469e-01 -8.477500000000000036e-01
3.222999999999999754e-01 4.703000000000000236e-02 6.706999999999999629e-01 8.810999999999999943e-01 7.300999999999999712e-01 1.453824999999999978e-01 -9.905500000000000416e-01
1.010999999999999954e-01 6.042999999999999761e-02 5.643000000000000238e-01 8.286999999999999922e-01 7.465000000000000524e-01 3.824874999999999803e-01 -1.299549999999999983e+00
1.569000000000000117e-01 4.248999999999999999e-02 7.866999999999999549e-01 1.073299999999999921e+00 6.220999999999999863e-01 4.468374999999999986e-01 -8.600499999999999812e-01
1.782999999999999863e-01 6.165000000000000341e-02 8.201000000000000512e-01 9.224999999999999867e-01 6.868999999999999551e-01 2.509749999999999828e-02 -8.444500000000000339e-01
4.104999999999999760e-01 3.151000000000000328e-02 7.933000000000000052e-01 9.091000000000000192e-01 6.766999999999999682e-01 4.181274999999999853e-01 -1.210450000000000026e+00
2.290999999999999981e-01 4.898999999999999883e-02 7.489000000000000101e-01 1.181300000000000017e+00 7.986999999999999655e-01 3.448674999999999935e-01 -7.262499999999999512e-01
4.062999999999999945e-01 5.927000000000000324e-02 8.034999999999999920e-01 1.104300000000000059e+00 6.080999999999999739e-01 9.007524999999999560e-01 -1.091050000000000075e+00
1.701000000000000012e-01 4.902999999999999720e-02 6.389000000000000234e-01 1.081299999999999928e+00 9.703000000000000513e-01 2.651724999999999777e-01 -8.774499999999999522e-01
2.894999999999999796e-01 4.306999999999999718e-02 6.985000000000000098e-01 8.740999999999999881e-01 8.505000000000000338e-01 2.424024999999999930e-01 -1.190050000000000052e+00
3.699000000000000066e-01 3.121000000000000163e-02 7.379000000000000004e-01 1.033500000000000085e+00 8.699000000000000066e-01 3.240775000000000183e-01 -1.255149999999999988e+00
2.948999999999999955e-01 5.244999999999999662e-02 5.738999999999999657e-01 8.276999999999999913e-01 8.026999999999999691e-01 4.691124999999999878e-01 -1.214949999999999974e+00
2.913000000000000034e-01 5.947000000000000203e-02 5.698999999999999622e-01 1.129899999999999904e+00 7.759000000000000341e-01 4.824775000000000036e-01 -9.605500000000000149e-01
3.714999999999999969e-01 4.109000000000000152e-02 7.562999999999999723e-01 9.084999999999999742e-01 8.016999999999999682e-01 1.458774999999999933e-01 -9.098500000000000476e-01
2.142999999999999905e-01 4.467000000000000137e-02 6.060999999999999721e-01 9.595000000000000195e-01 8.598999999999999977e-01 2.527975000000000083e-01 -7.619500000000000162e-01
3.405000000000000249e-01 4.116999999999999826e-02 6.754999999999999893e-01 9.556999999999999940e-01 8.585000000000000409e-01 4.329775000000000151e-01 -1.094349999999999934e+00
1.627000000000000113e-01 3.717000000000000165e-02 8.038999999999999480e-01 9.074999999999999734e-01 6.539000000000000368e-01 2.112175000000000025e-01 -7.052500000000000435e-01
1.512999999999999901e-01 3.626999999999999669e-02 5.516999999999999682e-01 9.947000000000000286e-01 6.971000000000000529e-01 5.225724999999999953e-01 -8.759500000000000064e-01
2.270999999999999963e-01 5.825000000000000316e-02 8.310999999999999499e-01 1.194700000000000095e+00 8.218999999999999639e-01 4.488174999999999804e-01 -1.192150000000000043e+00
1.131000000000000061e-01 6.327000000000000679e-02 7.559000000000000163e-01 1.140700000000000047e+00 6.165000000000000480e-01 7.855750000000000233e-02 -1.144150000000000000e+00
1.902999999999999969e-01 5.632999999999999813e-02 6.008999999999999897e-01 1.030899999999999928e+00 6.866999999999999771e-01 4.052574999999999927e-01 -9.461500000000000465e-01
2.366999999999999937e-01 3.810999999999999804e-02 8.904999999999999583e-01 1.004299999999999971e+00 6.441000000000000059e-01 8.378875000000000073e-01 -1.043649999999999967e+00
1.353000000000000036e-01 5.020999999999999769e-02 7.183000000000000496e-01 8.600999999999999757e-01 8.168999999999999595e-01 9.142749999999999488e-02 -1.258450000000000069e+00
2.872999999999999998e-01 4.587000000000000105e-02 6.711000000000000298e-01 9.822999999999999510e-01 6.958999999999999631e-01 2.508175000000000265e-01 -1.084149999999999947e+00
1.532999999999999918e-01 3.241000000000000131e-02 7.140999999999999570e-01 8.165000000000000036e-01 7.076999999999999957e-01 7.017624999999999558e-01 -9.407499999999999751e-01
4.545000000000000151e-01 5.462999999999999801e-02 8.530999999999999694e-01 9.266999999999999682e-01 6.601000000000000201e-01 3.468474999999999753e-01 -9.107499999999999485e-01
1.809000000000000052e-01 5.990999999999999798e-02 5.401000000000000245e-01 8.003000000000000114e-01 8.031000000000000361e-01 9.710425000000000306e-01 -1.219749999999999890e+00
1.967000000000000137e-01 3.524999999999999661e-02 5.878999999999999782e-01 1.059900000000000064e+00 8.166999999999999815e-01 9.636175000000000157e-01 -8.546500000000000208e-01
3.647000000000000242e-01 3.561000000000000276e-02 7.020999999999999464e-01 8.899000000000000243e-01 8.316999999999999948e-01 4.597074999999999911e-01 -8.621499999999999719e-01
3.915000000000000147e-01 3.291000000000000175e-02 5.900999999999999579e-01 8.799000000000000155e-01 9.341000000000000414e-01 9.160975000000000090e-01 -1.048450000000000104e+00
4.037000000000000033e-01 4.061000000000000026e-02 7.297000000000000153e-01 8.268999999999999684e-01 9.288999999999999480e-01 7.418574999999999475e-01 -9.998500000000000165e-01
4.778999999999999915e-01 5.131000000000000144e-02 6.946999999999999842e-01 1.165499999999999980e+00 9.012999999999999901e-01 1.008325000000000055e-01 -1.191850000000000076e+00
4.313000000000000167e-01 4.555000000000000021e-02 5.454999999999999849e-01 1.018299999999999983e+00 9.358999999999999542e-01 8.878825000000000189e-01 -7.385500000000000398e-01
4.688999999999999835e-01 6.286999999999999533e-02 7.824999999999999734e-01 9.700999999999999623e-01 8.730999999999999872e-01 6.606775000000000286e-01 -1.114149999999999974e+00
2.396999999999999964e-01 5.120999999999999858e-02 6.881000000000000449e-01 1.151699999999999946e+00 6.719000000000000528e-01 6.943375000000000519e-01 -7.253500000000000503e-01
3.069000000000000061e-01 4.136999999999999705e-02 5.953000000000000513e-01 9.081000000000000183e-01 9.575000000000000178e-01 5.572224999999999540e-01 -7.229499999999999815e-01
3.024999999999999911e-01 6.239000000000000101e-02 5.244999999999999662e-01 1.102100000000000080e+00 6.254999999999999449e-01 7.215624999999999956e-01 -1.149850000000000039e+00
4.234999999999999876e-01 3.708999999999999797e-02 5.141000000000000014e-01 8.538999999999999924e-01 7.387000000000000233e-01 5.628249999999999920e-02 -1.103650000000000020e+00
1.408999999999999975e-01 6.840999999999999859e-02 8.879000000000000226e-01 9.236999999999999655e-01 7.936999999999999611e-01 7.715575000000000072e-01 -8.612499999999999600e-01
2.884999999999999787e-01 6.013000000000000289e-02 5.568999999999999506e-01 1.100500000000000034e+00 7.402999999999999581e-01 7.166124999999999856e-01 -9.209500000000000464e-01
4.290999999999999814e-01 5.924999999999999711e-02 6.768999999999999462e-01 9.001000000000000112e-01 6.838999999999999524e-01 4.938624999999999821e-01 -1.130649999999999933e+00
1.013000000000000012e-01 4.882999999999999841e-02 5.594999999999999973e-01 8.769000000000000128e-01 7.854999999999999760e-01 5.725675000000000070e-01 -1.089849999999999985e+00
3.945000000000000173e-01 3.823000000000000009e-02 6.781000000000000361e-01 8.163000000000000256e-01 8.932999999999999829e-01 9.388674999999999660e-01 -9.101500000000000146e-01
1.118999999999999995e-01 5.206999999999999823e-02 5.174999999999999600e-01 1.055299999999999905e+00 9.810999999999999721e-01 8.651124999999999510e-01 -9.344500000000000028e-01
1.136999999999999955e-01 4.852999999999999675e-02 8.078999999999999515e-01 9.031000000000000139e-01 9.243000000000000105e-01 5.834574999999999623e-01 -1.046049999999999924e+00
1.481000000000000094e-01 6.993000000000000604e-02 5.661000000000000476e-01 1.055500000000000105e+00 9.304999999999999938e-01 9.532224999999999726e-01 -7.313499999999999446e-01
2.180999999999999883e-01 6.493000000000000160e-02 8.582999999999999519e-01 1.059299999999999908e+00 6.092999999999999527e-01 9.611425000000000107e-01 -7.877499999999999503e-01
1.180999999999999966e-01 4.909000000000000169e-02 5.713000000000000300e-01 1.163699999999999957e+00 9.486999999999999877e-01 7.096824999999999939e-01 -1.093150000000000066e+00
3.368999999999999773e-01 4.132999999999999868e-02 8.420999999999999597e-01 1.096100000000000074e+00 7.100999999999999535e-01 4.394124999999999837e-01 -7.142500000000000515e-01
4.512999999999999790e-01 4.064999999999999863e-02 6.082999999999999519e-01 1.121899999999999897e+00 8.605000000000000426e-01 6.222250000000000003e-02 -1.269849999999999923e+00
2.277000000000000135e-01 3.515000000000000069e-02 6.025000000000000355e-01 9.995000000000000551e-01 8.470999999999999641e-01 9.715375000000000538e-01 -8.846500000000000474e-01
2.127000000000000002e-01 6.748999999999999444e-02 8.515000000000000346e-01 9.852999999999999536e-01 9.448999999999999622e-01 8.458075000000000454e-01 -1.175950000000000051e+00
2.582999999999999741e-01 3.710999999999999716e-02 6.988999999999999657e-01 1.041500000000000092e+00 9.176999999999999602e-01 1.310274999999999912e-01 -7.910500000000000309e-01
3.664999999999999925e-01 6.654999999999999805e-02 6.431000000000000050e-01 9.585000000000000187e-01 9.902999999999999581e-01 7.657750000000000667e-02 -8.564500000000000446e-01
3.451000000000000179e-01 5.301000000000000156e-02 8.844999999999999529e-01 1.113499999999999934e+00 6.232999999999999652e-01 6.423624999999999474e-01 -1.180150000000000032e+00
4.356999999999999762e-01 4.542999999999999816e-02 8.098999999999999533e-01 1.196900000000000075e+00 6.340999999999999970e-01 5.309874999999999456e-01 -1.095250000000000057e+00
