4.935060000000000002e-01 3.397151999999999811e-02 7.038961999999999719e-01 8.256073999999999913e-01 1.035600000000000076e+00 8.606317999999999468e-01 -1.133316999999999978e-04
4.278239999999999821e-01 4.653593999999999786e-02 7.976035999999999682e-01 1.088967000000000018e+00 1.096799999999999997e+00 1.525054000000000132e-01 -2.489104000000000013e-04
4.578659999999999952e-01 3.461356000000000155e-02 5.957750000000000545e-01 1.166978999999999989e+00 7.550999999999999934e-01 2.827206999999999915e-01 -2.035018000000000037e-04
1.569730000000000014e-01 6.848851999999999718e-02 6.756012000000000128e-01 8.934703999999999979e-01 6.988999999999999657e-01 5.352457000000000048e-02 -1.258856000000000065e-05
2.343830000000000080e-01 4.750490000000000268e-02 7.425697999999999466e-01 1.031504999999999894e+00 7.322999999999999510e-01 3.633758999999999739e-01 -2.439025000000000047e-04
4.323699999999999766e-01 6.393891000000000158e-02 7.136938000000000448e-01 1.079857000000000067e+00 9.403000000000000247e-01 6.896813000000000526e-01 -1.271075000000000091e-04
2.159949999999999926e-01 6.304124999999999313e-02 6.587539999999999507e-01 1.104932000000000025e+00 1.076500000000000012e+00 1.172498999999999937e-02 -1.071492999999999941e-04
2.112360000000000071e-01 3.075305999999999873e-02 8.715481999999999951e-01 1.047053999999999929e+00 6.959999999999999520e-01 5.954844999999999722e-01 -1.480189000000000068e-05
1.786429999999999962e-01 3.346778000000000253e-02 5.342170000000000529e-01 9.190144000000000091e-01 8.103000000000000203e-01 8.892714000000000174e-02 -1.661970000000000081e-04
2.242550000000000099e-01 3.160907999999999773e-02 8.338383000000000322e-01 8.670805999999999791e-01 1.163699999999999957e+00 2.965975000000000139e-01 -1.366239000000000049e-04
4.833979999999999944e-01 3.289187999999999834e-02 6.891540999999999917e-01 8.735876999999999670e-01 6.885000000000000009e-01 9.216509999999999980e-01 -1.583657999999999941e-04
4.650560000000000249e-01 6.377420000000000311e-02 5.018399000000000054e-01 1.040945999999999927e+00 1.022599999999999953e+00 4.502784000000000231e-01 -1.822604999999999874e-04
1.023430000000000034e-01 3.557115999999999750e-02 7.436066999999999538e-01 1.160103000000000106e+00 8.368999999999999773e-01 5.485759999999999525e-01 -5.399999999999999798e-05
1.765539999999999887e-01 4.432669000000000192e-02 7.853759999999999630e-01 1.137699999999999934e+00 8.110000000000000542e-01 5.559079999999999577e-01 -2.926944999999999807e-04
2.083639999999999937e-01 3.508540999999999743e-02 8.125915000000000221e-01 1.162860000000000005e+00 9.133000000000000007e-01 8.117351000000000427e-01 -2.805055000000000200e-04
2.713010000000000144e-01 6.869603999999999988e-02 7.837313999999999670e-01 1.170455000000000023e+00 7.884999999999999787e-01 9.618088999999999666e-01 -3.495426000000000235e-05
1.980470000000000008e-01 4.737589999999999857e-02 7.769802999999999571e-01 9.426974999999999660e-01 9.042999999999999927e-01 7.993666000000000382e-01 -2.038436000000000078e-04
2.117580000000000018e-01 3.933426000000000283e-02 5.271200999999999803e-01 8.532537999999999512e-01 9.953999999999999515e-01 8.998601999999999990e-01 -2.238368999999999982e-04
3.491949999999999776e-01 5.658956999999999876e-02 5.295204999999999496e-01 9.216630999999999574e-01 8.546000000000000263e-01 7.317540999999999629e-01 -2.211040999999999961e-04
2.454020000000000090e-01 3.476453000000000182e-02 6.136321000000000137e-01 8.578441999999999457e-01 7.117999999999999883e-01 8.083190999999999571e-01 -1.676067000000000160e-05
3.082170000000000187e-01 5.758040999999999854e-02 7.868633000000000433e-01 1.185578999999999938e+00 8.930000000000000160e-01 8.903944999999999776e-01 -2.229497000000000043e-04
1.469149999999999900e-01 3.832860999999999907e-02 7.264380000000000281e-01 8.766914000000000096e-01 1.123199999999999976e+00 7.157145999999999786e-01 -1.534061999999999882e-04
1.516589999999999883e-01 4.104639999999999678e-02 6.106827999999999701e-01 8.753511000000000486e-01 8.649999999999999911e-01 5.063469999999999915e-01 -2.093918999999999967e-04
4.276889999999999858e-01 3.990450000000000247e-02 8.068412999999999835e-01 1.160679999999999934e+00 7.987999999999999545e-01 5.854941999999999647e-01 -2.814590999999999968e-04
3.108929999999999749e-01 6.256351000000000273e-02 6.444463000000000275e-01 1.179851999999999901e+00 9.435000000000000053e-01 6.746463999999999794e-01 -2.823628999999999863e-05
2.213360000000000050e-01 6.062854000000000160e-02 5.292966000000000060e-01 9.585702999999999863e-01 1.021800000000000042e+00 3.079437999999999898e-01 -1.935201000000000109e-04
2.900449999999999973e-01 6.399172999999999667e-02 5.359736999999999973e-01 1.133571000000000106e+00 7.695999999999999508e-01 9.308939999999999992e-01 -8.793408999999999481e-05
1.868889999999999996e-01 5.402156999999999792e-02 8.496333999999999831e-01 1.193413000000000057e+00 1.168900000000000050e+00 9.306295999999999458e-01 -1.574821000000000012e-04
1.872260000000000035e-01 4.807575000000000043e-02 5.954139000000000514e-01 1.103885999999999923e+00 1.117899999999999894e+00 6.951625999999999639e-01 -2.111220000000000024e-04
2.027059999999999973e-01 3.980965999999999672e-02 8.285668000000000477e-01 1.065021999999999913e+00 1.002599999999999936e+00 5.314831999999999890e-02 -3.824945999999999750e-05
4.410120000000000151e-01 6.294763000000000441e-02 6.807784999999999531e-01 1.019341000000000053e+00 8.585000000000000409e-01 6.269812000000000163e-01 -1.639215000000000127e-04
2.393520000000000092e-01 4.654694000000000192e-02 8.319912999999999892e-01 1.010246999999999895e+00 9.790999999999999703e-01 7.964965000000000517e-01 -1.011887000000000024e-04
4.573160000000000003e-01 3.242232999999999921e-02 7.148271000000000486e-01 1.110948999999999964e+00 9.150000000000000355e-01 9.025705000000000533e-01 -2.394003999999999924e-04
1.638429999999999886e-01 3.811700999999999978e-02 6.187757999999999869e-01 9.175505000000000466e-01 9.179000000000000492e-01 2.424727000000000132e-01 -7.103940999999999685e-05
3.054649999999999865e-01 5.843191999999999831e-02 6.820591000000000292e-01 9.957831000000000321e-01 7.808000000000000496e-01 6.648115999999999748e-02 -3.970773000000000141e-05
2.412839999999999985e-01 6.444465000000000610e-02 5.529207999999999901e-01 8.108231999999999662e-01 1.123099999999999987e+00 6.801532999999999607e-01 -1.334979000000000081e-04
4.337489999999999957e-01 4.140334999999999849e-02 6.384821999999999997e-01 9.083864999999999856e-01 9.464000000000000190e-01 5.741247999999999907e-01 -1.971394000000000119e-04
4.227119999999999767e-01 6.056298000000000237e-02 5.713903000000000176e-01 8.125225000000000364e-01 9.677999999999999936e-01 9.644017999999999757e-01 -1.296202000000000096e-04
4.186559999999999726e-01 4.804419000000000051e-02 5.422139000000000264e-01 8.061042000000000485e-01 1.112700000000000022e+00 4.965923999999999894e-01 -2.514204999999999825e-04
4.352849999999999775e-01 3.366950999999999972e-02 6.247344000000000230e-01 1.194588999999999901e+00 1.048100000000000032e+00 6.629342000000000290e-01 -2.223724000000000057e-04
4.529889999999999750e-01 3.058900999999999981e-02 5.610188999999999870e-01 1.067944000000000004e+00 1.131799999999999917e+00 5.165547000000000333e-01 -1.152524000000000013e-04
1.860580000000000012e-01 3.413340000000000124e-02 7.931032999999999555e-01 8.504971000000000059e-01 1.008799999999999919e+00 4.444909000000000221e-01 -4.190712999999999936e-05
1.699430000000000107e-01 6.887579000000000617e-02 6.125055000000000360e-01 1.023638999999999966e+00 1.139599999999999946e+00 8.384386000000000339e-01 -1.342275999999999886e-04
1.742670000000000052e-01 4.208651000000000059e-02 7.963324999999999987e-01 8.238440000000000207e-01 9.724000000000000421e-01 6.909009999999999874e-01 -9.986789000000000581e-05
4.683479999999999865e-01 5.668606000000000339e-02 6.484269999999999756e-01 1.078462999999999949e+00 7.367000000000000215e-01 6.051284000000000107e-01 -1.080383999999999988e-04
2.872520000000000073e-01 3.111068999999999987e-02 8.784600999999999660e-01 9.745789999999999731e-01 8.262000000000000455e-01 9.389499000000000040e-01 -5.327000000000000328e-05
4.293130000000000002e-01 3.848838000000000259e-02 7.640856999999999788e-01 8.018062000000000245e-01 9.627000000000000002e-01 1.252990999999999966e-01 -2.269018000000000033e-04
3.135760000000000214e-01 5.786837000000000231e-02 5.523795000000000233e-01 8.723397000000000512e-01 7.028999999999999693e-01 3.614781000000000244e-01 -1.223367999999999906e-04
4.684110000000000218e-01 6.945160999999999696e-02 5.576780999999999544e-01 1.168865000000000043e+00 1.050599999999999978e+00 1.721397000000000066e-01 -1.411913000000000046e-04
2.131379999999999941e-01 4.180214000000000152e-02 8.384407000000000387e-01 1.129099999999999993e+00 9.163000000000000034e-01 7.193310000000000537e-01 -2.045798999999999892e-04
2.354970000000000119e-01 4.240514000000000089e-02 6.620089999999999586e-01 8.627046999999999910e-01 9.278999999999999471e-01 1.729026999999999925e-01 -1.166068000000000031e-04
3.110740000000000172e-01 3.632681000000000104e-02 5.165524000000000227e-01 1.161639000000000088e+00 1.074200000000000044e+00 3.375950999999999813e-01 -8.875152000000000030e-05
3.122469999999999968e-01 4.025799000000000044e-02 7.188561999999999452e-01 8.083936000000000455e-01 1.050300000000000011e+00 5.891138999999999681e-01 -2.582090000000000210e-04
4.492570000000000174e-01 3.186034000000000088e-02 8.054721999999999715e-01 9.588297000000000070e-01 8.998000000000000442e-01 8.371695999999999582e-01 -1.923151999999999913e-04
2.750279999999999947e-01 6.913787000000000404e-02 6.621105999999999936e-01 1.175556000000000045e+00 7.300999999999999712e-01 8.856212999999999447e-01 -2.641985000000000015e-04
2.692320000000000269e-01 3.245254999999999668e-02 8.553918999999999828e-01 1.189840000000000009e+00 8.020000000000000462e-01 4.661301999999999807e-02 -9.195329999999999932e-05
4.508750000000000258e-01 4.876467000000000301e-02 5.339679000000000508e-01 9.570935000000000414e-01 1.033600000000000074e+00 8.907707999999999737e-01 -1.738661999999999922e-04
1.131640000000000007e-01 3.988048000000000287e-02 5.370875999999999983e-01 9.989772000000000096e-01 1.059299999999999908e+00 9.631218000000000279e-01 -6.539793999999999545e-05
3.665300000000000225e-01 4.245133000000000240e-02 6.027055000000000051e-01 1.165168999999999899e+00 8.925999999999999490e-01 9.028500000000000414e-01 -1.331126999999999952e-06
1.282870000000000121e-01 6.242215999999999737e-02 6.251710999999999796e-01 1.196801999999999921e+00 1.042300000000000004e+00 9.395744000000000318e-01 -8.682494000000000561e-06
3.398559999999999914e-01 6.101706999999999964e-02 6.366273999999999544e-01 8.569868000000000485e-01 7.381999999999999673e-01 5.935527999999999915e-01 -2.119820999999999977e-04
1.308370000000000088e-01 6.461308000000000329e-02 8.565095000000000347e-01 1.125245000000000051e+00 1.012599999999999945e+00 3.196791999999999967e-01 -1.201484000000000032e-04
2.994299999999999740e-01 4.505685000000000245e-02 6.200322999999999807e-01 8.896844000000000419e-01 1.102600000000000025e+00 9.235225999999999713e-01 -2.281309999999999881e-04
2.304259999999999919e-01 6.014280999999999794e-02 7.711571000000000398e-01 1.049623999999999890e+00 8.139999999999999458e-01 8.162002000000000423e-01 -1.220996000000000126e-04
3.763850000000000251e-01 5.985113999999999712e-02 5.095406000000000102e-01 9.673422999999999883e-01 9.463000000000000300e-01 8.792950999999999961e-01 -5.802655000000000096e-05
2.400019999999999931e-01 4.352177000000000129e-02 5.639180999999999777e-01 8.914461000000000190e-01 7.489999999999999991e-01 7.297715999999999648e-01 -2.695010999999999869e-04
3.078779999999999850e-01 4.415039999999999937e-02 6.332322000000000228e-01 1.124128000000000016e+00 8.285000000000000142e-01 7.391446000000000405e-01 -1.641090999999999904e-04
3.203690000000000149e-01 4.677800000000000014e-02 7.276827000000000156e-01 1.111780999999999908e+00 7.522999999999999687e-01 7.400832000000000244e-02 -8.392734999999999529e-05
4.388540000000000219e-01 4.832982999999999724e-02 5.783430000000000515e-01 8.529252999999999973e-01 8.790999999999999925e-01 3.577376999999999918e-01 -2.411009999999999944e-04
1.059920000000000029e-01 4.721103000000000105e-02 5.885413000000000450e-01 9.788869000000000042e-01 8.222000000000000419e-01 7.970692999999999528e-02 -1.054787000000000037e-04
1.144710000000000033e-01 5.733554999999999902e-02 8.122992999999999464e-01 1.014243999999999923e+00 1.186399999999999899e+00 7.850211999999999746e-01 -2.853547999999999805e-04
3.316109999999999891e-01 3.723255999999999788e-02 5.557623000000000424e-01 1.108238000000000056e+00 8.441999999999999504e-01 4.452819000000000083e-01 -9.438584000000000297e-05
1.865580000000000016e-01 4.199454999999999855e-02 8.023540999999999590e-01 9.975889000000000006e-01 7.843999999999999861e-01 7.537608000000000086e-01 -8.826314000000000482e-06
4.593189999999999773e-01 6.140256999999999660e-02 5.547457000000000082e-01 9.740328000000000319e-01 8.961999999999999966e-01 4.154680000000000040e-01 -5.191950000000000325e-05
4.862630000000000008e-01 3.856944000000000344e-02 6.449924000000000213e-01 9.394460999999999506e-01 8.770000000000000018e-01 7.043063999999999991e-01 -1.182097999999999943e-04
4.040389999999999815e-01 3.895967999999999654e-02 8.707460000000000200e-01 1.107634000000000007e+00 1.037099999999999911e+00 6.941359999999999753e-01 -2.755157999999999956e-04
2.893140000000000156e-01 4.410450999999999955e-02 6.801760999999999502e-01 8.232764999999999667e-01 9.224999999999999867e-01 4.448910999999999838e-01 -2.796833999999999995e-04
1.419509999999999939e-01 5.369750999999999691e-02 5.287707999999999853e-01 8.361494000000000426e-01 1.118100000000000094e+00 6.178607000000000404e-01 -1.067422000000000027e-04
1.977109999999999979e-01 5.080509999999999887e-02 6.306097000000000508e-01 9.545386999999999622e-01 8.406000000000000139e-01 5.794097999999999749e-01 -1.871722000000000034e-04
1.915499999999999980e-01 4.220453999999999872e-02 6.368394000000000554e-01 1.060924999999999896e+00 8.287999999999999812e-01 4.782926000000000122e-01 -2.457132000000000109e-04
1.001530000000000059e-01 4.382493999999999973e-02 7.646034000000000441e-01 8.648837999999999804e-01 9.089000000000000412e-01 9.167572000000000498e-01 -2.532011000000000244e-04
4.475140000000000229e-01 6.811654000000000320e-02 7.334317999999999671e-01 9.778238000000000207e-01 7.185000000000000275e-01 1.745454999999999923e-01 -2.903307999999999952e-04
3.036220000000000030e-01 3.565941000000000249e-02 7.576652999999999860e-01 1.017241000000000062e+00 8.808000000000000274e-01 1.976282000000000039e-01 -2.691495000000000020e-04
1.660069999999999879e-01 5.318363999999999731e-02 5.212238000000000149e-01 1.160187000000000079e+00 1.030200000000000005e+00 9.786753999999999731e-01 -1.438598000000000079e-04
2.360460000000000058e-01 4.459164999999999657e-02 8.306213999999999542e-01 8.093603000000000325e-01 9.731999999999999540e-01 5.449410000000000087e-01 -2.853172000000000133e-06
2.677490000000000148e-01 5.422462000000000115e-02 8.750191999999999970e-01 1.007339999999999902e+00 6.690000000000000391e-01 8.544287000000000409e-01 -2.531890999999999981e-05
2.138549999999999895e-01 4.826427999999999968e-02 5.563185000000000491e-01 9.728004000000000095e-01 1.062599999999999989e+00 7.759949999999999903e-01 -3.421906000000000302e-05
4.192690000000000028e-01 6.385549000000000086e-02 8.826490000000000169e-01 1.103404000000000051e+00 8.323000000000000398e-01 8.743271000000000237e-01 -7.356851999999999337e-05
1.720820000000000127e-01 4.490046999999999788e-02 5.149510000000000476e-01 8.540925999999999796e-01 1.021400000000000086e+00 7.322824000000000000e-02 -6.191747000000000266e-05
2.163360000000000005e-01 3.896817999999999810e-02 7.113840000000000163e-01 1.191578000000000026e+00 1.143100000000000005e+00 3.786140000000000061e-01 -1.232166000000000088e-04
2.186329999999999940e-01 5.371543000000000151e-02 7.683316000000000034e-01 1.076278999999999986e+00 8.536000000000000254e-01 7.261502999999999708e-02 -3.608854000000000125e-05
1.073299999999999949e-01 5.690102999999999828e-02 6.278162000000000464e-01 9.274696999999999525e-01 9.213000000000000078e-01 4.475306000000000006e-01 -4.411143000000000128e-05
1.148570000000000008e-01 6.111936999999999925e-02 6.021090999999999527e-01 9.674827999999999761e-01 9.749999999999999778e-01 4.527090000000000281e-02 -1.176737999999999981e-04
1.249510000000000065e-01 3.629832000000000197e-02 6.509392000000000511e-01 1.139137999999999984e+00 1.018899999999999917e+00 7.334026000000000156e-01 -2.361436999999999868e-04
3.589499999999999913e-01 4.349535000000000207e-02 5.234166000000000096e-01 1.192298999999999998e+00 7.593999999999999639e-01 4.697178000000000186e-01 -1.586175000000000107e-04
4.417449999999999988e-01 4.266951000000000077e-02 5.373489000000000182e-01 9.374576000000000020e-01 7.083000000000000407e-01 1.724080000000000057e-02 -5.420637000000000122e-05
2.099010000000000042e-01 4.985157999999999950e-02 8.491847999999999619e-01 9.280060999999999449e-01 7.969000000000000528e-01 9.626611999999999947e-01 -2.937257999999999991e-04
1.975989999999999969e-01 4.255384999999999723e-02 6.216146999999999645e-01 1.161497999999999919e+00 1.068899999999999961e+00 7.423703000000000385e-01 -3.553272000000000087e-05
4.162609999999999921e-01 6.466413000000000022e-02 5.874392000000000502e-01 9.150730999999999726e-01 9.177999999999999492e-01 2.060493999999999937e-01 -1.891347000000000037e-04
4.036440000000000028e-01 4.258602000000000221e-02 6.683689000000000435e-01 8.606407999999999836e-01 1.062899999999999956e+00 4.493847999999999732e-01 -1.464194999999999895e-04
4.533510000000000040e-01 3.837481999999999699e-02 7.859334000000000042e-01 1.175791000000000031e+00 1.090500000000000025e+00 4.837898999999999949e-01 -2.628476999999999940e-04
1.519969999999999932e-01 5.697376999999999997e-02 7.562816999999999457e-01 8.149267000000000039e-01 9.124999999999999778e-01 8.742349000000000370e-01 -1.510456000000000027e-04
2.355559999999999876e-01 3.403526999999999941e-02 5.464367999999999448e-01 9.843996999999999886e-01 8.798000000000000265e-01 6.058913999999999689e-01 -8.413584999999999846e-05
2.919629999999999725e-01 6.261527000000000065e-02 6.912528000000000006e-01 8.789936000000000416e-01 9.529999999999999583e-01 4.088235000000000063e-01 -1.438277999999999920e-04
4.764079999999999981e-01 6.183141000000000331e-02 8.144367999999999608e-01 1.110735999999999946e+00 7.764999999999999680e-01 6.358108000000000093e-01 -1.978700000000000012e-04
2.659839999999999982e-01 6.512977000000000349e-02 8.042190000000000172e-01 9.175984999999999836e-01 8.143000000000000238e-01 7.347145000000000481e-01 -2.667476000000000005e-04
4.360200000000000187e-01 5.904187000000000324e-02 6.549203000000000108e-01 1.085571999999999981e+00 8.537000000000000144e-01 9.060934000000000488e-01 -2.369352000000000079e-04
3.948670000000000235e-01 5.747209999999999819e-02 5.566396999999999595e-01 1.047341000000000077e+00 9.566000000000000059e-01 9.759689000000000281e-01 -1.573905999999999970e-04
2.953669999999999907e-01 3.716575999999999907e-02 8.743165999999999993e-01 1.070986999999999911e+00 1.088600000000000012e+00 4.643269999999999897e-01 -2.141494999999999933e-04
2.442799999999999971e-01 6.391083000000000180e-02 8.543806000000000456e-01 1.020931999999999951e+00 1.108300000000000063e+00 2.593191000000000246e-01 -2.792421000000000009e-04
3.169609999999999927e-01 5.343852000000000324e-02 5.066486999999999519e-01 9.381492999999999638e-01 9.085999999999999632e-01 2.099729999999999999e-02 -1.635875000000000122e-04
3.740589999999999749e-01 4.946862999999999955e-02 5.302398000000000389e-01 8.902788000000000368e-01 9.832999999999999519e-01 9.523464999999999847e-01 -3.348169000000000096e-05
1.227609999999999951e-01 4.305795999999999929e-02 6.283800000000000496e-01 8.359227000000000185e-01 9.651999999999999469e-01 8.538031999999999844e-01 -7.444484999999999926e-05
3.161309999999999953e-01 3.340420000000000195e-02 6.501261999999999874e-01 1.006175000000000042e+00 7.818000000000000504e-01 6.152492000000000516e-01 -5.416490000000000042e-05
3.982600000000000029e-01 3.862068999999999919e-02 7.394501999999999464e-01 1.024972999999999912e+00 7.640000000000000124e-01 3.148927000000000254e-01 -1.355829000000000127e-04
1.528259999999999896e-01 3.740787000000000279e-02 8.004932999999999632e-01 1.128249000000000057e+00 7.751000000000000112e-01 2.620792000000000121e-01 -4.367441999999999782e-05
2.577760000000000051e-01 3.018540000000000112e-02 8.422916000000000292e-01 9.211690000000000156e-01 1.060699999999999976e+00 8.300627000000000422e-01 -6.359233999999999362e-05
2.531740000000000101e-01 4.711045999999999984e-02 7.476846000000000325e-01 8.565042000000000488e-01 9.465999999999999970e-01 9.701927999999999663e-01 -7.270736000000000516e-05
1.947919999999999929e-01 4.178621999999999892e-02 7.320372000000000545e-01 8.710314000000000112e-01 7.401999999999999691e-01 5.829879000000000033e-01 -9.147289000000000234e-05
2.104020000000000057e-01 5.663329999999999753e-02 8.019053999999999904e-01 1.131742999999999943e+00 9.413000000000000256e-01 8.453819999999999668e-01 -1.445033000000000027e-04
1.587439999999999962e-01 3.223041000000000100e-02 5.602013999999999605e-01 8.745743000000000267e-01 8.752999999999999670e-01 9.542186000000000279e-01 -1.044176000000000013e-04
1.387069999999999970e-01 6.582509999999999750e-02 6.214532000000000389e-01 8.986416999999999877e-01 8.899000000000000243e-01 4.627461999999999964e-01 -1.835453000000000128e-04
1.627099999999999935e-01 6.602402999999999744e-02 6.285551999999999806e-01 1.122700000000000031e+00 7.936999999999999611e-01 8.060059999999999447e-02 -2.220179999999999875e-04
2.997360000000000024e-01 3.858082000000000178e-02 5.855812999999999713e-01 9.613304999999999767e-01 8.041000000000000369e-01 3.665104000000000140e-01 -2.705617000000000221e-04
4.510859999999999870e-01 6.073991000000000112e-02 7.210547000000000484e-01 8.048562999999999690e-01 7.095000000000000195e-01 5.996490000000000153e-02 -1.527715999999999926e-04
4.657729999999999926e-01 5.887457000000000107e-02 8.668504999999999683e-01 1.049873999999999974e+00 8.850999999999999979e-01 2.330824999999999980e-01 -7.250626000000000466e-05
1.042199999999999932e-01 3.343478999999999896e-02 5.157867999999999897e-01 1.096173999999999982e+00 9.371000000000000441e-01 4.556281999999999832e-01 -2.015936000000000073e-04
1.483939999999999981e-01 6.503095000000000403e-02 7.229117000000000459e-01 1.082284000000000024e+00 7.573999999999999622e-01 5.983001000000000014e-01 -3.525985000000000004e-06
1.138969999999999982e-01 5.952451999999999743e-02 6.811131000000000268e-01 1.057431999999999928e+00 1.011400000000000077e+00 4.127165999999999890e-01 -1.716013000000000065e-04
2.944229999999999903e-01 4.343833999999999890e-02 8.455086000000000546e-01 9.540999999999999481e-01 1.113299999999999956e+00 8.840613999999999417e-02 -7.584822999999999869e-05
4.434670000000000001e-01 3.668501999999999874e-02 5.583443999999999630e-01 1.037554000000000087e+00 7.659000000000000252e-01 3.846721000000000168e-01 -2.534427999999999920e-04
4.047700000000000187e-01 5.374368000000000201e-02 8.026695000000000357e-01 1.022944999999999993e+00 7.581999999999999851e-01 9.982037000000000271e-01 -1.839381999999999866e-04
2.896599999999999731e-01 5.755335000000000312e-02 7.273644999999999694e-01 8.864353000000000371e-01 8.637000000000000233e-01 1.930773000000000073e-01 -2.588560000000000166e-04
3.970839999999999925e-01 4.483842999999999857e-02 5.495670000000000277e-01 9.716207000000000038e-01 8.374000000000000332e-01 5.654445000000000165e-01 -2.675905000000000124e-04
2.811919999999999975e-01 4.758024000000000281e-02 6.733818999999999777e-01 1.119048999999999960e+00 1.131000000000000005e+00 9.583367999999999887e-01 -1.375554000000000078e-04
2.184719999999999995e-01 3.677922000000000136e-02 5.804666000000000547e-01 1.136328999999999922e+00 9.311000000000000387e-01 9.965304000000000384e-01 -1.030653000000000074e-05
4.569239999999999968e-01 4.599356999999999751e-02 5.249745000000000106e-01 8.580813999999999941e-01 7.266000000000000236e-01 1.636048999999999976e-01 -1.073879000000000023e-04
3.766360000000000263e-01 4.110947000000000212e-02 6.265549999999999731e-01 9.991290999999999922e-01 1.068799999999999972e+00 1.323292000000000079e-01 -1.149915000000000052e-04
2.749389999999999890e-01 4.739865000000000050e-02 5.134206000000000047e-01 1.194730999999999987e+00 1.175499999999999989e+00 2.613919000000000104e-01 -2.720940000000000142e-04
4.445939999999999892e-01 4.318410999999999778e-02 8.327392999999999601e-01 1.144441000000000042e+00 8.055999999999999828e-01 9.262508999999999881e-01 -2.084649999999999904e-04
4.244569999999999732e-01 4.286428999999999934e-02 8.966058000000000083e-01 1.197305000000000064e+00 1.042200000000000015e+00 7.866562999999999750e-01 -2.001945000000000092e-04
2.580700000000000216e-01 4.087787999999999838e-02 5.331069000000000502e-01 8.975940000000000030e-01 8.649000000000000021e-01 7.691272000000000109e-01 -1.358253000000000021e-04
4.715570000000000039e-01 4.088664000000000187e-02 6.988164000000000042e-01 8.000699999999999479e-01 7.587000000000000410e-01 1.799955000000000027e-01 -2.834161000000000189e-04
4.547559999999999936e-01 5.567868000000000123e-02 6.603278999999999677e-01 8.105742000000000225e-01 9.991999999999999771e-01 2.753482999999999903e-01 -4.221101000000000025e-05
2.208610000000000018e-01 3.273125000000000340e-02 5.202984000000000497e-01 1.151173999999999920e+00 6.836999999999999744e-01 3.941791000000000045e-01 -4.310879000000000235e-05
3.874139999999999806e-01 3.683091000000000143e-02 5.334681999999999480e-01 8.356730999999999465e-01 9.519999999999999574e-01 2.106914000000000009e-01 -1.246975000000000102e-04
1.869460000000000011e-01 3.579634999999999762e-02 6.109812000000000021e-01 1.044294000000000056e+00 8.074000000000000066e-01 1.443352999999999997e-02 -1.692017000000000033e-04
1.283489999999999909e-01 4.799086999999999797e-02 8.138237000000000387e-01 1.041244999999999976e+00 7.754999999999999671e-01 1.316557999999999895e-01 -2.039994000000000039e-05
1.839459999999999984e-01 4.374354999999999910e-02 5.387944000000000067e-01 1.081804999999999906e+00 9.987000000000000322e-01 9.114282000000000217e-01 -1.029261999999999972e-04
1.010719999999999952e-01 4.610738999999999810e-02 6.340436000000000405e-01 1.033684000000000047e+00 1.111900000000000110e+00 6.095108999999999666e-01 -1.262005999999999924e-04
4.817339999999999955e-01 3.998594999999999927e-02 5.775919000000000469e-01 1.098125000000000018e+00 1.040999999999999925e+00 2.363769000000000009e-01 -1.001108999999999972e-04
3.797909999999999897e-01 3.843023000000000272e-02 5.237178999999999585e-01 9.366368000000000471e-01 8.156999999999999806e-01 9.675551000000000013e-01 -1.940481000000000031e-04
2.473279999999999923e-01 5.686196999999999779e-02 7.954987000000000030e-01 1.058438999999999908e+00 8.042000000000000259e-01 6.607399999999999940e-01 -4.921592999999999958e-05
3.367160000000000153e-01 5.435381000000000240e-02 8.345209999999999573e-01 9.080454999999999499e-01 7.892000000000000126e-01 9.756262000000000267e-02 -1.397136000000000103e-04
4.698069999999999746e-01 3.975688000000000139e-02 6.211794000000000482e-01 1.124967999999999968e+00 6.751000000000000334e-01 2.992006999999999861e-01 -9.218639999999999544e-06
4.025830000000000242e-01 6.413383999999999752e-02 6.546340999999999966e-01 8.416301000000000476e-01 7.982000000000000206e-01 4.075314999999999910e-01 -2.729173999999999901e-04
4.823310000000000097e-01 6.665517999999999443e-02 5.748712000000000266e-01 8.928745999999999627e-01 9.112000000000000099e-01 9.056261000000000172e-02 -2.490592999999999822e-04
3.729839999999999822e-01 3.877499999999999697e-02 8.460651000000000144e-01 9.160087000000000090e-01 7.028999999999999693e-01 8.914731999999999656e-01 -1.045470000000000004e-04
3.555130000000000234e-01 4.299539000000000138e-02 8.217754000000000447e-01 9.759406999999999943e-01 6.633999999999999897e-01 6.125979999999999759e-01 -2.926406000000000048e-05
2.052360000000000018e-01 5.396170000000000133e-02 7.310124999999999540e-01 8.064618000000000064e-01 9.494000000000000217e-01 8.038794000000000217e-01 -1.207025000000000052e-04
2.934309999999999974e-01 6.966197999999999835e-02 5.793057999999999819e-01 1.055237999999999898e+00 8.206999999999999851e-01 7.141534000000000493e-01 -1.979994000000000003e-04
1.382039999999999935e-01 6.408890999999999893e-02 7.768298999999999621e-01 1.004939000000000027e+00 1.082699999999999996e+00 2.712994999999999990e-02 -5.508041000000000277e-05
2.566089999999999760e-01 4.639932000000000084e-02 6.462377999999999734e-01 1.074422999999999906e+00 1.033500000000000085e+00 9.303073000000000592e-02 -1.894476999999999988e-04
1.451419999999999932e-01 5.294883999999999702e-02 8.273129000000000177e-01 1.044791000000000025e+00 1.112900000000000000e+00 4.435706999999999844e-01 -2.305138000000000087e-04
4.316960000000000242e-01 3.192058999999999869e-02 7.351674999999999738e-01 8.853978999999999600e-01 8.065999999999999837e-01 5.112408999999999981e-01 -2.784544000000000017e-04
1.602840000000000098e-01 4.277431000000000288e-02 5.780515000000000514e-01 1.035044999999999993e+00 7.641000000000000014e-01 8.032622999999999847e-01 -9.009889999999999891e-05
4.888989999999999725e-01 6.910737999999999603e-02 5.215705000000000480e-01 1.122103999999999990e+00 8.141000000000000458e-01 6.350190999999999475e-02 -1.163693000000000041e-04
2.237520000000000064e-01 3.830125000000000196e-02 5.644118000000000190e-01 1.035779999999999923e+00 9.294000000000000039e-01 2.396629999999999872e-01 -2.334485999999999929e-04
1.202850000000000030e-01 4.871584000000000331e-02 6.873858999999999941e-01 9.513418000000000152e-01 1.102600000000000025e+00 5.128369000000000399e-01 -2.583727999999999871e-04
1.456320000000000114e-01 6.350521000000000638e-02 5.489981999999999918e-01 1.173944000000000099e+00 8.920000000000000151e-01 3.826897000000000215e-01 -1.512495000000000094e-04
3.508499999999999952e-01 3.198030000000000317e-02 8.415724999999999456e-01 1.114535999999999971e+00 7.799000000000000377e-01 6.398042999999999925e-01 -1.523863999999999950e-05
3.834299999999999931e-01 6.415210000000000357e-02 5.733255000000000434e-01 1.158293000000000017e+00 7.449999999999999956e-01 2.789679999999999938e-01 -9.952090999999999512e-06
4.942190000000000194e-01 3.220332000000000056e-02 8.833735000000000337e-01 1.084715000000000096e+00 1.008599999999999941e+00 5.922446999999999573e-01 -1.862987999999999992e-04
3.175919999999999854e-01 3.884980999999999851e-02 5.635928000000000049e-01 8.283686999999999578e-01 1.140900000000000025e+00 3.105304999999999871e-01 -2.958551000000000128e-04
1.271420000000000050e-01 4.907526999999999723e-02 7.589595999999999565e-01 9.962379000000000095e-01 9.547999999999999821e-01 5.918493999999999700e-01 -3.850119000000000262e-05
3.689529999999999754e-01 6.141478999999999688e-02 8.609223999999999766e-01 1.090068999999999955e+00 1.049800000000000066e+00 5.882616000000000511e-01 -6.928770999999999802e-05
3.280529999999999835e-01 5.527631999999999685e-02 8.649778999999999662e-01 9.791402000000000161e-01 9.605000000000000204e-01 5.472034000000000065e-01 -1.069098999999999977e-04
2.126879999999999882e-01 3.456991000000000230e-02 7.539894000000000318e-01 1.019886999999999988e+00 9.475999999999999979e-01 3.860142999999999908e-02 -1.627157000000000115e-04
3.893619999999999859e-01 6.160925999999999902e-02 5.199789999999999690e-01 8.251686000000000298e-01 9.012000000000000011e-01 3.679187999999999903e-01 -2.246545000000000020e-04
3.857410000000000005e-01 5.913663999999999726e-02 8.078619999999999690e-01 1.150887999999999911e+00 9.427999999999999714e-01 6.406823999999999852e-02 -2.040815000000000077e-04
2.095629999999999993e-01 5.330043000000000281e-02 5.963441000000000436e-01 9.630406000000000244e-01 7.252999999999999448e-01 6.654212000000000460e-01 -2.354706000000000084e-04
2.113690000000000013e-01 4.287484999999999907e-02 7.372912000000000354e-01 1.100346999999999964e+00 1.121799999999999908e+00 1.624665000000000137e-01 -4.795257999999999753e-05
4.465959999999999930e-01 5.298436000000000118e-02 6.976611000000000340e-01 9.813566999999999707e-01 1.035800000000000054e+00 3.927686000000000233e-01 -9.598356000000000433e-05
3.424530000000000074e-01 5.172063999999999828e-02 8.815617999999999510e-01 1.075703000000000076e+00 7.096999999999999975e-01 7.049779999999999935e-02 -2.261100999999999953e-04
1.747009999999999952e-01 5.613843000000000305e-02 6.491483999999999588e-01 8.858797000000000477e-01 1.026100000000000012e+00 9.350125000000000242e-01 -1.212263999999999952e-04
1.429769999999999930e-01 4.262897000000000214e-02 7.876777999999999835e-01 1.098845999999999989e+00 7.307000000000000162e-01 8.432733000000000589e-02 -2.192236000000000130e-04
3.207139999999999991e-01 5.022623999999999839e-02 6.803033000000000552e-01 1.197254999999999958e+00 7.056000000000000050e-01 3.181442999999999910e-01 -1.380798999999999991e-04
3.730700000000000127e-01 4.728455000000000158e-02 7.616024000000000127e-01 8.314169999999999616e-01 1.097699999999999898e+00 3.344604999999999939e-01 -1.470532000000000035e-04
2.347650000000000015e-01 6.198015999999999942e-02 5.062160999999999467e-01 1.180811999999999973e+00 1.076000000000000068e+00 7.072178999999999549e-01 -2.321849999999999869e-04
1.120889999999999942e-01 6.807465999999999517e-02 6.105101000000000555e-01 1.162910000000000110e+00 1.070000000000000062e+00 2.890816999999999970e-01 -5.667320999999999877e-05
1.738719999999999988e-01 3.570430000000000131e-02 5.923922000000000354e-01 1.170992000000000033e+00 1.189000000000000057e+00 4.485075000000000034e-01 -2.283095000000000068e-04
2.010490000000000055e-01 3.306814000000000281e-02 7.420885000000000398e-01 8.879485999999999768e-01 9.143000000000000016e-01 8.534785999999999762e-01 -2.846821000000000030e-04
1.297540000000000082e-01 6.545563000000000076e-02 5.386454999999999993e-01 9.689470999999999501e-01 7.700000000000000178e-01 1.392366999999999910e-01 -2.497867000000000186e-04
2.753550000000000164e-01 4.107373000000000274e-02 8.984674000000000271e-01 1.037174999999999958e+00 1.086899999999999977e+00 6.134508999999999795e-02 -2.899835000000000130e-04
2.673150000000000248e-01 4.767219999999999791e-02 5.293963999999999892e-01 1.095352000000000103e+00 7.417000000000000259e-01 5.261605000000000310e-01 -4.666078999999999816e-05
2.232619999999999882e-01 4.774493999999999960e-02 8.610841999999999663e-01 1.158006000000000091e+00 1.066999999999999948e+00 1.768021999999999927e-01 -1.530078999999999890e-04
1.648070000000000090e-01 3.530551999999999996e-02 8.878095000000000292e-01 9.607873999999999581e-01 1.099599999999999911e+00 6.145941999999999794e-01 -1.095000000000000053e-04
4.537959999999999772e-01 6.492855999999999628e-02 6.315199000000000229e-01 1.114389999999999992e+00 1.137999999999999901e+00 1.555084999999999940e-01 -2.461019000000000162e-04
3.459039999999999893e-01 6.386814000000000380e-02 6.206517000000000284e-01 9.591707999999999901e-01 1.054300000000000015e+00 3.295178000000000273e-01 -1.442632999999999915e-04
3.769839999999999858e-01 5.703765999999999697e-02 7.784037999999999791e-01 9.105790000000000273e-01 1.124900000000000011e+00 2.594678000000000262e-01 -9.423747000000000493e-05
3.723389999999999755e-01 6.708487000000000477e-02 8.050357000000000207e-01 1.124235000000000095e+00 9.988000000000000211e-01 8.054789999999999450e-01 -2.541366000000000089e-04
3.592929999999999735e-01 5.942229000000000261e-02 8.690428000000000042e-01 1.104138999999999982e+00 7.143000000000000460e-01 1.715128999999999959e-01 -2.121857999999999904e-04
4.296630000000000171e-01 5.171330999999999845e-02 5.777776999999999497e-01 9.604886999999999730e-01 8.559999999999999831e-01 9.496394999999999698e-01 -2.526839000000000016e-04
3.363349999999999951e-01 3.616761000000000281e-02 6.231643000000000043e-01 8.542463999999999613e-01 1.132400000000000073e+00 9.750877000000000017e-01 -1.139294000000000005e-04
4.988330000000000264e-01 4.275315999999999839e-02 8.534148000000000289e-01 8.248060000000000391e-01 1.135799999999999921e+00 6.887883999999999673e-01 -1.628982999999999918e-04
1.934569999999999901e-01 5.146644999999999692e-02 8.967226999999999837e-01 8.228377999999999526e-01 1.044300000000000006e+00 9.654287000000000285e-01 -5.819514999999999795e-05
1.566319999999999935e-01 3.441415999999999920e-02 7.292108999999999952e-01 8.037484000000000295e-01 7.935999999999999721e-01 3.363324999999999787e-01 -6.674293000000000304e-05
4.239829999999999988e-01 5.112057999999999880e-02 8.555764000000000147e-01 9.937146000000000035e-01 7.050999999999999490e-01 9.015334000000000403e-01 -5.068101999999999948e-05
3.050269999999999926e-01 4.498375999999999764e-02 7.349120000000000097e-01 9.077699999999999658e-01 8.215000000000000080e-01 3.260406000000000137e-01 -2.303689999999999961e-05
4.079039999999999888e-01 3.720981000000000288e-02 7.412275000000000391e-01 9.542389000000000010e-01 9.941999999999999726e-01 9.905905000000000404e-01 -2.500935999999999868e-05
4.650170000000000137e-01 4.570551999999999948e-02 7.404886000000000523e-01 1.196320000000000050e+00 8.915999999999999481e-01 6.246886999999999857e-01 -1.658557000000000119e-04
3.888659999999999894e-01 3.786698000000000147e-02 6.408979999999999677e-01 8.069560999999999540e-01 7.209999999999999742e-01 6.438241999999999576e-01 -2.766396000000000068e-04
4.948400000000000021e-01 6.428148000000000195e-02 8.673442000000000096e-01 8.805418000000000411e-01 7.006000000000000005e-01 7.247618000000000116e-01 -3.641878000000000302e-05
3.371049999999999880e-01 6.781628000000000656e-02 6.258879999999999999e-01 1.061010999999999926e+00 8.518000000000000016e-01 8.446249999999999591e-01 -2.634631000000000017e-04
1.717609999999999970e-01 4.640665000000000068e-02 7.381077999999999806e-01 9.896781000000000050e-01 1.143799999999999928e+00 9.077709000000000472e-01 -2.141815000000000092e-04
4.837989999999999791e-01 6.124824999999999714e-02 6.614090999999999720e-01 1.066631000000000107e+00 9.068000000000000504e-01 7.752472999999999725e-01 -7.955134000000000803e-06
1.518639999999999990e-01 6.907600999999999325e-02 8.469883000000000273e-01 9.369633000000000544e-01 9.878000000000000114e-01 4.410029999999999784e-01 -1.929865000000000063e-04
3.739950000000000219e-01 6.003734000000000154e-02 7.181558999999999582e-01 9.474048999999999943e-01 8.308999999999999719e-01 1.203335999999999989e-01 -1.239153000000000026e-05
2.359330000000000038e-01 5.585397999999999752e-02 7.085747999999999491e-01 8.274755999999999778e-01 9.746000000000000218e-01 4.633731999999999851e-01 -9.585153999999999810e-05
1.873879999999999990e-01 6.235047999999999979e-02 7.591082999999999581e-01 1.059260000000000090e+00 7.504999999999999449e-01 3.736184000000000172e-01 -1.900295999999999940e-04
4.981940000000000257e-01 6.988091999999999915e-02 8.232247000000000314e-01 9.088726000000000305e-01 8.840999999999999970e-01 8.797405000000000364e-01 -2.964069000000000165e-04
3.530150000000000232e-01 4.866303999999999769e-02 8.627633999999999581e-01 8.105246000000000395e-01 9.104999999999999760e-01 7.675777999999999768e-01 -2.941590999999999802e-04
1.396330000000000071e-01 4.185911999999999966e-02 6.520065000000000444e-01 9.834777999999999576e-01 1.199600000000000000e+00 2.360433999999999866e-01 -2.757508000000000094e-04
2.364819999999999978e-01 5.866289999999999699e-02 5.770167000000000490e-01 8.941987000000000130e-01 1.110899999999999999e+00 8.355190999999999590e-01 -5.642161000000000273e-05
2.340700000000000003e-01 4.098892999999999981e-02 5.168739999999999446e-01 1.124727999999999950e+00 7.548000000000000265e-01 6.408321000000000156e-01 -9.633171000000000539e-05
2.946309999999999762e-01 5.054584000000000160e-02 8.052878999999999454e-01 1.161156999999999995e+00 8.739999999999999991e-01 2.347040999999999988e-01 -2.265521999999999957e-04
2.641109999999999847e-01 3.062008999999999911e-02 6.203338000000000463e-01 1.032845000000000013e+00 1.057800000000000074e+00 4.325667000000000262e-01 -2.629716999999999949e-04
2.956440000000000179e-01 5.272958999999999979e-02 6.864552000000000431e-01 1.117186999999999930e+00 7.070999999999999508e-01 6.067725999999999953e-01 -1.883673999999999950e-04
3.189890000000000225e-01 6.916972999999999872e-02 6.028624000000000205e-01 8.778297000000000461e-01 7.913999999999999924e-01 1.901162000000000130e-01 -1.544719000000000007e-04
3.306649999999999867e-01 3.894215000000000176e-02 6.321634000000000420e-01 9.547944999999999904e-01 7.704999999999999627e-01 2.496401000000000037e-01 -2.048165999999999865e-04
1.107719999999999955e-01 3.825488999999999973e-02 8.700025000000000119e-01 9.002164000000000277e-01 8.036999999999999700e-01 7.766370999999999691e-01 -2.441540000000000073e-04
2.250169999999999948e-01 6.153880999999999935e-02 8.014240000000000252e-01 9.877953999999999901e-01 1.100100000000000078e+00 3.560046000000000044e-01 -1.049002000000000024e-04
1.116960000000000036e-01 5.413505999999999874e-02 8.003871000000000180e-01 8.163023999999999836e-01 1.046699999999999964e+00 5.412046999999999830e-01 -1.965407999999999869e-04
2.286549999999999971e-01 4.268021999999999788e-02 6.967351000000000516e-01 9.648908000000000484e-01 8.804999999999999494e-01 9.319423000000000012e-01 -2.021473000000000085e-04
2.684830000000000272e-01 3.386796000000000251e-02 7.317801000000000444e-01 9.487020000000000453e-01 8.259999999999999565e-01 2.731916999999999818e-01 -2.065233999999999885e-04
4.114920000000000244e-01 5.857111000000000262e-02 5.615411999999999626e-01 9.796955000000000524e-01 9.124999999999999778e-01 2.983384000000000036e-01 -2.632846000000000101e-04
3.796749999999999847e-01 6.216906999999999989e-02 6.402837999999999585e-01 9.048500000000000432e-01 8.111000000000000432e-01 4.462838999999999695e-02 -2.885108999999999959e-04
4.496999999999999886e-01 6.530534000000000339e-02 5.520749999999999824e-01 9.438642999999999894e-01 8.277999999999999803e-01 5.466820999999999486e-01 -1.761557999999999982e-04
1.635389999999999899e-01 4.582342999999999833e-02 5.844941999999999638e-01 8.330016000000000087e-01 8.532999999999999474e-01 5.517104999999999926e-01 -2.909630000000000126e-05
4.949520000000000031e-01 5.215894000000000086e-02 7.266485000000000305e-01 9.713772000000000517e-01 1.092100000000000071e+00 4.424332000000000265e-02 -6.954886999999999875e-05
3.788460000000000161e-01 4.221257999999999955e-02 5.962762999999999813e-01 1.038302000000000058e+00 8.953999999999999737e-01 5.925243000000000038e-01 -9.793654000000000270e-05
2.648340000000000138e-01 4.332031000000000076e-02 5.860642999999999825e-01 1.117386999999999908e+00 8.661999999999999700e-01 8.657975999999999450e-01 -2.298977000000000063e-04
4.133470000000000200e-01 4.910845999999999961e-02 6.850066999999999684e-01 1.156409000000000020e+00 8.338999999999999746e-01 9.567879000000000245e-01 -2.709662999999999742e-04
4.189649999999999763e-01 5.220405999999999658e-02 7.233553000000000344e-01 1.043800000000000061e+00 9.699999999999999734e-01 4.413373999999999908e-01 -3.111722000000000224e-05
4.921499999999999764e-01 5.135028999999999982e-02 6.283029999999999449e-01 1.159608999999999890e+00 1.066000000000000059e+00 8.990972000000000408e-01 -1.933387000000000061e-04
1.159710000000000046e-01 5.621232999999999785e-02 7.667736000000000551e-01 9.733382999999999896e-01 8.873999999999999666e-01 2.629502000000000228e-01 -2.275745999999999878e-04
2.686189999999999967e-01 5.568668000000000229e-02 5.196414999999999784e-01 8.886399000000000381e-01 9.518999999999999684e-01 6.718393999999999755e-01 -1.948033000000000056e-04
3.967689999999999828e-01 4.635438000000000058e-02 7.223332999999999560e-01 8.846437999999999802e-01 8.636000000000000343e-01 4.735531000000000046e-01 -1.198731999999999961e-04
4.179240000000000177e-01 6.760940999999999479e-02 6.989360000000000017e-01 1.138195000000000068e+00 9.951999999999999735e-01 8.898882999999999655e-01 -1.349629999999999884e-04
4.748640000000000083e-01 5.185863999999999752e-02 7.877560000000000118e-01 9.243721000000000299e-01 8.580999999999999739e-01 1.835730999999999891e-01 -3.801201000000000200e-05
2.434439999999999937e-01 6.225859000000000254e-02 7.342286999999999564e-01 8.674887000000000015e-01 9.404000000000000137e-01 6.029017999999999877e-02 -1.877469000000000100e-05
1.912719999999999976e-01 5.428025999999999684e-02 6.153412999999999800e-01 8.550879999999999592e-01 9.567999999999999838e-01 3.474822000000000188e-01 -9.407284999999999497e-05
1.355820000000000081e-01 4.709467999999999988e-02 8.290908999999999640e-01 1.143381999999999898e+00 1.152500000000000080e+00 8.570984999999999854e-01 -2.608453999999999742e-04
2.716290000000000093e-01 5.516627999999999810e-02 8.242260000000000142e-01 1.079998000000000014e+00 9.858999999999999986e-01 2.810472999999999999e-01 -6.749834000000000671e-05
4.984879999999999867e-01 5.930508999999999781e-02 5.015384999999999982e-01 8.848886999999999725e-01 1.080699999999999994e+00 9.406305999999999834e-01 -2.171429999999999910e-04
2.062640000000000029e-01 6.624190000000000633e-02 6.538707999999999743e-01 9.005573999999999524e-01 9.051000000000000156e-01 2.624289000000000205e-01 -1.798739999999999993e-05
3.903280000000000083e-01 3.487530999999999964e-02 5.289741000000000026e-01 1.033836999999999895e+00 1.064500000000000002e+00 4.540188000000000001e-01 -7.309053000000000305e-05
2.709050000000000069e-01 5.476378999999999969e-02 5.797858000000000178e-01 8.237959000000000254e-01 7.558000000000000274e-01 2.242946000000000106e-01 -1.619811000000000135e-04
2.783619999999999983e-01 3.815607000000000026e-02 7.513172000000000184e-01 1.099666999999999950e+00 8.417999999999999927e-01 8.974472000000000005e-01 -5.715594000000000219e-05
4.196639999999999815e-01 5.772930999999999896e-02 6.787330999999999781e-01 8.500026999999999999e-01 8.033000000000000140e-01 1.297429999999999972e-01 -1.982564000000000082e-04
4.350299999999999723e-01 6.031444999999999862e-02 6.274794000000000205e-01 9.893906000000000089e-01 8.550999999999999712e-01 5.302921000000000440e-01 -7.051226999999999701e-05
2.217729999999999979e-01 3.720119999999999677e-02 8.756627999999999634e-01 9.449720999999999815e-01 9.667999999999999927e-01 8.022825999999999569e-02 -1.774346000000000105e-04
4.597319999999999740e-01 6.978863000000000427e-02 7.796604000000000312e-01 8.822012999999999661e-01 9.791999999999999593e-01 5.693848000000000242e-01 -2.043423999999999902e-04
2.598659999999999859e-01 4.198152000000000134e-02 6.880070000000000352e-01 1.139890999999999988e+00 1.032299999999999995e+00 3.089316999999999758e-01 -7.773581000000000273e-05
4.525390000000000246e-01 4.335143000000000330e-02 6.454767000000000143e-01 1.183389000000000024e+00 7.057999999999999829e-01 2.070751000000000119e-01 -8.212117999999999425e-05
2.972299999999999942e-01 6.234316000000000163e-02 6.501968999999999665e-01 9.799343000000000359e-01 8.429999999999999716e-01 6.416830999999999507e-01 -2.124264999999999964e-04
2.938990000000000213e-01 3.011143999999999973e-02 7.612771000000000399e-01 8.948865999999999765e-01 7.421999999999999709e-01 6.454168000000000127e-01 -1.183029999999999954e-04
2.322950000000000015e-01 3.961503000000000246e-02 5.882612999999999870e-01 8.002093000000000123e-01 7.556000000000000494e-01 7.607492000000000143e-01 -1.924398000000000070e-04
4.015589999999999993e-01 3.453959000000000196e-02 8.133029999999999982e-01 1.079326999999999925e+00 9.707999999999999963e-01 9.105212000000000305e-01 -1.043482000000000015e-05
1.953900000000000081e-01 4.397029999999999689e-02 5.511135999999999813e-01 8.010365999999999875e-01 7.882000000000000117e-01 2.125657999999999992e-01 -5.610760999999999863e-05
1.886940000000000006e-01 6.357759000000000327e-02 8.665258999999999601e-01 1.086389999999999967e+00 9.075999999999999623e-01 8.067379999999999551e-01 -4.255754000000000318e-05
1.027279999999999999e-01 4.163859000000000310e-02 5.459842999999999780e-01 8.068028000000000421e-01 8.036999999999999700e-01 2.969375000000000209e-01 -2.179639999999999887e-04
4.793270000000000031e-01 3.092837000000000017e-02 5.221356000000000330e-01 1.014529999999999932e+00 9.052999999999999936e-01 6.549141000000000545e-01 -1.423081999999999939e-04
2.708960000000000257e-01 3.544477000000000044e-02 7.684862999999999555e-01 9.635447999999999791e-01 1.141199999999999992e+00 8.463313000000000086e-01 -1.830759000000000000e-04
3.906490000000000240e-01 3.647457999999999950e-02 7.054266000000000147e-01 1.122446999999999973e+00 1.147599999999999953e+00 5.463029999999999831e-01 -2.206622999999999896e-04
1.344059999999999977e-01 3.074007000000000128e-02 6.314016000000000073e-01 8.905180999999999791e-01 9.344999999999999973e-01 1.123935999999999963e-01 -8.611455999999999430e-05
2.373999999999999999e-01 5.126822999999999797e-02 8.216506999999999561e-01 1.000402000000000013e+00 9.104999999999999760e-01 6.443493000000000137e-01 -1.541248000000000054e-04
2.725420000000000065e-01 6.030996999999999747e-02 5.568636999999999615e-01 1.085822999999999983e+00 9.010000000000000231e-01 6.560396000000000283e-02 -1.872134999999999923e-04
1.610119999999999885e-01 6.990433000000000063e-02 5.453227000000000491e-01 1.143947000000000047e+00 1.021500000000000075e+00 5.137182000000000137e-01 -6.919946000000000441e-05
4.166560000000000263e-01 5.812671999999999978e-02 7.772497999999999907e-01 1.068019000000000052e+00 7.169999999999999707e-01 9.526888999999999497e-01 -6.393853000000000665e-05
1.490170000000000106e-01 6.784474000000000060e-02 5.915974999999999984e-01 1.039778000000000091e+00 7.324000000000000510e-01 2.281876999999999933e-01 -1.159247999999999984e-04
2.095730000000000093e-01 3.652048000000000100e-02 7.584828000000000126e-01 8.246643999999999641e-01 1.078100000000000058e+00 2.819287999999999794e-01 -2.612525999999999998e-04
1.893400000000000083e-01 3.733419999999999794e-02 7.944731999999999905e-01 1.054896000000000056e+00 1.165499999999999980e+00 2.011550000000000005e-01 -1.405725000000000030e-04
3.398410000000000042e-01 3.312343999999999705e-02 6.143754999999999633e-01 1.052764999999999951e+00 1.006999999999999895e+00 7.243819000000000230e-01 -6.217559999999999472e-05
2.171649999999999969e-01 5.916851000000000055e-02 8.548634999999999984e-01 8.515977999999999604e-01 1.043199999999999905e+00 7.564309999999999645e-01 -2.396745000000000039e-04
2.800190000000000179e-01 3.396000999999999881e-02 8.631864000000000203e-01 8.720533999999999786e-01 9.627000000000000002e-01 2.123012999999999983e-01 -2.654841000000000015e-04
1.836369999999999947e-01 6.676827999999999930e-02 7.001024000000000136e-01 1.130929000000000073e+00 8.703999999999999515e-01 3.395974000000000215e-02 -7.714362000000000595e-05
2.348250000000000060e-01 5.407942000000000304e-02 6.905139000000000138e-01 1.071275999999999895e+00 7.907999999999999474e-01 2.648777999999999896e-02 -2.653356999999999743e-04
2.556599999999999984e-01 6.049067000000000333e-02 7.788513000000000241e-01 9.724861999999999673e-01 6.924000000000000155e-01 7.183551000000000242e-01 -8.659785000000000301e-05
1.232039999999999941e-01 5.898533999999999722e-02 7.765300000000000535e-01 8.738861999999999464e-01 8.708000000000000185e-01 5.246022999999999659e-01 -1.617075000000000099e-05
4.076089999999999991e-01 4.665351000000000220e-02 6.316621000000000041e-01 8.270452999999999832e-01 8.963999999999999746e-01 9.297231999999999719e-01 -9.486653000000000598e-05
3.541590000000000016e-01 6.045232999999999857e-02 5.461723000000000550e-01 1.010740999999999890e+00 7.524999999999999467e-01 6.511778999999999762e-01 -2.586457000000000231e-04
2.768229999999999857e-01 4.682970000000000188e-02 7.869338999999999640e-01 8.095641000000000087e-01 7.046000000000000041e-01 8.625066999999999595e-01 -4.364257999999999983e-05
2.787970000000000170e-01 6.470784999999999731e-02 6.031539000000000206e-01 1.010140000000000038e+00 8.147999999999999687e-01 7.306342000000000114e-01 -3.002141999999999911e-06
4.302369999999999806e-01 5.389737000000000000e-02 7.092870000000000008e-01 9.178368999999999556e-01 6.987999999999999767e-01 3.297971000000000097e-01 -2.138021000000000040e-04
4.021959999999999980e-01 5.807588000000000333e-02 8.569447999999999510e-01 1.188339000000000034e+00 8.396000000000000130e-01 6.586874999999999813e-01 -1.488702999999999966e-04
2.823080000000000034e-01 3.221380000000000077e-02 7.489609999999999879e-01 1.012945999999999902e+00 1.092700000000000005e+00 4.787533999999999956e-01 -3.372737000000000299e-05
2.261839999999999962e-01 5.500138999999999723e-02 6.100577000000000361e-01 1.040805999999999898e+00 9.602000000000000535e-01 5.980356999999999479e-01 -2.418882000000000128e-04
2.382269999999999943e-01 5.728503000000000067e-02 6.969587999999999894e-01 8.733307999999999627e-01 9.070000000000000284e-01 2.786344000000000043e-01 -2.137079000000000008e-04
2.694440000000000168e-01 5.798219999999999763e-02 6.933089999999999531e-01 1.048334000000000099e+00 1.124700000000000033e+00 9.008595000000000352e-01 -1.036712999999999979e-04
2.516329999999999956e-01 3.781671000000000338e-02 7.155285999999999591e-01 1.046864000000000017e+00 1.063700000000000090e+00 7.573916000000000537e-01 -5.150328999999999796e-05
1.505350000000000021e-01 5.028023000000000214e-02 8.697420999999999625e-01 1.038048000000000082e+00 1.001800000000000024e+00 6.532435999999999798e-02 -9.687393000000000306e-05
4.979390000000000205e-01 5.649113000000000051e-02 7.824866999999999795e-01 8.430189000000000155e-01 9.326999999999999735e-01 3.229711000000000110e-01 -2.538845999999999985e-04
3.338119999999999976e-01 5.014402999999999916e-02 5.238422000000000356e-01 1.023487999999999953e+00 1.021500000000000075e+00 2.572541999999999884e-01 -4.616252999999999931e-05
4.931579999999999853e-01 6.804279000000000577e-02 6.510571000000000552e-01 8.653781999999999863e-01 1.089099999999999957e+00 5.236965000000000092e-01 -9.726383999999999811e-05
2.215940000000000132e-01 5.292128000000000110e-02 6.635273000000000421e-01 8.927348999999999979e-01 8.159999999999999476e-01 9.884340999999999822e-01 -1.516570000000000017e-04
2.088139999999999996e-01 6.843071000000000570e-02 8.348434000000000133e-01 9.711383000000000099e-01 1.071800000000000086e+00 8.803227000000000135e-01 -1.297439999999999965e-04
1.360689999999999955e-01 3.653715999999999908e-02 5.449184999999999723e-01 1.062855000000000105e+00 8.650999999999999801e-01 7.962320000000000508e-01 -1.818695999999999909e-04
3.963280000000000136e-01 5.042524999999999785e-02 6.696807000000000176e-01 8.243658999999999848e-01 8.006999999999999673e-01 1.685240000000000071e-01 -9.843991000000000666e-05
1.340429999999999955e-01 3.794970999999999761e-02 8.092456999999999567e-01 9.532477999999999785e-01 1.040799999999999947e+00 8.840630000000000432e-01 -2.383974000000000021e-04
1.916569999999999940e-01 6.792945999999999707e-02 8.239689999999999515e-01 1.102224000000000093e+00 1.161499999999999977e+00 5.908434000000000186e-01 -2.339906999999999957e-04
3.609310000000000018e-01 6.559225999999999945e-02 8.927454999999999696e-01 9.928812999999999667e-01 8.279999999999999583e-01 7.493895999999999891e-02 -1.885644999999999867e-04
1.908269999999999966e-01 4.772917000000000132e-02 7.672054000000000373e-01 8.421246000000000009e-01 1.023600000000000065e+00 4.249458999999999875e-02 -1.149018999999999984e-04
2.964749999999999885e-01 3.292049999999999838e-02 5.296946999999999628e-01 8.271859000000000295e-01 7.447000000000000286e-01 2.553851000000000038e-02 -5.995665000000000133e-06
2.951540000000000274e-01 6.340437000000000156e-02 7.897819999999999840e-01 1.089102000000000015e+00 1.049900000000000055e+00 5.439726999999999757e-01 -2.684782000000000141e-04
3.600999999999999757e-01 4.500152999999999792e-02 7.485264999999999835e-01 1.051419000000000104e+00 6.532000000000000028e-01 5.615487999999999591e-01 -6.189842999999999717e-06
3.877059999999999951e-01 6.611720999999999571e-02 6.069272999999999474e-01 1.002831999999999946e+00 9.834000000000000519e-01 5.580722999999999656e-01 -1.288810999999999950e-04
1.350790000000000046e-01 4.281950999999999813e-02 5.719691000000000081e-01 9.621825999999999990e-01 8.911999999999999922e-01 6.691612000000000116e-01 -1.279855999999999897e-04
1.223749999999999977e-01 3.910724000000000145e-02 8.323201000000000072e-01 1.182520999999999933e+00 1.092100000000000071e+00 1.154429000000000011e-01 -1.973703000000000100e-04
2.433329999999999937e-01 5.386935999999999808e-02 8.749983999999999540e-01 9.829398999999999775e-01 8.084000000000000075e-01 7.410196999999999479e-01 -6.130155999999999995e-05
3.093069999999999986e-01 5.248972999999999833e-02 6.172273000000000343e-01 9.168785000000000407e-01 1.045400000000000107e+00 5.778609999999999580e-01 -1.626186999999999885e-05
4.871770000000000267e-01 6.557068000000000618e-02 6.039660000000000029e-01 1.144546999999999981e+00 1.090400000000000036e+00 6.203665999999999903e-01 -2.686022000000000149e-04
3.718940000000000023e-01 3.113549999999999998e-02 5.529931999999999626e-01 1.184708000000000094e+00 9.441000000000000503e-01 5.767948000000000519e-01 -2.749089999999999932e-04
3.330779999999999852e-01 3.049019000000000035e-02 6.673322000000000420e-01 9.321409999999999973e-01 9.412000000000000366e-01 6.354269999999999641e-01 -1.532449999999999871e-04
4.952779999999999960e-01 3.772795000000000315e-02 5.152999999999999803e-01 8.160150000000000459e-01 7.561999999999999833e-01 9.069530999999999565e-01 -5.314626000000000029e-05
1.705909999999999926e-01 3.013416000000000011e-02 5.482728000000000046e-01 1.042632999999999921e+00 9.260000000000000453e-01 1.697719000000000034e-01 -3.888318999999999998e-05
2.362269999999999925e-01 6.527753999999999501e-02 6.177603000000000399e-01 9.537841999999999709e-01 6.914000000000000146e-01 4.024996000000000129e-01 -2.394848000000000148e-05
2.887190000000000034e-01 5.536197000000000340e-02 5.589228000000000529e-01 8.414890000000000425e-01 7.230999999999999650e-01 5.634388999999999648e-01 -2.215467000000000044e-04
3.632250000000000201e-01 6.627120000000000233e-02 5.002575999999999690e-01 9.063153999999999932e-01 9.119000000000000439e-01 1.357098999999999944e-01 -8.378302999999999597e-05
3.119190000000000018e-01 3.360429000000000194e-02 8.844168000000000029e-01 9.429364000000000079e-01 8.642999999999999572e-01 1.561256000000000033e-01 -2.907553999999999911e-04
2.066189999999999971e-01 4.427181000000000172e-02 8.917901999999999774e-01 8.621750999999999721e-01 8.201000000000000512e-01 6.845356000000000218e-01 -2.970771000000000089e-05
4.376769999999999827e-01 3.446594000000000046e-02 7.822578999999999505e-01 1.106168000000000040e+00 7.067999999999999838e-01 6.001919000000000004e-01 -1.058710000000000033e-04
1.121749999999999969e-01 5.579739000000000226e-02 5.948136000000000534e-01 1.085002000000000022e+00 7.318999999999999950e-01 9.696021000000000223e-01 -2.354078999999999929e-05
2.232270000000000088e-01 6.206367000000000134e-02 6.997856000000000076e-01 1.003991999999999996e+00 7.289999999999999813e-01 7.681402999999999981e-01 -1.741047000000000070e-04
2.561100000000000043e-01 5.337166000000000132e-02 8.130935999999999719e-01 8.754007000000000316e-01 1.123099999999999987e+00 3.759433999999999693e-02 -1.285375000000000005e-04
4.141730000000000134e-01 6.326743999999999424e-02 6.415353999999999779e-01 1.072410000000000085e+00 1.090400000000000036e+00 7.358538999999999497e-01 -1.697377000000000130e-04
2.299809999999999910e-01 3.671525999999999956e-02 6.239810000000000079e-01 1.060097999999999985e+00 8.729000000000000092e-01 5.643884000000000123e-01 -1.060324999999999983e-04
4.802919999999999967e-01 3.374477000000000032e-02 7.907973999999999837e-01 1.057133000000000100e+00 7.177000000000000046e-01 3.537581000000000059e-02 -2.871944000000000095e-05
2.283090000000000119e-01 5.925107999999999764e-02 7.487943999999999711e-01 9.253152000000000044e-01 9.334999999999999964e-01 6.955350000000000144e-01 -1.854031999999999870e-04
4.269959999999999867e-01 6.657999000000000556e-02 8.408362999999999809e-01 9.553323000000000231e-01 9.693000000000000504e-01 7.314142999999999617e-01 -1.333371999999999878e-04
3.192459999999999742e-01 5.688986000000000043e-02 5.933794000000000013e-01 9.748662999999999634e-01 1.087299999999999933e+00 6.233465999999999729e-01 -1.964082000000000078e-04
4.180099999999999927e-01 3.590602999999999850e-02 6.516842000000000468e-01 9.465675000000000061e-01 7.126000000000000112e-01 8.060734000000000510e-01 -2.844783999999999833e-04
4.161529999999999951e-01 4.523314999999999975e-02 7.737479000000000440e-01 8.721925000000000372e-01 1.016299999999999981e+00 8.669559000000000015e-01 -2.149191000000000003e-04
3.686679999999999957e-01 3.819167999999999868e-02 6.797568999999999972e-01 8.597960999999999521e-01 9.606000000000000094e-01 5.354092000000000295e-01 -2.896279000000000193e-04
3.931350000000000122e-01 5.121940999999999994e-02 7.742875000000000174e-01 1.006348999999999938e+00 8.758000000000000229e-01 7.749677000000000371e-01 -2.386359999999999968e-04
4.611990000000000256e-01 6.309526000000000023e-02 8.911875000000000213e-01 1.058297999999999961e+00 8.909000000000000252e-01 2.635861999999999927e-01 -1.453916999999999991e-04
1.590850000000000042e-01 6.567745999999999307e-02 8.067630999999999553e-01 8.344614999999999672e-01 8.165999999999999925e-01 6.714541000000000537e-01 -1.257587000000000060e-04
3.572940000000000005e-01 4.925061000000000022e-02 6.099316999999999656e-01 9.668364000000000402e-01 1.120900000000000007e+00 6.590325999999999684e-01 -9.970325999999999516e-05
1.994549999999999934e-01 3.326761999999999775e-02 7.061792999999999543e-01 1.032240000000000046e+00 8.517000000000000126e-01 6.795617999999999936e-01 -1.077700000000000066e-04
2.314319999999999988e-01 3.045277000000000053e-02 8.076999999999999735e-01 1.094006999999999952e+00 9.297999999999999599e-01 7.036316000000000237e-01 -2.764640000000000012e-05
2.965340000000000198e-01 4.062928999999999846e-02 6.642002000000000184e-01 9.238503000000000132e-01 9.594000000000000306e-01 7.062979000000000340e-01 -3.907083000000000078e-05
3.777010000000000089e-01 4.882161000000000139e-02 7.694332000000000393e-01 1.105426000000000020e+00 8.489999999999999769e-01 4.387576999999999727e-01 -2.455084999999999754e-04
4.881650000000000156e-01 4.898521000000000125e-02 6.650139000000000467e-01 8.339621999999999868e-01 7.098999999999999755e-01 5.804110000000000102e-01 -2.331206000000000055e-04
4.345919999999999783e-01 3.626010000000000344e-02 7.801105000000000400e-01 9.007922999999999902e-01 7.679000000000000270e-01 8.517474000000000434e-01 -1.685299999999999941e-05
4.675799999999999956e-01 4.995444999999999747e-02 6.011476000000000042e-01 8.867861999999999689e-01 9.425999999999999934e-01 7.204888000000000403e-01 -2.599871000000000235e-04
4.463159999999999905e-01 6.088769000000000126e-02 5.071742999999999668e-01 8.659483999999999515e-01 7.393999999999999462e-01 8.257896000000000125e-01 -1.379015999999999944e-04
4.967460000000000209e-01 3.439426000000000289e-02 6.022302000000000488e-01 1.043625999999999943e+00 1.118700000000000028e+00 2.218001000000000000e-01 -2.989380000000000032e-04
4.744140000000000024e-01 6.458176999999999668e-02 8.035052999999999779e-01 8.277139000000000024e-01 8.750000000000000000e-01 6.168337999999999877e-01 -4.857921999999999870e-06
1.002419999999999978e-01 6.576081000000000287e-02 5.775164000000000408e-01 9.220159999999999467e-01 9.943999999999999506e-01 3.060223000000000110e-02 -2.414808000000000004e-04
2.443869999999999931e-01 4.588086000000000247e-02 6.906822000000000239e-01 1.167119999999999935e+00 7.649000000000000243e-01 6.880079000000000056e-01 -2.909615999999999960e-04
1.391940000000000122e-01 5.530655999999999767e-02 7.056386999999999521e-01 9.200739999999999474e-01 1.122999999999999998e+00 4.017970000000000153e-01 -2.543178999999999796e-04
4.229950000000000099e-01 4.988170000000000104e-02 7.835220999999999991e-01 9.743300000000000294e-01 8.843999999999999639e-01 1.100910999999999973e-01 -1.413354000000000021e-04
3.941330000000000111e-01 3.689122000000000234e-02 6.006479000000000124e-01 9.091160999999999826e-01 1.020699999999999941e+00 4.106851000000000251e-01 -4.210617999999999875e-05
3.442310000000000092e-01 4.141551999999999734e-02 7.458306999999999576e-01 1.030634999999999968e+00 1.091499999999999915e+00 4.296053000000000233e-01 -2.242132000000000033e-04
1.433589999999999864e-01 6.694762999999999409e-02 5.513291999999999637e-01 1.138791000000000109e+00 1.056000000000000050e+00 9.848181000000000296e-01 -2.028203999999999868e-04
2.198680000000000079e-01 6.647413000000000627e-02 6.407736000000000542e-01 1.182277999999999940e+00 9.271000000000000352e-01 6.142404999999999671e-01 -1.399526000000000058e-04
4.454279999999999906e-01 6.918148999999999826e-02 8.875387999999999611e-01 1.034745000000000026e+00 1.004399999999999959e+00 6.424744999999999484e-01 -2.320924999999999941e-04
4.915010000000000212e-01 6.469948999999999839e-02 5.625645999999999702e-01 1.087523999999999935e+00 7.879000000000000448e-01 3.421161999999999814e-01 -1.508129999999999942e-04
3.722509999999999986e-01 5.935557999999999806e-02 7.893474999999999797e-01 1.027581999999999995e+00 8.507000000000000117e-01 4.962085999999999997e-01 -2.959996999999999910e-04
3.582279999999999909e-01 5.048944999999999822e-02 5.261647000000000407e-01 9.979398000000000435e-01 8.676000000000000378e-01 3.531640999999999808e-01 -7.840852000000000124e-06
2.860820000000000030e-01 4.730507999999999935e-02 6.823272999999999699e-01 1.021233000000000057e+00 7.970000000000000417e-01 2.004674999999999929e-01 -2.186990999999999946e-04
4.784820000000000184e-01 6.258676000000000517e-02 5.256406000000000134e-01 8.202203999999999606e-01 1.074300000000000033e+00 5.382432999999999801e-01 -2.912379999999999787e-04
4.710779999999999967e-01 4.917984000000000244e-02 7.057569999999999677e-01 1.093768999999999991e+00 9.730999999999999650e-01 3.601361000000000145e-01 -7.789932000000000280e-05
4.532939999999999747e-01 5.144350000000000311e-02 5.722382999999999775e-01 1.036035999999999957e+00 7.461999999999999744e-01 5.887677999999999523e-01 -2.886251999999999958e-04
2.664810000000000234e-01 6.495608999999999411e-02 5.970830999999999777e-01 1.186396000000000006e+00 1.006599999999999939e+00 7.915602000000000471e-01 -9.404085000000000612e-05
2.596080000000000054e-01 3.407803000000000221e-02 5.035441999999999974e-01 1.011927999999999939e+00 7.760000000000000231e-01 9.894511999999999752e-01 -1.196743999999999938e-04
3.898059999999999858e-01 3.505806999999999674e-02 8.720350000000000046e-01 8.651349000000000400e-01 8.488999999999999879e-01 2.423290000000000166e-02 -1.664002999999999999e-04
2.077900000000000025e-01 3.789892000000000261e-02 6.940944999999999476e-01 1.109223000000000070e+00 8.229999999999999538e-01 4.396646000000000165e-01 -1.672265000000000090e-04
3.992439999999999878e-01 4.202217999999999926e-02 7.680641000000000274e-01 9.000628999999999991e-01 7.318999999999999950e-01 1.953019000000000005e-01 -1.566945000000000089e-04
2.057110000000000050e-01 4.189816999999999847e-02 7.212606000000000295e-01 1.002532999999999896e+00 7.853999999999999870e-01 8.881774999999999531e-01 -2.708017000000000063e-04
3.008629999999999916e-01 3.985280000000000072e-02 6.964004999999999779e-01 9.017994999999999761e-01 1.006000000000000005e+00 1.098118000000000011e-01 -2.132087999999999974e-04
4.884000000000000008e-01 5.703029999999999905e-02 6.872658000000000378e-01 1.025001000000000051e+00 9.515000000000000124e-01 7.442318999999999463e-01 -8.323806999999999636e-05
1.523039999999999949e-01 3.250342999999999982e-02 5.949339000000000155e-01 9.720459999999999656e-01 1.055299999999999905e+00 1.968368000000000062e-01 -1.768283999999999958e-04
3.559550000000000214e-01 5.894048999999999816e-02 5.738083999999999962e-01 9.143436000000000341e-01 7.239999999999999769e-01 7.716163000000000327e-01 -5.003759000000000283e-05
1.542310000000000070e-01 3.599233999999999767e-02 7.706298999999999788e-01 8.842183999999999600e-01 9.171000000000000263e-01 7.841510999999999898e-01 -2.456381000000000089e-05
4.394859999999999878e-01 6.436382999999999688e-02 5.481563000000000407e-01 9.680832000000000326e-01 1.148099999999999898e+00 9.717725000000000668e-02 -2.183529000000000080e-04
1.266970000000000041e-01 5.250447999999999921e-02 6.115758999999999501e-01 9.064668999999999643e-01 9.737999999999999989e-01 7.886182000000000469e-01 -2.175525999999999879e-05
2.595250000000000057e-01 5.605298999999999698e-02 7.414091999999999905e-01 1.150315999999999894e+00 1.110400000000000054e+00 8.128786000000000345e-02 -1.313944999999999903e-04
2.079270000000000007e-01 6.165546000000000221e-02 5.669773999999999647e-01 1.127436000000000105e+00 8.431999999999999496e-01 5.686056000000000443e-01 -2.590916000000000182e-04
1.039899999999999991e-01 5.646471000000000129e-02 7.294819999999999638e-01 1.140798999999999896e+00 1.045299999999999896e+00 6.135382000000000335e-01 -2.179966999999999994e-04
3.389110000000000178e-01 5.958945999999999688e-02 6.589909000000000461e-01 1.168026999999999926e+00 7.560000000000000053e-01 9.685167000000000082e-01 -7.837276000000000008e-05
2.948169999999999957e-01 3.997682000000000319e-02 6.432039000000000506e-01 1.001088999999999896e+00 9.802999999999999492e-01 8.344413000000000524e-01 -2.523366000000000194e-04
4.093910000000000049e-01 4.775614999999999721e-02 7.204477000000000242e-01 1.142779999999999907e+00 8.229999999999999538e-01 7.702664999999999651e-01 -8.027046999999999576e-07
2.291539999999999966e-01 5.067896999999999680e-02 6.557332000000000161e-01 1.169116000000000044e+00 1.115899999999999892e+00 7.533779999999999921e-01 -5.341918999999999769e-05
1.332129999999999981e-01 5.768071999999999783e-02 7.527293999999999929e-01 1.089928999999999926e+00 1.131899999999999906e+00 4.907482000000000233e-01 -1.298495000000000042e-04
4.320910000000000029e-01 4.587022999999999795e-02 5.250445999999999724e-01 1.132093999999999934e+00 8.518999999999999906e-01 2.610525000000000206e-01 -1.435170999999999951e-04
3.862380000000000257e-01 4.037881000000000109e-02 7.311400000000000121e-01 1.182773000000000074e+00 1.176700000000000079e+00 9.480849999999999556e-01 -2.970798999999999879e-04
2.212469999999999992e-01 4.884858999999999729e-02 7.163766000000000300e-01 8.045759999999999579e-01 8.854999999999999538e-01 6.369966999999999713e-01 -2.099295000000000100e-04
2.271730000000000138e-01 5.781504999999999977e-02 8.786701999999999568e-01 1.087120000000000086e+00 1.119399999999999951e+00 2.276061000000000056e-01 -2.056969000000000126e-04
4.135989999999999944e-01 6.108339000000000130e-02 8.728738999999999804e-01 1.005538999999999961e+00 9.461000000000000520e-01 1.181886000000000048e-01 -2.826858000000000235e-04
