3.381779999999999786e-01 3.977997999999999951e-02 5.024714999999999598e-01 8.751020999999999939e-01 7.742759000000000169e-01 4.182057000000000135e-01 -2.709980999999999762e-04
1.049550000000000066e-01 5.927346000000000004e-02 5.607961999999999669e-01 1.187113000000000085e+00 9.735508000000000495e-01 2.434032999999999891e-01 -2.577047000000000062e-04
2.335659999999999958e-01 4.894093000000000054e-02 8.849458999999999520e-01 9.810290999999999872e-01 8.684754000000000085e-01 8.235723999999999823e-01 -2.643475000000000165e-04
2.010490000000000055e-01 3.306814000000000281e-02 7.420885000000000398e-01 8.879485999999999768e-01 7.656948000000000087e-01 8.534785999999999762e-01 -2.846821000000000030e-04
4.852750000000000119e-01 3.576068000000000302e-02 8.640442999999999873e-01 9.826342000000000132e-01 6.656843000000000066e-01 8.641467999999999372e-02 -6.084792999999999765e-06
2.779929999999999901e-01 3.038002999999999884e-02 5.767934999999999590e-01 1.156562000000000090e+00 7.789793000000000411e-01 1.222125000000000017e-01 -2.095793999999999945e-04
2.412839999999999985e-01 6.444465000000000610e-02 5.529207999999999901e-01 8.108231999999999662e-01 9.794095999999999913e-01 6.801532999999999607e-01 -1.334979000000000081e-04
4.987719999999999931e-01 3.111892000000000130e-02 7.378464999999999607e-01 9.277693999999999663e-01 6.254524000000000195e-01 1.320496999999999921e-01 -2.054228000000000011e-04
2.887190000000000034e-01 5.536197000000000340e-02 5.589228000000000529e-01 8.414890000000000425e-01 6.210369000000000028e-01 5.634388999999999648e-01 -2.215467000000000044e-04
1.321400000000000075e-01 6.837495999999999852e-02 6.744025999999999632e-01 1.116335999999999995e+00 7.446283999999999681e-01 4.279320999999999819e-01 -5.087822999999999890e-05
2.309470000000000134e-01 6.992518000000000344e-02 6.267291000000000389e-01 8.559219000000000133e-01 9.133902999999999883e-01 6.327346000000000359e-01 -2.573065999999999938e-04
4.143350000000000088e-01 4.629710000000000075e-02 8.036250999999999811e-01 1.115270999999999901e+00 6.302877999999999536e-01 3.371494999999999909e-01 -1.580158000000000127e-04
3.618669999999999942e-01 5.376426000000000122e-02 8.154995999999999912e-01 1.082033999999999940e+00 7.834039999999999893e-01 4.507239000000000106e-01 -1.018635999999999983e-04
3.466210000000000124e-01 6.619941000000000020e-02 7.775802000000000547e-01 1.140373999999999999e+00 7.060203999999999924e-01 1.487424999999999997e-01 -2.352292999999999875e-04
4.631990000000000274e-01 5.446668000000000343e-02 8.235122999999999749e-01 1.165313999999999961e+00 6.130670999999999760e-01 3.874627999999999961e-01 -2.603204999999999820e-04
4.604630000000000112e-01 4.959803000000000128e-02 8.354397999999999547e-01 1.173450000000000104e+00 9.562538000000000427e-01 6.782048999999999717e-02 -1.406227000000000047e-05
4.763180000000000192e-01 4.861137000000000097e-02 6.280854999999999633e-01 1.052046999999999954e+00 9.543023000000000478e-01 3.154137000000000191e-01 -2.236520999999999995e-04
2.355559999999999876e-01 3.403526999999999941e-02 5.464367999999999448e-01 9.843996999999999886e-01 7.699903000000000164e-01 6.058913999999999689e-01 -8.413584999999999846e-05
1.873879999999999990e-01 6.235047999999999979e-02 7.591082999999999581e-01 1.059260000000000090e+00 6.350955000000000350e-01 3.736184000000000172e-01 -1.900295999999999940e-04
2.542079999999999895e-01 4.295734999999999831e-02 6.532565000000000177e-01 1.037706999999999935e+00 6.463286000000000309e-01 5.406170999999999616e-01 -1.660184000000000095e-04
2.828829999999999956e-01 3.440272999999999942e-02 5.677934999999999510e-01 1.058721999999999941e+00 8.722351999999999883e-01 8.510731000000000268e-01 -1.466751999999999878e-04
3.082170000000000187e-01 5.758040999999999854e-02 7.868633000000000433e-01 1.185578999999999938e+00 7.577224999999999655e-01 8.903944999999999776e-01 -2.229497000000000043e-04
1.275419999999999887e-01 5.740953000000000028e-02 7.937115000000000142e-01 1.187767999999999935e+00 6.834118000000000137e-01 7.221954000000000429e-01 -1.888958999999999951e-04
4.967460000000000209e-01 3.439426000000000289e-02 6.022302000000000488e-01 1.043625999999999943e+00 9.656664000000000359e-01 2.218001000000000000e-01 -2.989380000000000032e-04
1.831150000000000000e-01 6.316265999999999547e-02 6.945430999999999688e-01 9.746285999999999561e-01 9.691090999999999456e-01 4.713585000000000136e-01 -2.841254999999999887e-04
2.720400000000000040e-01 5.364022999999999708e-02 6.475781999999999927e-01 1.163724999999999898e+00 8.058547000000000349e-01 7.463632000000000044e-01 -2.197793999999999985e-04
1.368999999999999939e-01 5.658119999999999816e-02 6.889317000000000357e-01 9.806882000000000099e-01 6.306521999999999961e-01 3.391226999999999991e-01 -7.332799999999999995e-05
1.347399999999999987e-01 5.876511000000000234e-02 8.200927999999999551e-01 9.476558999999999955e-01 7.140031000000000017e-01 9.586780999999999775e-01 -1.118995999999999950e-04
1.275280000000000025e-01 3.309543000000000207e-02 5.550623000000000085e-01 1.049574999999999925e+00 9.888000999999999596e-01 3.464948999999999946e-01 -2.146739000000000047e-04
2.100130000000000052e-01 6.057164999999999772e-02 6.121016000000000234e-01 8.851385000000000502e-01 9.616995999999999878e-01 1.084105000000000069e-01 -2.773211000000000035e-04
4.316360000000000197e-01 4.421714000000000200e-02 8.696679999999999966e-01 9.632939000000000362e-01 9.338710999999999540e-01 2.017315000000000080e-01 -2.365341000000000026e-04
2.561100000000000043e-01 5.337166000000000132e-02 8.130935999999999719e-01 8.754007000000000316e-01 9.707381000000000482e-01 3.759433999999999693e-02 -1.285375000000000005e-04
4.830659999999999954e-01 4.065793999999999658e-02 5.048384999999999678e-01 9.769354999999999567e-01 9.704192999999999847e-01 3.646394000000000024e-01 -1.914980999999999953e-04
3.837599999999999900e-01 3.248895999999999729e-02 5.760735999999999635e-01 9.514825999999999562e-01 9.666909999999999670e-01 4.269541000000000031e-01 -1.612256999999999970e-04
2.977339999999999987e-01 6.774634000000000211e-02 7.448327999999999616e-01 1.123634000000000022e+00 9.089842999999999673e-01 8.227014999999999745e-01 -8.080257000000000249e-06
1.518639999999999990e-01 6.907600999999999325e-02 8.469883000000000273e-01 9.369633000000000544e-01 8.386694000000000093e-01 4.410029999999999784e-01 -1.929865000000000063e-04
4.710779999999999967e-01 4.917984000000000244e-02 7.057569999999999677e-01 1.093768999999999991e+00 8.687865999999999644e-01 3.601361000000000145e-01 -7.789932000000000280e-05
1.924899999999999944e-01 4.439302999999999999e-02 8.556964000000000237e-01 1.017395000000000049e+00 7.599257999999999846e-01 8.504460000000000353e-01 -2.065552999999999975e-04
1.359100000000000030e-01 6.277565999999999702e-02 6.161778999999999451e-01 1.094252000000000002e+00 6.731133000000000255e-01 2.116769000000000012e-01 -2.350633000000000030e-04
4.174820000000000197e-01 3.416075999999999835e-02 7.461107000000000156e-01 1.152770000000000072e+00 8.235481999999999525e-01 7.395296999999999565e-01 -7.661662000000000236e-05
3.317220000000000169e-01 4.890511000000000164e-02 6.400858999999999854e-01 1.042775000000000007e+00 8.815361999999999920e-01 7.545522999999999536e-01 -1.368165000000000071e-04
3.646059999999999857e-01 4.905030999999999974e-02 8.254470999999999892e-01 1.078610000000000069e+00 8.394325999999999732e-01 1.284301999999999944e-01 -1.537375999999999966e-04
3.423169999999999824e-01 3.869588000000000194e-02 6.702622000000000302e-01 1.137321000000000026e+00 9.229357999999999729e-01 8.784022000000000219e-01 -2.518919999999999796e-04
4.162609999999999921e-01 6.466413000000000022e-02 5.874392000000000502e-01 9.150730999999999726e-01 7.999138000000000082e-01 2.060493999999999937e-01 -1.891347000000000037e-04
3.602090000000000014e-01 5.835796000000000039e-02 7.020315000000000305e-01 8.583262999999999865e-01 8.593838999999999784e-01 6.317078999999999889e-01 -1.554310000000000099e-04
3.215450000000000252e-01 3.042631000000000155e-02 5.362373000000000278e-01 8.588352000000000208e-01 7.006124999999999714e-01 8.220368000000000119e-01 -2.442842999999999881e-04
1.065969999999999973e-01 3.748198999999999975e-02 5.837438000000000349e-01 1.015706999999999915e+00 9.362793000000000365e-01 9.360420999999999880e-01 -1.500227000000000028e-04
2.425019999999999953e-01 3.422566999999999970e-02 7.182268000000000541e-01 1.072735999999999912e+00 6.034283999999999759e-01 1.467675999999999981e-01 -1.710170000000000060e-04
2.778619999999999979e-01 5.981134999999999924e-02 7.654357999999999995e-01 1.005681000000000047e+00 8.988089000000000217e-01 9.465628000000000375e-01 -1.931741000000000111e-04
4.388540000000000219e-01 4.832982999999999724e-02 5.783430000000000515e-01 8.529252999999999973e-01 7.628323000000000187e-01 3.577376999999999918e-01 -2.411009999999999944e-04
