1.509250000000000036e-01 6.625992999999999467e-02 6.658454000000000317e-01 9.913332999999999728e-01 9.060049000000000019e-01 8.113588999999999940e-01 -2.311562999999999877e-04
2.938990000000000213e-01 3.011143999999999973e-02 7.612771000000000399e-01 8.948865999999999765e-01 6.444425999999999766e-01 6.454168000000000127e-01 -1.183029999999999954e-04
4.948400000000000021e-01 6.428148000000000195e-02 8.673442000000000096e-01 8.805418000000000411e-01 6.420228999999999520e-01 7.247618000000000116e-01 -3.641878000000000302e-05
1.933209999999999928e-01 6.497395999999999727e-02 7.124066999999999483e-01 9.261245000000000172e-01 6.560837000000000474e-01 2.846675000000000177e-01 -2.564419000000000019e-05
3.367160000000000153e-01 5.435381000000000240e-02 8.345209999999999573e-01 9.080454999999999499e-01 6.852061999999999875e-01 9.756262000000000267e-02 -1.397136000000000103e-04
1.464630000000000098e-01 4.338266000000000344e-02 6.922736999999999918e-01 8.824874999999999803e-01 6.553877999999999648e-01 9.924313000000000162e-01 -4.299454999999999987e-05
4.105610000000000093e-01 3.382373000000000324e-02 5.180706000000000477e-01 8.895315999999999779e-01 9.529822999999999489e-01 3.293254999999999794e-02 -1.772727999999999945e-04
1.098780000000000034e-01 3.183128000000000346e-02 5.255621999999999794e-01 1.194012999999999991e+00 8.585757000000000527e-01 7.187038999999999511e-01 -1.171516999999999985e-04
2.215940000000000132e-01 5.292128000000000110e-02 6.635273000000000421e-01 8.927348999999999979e-01 7.020450000000000301e-01 9.884340999999999822e-01 -1.516570000000000017e-04
1.832509999999999972e-01 5.039687999999999807e-02 5.102925000000000377e-01 8.779702000000000339e-01 6.032205000000000483e-01 7.805992000000000486e-01 -2.510686999999999836e-04
2.120650000000000035e-01 5.110904000000000141e-02 7.150362999999999580e-01 9.086214999999999709e-01 7.283319000000000321e-01 4.553532999999999886e-02 -1.980526000000000085e-04
1.034869999999999957e-01 5.346883999999999665e-02 6.723601000000000161e-01 9.595023000000000302e-01 6.944523000000000224e-01 9.281863999999999670e-01 -1.130886000000000001e-05
4.227119999999999767e-01 6.056298000000000237e-02 5.713903000000000176e-01 8.125225000000000364e-01 8.550847999999999782e-01 9.644017999999999757e-01 -1.296202000000000096e-04
3.536560000000000259e-01 3.368788000000000338e-02 5.059485999999999706e-01 8.052949000000000357e-01 8.859780000000000433e-01 5.497149000000000063e-01 -1.094072000000000051e-04
3.150299999999999767e-01 3.555981999999999893e-02 8.779702999999999813e-01 1.137561000000000044e+00 6.326015999999999861e-01 4.005452999999999930e-01 -2.017556999999999901e-04
4.569239999999999968e-01 4.599356999999999751e-02 5.249745000000000106e-01 8.580813999999999941e-01 6.473417999999999672e-01 1.636048999999999976e-01 -1.073879000000000023e-04
4.371909999999999963e-01 6.250324999999999631e-02 8.587934000000000401e-01 9.326773999999999898e-01 6.768984000000000112e-01 1.598777999999999866e-01 -1.098898000000000062e-04
3.064100000000000157e-01 4.874691999999999914e-02 5.467003000000000279e-01 9.478847999999999718e-01 8.313629000000000158e-01 4.344106999999999830e-01 -1.104682999999999940e-04
2.584150000000000058e-01 5.743038000000000309e-02 8.873250000000000304e-01 8.121207000000000287e-01 7.057634999999999881e-01 6.110908999999999924e-01 -7.696509999999999940e-05
1.229459999999999997e-01 6.737693999999999628e-02 8.170720000000000205e-01 9.772218000000000293e-01 7.747886999999999968e-01 2.153346999999999900e-01 -4.866222999999999843e-05
4.698069999999999746e-01 3.975688000000000139e-02 6.211794000000000482e-01 1.124967999999999968e+00 6.396193999999999491e-01 2.992006999999999861e-01 -9.218639999999999544e-06
4.237259999999999915e-01 6.275147000000000364e-02 7.398810000000000109e-01 8.591777999999999915e-01 9.877523000000000275e-01 3.445217999999999892e-01 -1.811634000000000077e-05
2.088139999999999996e-01 6.843071000000000570e-02 8.348434000000000133e-01 9.711383000000000099e-01 9.223730999999999458e-01 8.803227000000000135e-01 -1.297439999999999965e-04
2.516329999999999956e-01 3.781671000000000338e-02 7.155285999999999591e-01 1.046864000000000017e+00 9.417864999999999709e-01 7.573916000000000537e-01 -5.150328999999999796e-05
3.081300000000000150e-01 6.596942000000000084e-02 8.210941999999999963e-01 1.063871999999999929e+00 8.168223999999999485e-01 3.334131000000000178e-01 -1.805189999999999974e-04
4.123800000000000243e-01 5.151762000000000008e-02 8.436753000000000169e-01 1.123493000000000075e+00 9.988162999999999903e-01 2.417970000000000119e-01 -9.731605000000000485e-05
1.246040000000000064e-01 6.036901000000000073e-02 7.035810000000000120e-01 1.151124999999999954e+00 8.949034999999999629e-01 8.923906000000000338e-01 -2.950580999999999864e-04
4.913199999999999790e-01 3.178498999999999908e-02 5.848195000000000476e-01 8.964820999999999485e-01 8.368326999999999849e-01 4.885310999999999959e-01 -1.591971000000000008e-06
4.229950000000000099e-01 4.988170000000000104e-02 7.835220999999999991e-01 9.743300000000000294e-01 7.733778000000000041e-01 1.100910999999999973e-01 -1.413354000000000021e-04
3.849119999999999764e-01 3.901467000000000129e-02 7.521354999999999569e-01 8.922406000000000503e-01 9.054927999999999866e-01 5.811134999999999495e-01 -1.350854000000000060e-05
2.823080000000000034e-01 3.221380000000000077e-02 7.489609999999999879e-01 1.012945999999999902e+00 9.833210000000000006e-01 4.787533999999999956e-01 -3.372737000000000299e-05
1.148570000000000008e-01 6.111936999999999925e-02 6.021090999999999527e-01 9.674827999999999761e-01 8.410210000000000186e-01 4.527090000000000281e-02 -1.176737999999999981e-04
2.956440000000000179e-01 5.272958999999999979e-02 6.864552000000000431e-01 1.117186999999999930e+00 6.041490999999999945e-01 6.067725999999999953e-01 -1.883673999999999950e-04
2.600509999999999766e-01 6.750659000000000520e-02 8.509263999999999717e-01 1.097010999999999958e+00 6.197367999999999766e-01 6.380251999999999590e-01 -9.882865000000000118e-05
2.178039999999999976e-01 3.313446999999999920e-02 8.248934999999999462e-01 9.676285000000000025e-01 6.532092999999999927e-01 5.606704999999999606e-01 -2.196308000000000114e-04
4.654920000000000169e-01 3.784429999999999739e-02 8.562383999999999551e-01 1.055473000000000106e+00 8.476778999999999842e-01 1.916705999999999965e-01 -1.989869999999999974e-04
3.054649999999999865e-01 5.843191999999999831e-02 6.820591000000000292e-01 9.957831000000000321e-01 7.032066999999999624e-01 6.648115999999999748e-02 -3.970773000000000141e-05
1.383620000000000128e-01 3.239526999999999685e-02 7.740818000000000421e-01 8.102867999999999737e-01 7.165983000000000214e-01 1.731669000000000125e-01 -2.049781000000000086e-04
4.169930000000000025e-01 4.469813999999999732e-02 6.306882000000000321e-01 1.028493000000000102e+00 6.911078999999999972e-01 6.786558000000000312e-01 -5.592185999999999621e-06
3.323439999999999728e-01 5.711001999999999745e-02 6.123408000000000184e-01 8.482205999999999912e-01 6.494471000000000549e-01 9.337062999999999890e-01 -2.873032999999999772e-04
1.314079999999999970e-01 4.848716000000000137e-02 5.184318999999999455e-01 8.280134999999999579e-01 6.393621000000000443e-01 9.469465999999999717e-01 -1.673320999999999966e-04
3.192459999999999742e-01 5.688986000000000043e-02 5.933794000000000013e-01 9.748662999999999634e-01 9.355177000000000076e-01 6.233465999999999729e-01 -1.964082000000000078e-04
2.238600000000000034e-01 4.556103999999999710e-02 6.299715000000000176e-01 1.113693999999999962e+00 8.382907000000000552e-01 5.491426000000000363e-01 -2.665993000000000074e-04
4.128680000000000128e-01 4.080559000000000269e-02 7.171284999999999465e-01 9.376113999999999837e-01 9.000230000000000175e-01 5.269401000000000224e-01 -9.913819999999999891e-05
4.119419999999999749e-01 4.556994000000000322e-02 5.892619000000000051e-01 1.185529000000000055e+00 9.448992999999999975e-01 3.999183000000000043e-01 -1.139703000000000021e-04
4.434670000000000001e-01 3.668501999999999874e-02 5.583443999999999630e-01 1.037554000000000087e+00 6.611791000000000196e-01 3.846721000000000168e-01 -2.534427999999999920e-04
4.165429999999999966e-01 3.135169000000000150e-02 5.651629000000000236e-01 1.118908000000000014e+00 9.319971999999999701e-01 1.218873000000000040e-01 -3.815578999999999743e-05
3.448280000000000234e-01 5.444343000000000099e-02 7.048256999999999994e-01 8.346135000000000081e-01 7.977450999999999848e-01 2.685825000000000018e-01 -7.352724000000000586e-05
3.210999999999999965e-01 6.635362999999999678e-02 8.841947000000000001e-01 8.438691000000000386e-01 7.560915000000000274e-01 5.624112000000000000e-01 -2.651301000000000113e-04
1.237739999999999951e-01 4.024677000000000116e-02 8.595658999999999939e-01 8.923923000000000272e-01 9.890748000000000317e-01 4.836361000000000132e-01 -1.106360999999999960e-04
3.311080000000000134e-01 6.299404000000000114e-02 7.848070999999999797e-01 9.416356999999999644e-01 6.063332999999999640e-01 3.921869000000000050e-01 -1.834574999999999964e-04
4.482479999999999798e-01 4.753600000000000186e-02 8.768588000000000493e-01 1.066157999999999939e+00 7.231098000000000248e-01 7.093745999999999663e-01 -9.623566999999999538e-05
3.894989999999999841e-01 5.452846000000000082e-02 6.857353000000000476e-01 9.222544000000000297e-01 8.414222000000000090e-01 9.246594999999999676e-01 -1.828052000000000095e-04
4.418039999999999745e-01 3.119281000000000137e-02 6.717804000000000553e-01 8.154084999999999805e-01 9.816774999999999807e-01 6.977295999999999498e-01 -1.177104999999999973e-05
2.985599999999999921e-01 4.487408999999999842e-02 7.754100999999999910e-01 1.008482000000000101e+00 7.302771999999999597e-01 6.182106000000000545e-01 -1.324749000000000011e-04
1.668030000000000068e-01 4.017532000000000048e-02 5.310000999999999749e-01 9.550338000000000438e-01 6.453984999999999861e-01 8.303422000000000303e-01 -2.943280000000000050e-04
3.038080000000000225e-01 5.384531000000000039e-02 5.939649000000000179e-01 1.169686000000000003e+00 8.272277000000000102e-01 8.750145000000000284e-01 -2.855544000000000116e-04
1.369329999999999992e-01 3.355158999999999919e-02 8.502828999999999526e-01 8.315576000000000079e-01 9.471260999999999708e-01 7.300510999999999528e-01 -4.754523000000000218e-05
2.498789999999999900e-01 5.905077999999999716e-02 5.143069000000000113e-01 1.013640000000000096e+00 6.300194999999999546e-01 4.115622000000000030e-02 -8.445297999999999792e-05
4.909729999999999928e-01 6.523389000000000271e-02 8.322005999999999570e-01 8.063204999999999956e-01 8.813535000000000119e-01 1.516127999999999920e-01 -5.984775999999999703e-05
3.838250000000000273e-01 5.801371999999999779e-02 7.631542000000000048e-01 8.115447999999999551e-01 6.610932999999999948e-01 5.242628000000000288e-01 -1.870084000000000102e-04
4.357630000000000114e-01 4.028070999999999735e-02 5.840075000000000127e-01 1.054175000000000084e+00 6.748151999999999484e-01 1.061953999999999954e-01 -1.799336000000000013e-04
1.479499999999999982e-01 3.158267000000000019e-02 6.694987999999999495e-01 1.020491000000000037e+00 7.693564000000000513e-01 7.796302999999999983e-01 -5.775360000000000216e-05
2.725420000000000065e-01 6.030996999999999747e-02 5.568636999999999615e-01 1.085822999999999983e+00 7.711565999999999699e-01 6.560396000000000283e-02 -1.872134999999999923e-04
4.376769999999999827e-01 3.446594000000000046e-02 7.822578999999999505e-01 1.106168000000000040e+00 6.219411000000000245e-01 6.001919000000000004e-01 -1.058710000000000033e-04
2.629909999999999748e-01 6.071213000000000304e-02 8.616681000000000479e-01 8.959297000000000510e-01 7.179102000000000539e-01 8.890974000000000377e-01 -4.542240000000000048e-07
4.276889999999999858e-01 3.990450000000000247e-02 8.068412999999999835e-01 1.160679999999999934e+00 6.816984999999999850e-01 5.854941999999999647e-01 -2.814590999999999968e-04
4.653599999999999959e-01 5.227558999999999678e-02 6.925464999999999538e-01 1.106354000000000060e+00 7.300088000000000132e-01 7.595180999999999738e-01 -2.247689999999999888e-04
3.479269999999999863e-01 6.728380999999999945e-02 8.449558999999999820e-01 8.970997000000000554e-01 9.546812000000000076e-01 6.708115999999999524e-01 -2.918357000000000221e-04
1.561359999999999970e-01 6.517612000000000405e-02 5.113720000000000487e-01 1.046130000000000004e+00 7.546097000000000499e-01 2.815535000000000121e-01 -2.870462999999999964e-04
1.984299999999999953e-01 6.305716999999999572e-02 5.648476999999999526e-01 8.949346999999999719e-01 8.566190000000000193e-01 1.461495999999999906e-01 -2.202507999999999886e-04
2.135269999999999946e-01 3.536363000000000006e-02 6.470491999999999910e-01 8.760871000000000075e-01 6.173864000000000019e-01 4.667255000000000154e-01 -6.735377000000000345e-05
4.996019999999999905e-01 5.076288000000000328e-02 8.944166999999999534e-01 1.016189000000000009e+00 7.343070999999999904e-01 5.121723000000000248e-01 -1.279893000000000080e-05
2.588039999999999785e-01 6.099030999999999897e-02 6.771835999999999967e-01 1.159253000000000089e+00 6.586726000000000525e-01 3.584250999999999965e-01 -2.511098000000000128e-04
1.656259999999999954e-01 3.636984000000000050e-02 7.333104999999999762e-01 1.001692999999999945e+00 7.924970000000000070e-01 9.252456000000000569e-02 -1.274527999999999870e-04
