0.33300 0.04900 0.59660 1.07260 0.71100 201.00000
0.28140 0.04900 0.60500 0.85020 0.94300 -76.20000
0.14780 0.04900 0.59580 1.08380 0.61860 -411.00000
0.33500 0.04900 0.85340 0.80500 0.94420 -189.00000
0.49420 0.04900 0.57180 1.19420 0.80900 575.40000
0.27900 0.04900 0.55740 1.15780 0.83140 -599.40000
0.13460 0.04900 0.69420 1.18500 0.65340 588.60000
0.24140 0.04900 0.79020 0.92980 0.81500 -305.40000
0.32940 0.04900 0.53420 0.92500 0.97100 285.00000
0.37820 0.04900 0.68940 1.19580 0.64140 -529.80000
0.49780 0.04900 0.68620 1.10540 0.95620 370.20000
0.40100 0.04900 0.82300 1.05180 0.88420 -545.40000
0.35060 0.04900 0.64940 1.01060 0.88660 40.20000
0.40300 0.04900 0.66060 1.14820 0.78780 237.00000
0.13980 0.04900 0.82620 0.97060 0.83420 94.20000
0.13220 0.04900 0.81900 1.05860 0.82460 -31.80000
0.26060 0.04900 0.57460 1.10700 0.66460 -91.80000
0.15980 0.04900 0.60020 1.08180 0.64820 -178.20000
0.25900 0.04900 0.66180 1.01180 0.95020 493.80000
0.49100 0.04900 0.76740 0.86900 0.73940 -322.20000
0.42340 0.04900 0.79380 1.11300 0.65260 -511.80000
0.17420 0.04900 0.59980 1.00220 0.96980 -472.20000
0.33860 0.04900 0.62620 1.08500 0.96340 -101.40000
0.43220 0.04900 0.56740 0.88060 0.94780 257.40000
0.18020 0.04900 0.52060 1.02340 0.82180 343.80000
0.27580 0.04900 0.83740 0.82260 0.99740 -460.20000
0.14380 0.04900 0.81380 1.13020 0.86220 -535.80000
0.23140 0.04900 0.67740 0.88900 0.76460 444.60000
0.40700 0.04900 0.85100 1.00140 0.68980 148.20000
0.24180 0.04900 0.84340 0.81540 0.78180 103.80000
0.42780 0.04900 0.77340 1.06420 0.75980 -481.80000
0.35620 0.04900 0.65580 0.84740 0.73380 25.80000
0.38420 0.04900 0.82740 1.03260 0.91140 -273.00000
0.41140 0.04900 0.57140 0.83540 0.82660 118.20000
0.14540 0.04900 0.50700 1.00460 0.70940 -288.60000
0.10900 0.04900 0.80980 0.84220 0.70140 187.80000
0.45420 0.04900 0.88380 0.97180 0.80740 -319.80000
0.24860 0.04900 0.52180 0.90700 0.77460 -282.60000
0.45020 0.04900 0.85620 0.88180 0.69540 589.80000
0.24660 0.04900 0.84660 1.11780 0.74460 -144.60000
0.15420 0.04900 0.52860 1.08060 0.71740 438.60000
0.48100 0.04900 0.77940 0.97500 0.93860 244.20000
0.36860 0.04900 0.61700 0.90060 0.70500 121.80000
0.25460 0.04900 0.52260 0.85340 0.85860 -58.20000
0.18300 0.04900 0.84540 0.80460 0.74180 -185.40000
0.26580 0.04900 0.64540 0.80700 0.93540 -538.20000
0.39820 0.04900 0.56900 0.90300 0.67820 -5.40000
0.46860 0.04900 0.81260 1.17020 0.95860 -283.80000
0.42260 0.04900 0.69500 1.06020 0.83300 -377.40000
0.17940 0.04900 0.50300 0.96780 0.98180 329.40000
0.20860 0.04900 0.58180 0.98260 0.80580 -168.60000
0.49020 0.04900 0.82820 0.97540 0.98980 22.20000
0.37700 0.04900 0.52980 0.87860 0.60020 509.40000
0.12340 0.04900 0.56100 1.17220 0.71700 139.80000
0.29900 0.04900 0.71020 1.02380 0.82860 -263.40000
0.12180 0.04900 0.66420 0.85460 0.86060 -186.60000
0.17380 0.04900 0.53980 0.96740 0.94180 259.80000
0.38980 0.04900 0.65100 1.19620 0.78460 355.80000
0.39860 0.04900 0.64580 0.92940 0.98380 154.20000
0.10300 0.04900 0.83860 1.00340 0.91860 -564.60000
0.35900 0.04900 0.71940 1.10460 0.99220 127.80000
0.41180 0.04900 0.72580 1.17580 0.95820 -276.60000
0.43060 0.04900 0.79340 1.07620 0.87780 537.00000
0.25620 0.04900 0.84420 1.16380 0.66380 -204.60000
0.43380 0.04900 0.88500 0.95980 0.69620 -154.20000
0.26020 0.04900 0.68260 0.91340 0.63820 -41.40000
0.23780 0.04900 0.62820 1.00860 0.75860 -593.40000
0.44740 0.04900 0.85820 0.92100 0.74620 -27.00000
0.26780 0.04900 0.57540 1.10860 0.82540 -241.80000
0.35260 0.04900 0.68820 1.17700 0.91380 -244.20000
0.48420 0.04900 0.79540 0.98220 0.87260 447.00000
0.15100 0.04900 0.77300 0.94940 0.79300 568.20000
0.25860 0.04900 0.71620 1.16940 0.77140 156.60000
0.47460 0.04900 0.85020 0.87380 0.83660 -35.40000
0.19300 0.04900 0.54940 0.83860 0.67460 481.80000
0.33460 0.04900 0.85700 0.99980 0.61420 335.40000
0.49620 0.04900 0.53820 0.94420 0.74660 586.20000
0.38100 0.04900 0.77020 0.80180 0.72020 -82.20000
0.19380 0.04900 0.57580 0.92580 0.85340 117.00000
0.40260 0.04900 0.53860 0.90020 0.81700 226.20000
0.24540 0.04900 0.79580 1.19540 0.71020 151.80000
0.24980 0.04900 0.73460 0.81740 0.94260 -270.60000
0.39180 0.04900 0.50220 0.81100 0.68620 -311.40000
0.37100 0.04900 0.84460 1.19140 0.81540 46.20000
0.17780 0.04900 0.64140 0.93740 0.96220 -232.20000
0.15620 0.04900 0.63060 1.07540 0.83820 -354.60000
0.36180 0.04900 0.51860 0.99700 0.80660 88.20000
0.42500 0.04900 0.86900 1.11700 0.83940 348.60000
0.20940 0.04900 0.58420 1.03020 0.98940 45.00000
0.25420 0.04900 0.73140 0.82060 0.77820 369.00000
0.36020 0.04900 0.59900 0.82460 0.66780 520.20000
0.18380 0.04900 0.51100 0.92420 0.69660 -370.20000
0.32060 0.04900 0.58900 1.12980 0.87620 -360.60000
0.28340 0.04900 0.64020 1.05420 0.78140 -395.40000
0.11180 0.04900 0.75100 0.88260 0.79220 -213.00000
0.29540 0.04900 0.65700 1.15300 0.65420 -124.20000
0.29620 0.04900 0.62180 1.05820 0.99460 -595.80000
0.35740 0.04900 0.62500 0.81140 0.70460 -66.60000
0.44500 0.04900 0.85740 1.16180 0.91580 -324.60000
0.42860 0.04900 0.76660 1.02780 0.63380 -10.20000
0.40540 0.04900 0.67980 1.19020 0.69780 486.60000
0.47900 0.04900 0.85380 0.93180 0.82420 -569.40000
0.49380 0.04900 0.87460 1.10020 0.68540 -150.60000
0.10180 0.04900 0.88180 1.11180 0.69580 208.20000
0.23100 0.04900 0.84980 1.00740 0.81940 414.60000
0.31420 0.04900 0.63140 1.15580 0.70620 142.20000
0.47660 0.04900 0.55940 1.15860 0.71940 -527.40000
0.32860 0.04900 0.70540 1.18220 0.84860 41.40000
0.33060 0.04900 0.76300 0.96260 0.77540 582.60000
0.42940 0.04900 0.55380 0.80820 0.89460 -226.20000
0.48340 0.04900 0.78500 0.83420 0.99340 -250.20000
0.13740 0.04900 0.78300 0.87540 0.92220 -109.80000
0.20220 0.04900 0.51460 0.95100 0.93020 -333.00000
0.37140 0.04900 0.60540 0.94180 0.87540 -219.00000
0.13860 0.04900 0.50140 1.16220 0.81180 -352.20000
0.33820 0.04900 0.69740 0.81420 0.91060 373.80000
0.42300 0.04900 0.79700 1.03420 0.94340 562.20000
0.19900 0.04900 0.65620 0.84180 0.92660 -247.80000
0.18140 0.04900 0.60820 1.11100 0.84700 243.00000
0.10580 0.04900 0.58140 0.80780 0.63860 -233.40000
0.48260 0.04900 0.59860 1.08460 0.82060 172.20000
0.15500 0.04900 0.85260 0.81460 0.60300 -173.40000
0.40140 0.04900 0.50180 1.03060 0.60340 -520.20000
0.34700 0.04900 0.78220 0.87900 0.96620 565.80000
0.39940 0.04900 0.80420 0.82620 0.60220 -118.20000
0.19700 0.04900 0.77140 1.05140 0.96860 576.60000
0.39900 0.04900 0.77700 1.06460 0.66180 183.00000
0.27420 0.04900 0.74460 0.87660 0.75020 -67.80000
0.19860 0.04900 0.67940 0.81860 0.78420 227.40000
0.33940 0.04900 0.52020 0.98140 0.77980 84.60000
0.19140 0.04900 0.72540 1.05660 0.65940 -126.60000
0.44100 0.04900 0.61100 0.86420 0.72500 234.60000
0.35220 0.04900 0.78860 1.15660 0.73820 -444.60000
0.26620 0.04900 0.69060 1.11900 0.69820 -575.40000
0.45100 0.04900 0.61940 0.95460 0.81020 -401.40000
0.19580 0.04900 0.89780 0.84820 0.84940 -556.20000
0.47500 0.04900 0.76340 0.97220 0.77620 -133.80000
0.30980 0.04900 0.55780 0.98180 0.80220 -562.20000
0.29820 0.04900 0.51980 0.90100 0.97620 37.80000
0.28540 0.04900 0.54780 0.89260 0.66020 -394.20000
0.11820 0.04900 0.68580 0.93380 0.90460 -149.40000
0.48300 0.04900 0.83380 0.88220 0.86540 583.80000
0.18580 0.04900 0.78820 1.15980 0.72980 -466.20000
0.49980 0.04900 0.64500 1.16620 0.85300 280.20000
0.36380 0.04900 0.88860 1.15500 0.95220 -523.80000
0.22300 0.04900 0.85420 0.94100 0.95420 181.80000
0.41020 0.04900 0.85980 0.87460 0.66820 324.60000
0.25300 0.04900 0.53340 1.07980 0.66300 -490.20000
0.19820 0.04900 0.74540 1.09700 0.67540 -193.80000
0.16860 0.04900 0.73300 0.98660 0.67140 -555.00000
0.22100 0.04900 0.85060 0.84460 0.87020 360.60000
0.15580 0.04900 0.62020 1.04060 0.93300 307.80000
0.49060 0.04900 0.64100 1.00580 0.70300 -95.40000
0.35380 0.04900 0.73420 1.02180 0.68300 205.80000
0.34060 0.04900 0.62940 0.84020 0.60700 -327.00000
0.34780 0.04900 0.50540 0.97820 0.96580 407.40000
0.32540 0.04900 0.75660 0.96500 0.89180 -40.20000
0.10140 0.04900 0.79420 1.02620 0.84900 -574.20000
0.23580 0.04900 0.54460 0.82940 0.94700 -184.20000
0.24820 0.04900 0.57860 1.03780 0.80380 -17.40000
0.37460 0.04900 0.57100 0.99260 0.79740 10.20000
0.13940 0.04900 0.54420 0.83580 0.93380 517.80000
0.37660 0.04900 0.70140 0.92020 0.92500 -216.60000
0.30860 0.04900 0.69940 1.03740 0.79100 93.00000
0.46540 0.04900 0.79100 0.94300 0.65900 209.40000
0.32420 0.04900 0.64380 0.88740 0.78100 -30.60000
0.32300 0.04900 0.58780 1.17660 0.87740 -225.00000
0.26420 0.04900 0.74020 0.82980 0.98140 245.40000
0.44140 0.04900 0.62220 1.07460 0.62460 -399.00000
0.35500 0.04900 0.60100 0.92900 0.80060 91.80000
0.48580 0.04900 0.79660 1.19460 0.62900 -93.00000
0.18060 0.04900 0.85660 1.07420 0.69980 211.80000
0.25980 0.04900 0.53940 1.10500 0.98700 269.40000
0.14860 0.04900 0.62300 0.85740 0.75380 64.20000
0.26100 0.04900 0.85300 0.89980 0.74060 -138.60000
0.28860 0.04900 0.80700 1.11260 0.71820 -468.60000
0.42580 0.04900 0.86660 0.80860 0.81140 -196.20000
0.17980 0.04900 0.54260 0.82500 0.68420 -498.60000
0.14060 0.04900 0.88740 1.15180 0.95180 34.20000
0.37300 0.04900 0.85580 1.01660 0.99820 -187.80000
0.18660 0.04900 0.81020 0.90540 0.61500 -478.20000
0.48180 0.04900 0.62420 0.80740 0.64980 387.00000
0.45780 0.04900 0.67100 1.17740 0.63020 -293.40000
0.23540 0.04900 0.85780 0.91500 0.99260 -568.20000
0.21420 0.04900 0.69540 1.17820 0.74900 -457.80000
0.38700 0.04900 0.51700 0.97900 0.60740 546.60000
0.46380 0.04900 0.77100 1.18180 0.72780 -469.80000
0.40620 0.04900 0.80380 1.10580 0.63460 137.40000
0.19020 0.04900 0.75540 1.15460 0.70820 -435.00000
0.23700 0.04900 0.77660 1.04700 0.91740 97.80000
0.13140 0.04900 0.69100 1.02420 0.91220 451.80000
0.20180 0.04900 0.86220 0.96460 0.81420 225.00000
0.42900 0.04900 0.69380 0.88540 0.72620 -522.60000
0.24340 0.04900 0.67540 1.07060 0.67500 159.00000
0.25020 0.04900 0.52380 1.09820 0.87940 213.00000
0.41820 0.04900 0.66380 1.04500 0.73500 -172.20000
0.34180 0.04900 0.83420 0.96300 0.94500 485.40000
0.45580 0.04900 0.66020 1.07780 0.95060 -268.20000
0.14220 0.04900 0.59300 1.00100 0.82380 191.40000
0.28740 0.04900 0.71420 1.05900 0.97140 -261.00000
0.21860 0.04900 0.54820 0.89420 0.91900 346.20000
0.20780 0.04900 0.87220 1.12020 0.98860 463.80000
0.21540 0.04900 0.54540 1.07580 0.75420 -383.40000
0.34020 0.04900 0.67380 1.00820 0.94100 499.80000
0.21580 0.04900 0.53780 0.85780 0.60380 -533.40000
0.31300 0.04900 0.52660 1.15100 0.79660 456.60000
0.12020 0.04900 0.80740 1.06340 0.93060 -424.20000
0.16740 0.04900 0.88460 0.91140 0.64100 57.00000
0.45220 0.04900 0.54380 1.07740 0.73540 -119.40000
0.30100 0.04900 0.87020 0.89380 0.89060 -297.00000
0.41700 0.04900 0.59940 0.95300 0.66540 -467.40000
0.30940 0.04900 0.62660 0.84060 0.72300 599.40000
0.31340 0.04900 0.74180 1.18140 0.79980 -341.40000
0.20260 0.04900 0.68020 1.13580 0.65540 -259.80000
0.45460 0.04900 0.84380 0.87980 0.65100 -318.60000
0.34620 0.04900 0.83100 1.15420 0.96140 -299.40000
0.17140 0.04900 0.69300 1.15140 0.60460 420.60000
0.43780 0.04900 0.61780 0.92780 0.88980 214.20000
0.12700 0.04900 0.58100 0.97260 0.77300 297.00000
0.27020 0.04900 0.50980 1.08860 0.87660 114.60000
0.36300 0.04900 0.76980 1.09660 0.97780 -431.40000
0.19740 0.04900 0.67900 1.04340 0.91500 0.60000
0.14740 0.04900 0.72740 0.86580 0.70380 317.40000
0.43100 0.04900 0.65420 0.96380 0.76340 -174.60000
0.38140 0.04900 0.82180 0.94020 0.62660 -351.00000
0.29140 0.04900 0.88620 0.81340 0.75940 -427.80000
0.23860 0.04900 0.87300 0.99500 0.73980 -583.80000
0.39140 0.04900 0.53460 0.91940 0.93900 418.20000
0.29020 0.04900 0.89140 0.96900 0.84500 -366.60000
0.12820 0.04900 0.63460 1.11500 0.70180 -52.20000
0.12980 0.04900 0.54980 0.88780 0.76020 -24.60000
0.13780 0.04900 0.62700 0.92460 0.81060 -22.20000
0.43740 0.04900 0.77260 1.08820 0.96780 -516.60000
0.44260 0.04900 0.53140 0.82700 0.62340 -112.20000
0.32140 0.04900 0.77220 1.04660 0.79940 -11.40000
0.38820 0.04900 0.89580 0.93060 0.74220 -455.40000
0.15940 0.04900 0.58980 1.10660 0.97300 354.60000
0.12500 0.04900 0.79980 1.03860 0.81260 282.60000
0.10940 0.04900 0.72420 0.89220 0.81100 292.20000
0.27340 0.04900 0.50820 1.03500 0.83020 -181.80000
0.44940 0.04900 0.72620 0.84620 0.95260 42.60000
0.14140 0.04900 0.84820 0.90620 0.76220 241.80000
0.11100 0.04900 0.61740 0.98580 0.83900 155.40000
0.32980 0.04900 0.52940 1.05540 0.89220 -197.40000
0.34420 0.04900 0.84100 1.15740 0.80860 -294.60000
0.19500 0.04900 0.85900 0.95940 0.88940 -179.40000
0.47220 0.04900 0.61220 0.84140 0.63180 -7.80000
0.21380 0.04900 0.87740 1.01540 0.86580 291.00000
0.23460 0.04900 0.55900 0.89140 0.61820 -18.60000
0.34580 0.04900 0.54580 0.91860 0.81220 -127.80000
0.35100 0.04900 0.73020 0.86700 0.76180 -534.60000
0.17340 0.04900 0.76180 1.18100 0.82500 -378.60000
0.39060 0.04900 0.75780 1.04140 0.93740 -450.60000
0.31380 0.04900 0.76260 0.93940 0.63660 -165.00000
0.19220 0.04900 0.56380 0.84340 0.73420 -25.80000
0.48620 0.04900 0.70500 0.82900 0.74100 -175.80000
0.36420 0.04900 0.68900 0.90980 0.81900 395.40000
0.23220 0.04900 0.57060 1.14940 0.65620 342.60000
0.20540 0.04900 0.70060 0.85580 0.72220 210.60000
0.20300 0.04900 0.59380 0.89900 0.64420 -493.80000
0.11780 0.04900 0.50380 0.99300 0.88180 -408.60000
0.20020 0.04900 0.50900 0.90940 0.64740 -471.00000
0.27540 0.04900 0.54100 0.91740 0.76060 -75.00000
0.17220 0.04900 0.76780 0.91580 0.61660 238.20000
0.39660 0.04900 0.61540 0.80980 0.79060 -437.40000
0.46820 0.04900 0.63900 0.85500 0.97260 498.60000
0.49580 0.04900 0.56500 0.81980 0.88020 -114.60000
0.26220 0.04900 0.89980 1.04420 0.99940 -16.20000
0.29340 0.04900 0.66980 1.12100 0.66900 551.40000
0.28380 0.04900 0.70380 1.13980 0.98220 571.80000
0.31580 0.04900 0.53060 0.86380 0.60820 295.80000
0.30220 0.04900 0.66500 0.82300 0.93140 -345.00000
0.27140 0.04900 0.56820 1.13140 0.83980 378.60000
0.35780 0.04900 0.70820 0.92540 0.84540 558.60000
0.15140 0.04900 0.71260 0.84420 0.85140 466.20000
0.26260 0.04900 0.75020 1.01820 0.68580 304.20000
0.30260 0.04900 0.59180 1.12340 0.68700 -23.40000
0.31220 0.04900 0.55460 0.87180 0.80500 54.60000
0.34940 0.04900 0.73860 1.13180 0.76660 160.20000
0.44980 0.04900 0.79300 1.10420 0.92780 229.80000
0.13100 0.04900 0.83660 1.11580 0.89820 -417.00000
0.47740 0.04900 0.79500 0.96820 0.98820 -223.80000
0.42700 0.04900 0.59260 1.00540 0.98420 388.20000
0.10620 0.04900 0.51620 1.19740 0.67740 412.20000
0.19060 0.04900 0.70340 1.17060 0.85460 55.80000
0.46980 0.04900 0.75260 1.02020 0.89100 -487.80000
0.21700 0.04900 0.71140 0.83820 0.70420 479.40000
0.21900 0.04900 0.54740 1.01140 0.71220 491.40000
0.36620 0.04900 0.54860 1.18420 0.88060 -94.20000
0.31660 0.04900 0.51140 1.06060 0.88700 -108.60000
0.38300 0.04900 0.69340 1.18300 0.99180 -365.40000
0.24620 0.04900 0.77580 1.02060 0.63700 -72.60000
0.11420 0.04900 0.57660 1.05060 0.71900 124.20000
0.25540 0.04900 0.85180 0.99140 0.65180 279.00000
0.23820 0.04900 0.89260 1.13460 0.75500 421.80000
0.44660 0.04900 0.69260 0.98740 0.86740 -159.00000
0.27780 0.04900 0.68500 0.92140 0.95700 -316.20000
0.34380 0.04900 0.57020 1.07220 0.73860 184.20000
0.15900 0.04900 0.64820 1.03380 0.95460 -499.80000
0.24380 0.04900 0.75940 0.86780 0.77260 -515.40000
0.32620 0.04900 0.72500 1.16900 0.94580 -507.00000
0.18980 0.04900 0.82020 0.88300 0.60180 28.20000
0.26900 0.04900 0.86580 0.88100 0.66580 -526.20000
0.16300 0.04900 0.61020 1.14580 0.83340 557.40000
0.11900 0.04900 0.83900 1.16820 0.90340 87.00000
0.35460 0.04900 0.81620 1.02860 0.70220 -547.80000
0.36940 0.04900 0.86420 0.86460 0.69700 53.40000
0.28580 0.04900 0.57900 1.17100 0.99100 -315.00000
0.27460 0.04900 0.75620 0.88660 0.76420 -549.00000
0.19260 0.04900 0.89180 0.98940 0.98060 -432.60000
0.45700 0.04900 0.77460 0.96140 0.90500 -29.40000
0.16060 0.04900 0.61060 1.04980 0.94740 -587.40000
0.17100 0.04900 0.68980 1.00700 0.65460 550.20000
0.28620 0.04900 0.84260 1.18020 0.63580 -113.40000
0.24060 0.04900 0.75580 0.85060 0.63340 -573.00000
0.15220 0.04900 0.83540 1.10140 0.62860 -540.60000
0.32260 0.04900 0.78020 1.12060 0.91820 -456.60000
0.10820 0.04900 0.78900 1.03940 0.93700 -208.20000
0.35020 0.04900 0.80940 0.82540 0.90940 497.40000
0.45500 0.04900 0.62740 1.06260 0.88500 450.60000
0.25940 0.04900 0.65860 0.99460 0.83500 -6.60000
0.27700 0.04900 0.72900 0.93340 0.77420 328.20000
0.33220 0.04900 0.75420 0.94140 0.94140 424.20000
0.39580 0.04900 0.74500 0.96020 0.90700 -594.60000
0.34860 0.04900 0.55820 1.07340 0.95500 401.40000
0.43660 0.04900 0.82580 0.85860 0.96820 -465.00000
0.21940 0.04900 0.74940 1.01780 0.97540 541.80000
0.10460 0.04900 0.60420 0.89020 0.65580 396.60000
0.30660 0.04900 0.63820 0.95020 0.87100 540.60000
0.11740 0.04900 0.76140 0.96100 0.98460 -310.20000
0.29380 0.04900 0.67020 0.95820 0.97380 -508.20000
0.37500 0.04900 0.89820 1.11860 0.73140 223.80000
0.23620 0.04900 0.87580 0.80940 0.65660 -59.40000
0.40780 0.04900 0.75300 1.14300 0.97740 510.60000
0.44820 0.04900 0.54060 1.02500 0.98500 63.00000
0.29460 0.04900 0.79780 1.19340 0.90780 -425.40000
0.16380 0.04900 0.50860 0.99620 0.81620 -147.00000
0.21340 0.04900 0.84500 1.11980 0.86980 270.60000
0.25580 0.04900 0.65900 1.09940 0.96900 -131.40000
0.49900 0.04900 0.72060 1.01940 0.92020 274.20000
0.22860 0.04900 0.87620 0.97980 0.71980 534.60000
0.35820 0.04900 0.77380 1.00420 0.85540 -510.60000
0.48540 0.04900 0.82340 1.14180 0.95780 167.40000
0.17740 0.04900 0.64340 1.08260 0.65980 339.00000
0.47060 0.04900 0.80660 0.90220 0.62420 -589.80000
0.38860 0.04900 0.80900 1.16460 0.86620 -156.60000
0.25060 0.04900 0.76500 1.12900 0.61900 -451.80000
0.31900 0.04900 0.76380 0.81660 0.64180 -420.60000
0.41260 0.04900 0.89540 1.13060 0.74420 -47.40000
0.22260 0.04900 0.73580 1.05020 0.84460 -479.40000
0.30620 0.04900 0.52340 0.97860 0.66140 -70.20000
0.16500 0.04900 0.70420 0.83700 0.79460 1.80000
0.11020 0.04900 0.74900 1.19940 0.84380 -342.60000
0.30340 0.04900 0.68060 1.16980 0.83180 35.40000
0.11940 0.04900 0.51300 0.96540 0.82820 555.00000
0.20700 0.04900 0.84900 0.83500 0.75220 -597.00000
0.22060 0.04900 0.60220 0.95540 0.72900 -217.80000
0.30300 0.04900 0.64420 0.80660 0.61300 337.80000
0.22180 0.04900 0.62460 1.01460 0.67300 -111.00000
0.18460 0.04900 0.55540 0.84700 0.82100 441.00000
0.48900 0.04900 0.67140 1.03700 0.84980 -135.00000
0.40940 0.04900 0.78180 0.90900 0.62820 -166.20000
0.36820 0.04900 0.56980 0.93500 0.89660 43.80000
0.12540 0.04900 0.67420 1.14140 0.75180 -123.00000
0.20140 0.04900 0.84620 1.17620 0.82020 -64.20000
0.29260 0.04900 0.61140 0.89660 0.81660 409.80000
0.13380 0.04900 0.75980 0.89060 0.83380 143.40000
0.15020 0.04900 0.80220 1.12180 0.84020 190.20000
0.27260 0.04900 0.85940 1.18940 0.66660 -139.80000
0.15260 0.04900 0.63100 0.97580 0.91660 327.00000
0.38500 0.04900 0.86140 1.14860 0.66260 -525.00000
0.43900 0.04900 0.61180 1.17940 0.89860 -61.80000
0.30460 0.04900 0.51340 0.91180 0.83260 141.00000
0.25220 0.04900 0.81420 1.16540 0.73580 52.20000
0.32740 0.04900 0.83340 1.18460 0.72180 -461.40000
0.26460 0.04900 0.74820 1.04820 0.61260 -462.60000
0.11260 0.04900 0.62340 1.18340 0.90300 179.40000
0.12940 0.04900 0.69180 1.11020 0.89140 -353.40000
0.28020 0.04900 0.68420 0.97420 0.63260 204.60000
0.19100 0.04900 0.61980 0.95420 0.60060 580.20000
0.38580 0.04900 0.76100 0.95060 0.79860 -543.00000
0.47940 0.04900 0.50420 1.14660 0.76100 -1.80000
0.27380 0.04900 0.83460 0.99540 0.87060 -419.40000
0.20980 0.04900 0.74420 1.03980 0.77660 219.00000
0.24900 0.04900 0.53540 1.09060 0.73900 487.80000
0.25500 0.04900 0.82660 0.97380 0.72140 -418.20000
0.27820 0.04900 0.86940 0.89820 0.62500 567.00000
0.42740 0.04900 0.70860 1.06540 0.97700 275.40000
0.13620 0.04900 0.79820 0.83140 0.76740 5.40000
0.15340 0.04900 0.50780 0.80340 0.69860 -359.40000
0.34740 0.04900 0.84740 0.80100 0.93260 523.80000
0.38380 0.04900 0.57220 1.11340 0.73460 -591.00000
0.16020 0.04900 0.60140 1.06100 0.99300 -509.40000
0.46020 0.04900 0.73180 0.94660 0.67380 -391.80000
0.15700 0.04900 0.56580 0.82860 0.63140 313.80000
0.18100 0.04900 0.60700 1.17900 0.78700 294.60000
0.33100 0.04900 0.51380 0.91020 0.76300 -4.20000
0.34540 0.04900 0.89460 1.04020 0.72700 585.00000
0.25700 0.04900 0.81860 0.84300 0.67980 -303.00000
0.23500 0.04900 0.70580 0.87700 0.86820 -586.20000
0.33540 0.04900 0.79740 0.98060 0.82780 264.60000
0.21780 0.04900 0.51420 0.90860 0.64060 113.40000
0.33580 0.04900 0.75820 1.09220 0.75780 -415.80000
0.18900 0.04900 0.75060 1.06380 0.87980 69.00000
0.35660 0.04900 0.63540 1.18260 0.71540 469.80000
0.49220 0.04900 0.58620 1.17340 0.62700 130.20000
0.15060 0.04900 0.72940 1.14740 0.81300 -285.00000
0.22420 0.04900 0.87340 0.90380 0.89940 49.80000
0.47820 0.04900 0.88660 1.01420 0.95660 383.40000
0.11060 0.04900 0.78380 0.91780 0.70580 60.60000
0.45380 0.04900 0.80860 0.81060 0.86340 -267.00000
0.12620 0.04900 0.84860 0.98380 0.92420 166.20000
0.40900 0.04900 0.72260 0.96660 0.85380 161.40000
0.35860 0.04900 0.81820 1.08220 0.67580 -45.00000
0.46740 0.04900 0.52540 0.90500 0.93940 -414.60000
0.31540 0.04900 0.89660 1.00900 0.87140 -339.00000
0.48780 0.04900 0.82140 0.99220 0.69260 -473.40000
0.16220 0.04900 0.88300 0.85660 0.92260 -63.00000
0.20580 0.04900 0.81740 0.85220 0.76860 -585.00000
0.15820 0.04900 0.78660 0.94860 0.92820 157.80000
0.30700 0.04900 0.65020 1.14460 0.64020 299.40000
0.14700 0.04900 0.70620 1.11380 0.61700 119.40000
0.19620 0.04900 0.82460 1.19900 0.79020 65.40000
0.36100 0.04900 0.77980 0.97700 0.99500 525.00000
0.48940 0.04900 0.73340 0.95260 0.68820 564.60000
0.22220 0.04900 0.70260 1.17140 0.74820 239.40000
0.10380 0.04900 0.78580 1.12140 0.92060 455.40000
0.31820 0.04900 0.87380 0.91540 0.77860 -442.20000
0.39740 0.04900 0.64300 1.08700 0.77380 592.20000
0.39220 0.04900 0.86020 0.95740 0.91460 -384.60000
0.28940 0.04900 0.84700 1.18860 0.64500 -19.80000
0.27980 0.04900 0.82220 0.81700 0.66980 180.60000
0.44340 0.04900 0.74060 0.98900 0.73340 415.80000
0.17500 0.04900 0.65060 1.05260 0.75260 483.00000
0.11660 0.04900 0.51180 0.86060 0.63980 460.20000
0.47140 0.04900 0.54140 1.03540 0.78500 196.20000
0.39260 0.04900 0.74220 1.18620 0.86700 276.60000
0.14180 0.04900 0.68860 0.89500 0.72340 -120.60000
0.38460 0.04900 0.61900 0.82580 0.92940 -577.80000
0.22980 0.04900 0.60340 0.86940 0.84620 471.00000
0.32500 0.04900 0.80100 0.98420 0.72740 -84.60000
0.36740 0.04900 0.70300 0.87340 0.62380 15.00000
0.17260 0.04900 0.64700 0.94540 0.90540 27.00000
0.43820 0.04900 0.52700 1.11540 0.71340 115.80000
0.21300 0.04900 0.59820 1.14420 0.64940 39.00000
0.35980 0.04900 0.74380 0.86820 0.78740 138.60000
0.31460 0.04900 0.81540 1.13860 0.89700 -306.60000
0.42820 0.04900 0.76860 0.94620 0.71180 197.40000
0.46620 0.04900 0.88220 1.13620 0.74260 123.00000
0.44420 0.04900 0.67700 0.95180 0.61220 -371.40000
0.16940 0.04900 0.68780 0.87500 0.61140 -151.80000
0.28060 0.04900 0.63940 0.89700 0.97660 -235.80000
0.21620 0.04900 0.66340 1.06580 0.88540 -117.00000
0.18740 0.04900 0.86740 0.82740 0.68220 277.80000
0.30060 0.04900 0.72820 0.87140 0.87580 247.80000
0.17580 0.04900 0.50580 1.14340 0.91180 51.00000
0.41380 0.04900 0.87260 1.11220 0.84260 -251.40000
0.39020 0.04900 0.88580 0.83900 0.83860 459.00000
0.20620 0.04900 0.62380 1.12300 0.60580 367.80000
0.45660 0.04900 0.71180 1.15820 0.68660 -137.40000
0.47300 0.04900 0.86540 1.01860 0.61340 -257.40000
0.17540 0.04900 0.59100 1.18900 0.72940 -400.20000
0.44780 0.04900 0.61660 0.91700 0.68740 449.40000
0.36700 0.04900 0.82420 0.85700 0.62140 594.60000
0.36660 0.04900 0.81500 1.16060 0.65380 -376.20000
0.41540 0.04900 0.89060 0.92220 0.66100 163.80000
0.45740 0.04900 0.84140 1.19820 0.98780 -201.00000
0.34900 0.04900 0.55260 1.01620 0.92620 -271.80000
0.38740 0.04900 0.79060 1.08100 0.97820 400.20000
0.40020 0.04900 0.88260 1.08620 0.80820 221.40000
0.27620 0.04900 0.56140 1.07860 0.69180 -513.00000
0.43140 0.04900 0.72860 1.07940 0.83100 82.20000
0.24780 0.04900 0.89420 1.13420 0.71500 -346.20000
0.25140 0.04900 0.57940 1.03340 0.61180 -312.60000
0.18180 0.04900 0.68700 0.90180 0.70860 -581.40000
0.42420 0.04900 0.50460 0.82220 0.64660 -330.60000
0.37340 0.04900 0.53620 0.85980 0.72580 -405.00000
0.43700 0.04900 0.83300 0.89620 0.75340 -503.40000
0.34340 0.04900 0.58660 1.04180 0.94940 330.60000
0.45540 0.04900 0.81300 0.96180 0.79900 -207.00000
0.15740 0.04900 0.87060 1.00780 0.85700 311.40000
0.33180 0.04900 0.80820 0.90140 0.71860 358.20000
0.22140 0.04900 0.52300 0.84580 0.88820 303.00000
0.16700 0.04900 0.55700 1.05940 0.69060 261.00000
0.42460 0.04900 0.77500 0.83980 0.83780 83.40000
0.36260 0.04900 0.64620 1.07140 0.69460 -286.20000
0.11300 0.04900 0.60860 1.03300 0.71420 430.20000
0.29860 0.04900 0.63860 1.12460 0.80100 -143.40000
0.39980 0.04900 0.63220 1.06820 0.96100 -495.00000
0.13700 0.04900 0.81100 0.86740 0.64580 306.60000
0.28660 0.04900 0.71460 0.91420 0.95940 -96.60000
0.21740 0.04900 0.65380 1.18540 0.69020 -407.40000
0.14620 0.04900 0.58220 1.08300 0.79340 598.20000
0.18820 0.04900 0.58860 0.93700 0.74740 516.60000
0.34300 0.04900 0.69460 0.82780 0.94660 595.80000
0.49820 0.04900 0.73900 1.03900 0.65140 -21.00000
0.13260 0.04900 0.89620 0.98700 0.95380 -153.00000
0.34220 0.04900 0.74340 1.09260 0.67940 -191.40000
0.48460 0.04900 0.60380 1.19180 0.73300 23.40000
0.41980 0.04900 0.66220 1.02140 0.66940 -90.60000
0.12060 0.04900 0.50500 0.95340 0.96500 417.00000
0.35140 0.04900 0.74740 1.12860 0.93820 457.80000
0.21820 0.04900 0.61380 1.00300 0.86180 -355.80000
0.39540 0.04900 0.81140 0.88860 0.60420 -328.20000
0.30780 0.04900 0.55100 0.87580 0.62940 -576.60000
0.19940 0.04900 0.65540 1.16260 0.77340 -357.00000
0.27940 0.04900 0.76900 0.81020 0.98020 -103.80000
0.13580 0.04900 0.65980 1.13300 0.84820 9.00000
0.39620 0.04900 0.86860 0.83340 0.75740 508.20000
0.26140 0.04900 0.78620 0.95220 0.97180 -453.00000
0.20060 0.04900 0.77860 0.91820 0.75900 -492.60000
0.10420 0.04900 0.64980 1.19380 0.96020 -177.00000
0.17660 0.04900 0.66580 1.10900 0.71260 3.00000
0.26500 0.04900 0.89740 1.11940 0.63620 325.80000
0.10500 0.04900 0.80060 0.86540 0.88380 427.80000
0.34140 0.04900 0.61260 1.07900 0.96940 365.40000
0.44060 0.04900 0.56220 0.96860 0.82740 192.60000
0.49740 0.04900 0.52820 1.10060 0.85740 -214.20000
0.43300 0.04900 0.88820 1.10780 0.71300 -561.00000
0.30820 0.04900 0.58580 0.90820 0.79620 281.40000
0.49940 0.04900 0.57780 0.80380 0.65060 513.00000
0.46900 0.04900 0.54900 0.90780 0.88340 431.40000
0.40580 0.04900 0.84060 0.83020 0.87180 -145.80000
0.40980 0.04900 0.59020 0.96980 0.84140 504.60000
0.13500 0.04900 0.87540 1.06660 0.91260 372.60000
0.17860 0.04900 0.57340 1.11460 0.80180 526.20000
0.48380 0.04900 0.59340 0.87940 0.66500 -69.00000
0.28220 0.04900 0.82540 1.15540 0.84060 -148.20000
0.47100 0.04900 0.61300 0.92300 0.76500 -36.60000
0.15380 0.04900 0.80300 1.04860 0.74020 -373.80000
0.37980 0.04900 0.84940 0.99820 0.97340 58.20000
0.13340 0.04900 0.89860 1.12700 0.92980 -237.00000
0.14940 0.04900 0.83580 0.99420 0.93780 301.80000
0.10860 0.04900 0.81460 1.02260 0.83620 168.60000
0.49260 0.04900 0.86380 1.11060 0.90580 106.20000
0.11580 0.04900 0.72700 0.88620 0.74500 -423.00000
0.46100 0.04900 0.56660 1.01020 0.95140 -229.80000
0.33380 0.04900 0.58700 1.19980 0.87380 232.20000
0.14580 0.04900 0.73500 0.89780 0.78980 501.00000
0.29180 0.04900 0.57740 0.81260 0.94020 79.80000
0.10660 0.04900 0.72300 0.81300 0.66060 363.00000
0.45820 0.04900 0.89300 0.95380 0.67340 4.20000
0.11980 0.04900 0.68380 1.03100 0.69380 -97.80000
0.36900 0.04900 0.71380 0.81580 0.64780 -60.60000
0.12860 0.04900 0.84780 1.11820 0.76540 -162.60000
0.32780 0.04900 0.56700 1.08140 0.72660 549.00000
0.23740 0.04900 0.68340 0.95900 0.69140 399.00000
0.18420 0.04900 0.58500 0.80620 0.96180 -39.00000
0.40220 0.04900 0.63580 0.83260 0.65700 252.60000
0.46140 0.04900 0.57300 0.85420 0.72380 503.40000
0.19340 0.04900 0.70220 0.84860 0.89420 16.20000
0.16580 0.04900 0.83940 0.89180 0.74300 384.60000
0.12420 0.04900 0.83140 0.98340 0.70980 432.60000
0.24220 0.04900 0.66740 0.92380 0.86020 -203.40000
0.43420 0.04900 0.61460 0.83220 0.96420 -454.20000
0.26700 0.04900 0.64860 0.95500 0.85220 -421.80000
0.17460 0.04900 0.60740 0.96060 0.61380 -12.60000
0.15780 0.04900 0.83820 0.93580 0.68340 289.80000
0.43180 0.04900 0.82700 0.99020 0.96460 -436.20000
0.15300 0.04900 0.65940 1.13500 0.68140 377.40000
0.12140 0.04900 0.65140 1.00260 0.96700 403.80000
0.39460 0.04900 0.81220 0.98860 0.70100 30.60000
0.46940 0.04900 0.67340 1.09580 0.68100 -264.60000
0.24420 0.04900 0.81700 1.14620 0.93460 169.80000
0.25380 0.04900 0.65220 0.86860 0.89980 318.60000
0.21500 0.04900 0.59740 1.19500 0.80540 359.40000
0.10100 0.04900 0.54660 1.04580 0.64300 -387.00000
0.41220 0.04900 0.66780 0.89940 0.66740 -558.60000
0.29220 0.04900 0.86260 0.87060 0.68900 222.60000
0.11220 0.04900 0.65300 1.03820 0.64460 435.00000
0.45980 0.04900 0.83780 1.18060 0.79260 -335.40000
0.40660 0.04900 0.69980 1.02820 0.96300 112.20000
0.33020 0.04900 0.53500 1.12420 0.79420 -79.80000
0.31100 0.04900 0.50620 0.93620 0.74940 461.40000
0.11700 0.04900 0.71820 1.14220 0.74700 351.00000
0.23260 0.04900 0.87900 0.81380 0.75620 136.20000
0.12300 0.04900 0.51660 0.95580 0.95340 -49.80000
0.41300 0.04900 0.74100 1.00020 0.70900 -33.00000
0.46460 0.04900 0.85540 1.09860 0.85420 59.40000
0.24500 0.04900 0.71300 1.17300 0.79180 -557.40000
0.22940 0.04900 0.76820 0.92820 0.74540 -211.80000
0.41500 0.04900 0.61340 0.83740 0.92100 433.80000
0.16180 0.04900 0.88140 1.04940 0.61060 -567.00000
0.13820 0.04900 0.78420 0.98020 0.83540 -517.80000
0.36500 0.04900 0.80180 1.14500 0.70020 -252.60000
0.46420 0.04900 0.66620 0.83380 0.77940 -15.00000
0.29060 0.04900 0.53380 0.93220 0.89260 231.00000
0.34820 0.04900 0.77780 1.13820 0.85180 144.60000
0.13540 0.04900 0.87420 1.07300 0.81740 -245.40000
0.10540 0.04900 0.86980 0.97620 0.77740 293.40000
0.44020 0.04900 0.81980 0.99940 0.79540 283.80000
0.33900 0.04900 0.86820 1.12260 0.73100 177.00000
0.47180 0.04900 0.59620 0.89460 0.87900 -169.80000
0.39500 0.04900 0.52740 0.86140 0.78660 495.00000
0.30900 0.04900 0.74580 0.98100 0.91020 271.80000
0.14900 0.04900 0.70100 1.08660 0.91620 319.80000
0.48820 0.04900 0.53300 1.17180 0.73780 -281.40000
0.22620 0.04900 0.67860 0.81780 0.89380 539.40000
0.17700 0.04900 0.51500 0.83300 0.66700 528.60000
0.12220 0.04900 0.71580 1.05620 0.96540 18.60000
0.46260 0.04900 0.64220 1.10820 0.60660 77.40000
0.46220 0.04900 0.60260 0.93140 0.79140 -323.40000
0.17020 0.04900 0.53180 0.94460 0.96380 423.00000
0.22740 0.04900 0.58940 1.07380 0.94380 109.80000
0.36340 0.04900 0.86300 0.88820 0.69940 -106.20000
0.36580 0.04900 0.78140 0.99660 0.66620 262.20000
0.14500 0.04900 0.81340 1.09140 0.74780 -307.80000
0.45300 0.04900 0.76700 0.84100 0.87340 405.00000
0.42100 0.04900 0.68740 0.93460 0.83580 -331.80000
0.43580 0.04900 0.76580 0.94820 0.83700 -480.60000
0.25260 0.04900 0.50340 0.97780 0.60780 235.80000
0.23020 0.04900 0.58820 1.09020 0.77700 315.00000
0.26820 0.04900 0.69900 1.19860 0.88620 437.40000
0.18780 0.04900 0.84220 1.09780 0.85660 579.00000
0.28460 0.04900 0.70980 0.88700 0.92300 -78.60000
0.16900 0.04900 0.66460 1.08540 0.63300 13.80000
0.24300 0.04900 0.76540 1.15020 0.72540 90.60000
0.26940 0.04900 0.60780 1.18660 0.82940 -381.00000
0.37580 0.04900 0.72660 0.94220 0.77780 521.40000
0.26300 0.04900 0.89020 0.82820 0.88460 -553.80000
0.44860 0.04900 0.82060 0.89860 0.61620 173.40000
0.33740 0.04900 0.77180 0.97140 0.65820 253.80000
0.41580 0.04900 0.74980 0.97460 0.68060 -295.80000
0.23940 0.04900 0.63300 1.14020 0.64380 -53.40000
0.14460 0.04900 0.56020 0.99780 0.76380 309.00000
0.16620 0.04900 0.83700 1.19060 0.68260 -221.40000
0.11140 0.04900 0.64260 0.80060 0.91940 507.00000
0.33420 0.04900 0.76620 1.12780 0.92580 -541.80000
0.37220 0.04900 0.67620 1.02100 0.65300 -477.00000
0.16820 0.04900 0.72100 1.05100 0.97860 -598.20000
0.41860 0.04900 0.69700 0.90460 0.62740 -325.80000
0.10020 0.04900 0.56460 0.85140 0.61020 -160.20000
0.45620 0.04900 0.55020 1.00620 0.89780 12.60000
0.31740 0.04900 0.76940 1.09300 0.90220 -580.20000
0.14020 0.04900 0.80780 0.97300 0.66860 -183.00000
0.27220 0.04900 0.63740 1.04540 0.91980 352.20000
0.49700 0.04900 0.66140 1.18740 0.89740 305.40000
0.49140 0.04900 0.61580 0.81820 0.74340 265.80000
0.14980 0.04900 0.82860 0.85900 0.67900 -443.40000
0.43940 0.04900 0.66100 0.89740 0.64220 263.40000
0.27660 0.04900 0.54220 0.96620 0.95100 132.60000
0.47780 0.04900 0.60900 1.01700 0.69220 532.20000
0.23380 0.04900 0.59780 0.85180 0.92140 -3.00000
0.17060 0.04900 0.53260 0.87260 0.87860 484.20000
0.22380 0.04900 0.85220 0.91060 0.70060 -463.80000
0.22340 0.04900 0.62900 1.10180 0.99580 75.00000
0.32180 0.04900 0.64740 0.82420 0.82140 233.40000
0.41060 0.04900 0.74860 0.93300 0.68780 47.40000
0.13300 0.04900 0.73660 0.83940 0.80420 -132.60000
0.31060 0.04900 0.86060 0.86100 0.71140 67.80000
0.11380 0.04900 0.75460 0.93020 0.65740 17.40000
0.48060 0.04900 0.71340 1.09540 0.90260 -309.00000
0.38220 0.04900 0.72460 0.83180 0.68380 597.00000
0.28900 0.04900 0.57260 1.00940 0.87500 323.40000
0.23660 0.04900 0.61820 0.98460 0.80140 -412.20000
0.25820 0.04900 0.65820 1.16860 0.90820 -539.40000
0.49340 0.04900 0.68460 0.88340 0.67220 96.60000
0.26540 0.04900 0.57620 0.86220 0.67420 -570.60000
0.22540 0.04900 0.72980 0.90740 0.94900 -552.60000
0.31700 0.04900 0.86180 1.15620 0.76940 394.20000
0.23300 0.04900 0.71740 1.08980 0.81860 477.00000
0.41340 0.04900 0.56340 0.94980 0.88300 413.40000
0.32460 0.04900 0.56620 1.01980 0.70740 547.80000
0.37740 0.04900 0.55180 0.81620 0.61740 -277.80000
0.45860 0.04900 0.83020 1.15260 0.69340 300.60000
0.44300 0.04900 0.78460 1.14980 0.80260 467.40000
0.47620 0.04900 0.72180 1.19300 0.74140 -279.00000
0.40500 0.04900 0.56540 0.86300 0.89340 -136.20000
0.37780 0.04900 0.74620 0.94340 0.91420 -142.20000
0.12780 0.04900 0.58340 0.84780 0.91300 419.40000
0.38660 0.04900 0.76220 0.99060 0.83460 -195.00000
0.46500 0.04900 0.68660 0.94380 0.76980 -379.80000
0.14660 0.04900 0.55980 1.01900 0.79780 -205.80000
0.25180 0.04900 0.60660 1.14060 0.92900 561.00000
0.32820 0.04900 0.65180 1.06900 0.62060 587.40000
0.35540 0.04900 0.63500 1.07500 0.79580 -167.40000
0.46700 0.04900 0.60180 1.19660 0.78580 71.40000
0.48500 0.04900 0.87700 1.16700 0.77060 -321.00000
0.11460 0.04900 0.77620 1.02660 0.70660 -537.00000
0.17620 0.04900 0.70740 1.14780 0.84340 -256.20000
0.13020 0.04900 0.65780 0.97940 0.79700 -34.20000
0.18700 0.04900 0.88540 1.17420 0.75580 -81.00000
0.30140 0.04900 0.53660 1.00060 0.75300 -202.20000
0.42620 0.04900 0.68540 0.87300 0.94220 -300.60000
0.39340 0.04900 0.67580 0.83780 0.96060 397.80000
0.18260 0.04900 0.88980 0.92660 0.85900 -0.60000
0.20500 0.04900 0.66540 1.12380 0.85980 24.60000
0.48700 0.04900 0.62140 0.80140 0.64700 95.40000
0.26180 0.04900 0.71500 0.93100 0.75540 570.60000
0.40820 0.04900 0.61500 0.98820 0.66340 -349.80000
0.10780 0.04900 0.89940 1.06740 0.92540 385.80000
0.24260 0.04900 0.79260 1.03620 0.90180 81.00000
0.24940 0.04900 0.53900 1.16740 0.74980 -304.20000
0.44540 0.04900 0.64460 1.08020 0.75700 411.00000
0.24100 0.04900 0.78980 0.98780 0.64340 -343.80000
0.42180 0.04900 0.58300 0.83100 0.87700 425.40000
0.23980 0.04900 0.58020 1.16140 0.97460 -521.40000
0.20460 0.04900 0.78340 1.12580 0.85020 131.40000
0.21060 0.04900 0.82900 0.93860 0.99420 -83.40000
0.35940 0.04900 0.58260 0.99740 0.64620 171.00000
0.19540 0.04900 0.75140 1.13700 0.99700 371.40000
0.20420 0.04900 0.63340 0.92700 0.85780 -199.80000
0.37020 0.04900 0.81180 0.99380 0.74860 454.20000
0.43500 0.04900 0.79140 0.90580 0.74380 -519.00000
0.37540 0.04900 0.82260 0.80540 0.98300 496.20000
0.36060 0.04900 0.79900 1.05780 0.84180 -301.80000
0.31020 0.04900 0.69860 0.88420 0.96260 -502.20000
0.13660 0.04900 0.55860 0.87220 0.69900 591.00000
0.23180 0.04900 0.54020 0.88500 0.61980 -340.20000
0.21460 0.04900 0.62100 1.11660 0.78900 286.20000
0.46300 0.04900 0.69780 1.18820 0.78260 322.20000
0.45900 0.04900 0.50020 0.93420 0.71580 353.40000
0.27500 0.04900 0.55300 0.98980 0.86300 478.20000
0.41420 0.04900 0.85860 0.94500 0.97940 -409.80000
0.35420 0.04900 0.76060 1.05220 0.86380 186.60000
0.43460 0.04900 0.51060 1.11620 0.89020 -447.00000
0.44220 0.04900 0.87660 0.91300 0.88140 258.60000
0.35340 0.04900 0.88060 0.88380 0.72420 -89.40000
0.33980 0.04900 0.54700 0.88940 0.80620 -514.20000
0.47420 0.04900 0.72340 1.12940 0.75060 577.80000
0.31140 0.04900 0.53220 1.01220 0.87300 -157.80000
0.44900 0.04900 0.67660 0.99860 0.66220 185.40000
0.15540 0.04900 0.77740 1.12500 0.98100 147.00000
0.49500 0.04900 0.73700 1.17260 0.73020 19.80000
0.27300 0.04900 0.62860 1.16580 0.63940 -9.00000
0.40740 0.04900 0.88900 1.10260 0.77900 150.60000
0.28820 0.04900 0.74260 0.84980 0.78620 120.60000
0.24580 0.04900 0.83060 0.91460 0.62220 11.40000
0.45180 0.04900 0.62540 0.83620 0.98340 61.80000
0.34980 0.04900 0.63620 1.16500 0.68020 203.40000
0.37900 0.04900 0.77820 0.91660 0.91780 -369.00000
0.28100 0.04900 0.65500 0.97020 0.73260 -228.60000
0.15660 0.04900 0.59700 1.17460 0.85620 -449.40000
0.28980 0.04900 0.85140 0.93980 0.68860 321.00000
0.26740 0.04900 0.67220 1.05300 0.83220 -280.20000
0.32220 0.04900 0.87820 0.80020 0.99860 -275.40000
0.33660 0.04900 0.71660 0.89580 0.84220 -269.40000
0.34660 0.04900 0.89380 0.92180 0.88260 492.60000
0.20380 0.04900 0.62980 1.05340 0.80300 544.20000
0.37260 0.04900 0.89340 1.15060 0.60100 -129.00000
0.40420 0.04900 0.64780 1.07100 0.99900 514.20000
0.17180 0.04900 0.78100 1.14540 0.79500 -130.20000
0.21260 0.04900 0.72020 1.05380 0.82900 -240.60000
0.39380 0.04900 0.88940 1.02700 0.89540 453.00000
0.42660 0.04900 0.74700 1.08420 0.64860 195.00000
0.26340 0.04900 0.59460 0.84380 0.78860 552.60000
0.29980 0.04900 0.67460 1.05500 0.79820 490.20000
0.20900 0.04900 0.55060 0.94780 0.74580 391.80000
0.41620 0.04900 0.54340 0.80300 0.95740 -385.80000
0.47980 0.04900 0.51220 1.14700 0.64540 341.40000
0.12460 0.04900 0.51540 1.10340 0.87820 448.20000
0.13060 0.04900 0.70700 1.06140 0.76900 251.40000
0.30740 0.04900 0.63980 1.00180 0.92700 89.40000
0.46180 0.04900 0.75740 1.18780 0.77500 473.40000
0.46340 0.04900 0.89500 0.97740 0.97220 108.60000
0.27100 0.04900 0.63180 0.87420 0.82980 -532.20000
0.27860 0.04900 0.51740 0.92340 0.95580 126.60000
0.22500 0.04900 0.50940 1.04620 0.99060 73.80000
0.18340 0.04900 0.66260 1.02460 0.83740 -484.20000
0.18860 0.04900 0.52140 0.85100 0.99660 -429.00000
0.25740 0.04900 0.54620 1.12740 0.89580 -329.40000
0.34260 0.04900 0.52420 1.17380 0.90020 287.40000
0.48980 0.04900 0.86100 1.06860 0.61780 502.20000
0.11340 0.04900 0.51900 0.88460 0.84740 334.20000
0.37420 0.04900 0.52500 1.08940 0.82700 149.40000
0.15860 0.04900 0.56860 0.91900 0.97020 439.80000
0.38260 0.04900 0.56300 0.92060 0.77100 135.00000
0.20740 0.04900 0.54300 1.01500 0.63420 -441.00000
0.42060 0.04900 0.67180 1.03220 0.67860 162.60000
0.27060 0.04900 0.86340 0.89300 0.69420 216.60000
0.43860 0.04900 0.81580 1.06180 0.60500 -485.40000
0.33780 0.04900 0.72380 1.15900 0.78220 333.00000
0.22700 0.04900 0.89100 1.18580 0.98580 310.20000
0.24020 0.04900 0.57420 0.87820 0.69500 -198.60000
0.20820 0.04900 0.60580 0.96340 0.86260 -528.60000
0.39780 0.04900 0.80540 1.13340 0.98740 472.20000
0.46580 0.04900 0.80460 0.83060 0.84660 268.20000
0.16780 0.04900 0.60060 0.95780 0.80780 -210.60000
0.42020 0.04900 0.69220 1.17540 0.85060 -161.40000
0.28260 0.04900 0.73380 1.04460 0.96660 -389.40000
0.47580 0.04900 0.65460 1.19260 0.73700 511.80000
0.38340 0.04900 0.83620 0.82100 0.76780 529.80000
0.22820 0.04900 0.82980 0.96940 0.62580 468.60000
0.48020 0.04900 0.69140 0.80580 0.93980 -171.00000
0.33140 0.04900 0.83220 1.15940 0.88740 543.00000
0.29700 0.04900 0.75900 1.14900 0.92460 556.20000
0.29100 0.04900 0.66900 1.15220 0.73180 402.60000
0.40340 0.04900 0.80260 1.13100 0.90420 -55.80000
0.46660 0.04900 0.80020 0.84260 0.98620 -220.20000
0.49860 0.04900 0.59540 1.19780 0.73620 559.80000
0.10260 0.04900 0.84020 1.02220 0.67700 -336.60000
0.11860 0.04900 0.58740 1.09620 0.92340 -361.80000
0.37620 0.04900 0.59140 1.17980 0.60540 -367.80000
0.38940 0.04900 0.70180 0.87780 0.81980 581.40000
0.27180 0.04900 0.87180 0.86180 0.94980 -180.60000
0.16420 0.04900 0.63260 0.85260 0.65220 -393.00000
0.10700 0.04900 0.59060 0.99900 0.80020 -403.80000
0.47700 0.04900 0.71780 1.04740 0.71460 228.60000
0.39700 0.04900 0.54180 1.02540 0.96740 553.80000
0.18620 0.04900 0.55660 1.03660 0.93620 -372.60000
0.31180 0.04900 0.64060 0.86260 0.94460 -43.80000
0.29500 0.04900 0.80340 0.97660 0.88580 -51.00000
0.41900 0.04900 0.69020 0.93660 0.67100 -274.20000
0.19780 0.04900 0.82380 0.91380 0.61100 -531.00000
0.12260 0.04900 0.72220 0.97340 0.65500 -497.40000
0.16460 0.04900 0.52580 1.06500 0.73660 -231.00000
0.23060 0.04900 0.75340 0.95860 0.98260 -406.20000
0.25660 0.04900 0.81060 1.08340 0.89300 48.60000
0.32020 0.04900 0.78740 0.84540 0.86900 -258.60000
0.24740 0.04900 0.62060 1.11140 0.85100 -390.60000
0.36780 0.04900 0.66820 0.87100 0.75100 -48.60000
0.20660 0.04900 0.65340 0.96700 0.67620 -347.40000
0.23420 0.04900 0.88340 0.97100 0.99780 522.60000
0.11500 0.04900 0.65740 1.02740 0.78060 376.20000
0.35580 0.04900 0.79180 1.02900 0.82300 -439.80000
0.16660 0.04900 0.60620 0.95700 0.68940 349.80000
0.21220 0.04900 0.70940 1.07020 0.67260 465.00000
0.22460 0.04900 0.59220 0.89540 0.64900 -546.60000
0.40380 0.04900 0.62580 0.98540 0.62260 -559.80000
0.41780 0.04900 0.56940 0.90340 0.80460 462.60000
0.32100 0.04900 0.69820 1.15700 0.88100 -253.80000
0.22780 0.04900 0.64900 0.98500 0.99540 36.60000
0.23900 0.04900 0.76020 1.03580 0.81380 298.20000
0.43540 0.04900 0.51780 0.83660 0.60900 105.00000
0.45060 0.04900 0.87140 0.82020 0.73060 -579.00000
0.41660 0.04900 0.53700 0.84660 0.95540 -364.20000
0.48740 0.04900 0.70780 1.02980 0.97980 215.40000
0.28780 0.04900 0.64180 1.09980 0.95300 -238.20000
0.30420 0.04900 0.88420 1.03180 0.72460 6.60000
0.32580 0.04900 0.51580 1.05740 0.98660 -592.20000
0.16260 0.04900 0.66300 1.09420 0.93100 256.20000
0.40460 0.04900 0.51260 1.12220 0.61540 -348.60000
0.47860 0.04900 0.83260 0.90660 0.72860 347.40000
0.16540 0.04900 0.73820 0.99580 0.78340 72.60000
0.19460 0.04900 0.87940 1.02940 0.78020 408.60000
0.47540 0.04900 0.81940 1.01100 0.70340 -474.60000
0.20340 0.04900 0.56420 1.16100 0.81820 442.20000
0.19660 0.04900 0.63420 0.91100 0.85260 527.40000
0.34500 0.04900 0.71700 1.09380 0.68500 -317.40000
0.12740 0.04900 0.60460 0.81180 0.91700 255.00000
0.36460 0.04900 0.66660 1.12540 0.67180 345.00000
0.14100 0.04900 0.59420 0.86020 0.62620 -491.40000
0.44620 0.04900 0.87980 0.96220 0.76580 -563.40000
0.14420 0.04900 0.67060 0.95140 0.81340 33.00000
0.49300 0.04900 0.78780 1.07660 0.84100 331.80000
0.38900 0.04900 0.73260 1.08780 0.98900 31.80000
0.29660 0.04900 0.62260 0.89100 0.70780 -125.40000
0.40180 0.04900 0.79860 0.95660 0.62100 -483.00000
0.31940 0.04900 0.80580 0.84900 0.78300 -13.80000
0.12100 0.04900 0.61420 0.88580 0.60140 -334.20000
0.19980 0.04900 0.64660 0.87740 0.97580 475.80000
0.30180 0.04900 0.79220 1.13260 0.62780 199.80000
0.38540 0.04900 0.83180 1.16420 0.94060 -501.00000
0.20100 0.04900 0.73940 1.08740 0.63900 198.60000
0.34460 0.04900 0.61860 0.93540 0.76140 -433.80000
0.17820 0.04900 0.68300 1.01260 0.98540 593.40000
0.25100 0.04900 0.88700 0.86340 0.84300 133.80000
0.16100 0.04900 0.52100 0.98620 0.86500 -486.60000
0.17300 0.04900 0.68180 1.12660 0.71380 -88.20000
0.15460 0.04900 0.58380 0.85940 0.95900 207.00000
0.44580 0.04900 0.72780 1.04380 0.63740 85.80000
0.29300 0.04900 0.76460 1.10220 0.86140 -87.00000
0.37940 0.04900 0.55620 0.86660 0.63100 -121.80000
0.24700 0.04900 0.62780 0.94700 0.99620 -141.00000
0.12580 0.04900 0.70900 1.02580 0.73220 -496.20000
0.31500 0.04900 0.82780 0.99180 0.72100 -475.80000
0.14340 0.04900 0.78700 1.11740 0.92180 563.40000
0.41100 0.04900 0.56180 0.82140 0.84780 -155.40000
0.32380 0.04900 0.75860 0.85620 0.78380 -588.60000
0.44460 0.04900 0.87780 0.82660 0.91340 574.20000
0.32340 0.04900 0.68220 0.86980 0.60860 -396.60000
0.18940 0.04900 0.67780 1.13940 0.86660 178.20000
0.10220 0.04900 0.51940 1.04220 0.86860 -550.20000
0.38620 0.04900 0.73100 0.88980 0.99380 445.80000
0.18220 0.04900 0.68100 0.94900 0.62980 -337.80000
0.49460 0.04900 0.52220 1.12620 0.69740 -289.80000
0.43020 0.04900 0.77420 0.94260 0.90980 -262.20000
0.28420 0.04900 0.71100 0.94580 0.86940 202.20000
0.22900 0.04900 0.81780 0.92860 0.80980 -73.80000
0.30540 0.04900 0.57820 1.16300 0.81460 535.80000
0.31860 0.04900 0.71860 1.11420 0.88860 -107.40000
0.47260 0.04900 0.63660 1.17780 0.76820 -115.80000
0.48660 0.04900 0.77060 0.80900 0.73740 273.00000
0.39420 0.04900 0.51820 1.12820 0.71620 519.00000
0.42380 0.04900 0.72140 1.04260 0.82340 21.00000
0.14260 0.04900 0.73740 1.04300 0.62540 129.00000
0.10340 0.04900 0.67260 1.16780 0.68460 -504.60000
0.13180 0.04900 0.83500 0.91620 0.91540 174.60000
0.32900 0.04900 0.71540 1.13740 0.79380 -438.60000
0.42540 0.04900 0.63020 1.10300 0.70700 -28.20000
0.49180 0.04900 0.60300 1.04100 0.75660 -71.40000
0.41460 0.04900 0.69580 0.90260 0.93660 102.60000
0.37380 0.04900 0.87500 1.06940 0.63540 -445.80000
0.37860 0.04900 0.87100 1.07180 0.62180 -388.20000
0.33340 0.04900 0.63780 0.81940 0.92380 -363.00000
0.24460 0.04900 0.79620 1.13660 0.84420 99.00000
0.11540 0.04900 0.78540 1.04780 0.94820 390.60000
0.43260 0.04900 0.55420 1.19100 0.88780 -459.00000
0.31980 0.04900 0.65660 0.86500 0.66420 -544.20000
0.26980 0.04900 0.75500 0.91260 0.86780 -291.00000
0.48140 0.04900 0.80140 0.82180 0.83060 -426.60000
0.48220 0.04900 0.82500 1.05980 0.86460 -85.80000
0.31620 0.04900 0.53100 0.92740 0.82580 569.40000
0.38020 0.04900 0.53580 1.03460 0.77220 125.40000
0.39100 0.04900 0.53740 1.16340 0.90100 531.00000
0.28300 0.04900 0.68140 1.01580 0.85580 -209.40000
0.29580 0.04900 0.52900 1.06300 0.63220 111.00000
0.45260 0.04900 0.55220 1.18700 0.65020 249.00000
0.42220 0.04900 0.73540 0.85300 0.99980 -249.00000
0.14820 0.04900 0.78260 1.01740 0.85940 -100.20000
0.10740 0.04900 0.76420 1.10100 0.67060 -54.60000
0.36140 0.04900 0.85500 0.81900 0.90860 -46.20000
0.44700 0.04900 0.74780 1.18980 0.81580 66.60000
0.12660 0.04900 0.75180 1.10380 0.60620 361.80000
0.29780 0.04900 0.84300 1.14100 0.82260 379.80000
0.25340 0.04900 0.71980 0.93900 0.75820 153.00000
0.21180 0.04900 0.74140 1.10940 0.99020 406.20000
0.31780 0.04900 0.55340 0.91220 0.60260 -57.00000
0.37180 0.04900 0.67300 0.93820 0.97500 288.60000
0.35300 0.04900 0.82100 1.01340 0.71780 533.40000
0.18500 0.04900 0.73220 1.09340 0.65780 389.40000
0.12900 0.04900 0.75700 1.00380 0.80700 193.80000
0.21980 0.04900 0.67820 0.85540 0.90380 -298.20000
0.10980 0.04900 0.80500 0.94740 0.97420 -239.40000
0.49540 0.04900 0.69620 0.81500 0.85500 -102.60000
0.45940 0.04900 0.61620 1.05460 0.89620 538.20000
0.26860 0.04900 0.66860 0.87020 0.70540 375.00000
0.35180 0.04900 0.75220 1.13220 0.84580 -489.00000
0.28500 0.04900 0.50060 0.96420 0.72060 357.00000
0.25780 0.04900 0.57700 0.80420 0.92740 29.40000
0.41740 0.04900 0.87860 0.80260 0.78540 -287.40000
0.43620 0.04900 0.89900 1.05580 0.76620 573.00000
0.26380 0.04900 0.70020 0.99100 0.95980 76.20000
0.36220 0.04900 0.53020 0.84500 0.88220 474.60000
0.22020 0.04900 0.74660 1.16660 0.93340 -243.00000
0.29740 0.04900 0.51020 1.15380 0.63060 -234.60000
0.12380 0.04900 0.69660 1.09900 0.69100 -77.40000
0.16980 0.04900 0.63380 1.00660 0.78820 443.40000
0.30020 0.04900 0.57380 0.81220 0.87420 70.20000
0.42140 0.04900 0.70460 0.84940 0.90620 145.80000
0.14300 0.04900 0.57980 1.19700 0.82620 -375.00000
0.43980 0.04900 0.50660 0.92620 0.62020 -430.20000
0.15180 0.04900 0.54500 0.85820 0.88900 489.00000
0.26660 0.04900 0.58540 0.89340 0.86100 -292.20000
0.16340 0.04900 0.83980 1.06220 0.72260 545.40000
0.11620 0.04900 0.55580 1.06780 0.77180 -222.60000
0.30500 0.04900 0.55140 1.13780 0.97060 366.60000
0.32700 0.04900 0.79940 1.00500 0.82220 7.80000
0.46780 0.04900 0.52620 1.17500 0.77020 505.80000
0.16140 0.04900 0.71900 1.16020 0.77580 -382.20000
0.38180 0.04900 0.84580 1.07820 0.93220 -397.80000
0.19180 0.04900 0.71220 0.93780 0.69300 -582.60000
0.29420 0.04900 0.63700 1.10980 0.80340 107.40000
0.30380 0.04900 0.58060 1.07700 0.90900 381.00000
0.22580 0.04900 0.58460 0.90420 0.94620 -413.40000
0.33620 0.04900 0.88020 1.08900 0.90660 312.60000
0.35700 0.04900 0.50100 1.14380 0.91100 78.60000
0.40060 0.04900 0.88780 1.09460 0.71660 340.20000
0.18540 0.04900 0.81660 1.01380 0.85820 316.20000
0.23340 0.04900 0.71060 1.00980 0.78940 515.40000
0.29940 0.04900 0.70660 1.18380 0.94540 -163.80000
0.21660 0.04900 0.86780 0.83460 0.71060 -42.60000
0.43340 0.04900 0.57500 1.06980 0.61460 -313.80000
0.38060 0.04900 0.86500 1.01300 0.99140 -105.00000
0.38780 0.04900 0.73980 1.05700 0.86420 480.60000
0.31260 0.04900 0.59500 0.96580 0.60940 100.20000
0.28700 0.04900 0.66700 1.19220 0.75140 -99.00000
0.13900 0.04900 0.75380 0.92260 0.87460 436.20000
0.34100 0.04900 0.86700 0.94060 0.67780 -571.80000
0.36540 0.04900 0.77900 1.14260 0.80940 -37.80000
0.44380 0.04900 0.65260 1.09500 0.89500 101.40000
0.46060 0.04900 0.60940 1.15340 0.61580 336.60000
0.45140 0.04900 0.86460 1.09180 0.81780 -246.60000
0.41940 0.04900 0.74300 1.10620 0.97900 -227.40000
0.10060 0.04900 0.56260 0.91980 0.90740 -265.80000
0.47340 0.04900 0.73780 0.85380 0.65860 -358.20000
0.42980 0.04900 0.73620 1.09100 0.90140 267.00000
0.19420 0.04900 0.77540 1.09740 0.75460 -448.20000
0.28180 0.04900 0.89220 0.82340 0.93180 -402.60000
0.39300 0.04900 0.73060 1.13540 0.60980 -190.20000
0.21020 0.04900 0.84180 1.06620 0.93420 -65.40000
0.45340 0.04900 0.89700 0.98300 0.64260 220.20000
0.21100 0.04900 0.82940 0.93260 0.67020 -505.80000
0.47020 0.04900 0.78060 1.06700 0.70260 189.00000
0.37060 0.04900 0.50260 0.82380 0.94860 382.20000
0.27740 0.04900 0.52780 0.99340 0.67660 426.60000
0.36980 0.04900 0.78940 0.80220 0.76700 393.00000
0.33260 0.04900 0.52460 0.88020 0.68180 165.00000
0.32660 0.04900 0.55500 1.17860 0.89900 -255.00000
0.47380 0.04900 0.85460 0.88140 0.61940 364.20000
0.17900 0.04900 0.80620 0.95620 0.87220 -192.60000
0.21140 0.04900 0.60980 1.13900 0.93580 -215.40000
0.30580 0.04900 0.67500 1.08580 0.62300 246.60000
0.48860 0.04900 0.86620 0.86620 0.72820 217.80000
0.49660 0.04900 0.88100 1.13380 0.93500 429.00000
0.13420 0.04900 0.79460 1.10740 0.90060 -565.80000
0.33700 0.04900 0.50740 1.02300 0.63500 -551.40000
0.40860 0.04900 0.66940 1.03140 0.76260 240.60000
0.22660 0.04900 0.56060 1.04900 0.63780 175.80000
0.44180 0.04900 0.56780 0.87620 0.92860 250.20000
