0.317500 0.049000 0.671100 0.962400 0.834000 -98.700000
0.317500 0.049000 0.671100 0.962400 0.834000 -67.500000
0.317500 0.049000 0.671100 0.962400 0.834000 -221.700000
0.317500 0.049000 0.671100 0.962400 0.834000 -91.500000
0.317500 0.049000 0.671100 0.962400 0.834000 -170.700000
0.317500 0.049000 0.671100 0.962400 0.834000 147.900000
0.317500 0.049000 0.671100 0.962400 0.834000 -243.900000
0.317500 0.049000 0.671100 0.962400 0.834000 26.700000
0.317500 0.049000 0.671100 0.962400 0.834000 -105.900000
0.317500 0.049000 0.671100 0.962400 0.834000 74.700000
0.317500 0.049000 0.671100 0.962400 0.834000 -174.300000
0.317500 0.049000 0.671100 0.962400 0.834000 -297.900000
0.317500 0.049000 0.671100 0.962400 0.834000 14.700000
0.317500 0.049000 0.671100 0.962400 0.834000 229.500000
0.317500 0.049000 0.671100 0.962400 0.834000 -17.100000
0.317500 0.049000 0.671100 0.962400 0.834000 77.100000
0.317500 0.049000 0.671100 0.962400 0.834000 269.700000
0.317500 0.049000 0.671100 0.962400 0.834000 -6.900000
0.317500 0.049000 0.671100 0.962400 0.834000 -51.900000
0.317500 0.049000 0.671100 0.962400 0.834000 222.900000
0.317500 0.049000 0.671100 0.962400 0.834000 48.300000
0.317500 0.049000 0.671100 0.962400 0.834000 -149.700000
0.317500 0.049000 0.671100 0.962400 0.834000 -216.900000
0.317500 0.049000 0.671100 0.962400 0.834000 243.900000
0.317500 0.049000 0.671100 0.962400 0.834000 178.500000
0.317500 0.049000 0.671100 0.962400 0.834000 -84.900000
0.317500 0.049000 0.671100 0.962400 0.834000 15.900000
0.317500 0.049000 0.671100 0.962400 0.834000 -118.500000
0.317500 0.049000 0.671100 0.962400 0.834000 120.900000
0.317500 0.049000 0.671100 0.962400 0.834000 -260.100000
0.317500 0.049000 0.671100 0.962400 0.834000 292.500000
0.317500 0.049000 0.671100 0.962400 0.834000 45.900000
0.317500 0.049000 0.671100 0.962400 0.834000 149.100000
0.317500 0.049000 0.671100 0.962400 0.834000 216.900000
0.317500 0.049000 0.671100 0.962400 0.834000 -99.300000
0.317500 0.049000 0.671100 0.962400 0.834000 -156.300000
0.317500 0.049000 0.671100 0.962400 0.834000 -158.100000
0.317500 0.049000 0.671100 0.962400 0.834000 86.700000
0.317500 0.049000 0.671100 0.962400 0.834000 54.900000
0.317500 0.049000 0.671100 0.962400 0.834000 174.900000
0.317500 0.049000 0.671100 0.962400 0.834000 -101.700000
0.317500 0.049000 0.671100 0.962400 0.834000 -150.300000
0.317500 0.049000 0.671100 0.962400 0.834000 26.100000
0.317500 0.049000 0.671100 0.962400 0.834000 171.300000
0.317500 0.049000 0.671100 0.962400 0.834000 -233.700000
0.317500 0.049000 0.671100 0.962400 0.834000 -213.900000
0.317500 0.049000 0.671100 0.962400 0.834000 185.100000
0.317500 0.049000 0.671100 0.962400 0.834000 251.700000
0.317500 0.049000 0.671100 0.962400 0.834000 -117.900000
0.317500 0.049000 0.671100 0.962400 0.834000 -214.500000
0.317500 0.049000 0.671100 0.962400 0.834000 -53.100000
0.317500 0.049000 0.671100 0.962400 0.834000 -259.500000
0.317500 0.049000 0.671100 0.962400 0.834000 -66.300000
0.317500 0.049000 0.671100 0.962400 0.834000 -162.300000
0.317500 0.049000 0.671100 0.962400 0.834000 223.500000
0.317500 0.049000 0.671100 0.962400 0.834000 70.500000
0.317500 0.049000 0.671100 0.962400 0.834000 150.900000
0.317500 0.049000 0.671100 0.962400 0.834000 107.100000
0.317500 0.049000 0.671100 0.962400 0.834000 -124.500000
0.317500 0.049000 0.671100 0.962400 0.834000 248.700000
0.317500 0.049000 0.671100 0.962400 0.834000 159.300000
0.317500 0.049000 0.671100 0.962400 0.834000 -96.900000
0.317500 0.049000 0.671100 0.962400 0.834000 -175.500000
0.317500 0.049000 0.671100 0.962400 0.834000 -78.900000
0.317500 0.049000 0.671100 0.962400 0.834000 -7.500000
0.317500 0.049000 0.671100 0.962400 0.834000 18.300000
0.317500 0.049000 0.671100 0.962400 0.834000 -5.100000
0.317500 0.049000 0.671100 0.962400 0.834000 286.500000
0.317500 0.049000 0.671100 0.962400 0.834000 -281.700000
0.317500 0.049000 0.671100 0.962400 0.834000 183.300000
0.317500 0.049000 0.671100 0.962400 0.834000 -293.100000
0.317500 0.049000 0.671100 0.962400 0.834000 -179.700000
0.317500 0.049000 0.671100 0.962400 0.834000 -90.900000
0.317500 0.049000 0.671100 0.962400 0.834000 -62.100000
0.317500 0.049000 0.671100 0.962400 0.834000 -250.500000
0.317500 0.049000 0.671100 0.962400 0.834000 111.300000
0.317500 0.049000 0.671100 0.962400 0.834000 -18.300000
0.317500 0.049000 0.671100 0.962400 0.834000 -87.900000
0.317500 0.049000 0.671100 0.962400 0.834000 238.500000
0.317500 0.049000 0.671100 0.962400 0.834000 -75.900000
0.317500 0.049000 0.671100 0.962400 0.834000 231.900000
0.317500 0.049000 0.671100 0.962400 0.834000 -140.100000
0.317500 0.049000 0.671100 0.962400 0.834000 68.700000
0.317500 0.049000 0.671100 0.962400 0.834000 234.300000
0.317500 0.049000 0.671100 0.962400 0.834000 57.300000
0.317500 0.049000 0.671100 0.962400 0.834000 142.500000
0.317500 0.049000 0.671100 0.962400 0.834000 -111.900000
0.317500 0.049000 0.671100 0.962400 0.834000 68.100000
0.317500 0.049000 0.671100 0.962400 0.834000 179.100000
0.317500 0.049000 0.671100 0.962400 0.834000 -66.900000
0.317500 0.049000 0.671100 0.962400 0.834000 106.500000
0.317500 0.049000 0.671100 0.962400 0.834000 227.100000
0.317500 0.049000 0.671100 0.962400 0.834000 -231.300000
0.317500 0.049000 0.671100 0.962400 0.834000 -11.700000
0.317500 0.049000 0.671100 0.962400 0.834000 -147.900000
0.317500 0.049000 0.671100 0.962400 0.834000 264.300000
0.317500 0.049000 0.671100 0.962400 0.834000 260.700000
0.317500 0.049000 0.671100 0.962400 0.834000 -141.900000
0.317500 0.049000 0.671100 0.962400 0.834000 -122.100000
0.317500 0.049000 0.671100 0.962400 0.834000 1.500000
0.317500 0.049000 0.671100 0.962400 0.834000 -231.900000
0.317500 0.049000 0.671100 0.962400 0.834000 -138.300000
0.317500 0.049000 0.671100 0.962400 0.834000 -254.700000
0.317500 0.049000 0.671100 0.962400 0.834000 -239.100000
0.317500 0.049000 0.671100 0.962400 0.834000 24.900000
0.317500 0.049000 0.671100 0.962400 0.834000 84.300000
0.317500 0.049000 0.671100 0.962400 0.834000 -74.100000
0.317500 0.049000 0.671100 0.962400 0.834000 -156.900000
0.317500 0.049000 0.671100 0.962400 0.834000 -115.500000
0.317500 0.049000 0.671100 0.962400 0.834000 -27.900000
0.317500 0.049000 0.671100 0.962400 0.834000 8.700000
0.317500 0.049000 0.671100 0.962400 0.834000 -260.700000
0.317500 0.049000 0.671100 0.962400 0.834000 275.700000
0.317500 0.049000 0.671100 0.962400 0.834000 -8.700000
0.317500 0.049000 0.671100 0.962400 0.834000 5.700000
0.317500 0.049000 0.671100 0.962400 0.834000 57.900000
0.317500 0.049000 0.671100 0.962400 0.834000 -47.700000
0.317500 0.049000 0.671100 0.962400 0.834000 -29.700000
0.317500 0.049000 0.671100 0.962400 0.834000 -86.700000
0.317500 0.049000 0.671100 0.962400 0.834000 -60.300000
0.317500 0.049000 0.671100 0.962400 0.834000 -27.300000
0.317500 0.049000 0.671100 0.962400 0.834000 -95.700000
0.317500 0.049000 0.671100 0.962400 0.834000 230.100000
0.317500 0.049000 0.671100 0.962400 0.834000 -137.700000
0.317500 0.049000 0.671100 0.962400 0.834000 -132.900000
0.317500 0.049000 0.671100 0.962400 0.834000 254.100000
0.317500 0.049000 0.671100 0.962400 0.834000 85.500000
0.317500 0.049000 0.671100 0.962400 0.834000 293.100000
0.317500 0.049000 0.671100 0.962400 0.834000 146.700000
0.317500 0.049000 0.671100 0.962400 0.834000 210.300000
0.317500 0.049000 0.671100 0.962400 0.834000 195.300000
0.317500 0.049000 0.671100 0.962400 0.834000 -110.100000
0.317500 0.049000 0.671100 0.962400 0.834000 263.700000
0.317500 0.049000 0.671100 0.962400 0.834000 297.300000
0.317500 0.049000 0.671100 0.962400 0.834000 141.300000
0.317500 0.049000 0.671100 0.962400 0.834000 67.500000
0.317500 0.049000 0.671100 0.962400 0.834000 -70.500000
0.317500 0.049000 0.671100 0.962400 0.834000 96.300000
0.317500 0.049000 0.671100 0.962400 0.834000 -252.300000
0.317500 0.049000 0.671100 0.962400 0.834000 256.500000
0.317500 0.049000 0.671100 0.962400 0.834000 3.900000
0.317500 0.049000 0.671100 0.962400 0.834000 55.500000
0.317500 0.049000 0.671100 0.962400 0.834000 32.100000
0.317500 0.049000 0.671100 0.962400 0.834000 -268.500000
0.317500 0.049000 0.671100 0.962400 0.834000 -207.900000
0.317500 0.049000 0.671100 0.962400 0.834000 74.100000
0.317500 0.049000 0.671100 0.962400 0.834000 51.900000
0.317500 0.049000 0.671100 0.962400 0.834000 -238.500000
0.317500 0.049000 0.671100 0.962400 0.834000 282.300000
0.317500 0.049000 0.671100 0.962400 0.834000 -230.700000
0.317500 0.049000 0.671100 0.962400 0.834000 -71.100000
0.317500 0.049000 0.671100 0.962400 0.834000 -206.700000
0.317500 0.049000 0.671100 0.962400 0.834000 226.500000
0.317500 0.049000 0.671100 0.962400 0.834000 -202.500000
0.317500 0.049000 0.671100 0.962400 0.834000 -47.100000
0.317500 0.049000 0.671100 0.962400 0.834000 287.100000
0.317500 0.049000 0.671100 0.962400 0.834000 173.100000
0.317500 0.049000 0.671100 0.962400 0.834000 114.900000
0.317500 0.049000 0.671100 0.962400 0.834000 97.500000
0.317500 0.049000 0.671100 0.962400 0.834000 -56.700000
0.317500 0.049000 0.671100 0.962400 0.834000 71.100000
0.317500 0.049000 0.671100 0.962400 0.834000 -54.300000
0.317500 0.049000 0.671100 0.962400 0.834000 78.900000
0.317500 0.049000 0.671100 0.962400 0.834000 170.100000
0.317500 0.049000 0.671100 0.962400 0.834000 -24.900000
0.317500 0.049000 0.671100 0.962400 0.834000 -167.700000
0.317500 0.049000 0.671100 0.962400 0.834000 20.700000
0.317500 0.049000 0.671100 0.962400 0.834000 -261.300000
0.317500 0.049000 0.671100 0.962400 0.834000 51.300000
0.317500 0.049000 0.671100 0.962400 0.834000 -195.300000
0.317500 0.049000 0.671100 0.962400 0.834000 139.500000
0.317500 0.049000 0.671100 0.962400 0.834000 50.700000
0.317500 0.049000 0.671100 0.962400 0.834000 113.700000
0.317500 0.049000 0.671100 0.962400 0.834000 264.900000
0.317500 0.049000 0.671100 0.962400 0.834000 -276.300000
0.317500 0.049000 0.671100 0.962400 0.834000 209.700000
0.317500 0.049000 0.671100 0.962400 0.834000 270.900000
0.317500 0.049000 0.671100 0.962400 0.834000 275.100000
0.317500 0.049000 0.671100 0.962400 0.834000 126.900000
0.317500 0.049000 0.671100 0.962400 0.834000 136.500000
0.317500 0.049000 0.671100 0.962400 0.834000 -33.900000
0.317500 0.049000 0.671100 0.962400 0.834000 42.300000
0.317500 0.049000 0.671100 0.962400 0.834000 -234.300000
0.317500 0.049000 0.671100 0.962400 0.834000 -283.500000
0.317500 0.049000 0.671100 0.962400 0.834000 230.700000
0.317500 0.049000 0.671100 0.962400 0.834000 242.700000
0.317500 0.049000 0.671100 0.962400 0.834000 -125.700000
0.317500 0.049000 0.671100 0.962400 0.834000 -206.100000
0.317500 0.049000 0.671100 0.962400 0.834000 95.700000
0.317500 0.049000 0.671100 0.962400 0.834000 83.100000
0.317500 0.049000 0.671100 0.962400 0.834000 87.900000
0.317500 0.049000 0.671100 0.962400 0.834000 78.300000
0.317500 0.049000 0.671100 0.962400 0.834000 -145.500000
0.317500 0.049000 0.671100 0.962400 0.834000 -107.100000
0.317500 0.049000 0.671100 0.962400 0.834000 202.500000
0.317500 0.049000 0.671100 0.962400 0.834000 -68.700000
0.317500 0.049000 0.671100 0.962400 0.834000 -86.100000
0.317500 0.049000 0.671100 0.962400 0.834000 237.900000
0.317500 0.049000 0.671100 0.962400 0.834000 122.100000
0.317500 0.049000 0.671100 0.962400 0.834000 143.100000
0.317500 0.049000 0.671100 0.962400 0.834000 -201.900000
0.317500 0.049000 0.671100 0.962400 0.834000 138.300000
0.317500 0.049000 0.671100 0.962400 0.834000 104.700000
0.317500 0.049000 0.671100 0.962400 0.834000 -142.500000
0.317500 0.049000 0.671100 0.962400 0.834000 -52.500000
0.317500 0.049000 0.671100 0.962400 0.834000 -186.900000
0.317500 0.049000 0.671100 0.962400 0.834000 252.300000
0.317500 0.049000 0.671100 0.962400 0.834000 -159.900000
0.317500 0.049000 0.671100 0.962400 0.834000 -31.500000
0.317500 0.049000 0.671100 0.962400 0.834000 -39.300000
0.317500 0.049000 0.671100 0.962400 0.834000 43.500000
0.317500 0.049000 0.671100 0.962400 0.834000 -146.100000
0.317500 0.049000 0.671100 0.962400 0.834000 -126.300000
0.317500 0.049000 0.671100 0.962400 0.834000 -2.100000
0.317500 0.049000 0.671100 0.962400 0.834000 -12.300000
0.317500 0.049000 0.671100 0.962400 0.834000 -140.700000
0.317500 0.049000 0.671100 0.962400 0.834000 258.300000
0.317500 0.049000 0.671100 0.962400 0.834000 208.500000
0.317500 0.049000 0.671100 0.962400 0.834000 -285.900000
0.317500 0.049000 0.671100 0.962400 0.834000 28.500000
0.317500 0.049000 0.671100 0.962400 0.834000 56.700000
0.317500 0.049000 0.671100 0.962400 0.834000 260.100000
0.317500 0.049000 0.671100 0.962400 0.834000 -38.700000
0.317500 0.049000 0.671100 0.962400 0.834000 -63.900000
0.317500 0.049000 0.671100 0.962400 0.834000 -270.900000
0.317500 0.049000 0.671100 0.962400 0.834000 132.900000
0.317500 0.049000 0.671100 0.962400 0.834000 182.100000
0.317500 0.049000 0.671100 0.962400 0.834000 -69.900000
0.317500 0.049000 0.671100 0.962400 0.834000 166.500000
0.317500 0.049000 0.671100 0.962400 0.834000 233.100000
0.317500 0.049000 0.671100 0.962400 0.834000 186.300000
0.317500 0.049000 0.671100 0.962400 0.834000 119.100000
0.317500 0.049000 0.671100 0.962400 0.834000 -297.300000
0.317500 0.049000 0.671100 0.962400 0.834000 -19.500000
0.317500 0.049000 0.671100 0.962400 0.834000 -166.500000
0.317500 0.049000 0.671100 0.962400 0.834000 164.100000
0.317500 0.049000 0.671100 0.962400 0.834000 140.700000
0.317500 0.049000 0.671100 0.962400 0.834000 59.700000
0.317500 0.049000 0.671100 0.962400 0.834000 -184.500000
0.317500 0.049000 0.671100 0.962400 0.834000 -60.900000
0.317500 0.049000 0.671100 0.962400 0.834000 184.500000
0.317500 0.049000 0.671100 0.962400 0.834000 -136.500000
0.317500 0.049000 0.671100 0.962400 0.834000 185.700000
0.317500 0.049000 0.671100 0.962400 0.834000 268.500000
0.317500 0.049000 0.671100 0.962400 0.834000 102.900000
0.317500 0.049000 0.671100 0.962400 0.834000 123.300000
0.317500 0.049000 0.671100 0.962400 0.834000 276.300000
0.317500 0.049000 0.671100 0.962400 0.834000 191.700000
0.317500 0.049000 0.671100 0.962400 0.834000 -221.100000
0.317500 0.049000 0.671100 0.962400 0.834000 33.300000
0.317500 0.049000 0.671100 0.962400 0.834000 -282.300000
0.317500 0.049000 0.671100 0.962400 0.834000 -77.700000
0.317500 0.049000 0.671100 0.962400 0.834000 -106.500000
0.317500 0.049000 0.671100 0.962400 0.834000 61.500000
0.317500 0.049000 0.671100 0.962400 0.834000 -14.100000
0.317500 0.049000 0.671100 0.962400 0.834000 -270.300000
0.317500 0.049000 0.671100 0.962400 0.834000 -296.100000
0.317500 0.049000 0.671100 0.962400 0.834000 -43.500000
0.317500 0.049000 0.671100 0.962400 0.834000 40.500000
0.317500 0.049000 0.671100 0.962400 0.834000 160.500000
0.317500 0.049000 0.671100 0.962400 0.834000 16.500000
0.317500 0.049000 0.671100 0.962400 0.834000 90.900000
0.317500 0.049000 0.671100 0.962400 0.834000 194.700000
0.317500 0.049000 0.671100 0.962400 0.834000 291.300000
0.317500 0.049000 0.671100 0.962400 0.834000 206.700000
0.317500 0.049000 0.671100 0.962400 0.834000 62.100000
0.317500 0.049000 0.671100 0.962400 0.834000 137.700000
0.317500 0.049000 0.671100 0.962400 0.834000 -266.700000
0.317500 0.049000 0.671100 0.962400 0.834000 218.700000
0.317500 0.049000 0.671100 0.962400 0.834000 76.500000
0.317500 0.049000 0.671100 0.962400 0.834000 245.700000
0.317500 0.049000 0.671100 0.962400 0.834000 -271.500000
0.317500 0.049000 0.671100 0.962400 0.834000 224.100000
0.317500 0.049000 0.671100 0.962400 0.834000 255.300000
0.317500 0.049000 0.671100 0.962400 0.834000 -249.900000
0.317500 0.049000 0.671100 0.962400 0.834000 -287.700000
0.317500 0.049000 0.671100 0.962400 0.834000 -20.700000
0.317500 0.049000 0.671100 0.962400 0.834000 22.500000
0.317500 0.049000 0.671100 0.962400 0.834000 63.900000
0.317500 0.049000 0.671100 0.962400 0.834000 197.100000
0.317500 0.049000 0.671100 0.962400 0.834000 -179.100000
0.317500 0.049000 0.671100 0.962400 0.834000 138.900000
0.317500 0.049000 0.671100 0.962400 0.834000 -284.700000
0.317500 0.049000 0.671100 0.962400 0.834000 290.700000
0.317500 0.049000 0.671100 0.962400 0.834000 -272.700000
0.317500 0.049000 0.671100 0.962400 0.834000 125.700000
0.317500 0.049000 0.671100 0.962400 0.834000 -205.500000
0.317500 0.049000 0.671100 0.962400 0.834000 39.300000
0.317500 0.049000 0.671100 0.962400 0.834000 -148.500000
0.317500 0.049000 0.671100 0.962400 0.834000 -147.300000
0.317500 0.049000 0.671100 0.962400 0.834000 163.500000
0.317500 0.049000 0.671100 0.962400 0.834000 228.300000
0.317500 0.049000 0.671100 0.962400 0.834000 -120.900000
0.317500 0.049000 0.671100 0.962400 0.834000 -245.100000
0.317500 0.049000 0.671100 0.962400 0.834000 -176.700000
0.317500 0.049000 0.671100 0.962400 0.834000 -85.500000
0.317500 0.049000 0.671100 0.962400 0.834000 53.700000
0.317500 0.049000 0.671100 0.962400 0.834000 86.100000
0.317500 0.049000 0.671100 0.962400 0.834000 250.500000
0.317500 0.049000 0.671100 0.962400 0.834000 225.900000
0.317500 0.049000 0.671100 0.962400 0.834000 -10.500000
0.317500 0.049000 0.671100 0.962400 0.834000 -153.900000
0.317500 0.049000 0.671100 0.962400 0.834000 -281.100000
0.317500 0.049000 0.671100 0.962400 0.834000 66.300000
0.317500 0.049000 0.671100 0.962400 0.834000 -99.900000
0.317500 0.049000 0.671100 0.962400 0.834000 -143.700000
0.317500 0.049000 0.671100 0.962400 0.834000 -93.300000
0.317500 0.049000 0.671100 0.962400 0.834000 150.300000
0.317500 0.049000 0.671100 0.962400 0.834000 102.300000
0.317500 0.049000 0.671100 0.962400 0.834000 96.900000
0.317500 0.049000 0.671100 0.962400 0.834000 187.500000
0.317500 0.049000 0.671100 0.962400 0.834000 -9.900000
0.317500 0.049000 0.671100 0.962400 0.834000 -164.700000
0.317500 0.049000 0.671100 0.962400 0.834000 186.900000
0.317500 0.049000 0.671100 0.962400 0.834000 41.100000
0.317500 0.049000 0.671100 0.962400 0.834000 141.900000
0.317500 0.049000 0.671100 0.962400 0.834000 -81.900000
0.317500 0.049000 0.671100 0.962400 0.834000 -155.100000
0.317500 0.049000 0.671100 0.962400 0.834000 194.100000
0.317500 0.049000 0.671100 0.962400 0.834000 -174.900000
0.317500 0.049000 0.671100 0.962400 0.834000 -216.300000
0.317500 0.049000 0.671100 0.962400 0.834000 -36.900000
0.317500 0.049000 0.671100 0.962400 0.834000 -8.100000
0.317500 0.049000 0.671100 0.962400 0.834000 217.500000
0.317500 0.049000 0.671100 0.962400 0.834000 -180.300000
0.317500 0.049000 0.671100 0.962400 0.834000 -203.100000
0.317500 0.049000 0.671100 0.962400 0.834000 -104.700000
0.317500 0.049000 0.671100 0.962400 0.834000 -212.100000
0.317500 0.049000 0.671100 0.962400 0.834000 -197.700000
0.317500 0.049000 0.671100 0.962400 0.834000 224.700000
0.317500 0.049000 0.671100 0.962400 0.834000 291.900000
0.317500 0.049000 0.671100 0.962400 0.834000 17.700000
0.317500 0.049000 0.671100 0.962400 0.834000 -20.100000
0.317500 0.049000 0.671100 0.962400 0.834000 152.100000
0.317500 0.049000 0.671100 0.962400 0.834000 -29.100000
0.317500 0.049000 0.671100 0.962400 0.834000 -100.500000
0.317500 0.049000 0.671100 0.962400 0.834000 120.300000
0.317500 0.049000 0.671100 0.962400 0.834000 88.500000
0.317500 0.049000 0.671100 0.962400 0.834000 -276.900000
0.317500 0.049000 0.671100 0.962400 0.834000 -41.700000
0.317500 0.049000 0.671100 0.962400 0.834000 137.100000
0.317500 0.049000 0.671100 0.962400 0.834000 -201.300000
0.317500 0.049000 0.671100 0.962400 0.834000 -247.500000
0.317500 0.049000 0.671100 0.962400 0.834000 -258.300000
0.317500 0.049000 0.671100 0.962400 0.834000 -266.100000
0.317500 0.049000 0.671100 0.962400 0.834000 207.300000
0.317500 0.049000 0.671100 0.962400 0.834000 -241.500000
0.317500 0.049000 0.671100 0.962400 0.834000 15.300000
0.317500 0.049000 0.671100 0.962400 0.834000 -219.300000
0.317500 0.049000 0.671100 0.962400 0.834000 134.700000
0.317500 0.049000 0.671100 0.962400 0.834000 30.300000
0.317500 0.049000 0.671100 0.962400 0.834000 69.900000
0.317500 0.049000 0.671100 0.962400 0.834000 221.700000
0.317500 0.049000 0.671100 0.962400 0.834000 -204.300000
0.317500 0.049000 0.671100 0.962400 0.834000 -185.100000
0.317500 0.049000 0.671100 0.962400 0.834000 -226.500000
0.317500 0.049000 0.671100 0.962400 0.834000 -3.300000
0.317500 0.049000 0.671100 0.962400 0.834000 128.700000
0.317500 0.049000 0.671100 0.962400 0.834000 278.100000
0.317500 0.049000 0.671100 0.962400 0.834000 299.100000
0.317500 0.049000 0.671100 0.962400 0.834000 298.500000
0.317500 0.049000 0.671100 0.962400 0.834000 201.900000
0.317500 0.049000 0.671100 0.962400 0.834000 -72.300000
0.317500 0.049000 0.671100 0.962400 0.834000 280.500000
0.317500 0.049000 0.671100 0.962400 0.834000 -57.900000
0.317500 0.049000 0.671100 0.962400 0.834000 105.300000
0.317500 0.049000 0.671100 0.962400 0.834000 29.700000
0.317500 0.049000 0.671100 0.962400 0.834000 135.300000
0.317500 0.049000 0.671100 0.962400 0.834000 -41.100000
0.317500 0.049000 0.671100 0.962400 0.834000 116.100000
0.317500 0.049000 0.671100 0.962400 0.834000 -232.500000
0.317500 0.049000 0.671100 0.962400 0.834000 21.300000
0.317500 0.049000 0.671100 0.962400 0.834000 -109.500000
0.317500 0.049000 0.671100 0.962400 0.834000 -108.900000
0.317500 0.049000 0.671100 0.962400 0.834000 -112.500000
0.317500 0.049000 0.671100 0.962400 0.834000 181.500000
0.317500 0.049000 0.671100 0.962400 0.834000 -45.900000
0.317500 0.049000 0.671100 0.962400 0.834000 -83.700000
0.317500 0.049000 0.671100 0.962400 0.834000 112.500000
0.317500 0.049000 0.671100 0.962400 0.834000 199.500000
0.317500 0.049000 0.671100 0.962400 0.834000 183.900000
0.317500 0.049000 0.671100 0.962400 0.834000 -105.300000
0.317500 0.049000 0.671100 0.962400 0.834000 255.900000
0.317500 0.049000 0.671100 0.962400 0.834000 47.100000
0.317500 0.049000 0.671100 0.962400 0.834000 66.900000
0.317500 0.049000 0.671100 0.962400 0.834000 211.500000
0.317500 0.049000 0.671100 0.962400 0.834000 -218.700000
0.317500 0.049000 0.671100 0.962400 0.834000 269.100000
0.317500 0.049000 0.671100 0.962400 0.834000 2.100000
0.317500 0.049000 0.671100 0.962400 0.834000 -233.100000
0.317500 0.049000 0.671100 0.962400 0.834000 -75.300000
0.317500 0.049000 0.671100 0.962400 0.834000 104.100000
0.317500 0.049000 0.671100 0.962400 0.834000 -222.900000
0.317500 0.049000 0.671100 0.962400 0.834000 -236.700000
0.317500 0.049000 0.671100 0.962400 0.834000 27.900000
0.317500 0.049000 0.671100 0.962400 0.834000 -187.500000
0.317500 0.049000 0.671100 0.962400 0.834000 -22.500000
0.317500 0.049000 0.671100 0.962400 0.834000 63.300000
0.317500 0.049000 0.671100 0.962400 0.834000 -64.500000
0.317500 0.049000 0.671100 0.962400 0.834000 121.500000
0.317500 0.049000 0.671100 0.962400 0.834000 266.700000
0.317500 0.049000 0.671100 0.962400 0.834000 -229.500000
0.317500 0.049000 0.671100 0.962400 0.834000 93.300000
0.317500 0.049000 0.671100 0.962400 0.834000 -210.300000
0.317500 0.049000 0.671100 0.962400 0.834000 -240.300000
0.317500 0.049000 0.671100 0.962400 0.834000 266.100000
0.317500 0.049000 0.671100 0.962400 0.834000 -189.900000
0.317500 0.049000 0.671100 0.962400 0.834000 -26.700000
0.317500 0.049000 0.671100 0.962400 0.834000 212.700000
0.317500 0.049000 0.671100 0.962400 0.834000 94.500000
0.317500 0.049000 0.671100 0.962400 0.834000 232.500000
0.317500 0.049000 0.671100 0.962400 0.834000 267.300000
0.317500 0.049000 0.671100 0.962400 0.834000 159.900000
0.317500 0.049000 0.671100 0.962400 0.834000 -79.500000
0.317500 0.049000 0.671100 0.962400 0.834000 -291.900000
0.317500 0.049000 0.671100 0.962400 0.834000 -225.900000
0.317500 0.049000 0.671100 0.962400 0.834000 -196.500000
0.317500 0.049000 0.671100 0.962400 0.834000 -132.300000
0.317500 0.049000 0.671100 0.962400 0.834000 -280.500000
0.317500 0.049000 0.671100 0.962400 0.834000 189.900000
0.317500 0.049000 0.671100 0.962400 0.834000 69.300000
0.317500 0.049000 0.671100 0.962400 0.834000 -170.100000
0.317500 0.049000 0.671100 0.962400 0.834000 -69.300000
0.317500 0.049000 0.671100 0.962400 0.834000 278.700000
0.317500 0.049000 0.671100 0.962400 0.834000 167.700000
0.317500 0.049000 0.671100 0.962400 0.834000 247.500000
0.317500 0.049000 0.671100 0.962400 0.834000 41.700000
0.317500 0.049000 0.671100 0.962400 0.834000 284.100000
0.317500 0.049000 0.671100 0.962400 0.834000 129.900000
0.317500 0.049000 0.671100 0.962400 0.834000 79.500000
0.317500 0.049000 0.671100 0.962400 0.834000 261.900000
0.317500 0.049000 0.671100 0.962400 0.834000 156.300000
0.317500 0.049000 0.671100 0.962400 0.834000 -89.100000
0.317500 0.049000 0.671100 0.962400 0.834000 -213.300000
0.317500 0.049000 0.671100 0.962400 0.834000 -220.500000
0.317500 0.049000 0.671100 0.962400 0.834000 19.500000
0.317500 0.049000 0.671100 0.962400 0.834000 2.700000
0.317500 0.049000 0.671100 0.962400 0.834000 31.500000
0.317500 0.049000 0.671100 0.962400 0.834000 -158.700000
0.317500 0.049000 0.671100 0.962400 0.834000 279.300000
0.317500 0.049000 0.671100 0.962400 0.834000 188.100000
0.317500 0.049000 0.671100 0.962400 0.834000 297.900000
0.317500 0.049000 0.671100 0.962400 0.834000 -149.100000
0.317500 0.049000 0.671100 0.962400 0.834000 -248.700000
0.317500 0.049000 0.671100 0.962400 0.834000 -35.100000
0.317500 0.049000 0.671100 0.962400 0.834000 -9.300000
0.317500 0.049000 0.671100 0.962400 0.834000 75.300000
0.317500 0.049000 0.671100 0.962400 0.834000 -177.300000
0.317500 0.049000 0.671100 0.962400 0.834000 -123.300000
0.317500 0.049000 0.671100 0.962400 0.834000 296.700000
0.317500 0.049000 0.671100 0.962400 0.834000 -208.500000
0.317500 0.049000 0.671100 0.962400 0.834000 -73.500000
0.317500 0.049000 0.671100 0.962400 0.834000 193.500000
0.317500 0.049000 0.671100 0.962400 0.834000 -255.900000
0.317500 0.049000 0.671100 0.962400 0.834000 0.300000
0.317500 0.049000 0.671100 0.962400 0.834000 209.100000
0.317500 0.049000 0.671100 0.962400 0.834000 -272.100000
0.317500 0.049000 0.671100 0.962400 0.834000 165.300000
0.317500 0.049000 0.671100 0.962400 0.834000 134.100000
0.317500 0.049000 0.671100 0.962400 0.834000 -228.900000
0.317500 0.049000 0.671100 0.962400 0.834000 72.300000
0.317500 0.049000 0.671100 0.962400 0.834000 -77.100000
0.317500 0.049000 0.671100 0.962400 0.834000 135.900000
0.317500 0.049000 0.671100 0.962400 0.834000 -293.700000
0.317500 0.049000 0.671100 0.962400 0.834000 253.500000
0.317500 0.049000 0.671100 0.962400 0.834000 -13.500000
0.317500 0.049000 0.671100 0.962400 0.834000 -92.700000
0.317500 0.049000 0.671100 0.962400 0.834000 143.700000
0.317500 0.049000 0.671100 0.962400 0.834000 34.500000
0.317500 0.049000 0.671100 0.962400 0.834000 -154.500000
0.317500 0.049000 0.671100 0.962400 0.834000 156.900000
0.317500 0.049000 0.671100 0.962400 0.834000 -83.100000
0.317500 0.049000 0.671100 0.962400 0.834000 -30.300000
0.317500 0.049000 0.671100 0.962400 0.834000 233.700000
0.317500 0.049000 0.671100 0.962400 0.834000 -224.700000
0.317500 0.049000 0.671100 0.962400 0.834000 -288.900000
0.317500 0.049000 0.671100 0.962400 0.834000 -215.100000
0.317500 0.049000 0.671100 0.962400 0.834000 -58.500000
0.317500 0.049000 0.671100 0.962400 0.834000 -114.300000
0.317500 0.049000 0.671100 0.962400 0.834000 167.100000
0.317500 0.049000 0.671100 0.962400 0.834000 90.300000
0.317500 0.049000 0.671100 0.962400 0.834000 -130.500000
0.317500 0.049000 0.671100 0.962400 0.834000 -18.900000
0.317500 0.049000 0.671100 0.962400 0.834000 12.900000
0.317500 0.049000 0.671100 0.962400 0.834000 235.500000
0.317500 0.049000 0.671100 0.962400 0.834000 -180.900000
0.317500 0.049000 0.671100 0.962400 0.834000 219.300000
0.317500 0.049000 0.671100 0.962400 0.834000 -273.300000
0.317500 0.049000 0.671100 0.962400 0.834000 -200.700000
0.317500 0.049000 0.671100 0.962400 0.834000 -101.100000
0.317500 0.049000 0.671100 0.962400 0.834000 294.300000
0.317500 0.049000 0.671100 0.962400 0.834000 -218.100000
0.317500 0.049000 0.671100 0.962400 0.834000 -246.300000
0.317500 0.049000 0.671100 0.962400 0.834000 -225.300000
0.317500 0.049000 0.671100 0.962400 0.834000 231.300000
0.317500 0.049000 0.671100 0.962400 0.834000 -274.500000
0.317500 0.049000 0.671100 0.962400 0.834000 -146.700000
0.317500 0.049000 0.671100 0.962400 0.834000 263.100000
0.317500 0.049000 0.671100 0.962400 0.834000 -289.500000
0.317500 0.049000 0.671100 0.962400 0.834000 -116.100000
0.317500 0.049000 0.671100 0.962400 0.834000 -103.500000
0.317500 0.049000 0.671100 0.962400 0.834000 -82.500000
0.317500 0.049000 0.671100 0.962400 0.834000 252.900000
0.317500 0.049000 0.671100 0.962400 0.834000 119.700000
0.317500 0.049000 0.671100 0.962400 0.834000 -81.300000
0.317500 0.049000 0.671100 0.962400 0.834000 -21.300000
0.317500 0.049000 0.671100 0.962400 0.834000 192.900000
0.317500 0.049000 0.671100 0.962400 0.834000 -290.100000
0.317500 0.049000 0.671100 0.962400 0.834000 -3.900000
0.317500 0.049000 0.671100 0.962400 0.834000 0.900000
0.317500 0.049000 0.671100 0.962400 0.834000 -17.700000
0.317500 0.049000 0.671100 0.962400 0.834000 64.500000
0.317500 0.049000 0.671100 0.962400 0.834000 -294.900000
0.317500 0.049000 0.671100 0.962400 0.834000 73.500000
0.317500 0.049000 0.671100 0.962400 0.834000 -294.300000
0.317500 0.049000 0.671100 0.962400 0.834000 -160.500000
0.317500 0.049000 0.671100 0.962400 0.834000 -94.500000
0.317500 0.049000 0.671100 0.962400 0.834000 4.500000
0.317500 0.049000 0.671100 0.962400 0.834000 -129.900000
0.317500 0.049000 0.671100 0.962400 0.834000 294.900000
0.317500 0.049000 0.671100 0.962400 0.834000 243.300000
0.317500 0.049000 0.671100 0.962400 0.834000 192.300000
0.317500 0.049000 0.671100 0.962400 0.834000 -113.100000
0.317500 0.049000 0.671100 0.962400 0.834000 -186.300000
0.317500 0.049000 0.671100 0.962400 0.834000 -191.700000
0.317500 0.049000 0.671100 0.962400 0.834000 83.700000
0.317500 0.049000 0.671100 0.962400 0.834000 -56.100000
0.317500 0.049000 0.671100 0.962400 0.834000 180.900000
0.317500 0.049000 0.671100 0.962400 0.834000 148.500000
0.317500 0.049000 0.671100 0.962400 0.834000 -54.900000
0.317500 0.049000 0.671100 0.962400 0.834000 23.700000
0.317500 0.049000 0.671100 0.962400 0.834000 -264.900000
0.317500 0.049000 0.671100 0.962400 0.834000 -199.500000
0.317500 0.049000 0.671100 0.962400 0.834000 -230.100000
0.317500 0.049000 0.671100 0.962400 0.834000 3.300000
0.317500 0.049000 0.671100 0.962400 0.834000 259.500000
0.317500 0.049000 0.671100 0.962400 0.834000 279.900000
0.317500 0.049000 0.671100 0.962400 0.834000 -153.300000
0.317500 0.049000 0.671100 0.962400 0.834000 -258.900000
0.317500 0.049000 0.671100 0.962400 0.834000 168.300000
0.317500 0.049000 0.671100 0.962400 0.834000 220.500000
0.317500 0.049000 0.671100 0.962400 0.834000 205.500000
0.317500 0.049000 0.671100 0.962400 0.834000 176.700000
0.317500 0.049000 0.671100 0.962400 0.834000 180.300000
0.317500 0.049000 0.671100 0.962400 0.834000 153.300000
0.317500 0.049000 0.671100 0.962400 0.834000 -5.700000
0.317500 0.049000 0.671100 0.962400 0.834000 -96.300000
0.317500 0.049000 0.671100 0.962400 0.834000 -157.500000
0.317500 0.049000 0.671100 0.962400 0.834000 9.900000
0.317500 0.049000 0.671100 0.962400 0.834000 169.500000
0.317500 0.049000 0.671100 0.962400 0.834000 -228.300000
0.317500 0.049000 0.671100 0.962400 0.834000 204.300000
0.317500 0.049000 0.671100 0.962400 0.834000 -171.900000
0.317500 0.049000 0.671100 0.962400 0.834000 -119.100000
0.317500 0.049000 0.671100 0.962400 0.834000 -165.900000
0.317500 0.049000 0.671100 0.962400 0.834000 204.900000
0.317500 0.049000 0.671100 0.962400 0.834000 -104.100000
0.317500 0.049000 0.671100 0.962400 0.834000 165.900000
0.317500 0.049000 0.671100 0.962400 0.834000 -198.900000
0.317500 0.049000 0.671100 0.962400 0.834000 172.500000
0.317500 0.049000 0.671100 0.962400 0.834000 -23.700000
0.317500 0.049000 0.671100 0.962400 0.834000 -14.700000
0.317500 0.049000 0.671100 0.962400 0.834000 37.500000
0.317500 0.049000 0.671100 0.962400 0.834000 -209.700000
0.317500 0.049000 0.671100 0.962400 0.834000 -150.900000
0.317500 0.049000 0.671100 0.962400 0.834000 249.900000
0.317500 0.049000 0.671100 0.962400 0.834000 -185.700000
0.317500 0.049000 0.671100 0.962400 0.834000 246.900000
0.317500 0.049000 0.671100 0.962400 0.834000 251.100000
0.317500 0.049000 0.671100 0.962400 0.834000 -11.100000
0.317500 0.049000 0.671100 0.962400 0.834000 -113.700000
0.317500 0.049000 0.671100 0.962400 0.834000 -163.500000
0.317500 0.049000 0.671100 0.962400 0.834000 108.900000
0.317500 0.049000 0.671100 0.962400 0.834000 36.300000
0.317500 0.049000 0.671100 0.962400 0.834000 -191.100000
0.317500 0.049000 0.671100 0.962400 0.834000 179.700000
0.317500 0.049000 0.671100 0.962400 0.834000 147.300000
0.317500 0.049000 0.671100 0.962400 0.834000 -36.300000
0.317500 0.049000 0.671100 0.962400 0.834000 91.500000
0.317500 0.049000 0.671100 0.962400 0.834000 -255.300000
0.317500 0.049000 0.671100 0.962400 0.834000 277.500000
0.317500 0.049000 0.671100 0.962400 0.834000 44.100000
0.317500 0.049000 0.671100 0.962400 0.834000 -203.700000
0.317500 0.049000 0.671100 0.962400 0.834000 227.700000
0.317500 0.049000 0.671100 0.962400 0.834000 -141.300000
0.317500 0.049000 0.671100 0.962400 0.834000 127.500000
0.317500 0.049000 0.671100 0.962400 0.834000 -193.500000
0.317500 0.049000 0.671100 0.962400 0.834000 -192.900000
0.317500 0.049000 0.671100 0.962400 0.834000 -4.500000
0.317500 0.049000 0.671100 0.962400 0.834000 -108.300000
0.317500 0.049000 0.671100 0.962400 0.834000 42.900000
0.317500 0.049000 0.671100 0.962400 0.834000 8.100000
0.317500 0.049000 0.671100 0.962400 0.834000 -40.500000
0.317500 0.049000 0.671100 0.962400 0.834000 276.900000
0.317500 0.049000 0.671100 0.962400 0.834000 -107.700000
0.317500 0.049000 0.671100 0.962400 0.834000 89.700000
0.317500 0.049000 0.671100 0.962400 0.834000 -25.500000
0.317500 0.049000 0.671100 0.962400 0.834000 -50.100000
0.317500 0.049000 0.671100 0.962400 0.834000 -126.900000
0.317500 0.049000 0.671100 0.962400 0.834000 261.300000
0.317500 0.049000 0.671100 0.962400 0.834000 -237.300000
0.317500 0.049000 0.671100 0.962400 0.834000 189.300000
0.317500 0.049000 0.671100 0.962400 0.834000 75.900000
0.317500 0.049000 0.671100 0.962400 0.834000 -182.700000
0.317500 0.049000 0.671100 0.962400 0.834000 111.900000
0.317500 0.049000 0.671100 0.962400 0.834000 293.700000
0.317500 0.049000 0.671100 0.962400 0.834000 52.500000
0.317500 0.049000 0.671100 0.962400 0.834000 -89.700000
0.317500 0.049000 0.671100 0.962400 0.834000 82.500000
0.317500 0.049000 0.671100 0.962400 0.834000 287.700000
0.317500 0.049000 0.671100 0.962400 0.834000 -125.100000
0.317500 0.049000 0.671100 0.962400 0.834000 262.500000
0.317500 0.049000 0.671100 0.962400 0.834000 89.100000
0.317500 0.049000 0.671100 0.962400 0.834000 -65.100000
0.317500 0.049000 0.671100 0.962400 0.834000 283.500000
0.317500 0.049000 0.671100 0.962400 0.834000 161.100000
0.317500 0.049000 0.671100 0.962400 0.834000 -275.700000
0.317500 0.049000 0.671100 0.962400 0.834000 -134.100000
0.317500 0.049000 0.671100 0.962400 0.834000 274.500000
0.317500 0.049000 0.671100 0.962400 0.834000 -68.100000
0.317500 0.049000 0.671100 0.962400 0.834000 -133.500000
0.317500 0.049000 0.671100 0.962400 0.834000 -102.900000
0.317500 0.049000 0.671100 0.962400 0.834000 -188.100000
0.317500 0.049000 0.671100 0.962400 0.834000 -16.500000
0.317500 0.049000 0.671100 0.962400 0.834000 -90.300000
0.317500 0.049000 0.671100 0.962400 0.834000 -227.100000
0.317500 0.049000 0.671100 0.962400 0.834000 -249.300000
0.317500 0.049000 0.671100 0.962400 0.834000 -178.500000
0.317500 0.049000 0.671100 0.962400 0.834000 101.100000
0.317500 0.049000 0.671100 0.962400 0.834000 154.500000
0.317500 0.049000 0.671100 0.962400 0.834000 -195.900000
0.317500 0.049000 0.671100 0.962400 0.834000 222.300000
0.317500 0.049000 0.671100 0.962400 0.834000 -48.900000
0.317500 0.049000 0.671100 0.962400 0.834000 105.900000
0.317500 0.049000 0.671100 0.962400 0.834000 200.700000
0.317500 0.049000 0.671100 0.962400 0.834000 -63.300000
0.317500 0.049000 0.671100 0.962400 0.834000 -273.900000
0.317500 0.049000 0.671100 0.962400 0.834000 288.300000
0.317500 0.049000 0.671100 0.962400 0.834000 87.300000
0.317500 0.049000 0.671100 0.962400 0.834000 -35.700000
0.317500 0.049000 0.671100 0.962400 0.834000 128.100000
0.317500 0.049000 0.671100 0.962400 0.834000 146.100000
0.317500 0.049000 0.671100 0.962400 0.834000 158.700000
0.317500 0.049000 0.671100 0.962400 0.834000 -33.300000
0.317500 0.049000 0.671100 0.962400 0.834000 -277.500000
0.317500 0.049000 0.671100 0.962400 0.834000 101.700000
0.317500 0.049000 0.671100 0.962400 0.834000 -30.900000
0.317500 0.049000 0.671100 0.962400 0.834000 145.500000
0.317500 0.049000 0.671100 0.962400 0.834000 -252.900000
0.317500 0.049000 0.671100 0.962400 0.834000 -237.900000
0.317500 0.049000 0.671100 0.962400 0.834000 -144.300000
0.317500 0.049000 0.671100 0.962400 0.834000 236.100000
0.317500 0.049000 0.671100 0.962400 0.834000 -295.500000
0.317500 0.049000 0.671100 0.962400 0.834000 -197.100000
0.317500 0.049000 0.671100 0.962400 0.834000 95.100000
0.317500 0.049000 0.671100 0.962400 0.834000 -143.100000
0.317500 0.049000 0.671100 0.962400 0.834000 210.900000
0.317500 0.049000 0.671100 0.962400 0.834000 -194.700000
0.317500 0.049000 0.671100 0.962400 0.834000 33.900000
0.317500 0.049000 0.671100 0.962400 0.834000 289.500000
0.317500 0.049000 0.671100 0.962400 0.834000 117.300000
0.317500 0.049000 0.671100 0.962400 0.834000 -267.900000
0.317500 0.049000 0.671100 0.962400 0.834000 11.700000
0.317500 0.049000 0.671100 0.962400 0.834000 -127.500000
0.317500 0.049000 0.671100 0.962400 0.834000 -253.500000
0.317500 0.049000 0.671100 0.962400 0.834000 -152.700000
0.317500 0.049000 0.671100 0.962400 0.834000 -155.700000
0.317500 0.049000 0.671100 0.962400 0.834000 30.900000
0.317500 0.049000 0.671100 0.962400 0.834000 234.900000
0.317500 0.049000 0.671100 0.962400 0.834000 273.300000
0.317500 0.049000 0.671100 0.962400 0.834000 -62.700000
0.317500 0.049000 0.671100 0.962400 0.834000 213.300000
0.317500 0.049000 0.671100 0.962400 0.834000 -245.700000
0.317500 0.049000 0.671100 0.962400 0.834000 -257.100000
0.317500 0.049000 0.671100 0.962400 0.834000 -198.300000
0.317500 0.049000 0.671100 0.962400 0.834000 290.100000
0.317500 0.049000 0.671100 0.962400 0.834000 -251.700000
0.317500 0.049000 0.671100 0.962400 0.834000 241.500000
0.317500 0.049000 0.671100 0.962400 0.834000 49.500000
0.317500 0.049000 0.671100 0.962400 0.834000 237.300000
0.317500 0.049000 0.671100 0.962400 0.834000 98.700000
0.317500 0.049000 0.671100 0.962400 0.834000 -72.900000
0.317500 0.049000 0.671100 0.962400 0.834000 239.100000
0.317500 0.049000 0.671100 0.962400 0.834000 281.700000
0.317500 0.049000 0.671100 0.962400 0.834000 109.500000
0.317500 0.049000 0.671100 0.962400 0.834000 -296.700000
0.317500 0.049000 0.671100 0.962400 0.834000 176.100000
0.317500 0.049000 0.671100 0.962400 0.834000 123.900000
0.317500 0.049000 0.671100 0.962400 0.834000 27.300000
0.317500 0.049000 0.671100 0.962400 0.834000 -37.500000
0.317500 0.049000 0.671100 0.962400 0.834000 108.300000
0.317500 0.049000 0.671100 0.962400 0.834000 24.300000
0.317500 0.049000 0.671100 0.962400 0.834000 -159.300000
0.317500 0.049000 0.671100 0.962400 0.834000 -204.900000
0.317500 0.049000 0.671100 0.962400 0.834000 38.100000
0.317500 0.049000 0.671100 0.962400 0.834000 195.900000
0.317500 0.049000 0.671100 0.962400 0.834000 -134.700000
0.317500 0.049000 0.671100 0.962400 0.834000 -98.100000
0.317500 0.049000 0.671100 0.962400 0.834000 -173.700000
0.317500 0.049000 0.671100 0.962400 0.834000 -161.700000
0.317500 0.049000 0.671100 0.962400 0.834000 -78.300000
0.317500 0.049000 0.671100 0.962400 0.834000 18.900000
0.317500 0.049000 0.671100 0.962400 0.834000 -210.900000
0.317500 0.049000 0.671100 0.962400 0.834000 201.300000
0.317500 0.049000 0.671100 0.962400 0.834000 218.100000
0.317500 0.049000 0.671100 0.962400 0.834000 -139.500000
0.317500 0.049000 0.671100 0.962400 0.834000 -61.500000
0.317500 0.049000 0.671100 0.962400 0.834000 -21.900000
0.317500 0.049000 0.671100 0.962400 0.834000 107.700000
0.317500 0.049000 0.671100 0.962400 0.834000 285.300000
0.317500 0.049000 0.671100 0.962400 0.834000 -46.500000
0.317500 0.049000 0.671100 0.962400 0.834000 -275.100000
0.317500 0.049000 0.671100 0.962400 0.834000 -28.500000
0.317500 0.049000 0.671100 0.962400 0.834000 132.300000
0.317500 0.049000 0.671100 0.962400 0.834000 -123.900000
0.317500 0.049000 0.671100 0.962400 0.834000 -177.900000
0.317500 0.049000 0.671100 0.962400 0.834000 -26.100000
0.317500 0.049000 0.671100 0.962400 0.834000 157.500000
0.317500 0.049000 0.671100 0.962400 0.834000 288.900000
0.317500 0.049000 0.671100 0.962400 0.834000 81.300000
0.317500 0.049000 0.671100 0.962400 0.834000 -265.500000
0.317500 0.049000 0.671100 0.962400 0.834000 56.100000
0.317500 0.049000 0.671100 0.962400 0.834000 -122.700000
0.317500 0.049000 0.671100 0.962400 0.834000 -235.500000
0.317500 0.049000 0.671100 0.962400 0.834000 151.500000
0.317500 0.049000 0.671100 0.962400 0.834000 -173.100000
0.317500 0.049000 0.671100 0.962400 0.834000 -287.100000
0.317500 0.049000 0.671100 0.962400 0.834000 284.700000
0.317500 0.049000 0.671100 0.962400 0.834000 -161.100000
0.317500 0.049000 0.671100 0.962400 0.834000 21.900000
0.317500 0.049000 0.671100 0.962400 0.834000 65.700000
0.317500 0.049000 0.671100 0.962400 0.834000 295.500000
0.317500 0.049000 0.671100 0.962400 0.834000 117.900000
0.317500 0.049000 0.671100 0.962400 0.834000 71.700000
0.317500 0.049000 0.671100 0.962400 0.834000 -279.900000
0.317500 0.049000 0.671100 0.962400 0.834000 177.900000
0.317500 0.049000 0.671100 0.962400 0.834000 -299.100000
0.317500 0.049000 0.671100 0.962400 0.834000 -84.300000
0.317500 0.049000 0.671100 0.962400 0.834000 17.100000
0.317500 0.049000 0.671100 0.962400 0.834000 -34.500000
0.317500 0.049000 0.671100 0.962400 0.834000 -24.300000
0.317500 0.049000 0.671100 0.962400 0.834000 -200.100000
0.317500 0.049000 0.671100 0.962400 0.834000 -131.700000
0.317500 0.049000 0.671100 0.962400 0.834000 -55.500000
0.317500 0.049000 0.671100 0.962400 0.834000 25.500000
0.317500 0.049000 0.671100 0.962400 0.834000 -6.300000
0.317500 0.049000 0.671100 0.962400 0.834000 130.500000
0.317500 0.049000 0.671100 0.962400 0.834000 174.300000
0.317500 0.049000 0.671100 0.962400 0.834000 -65.700000
0.317500 0.049000 0.671100 0.962400 0.834000 115.500000
0.317500 0.049000 0.671100 0.962400 0.834000 -239.700000
0.317500 0.049000 0.671100 0.962400 0.834000 240.300000
0.317500 0.049000 0.671100 0.962400 0.834000 -42.900000
0.317500 0.049000 0.671100 0.962400 0.834000 265.500000
0.317500 0.049000 0.671100 0.962400 0.834000 54.300000
0.317500 0.049000 0.671100 0.962400 0.834000 103.500000
0.317500 0.049000 0.671100 0.962400 0.834000 281.100000
0.317500 0.049000 0.671100 0.962400 0.834000 -128.100000
0.317500 0.049000 0.671100 0.962400 0.834000 198.900000
0.317500 0.049000 0.671100 0.962400 0.834000 -263.700000
0.317500 0.049000 0.671100 0.962400 0.834000 -152.100000
0.317500 0.049000 0.671100 0.962400 0.834000 -59.100000
0.317500 0.049000 0.671100 0.962400 0.834000 -71.700000
0.317500 0.049000 0.671100 0.962400 0.834000 245.100000
0.317500 0.049000 0.671100 0.962400 0.834000 -222.300000
0.317500 0.049000 0.671100 0.962400 0.834000 161.700000
0.317500 0.049000 0.671100 0.962400 0.834000 -138.900000
0.317500 0.049000 0.671100 0.962400 0.834000 140.100000
0.317500 0.049000 0.671100 0.962400 0.834000 162.900000
0.317500 0.049000 0.671100 0.962400 0.834000 125.100000
0.317500 0.049000 0.671100 0.962400 0.834000 175.500000
0.317500 0.049000 0.671100 0.962400 0.834000 -251.100000
0.317500 0.049000 0.671100 0.962400 0.834000 -288.300000
0.317500 0.049000 0.671100 0.962400 0.834000 -209.100000
0.317500 0.049000 0.671100 0.962400 0.834000 -189.300000
0.317500 0.049000 0.671100 0.962400 0.834000 -207.300000
0.317500 0.049000 0.671100 0.962400 0.834000 -92.100000
0.317500 0.049000 0.671100 0.962400 0.834000 -192.300000
0.317500 0.049000 0.671100 0.962400 0.834000 38.700000
0.317500 0.049000 0.671100 0.962400 0.834000 -244.500000
0.317500 0.049000 0.671100 0.962400 0.834000 60.300000
0.317500 0.049000 0.671100 0.962400 0.834000 -15.300000
0.317500 0.049000 0.671100 0.962400 0.834000 -128.700000
0.317500 0.049000 0.671100 0.962400 0.834000 240.900000
0.317500 0.049000 0.671100 0.962400 0.834000 114.300000
0.317500 0.049000 0.671100 0.962400 0.834000 197.700000
0.317500 0.049000 0.671100 0.962400 0.834000 177.300000
0.317500 0.049000 0.671100 0.962400 0.834000 206.100000
0.317500 0.049000 0.671100 0.962400 0.834000 -236.100000
0.317500 0.049000 0.671100 0.962400 0.834000 273.900000
0.317500 0.049000 0.671100 0.962400 0.834000 12.300000
0.317500 0.049000 0.671100 0.962400 0.834000 215.100000
0.317500 0.049000 0.671100 0.962400 0.834000 -93.900000
0.317500 0.049000 0.671100 0.962400 0.834000 171.900000
0.317500 0.049000 0.671100 0.962400 0.834000 133.500000
0.317500 0.049000 0.671100 0.962400 0.834000 296.100000
0.317500 0.049000 0.671100 0.962400 0.834000 -114.900000
0.317500 0.049000 0.671100 0.962400 0.834000 182.700000
0.317500 0.049000 0.671100 0.962400 0.834000 -151.500000
0.317500 0.049000 0.671100 0.962400 0.834000 32.700000
0.317500 0.049000 0.671100 0.962400 0.834000 113.100000
0.317500 0.049000 0.671100 0.962400 0.834000 -1.500000
0.317500 0.049000 0.671100 0.962400 0.834000 272.100000
0.317500 0.049000 0.671100 0.962400 0.834000 -39.900000
0.317500 0.049000 0.671100 0.962400 0.834000 272.700000
0.317500 0.049000 0.671100 0.962400 0.834000 203.100000
0.317500 0.049000 0.671100 0.962400 0.834000 -102.300000
0.317500 0.049000 0.671100 0.962400 0.834000 221.100000
0.317500 0.049000 0.671100 0.962400 0.834000 10.500000
0.317500 0.049000 0.671100 0.962400 0.834000 -49.500000
0.317500 0.049000 0.671100 0.962400 0.834000 164.700000
0.317500 0.049000 0.671100 0.962400 0.834000 -227.700000
0.317500 0.049000 0.671100 0.962400 0.834000 7.500000
0.317500 0.049000 0.671100 0.962400 0.834000 -240.900000
0.317500 0.049000 0.671100 0.962400 0.834000 203.700000
0.317500 0.049000 0.671100 0.962400 0.834000 -144.900000
0.317500 0.049000 0.671100 0.962400 0.834000 -131.100000
0.317500 0.049000 0.671100 0.962400 0.834000 72.900000
0.317500 0.049000 0.671100 0.962400 0.834000 -32.700000
0.317500 0.049000 0.671100 0.962400 0.834000 -168.300000
0.317500 0.049000 0.671100 0.962400 0.834000 81.900000
0.317500 0.049000 0.671100 0.962400 0.834000 214.500000
0.317500 0.049000 0.671100 0.962400 0.834000 149.700000
0.317500 0.049000 0.671100 0.962400 0.834000 -119.700000
0.317500 0.049000 0.671100 0.962400 0.834000 -269.700000
0.317500 0.049000 0.671100 0.962400 0.834000 -169.500000
0.317500 0.049000 0.671100 0.962400 0.834000 -292.500000
0.317500 0.049000 0.671100 0.962400 0.834000 -299.700000
0.317500 0.049000 0.671100 0.962400 0.834000 246.300000
0.317500 0.049000 0.671100 0.962400 0.834000 -116.700000
0.317500 0.049000 0.671100 0.962400 0.834000 242.100000
0.317500 0.049000 0.671100 0.962400 0.834000 228.900000
0.317500 0.049000 0.671100 0.962400 0.834000 -291.300000
0.317500 0.049000 0.671100 0.962400 0.834000 -224.100000
0.317500 0.049000 0.671100 0.962400 0.834000 -279.300000
0.317500 0.049000 0.671100 0.962400 0.834000 -242.100000
0.317500 0.049000 0.671100 0.962400 0.834000 216.300000
0.317500 0.049000 0.671100 0.962400 0.834000 -88.500000
0.317500 0.049000 0.671100 0.962400 0.834000 -211.500000
0.317500 0.049000 0.671100 0.962400 0.834000 282.900000
0.317500 0.049000 0.671100 0.962400 0.834000 249.300000
0.317500 0.049000 0.671100 0.962400 0.834000 39.900000
0.317500 0.049000 0.671100 0.962400 0.834000 -219.900000
0.317500 0.049000 0.671100 0.962400 0.834000 -183.900000
0.317500 0.049000 0.671100 0.962400 0.834000 239.700000
0.317500 0.049000 0.671100 0.962400 0.834000 -87.300000
0.317500 0.049000 0.671100 0.962400 0.834000 158.100000
0.317500 0.049000 0.671100 0.962400 0.834000 196.500000
0.317500 0.049000 0.671100 0.962400 0.834000 212.100000
0.317500 0.049000 0.671100 0.962400 0.834000 244.500000
0.317500 0.049000 0.671100 0.962400 0.834000 190.500000
0.317500 0.049000 0.671100 0.962400 0.834000 80.100000
0.317500 0.049000 0.671100 0.962400 0.834000 20.100000
0.317500 0.049000 0.671100 0.962400 0.834000 6.300000
0.317500 0.049000 0.671100 0.962400 0.834000 -223.500000
0.317500 0.049000 0.671100 0.962400 0.834000 -263.100000
0.317500 0.049000 0.671100 0.962400 0.834000 124.500000
0.317500 0.049000 0.671100 0.962400 0.834000 -12.900000
0.317500 0.049000 0.671100 0.962400 0.834000 -165.300000
0.317500 0.049000 0.671100 0.962400 0.834000 225.300000
0.317500 0.049000 0.671100 0.962400 0.834000 -50.700000
0.317500 0.049000 0.671100 0.962400 0.834000 153.900000
0.317500 0.049000 0.671100 0.962400 0.834000 198.300000
0.317500 0.049000 0.671100 0.962400 0.834000 219.900000
0.317500 0.049000 0.671100 0.962400 0.834000 -23.100000
0.317500 0.049000 0.671100 0.962400 0.834000 -32.100000
0.317500 0.049000 0.671100 0.962400 0.834000 267.900000
0.317500 0.049000 0.671100 0.962400 0.834000 270.300000
0.317500 0.049000 0.671100 0.962400 0.834000 59.100000
0.317500 0.049000 0.671100 0.962400 0.834000 -282.900000
0.317500 0.049000 0.671100 0.962400 0.834000 213.900000
0.317500 0.049000 0.671100 0.962400 0.834000 131.700000
0.317500 0.049000 0.671100 0.962400 0.834000 -117.300000
0.317500 0.049000 0.671100 0.962400 0.834000 -53.700000
0.317500 0.049000 0.671100 0.962400 0.834000 285.900000
0.317500 0.049000 0.671100 0.962400 0.834000 93.900000
0.317500 0.049000 0.671100 0.962400 0.834000 -284.100000
0.317500 0.049000 0.671100 0.962400 0.834000 50.100000
0.317500 0.049000 0.671100 0.962400 0.834000 -256.500000
0.317500 0.049000 0.671100 0.962400 0.834000 191.100000
0.317500 0.049000 0.671100 0.962400 0.834000 -234.900000
0.317500 0.049000 0.671100 0.962400 0.834000 47.700000
0.317500 0.049000 0.671100 0.962400 0.834000 -80.700000
0.317500 0.049000 0.671100 0.962400 0.834000 254.700000
0.317500 0.049000 0.671100 0.962400 0.834000 -194.100000
0.317500 0.049000 0.671100 0.962400 0.834000 -261.900000
0.317500 0.049000 0.671100 0.962400 0.834000 -121.500000
0.317500 0.049000 0.671100 0.962400 0.834000 200.100000
0.317500 0.049000 0.671100 0.962400 0.834000 45.300000
0.317500 0.049000 0.671100 0.962400 0.834000 -167.100000
0.317500 0.049000 0.671100 0.962400 0.834000 258.900000
0.317500 0.049000 0.671100 0.962400 0.834000 -217.500000
0.317500 0.049000 0.671100 0.962400 0.834000 -168.900000
0.317500 0.049000 0.671100 0.962400 0.834000 65.100000
0.317500 0.049000 0.671100 0.962400 0.834000 -254.100000
0.317500 0.049000 0.671100 0.962400 0.834000 -162.900000
0.317500 0.049000 0.671100 0.962400 0.834000 -246.900000
0.317500 0.049000 0.671100 0.962400 0.834000 299.700000
0.317500 0.049000 0.671100 0.962400 0.834000 100.500000
0.317500 0.049000 0.671100 0.962400 0.834000 207.900000
0.317500 0.049000 0.671100 0.962400 0.834000 -42.300000
0.317500 0.049000 0.671100 0.962400 0.834000 44.700000
0.317500 0.049000 0.671100 0.962400 0.834000 131.100000
0.317500 0.049000 0.671100 0.962400 0.834000 -190.500000
0.317500 0.049000 0.671100 0.962400 0.834000 -285.300000
0.317500 0.049000 0.671100 0.962400 0.834000 173.700000
0.317500 0.049000 0.671100 0.962400 0.834000 -262.500000
0.317500 0.049000 0.671100 0.962400 0.834000 -129.300000
0.317500 0.049000 0.671100 0.962400 0.834000 36.900000
0.317500 0.049000 0.671100 0.962400 0.834000 -269.100000
0.317500 0.049000 0.671100 0.962400 0.834000 152.700000
0.317500 0.049000 0.671100 0.962400 0.834000 116.700000
0.317500 0.049000 0.671100 0.962400 0.834000 110.700000
0.317500 0.049000 0.671100 0.962400 0.834000 -212.700000
0.317500 0.049000 0.671100 0.962400 0.834000 126.300000
0.317500 0.049000 0.671100 0.962400 0.834000 122.700000
0.317500 0.049000 0.671100 0.962400 0.834000 -51.300000
0.317500 0.049000 0.671100 0.962400 0.834000 -248.100000
0.317500 0.049000 0.671100 0.962400 0.834000 -95.100000
0.317500 0.049000 0.671100 0.962400 0.834000 62.700000
0.317500 0.049000 0.671100 0.962400 0.834000 48.900000
0.317500 0.049000 0.671100 0.962400 0.834000 144.900000
0.317500 0.049000 0.671100 0.962400 0.834000 -0.900000
0.317500 0.049000 0.671100 0.962400 0.834000 -48.300000
0.317500 0.049000 0.671100 0.962400 0.834000 14.100000
0.317500 0.049000 0.671100 0.962400 0.834000 271.500000
0.317500 0.049000 0.671100 0.962400 0.834000 98.100000
0.317500 0.049000 0.671100 0.962400 0.834000 92.700000
0.317500 0.049000 0.671100 0.962400 0.834000 46.500000
0.317500 0.049000 0.671100 0.962400 0.834000 -38.100000
0.317500 0.049000 0.671100 0.962400 0.834000 5.100000
0.317500 0.049000 0.671100 0.962400 0.834000 -286.500000
0.317500 0.049000 0.671100 0.962400 0.834000 -243.300000
0.317500 0.049000 0.671100 0.962400 0.834000 -278.700000
0.317500 0.049000 0.671100 0.962400 0.834000 257.700000
0.317500 0.049000 0.671100 0.962400 0.834000 155.100000
0.317500 0.049000 0.671100 0.962400 0.834000 23.100000
0.317500 0.049000 0.671100 0.962400 0.834000 6.900000
0.317500 0.049000 0.671100 0.962400 0.834000 110.100000
0.317500 0.049000 0.671100 0.962400 0.834000 -45.300000
0.317500 0.049000 0.671100 0.962400 0.834000 -164.100000
0.317500 0.049000 0.671100 0.962400 0.834000 92.100000
0.317500 0.049000 0.671100 0.962400 0.834000 13.500000
0.317500 0.049000 0.671100 0.962400 0.834000 -176.100000
0.317500 0.049000 0.671100 0.962400 0.834000 -111.300000
0.317500 0.049000 0.671100 0.962400 0.834000 236.700000
0.317500 0.049000 0.671100 0.962400 0.834000 -59.700000
0.317500 0.049000 0.671100 0.962400 0.834000 60.900000
0.317500 0.049000 0.671100 0.962400 0.834000 248.100000
0.317500 0.049000 0.671100 0.962400 0.834000 -74.700000
0.317500 0.049000 0.671100 0.962400 0.834000 -137.100000
0.317500 0.049000 0.671100 0.962400 0.834000 162.300000
0.317500 0.049000 0.671100 0.962400 0.834000 257.100000
0.317500 0.049000 0.671100 0.962400 0.834000 -182.100000
0.317500 0.049000 0.671100 0.962400 0.834000 35.100000
0.317500 0.049000 0.671100 0.962400 0.834000 -172.500000
0.317500 0.049000 0.671100 0.962400 0.834000 188.700000
0.317500 0.049000 0.671100 0.962400 0.834000 -135.900000
0.317500 0.049000 0.671100 0.962400 0.834000 -290.700000
0.317500 0.049000 0.671100 0.962400 0.834000 77.700000
0.317500 0.049000 0.671100 0.962400 0.834000 -183.300000
0.317500 0.049000 0.671100 0.962400 0.834000 -298.500000
0.317500 0.049000 0.671100 0.962400 0.834000 144.300000
0.317500 0.049000 0.671100 0.962400 0.834000 -120.300000
0.317500 0.049000 0.671100 0.962400 0.834000 -267.300000
0.317500 0.049000 0.671100 0.962400 0.834000 11.100000
0.317500 0.049000 0.671100 0.962400 0.834000 9.300000
0.317500 0.049000 0.671100 0.962400 0.834000 -15.900000
0.317500 0.049000 0.671100 0.962400 0.834000 99.300000
0.317500 0.049000 0.671100 0.962400 0.834000 -2.700000
0.317500 0.049000 0.671100 0.962400 0.834000 168.900000
0.317500 0.049000 0.671100 0.962400 0.834000 53.100000
0.317500 0.049000 0.671100 0.962400 0.834000 -110.700000
0.317500 0.049000 0.671100 0.962400 0.834000 -76.500000
0.317500 0.049000 0.671100 0.962400 0.834000 -44.100000
0.317500 0.049000 0.671100 0.962400 0.834000 -97.500000
0.317500 0.049000 0.671100 0.962400 0.834000 129.300000
0.317500 0.049000 0.671100 0.962400 0.834000 29.100000
0.317500 0.049000 0.671100 0.962400 0.834000 -264.300000
0.317500 0.049000 0.671100 0.962400 0.834000 -57.300000
0.317500 0.049000 0.671100 0.962400 0.834000 -44.700000
0.317500 0.049000 0.671100 0.962400 0.834000 170.700000
0.317500 0.049000 0.671100 0.962400 0.834000 155.700000
0.317500 0.049000 0.671100 0.962400 0.834000 118.500000
0.317500 0.049000 0.671100 0.962400 0.834000 -188.700000
0.317500 0.049000 0.671100 0.962400 0.834000 -135.300000
0.317500 0.049000 0.671100 0.962400 0.834000 215.700000
0.317500 0.049000 0.671100 0.962400 0.834000 -171.300000
0.317500 0.049000 0.671100 0.962400 0.834000 58.500000
0.317500 0.049000 0.671100 0.962400 0.834000 -278.100000
0.317500 0.049000 0.671100 0.962400 0.834000 84.900000
0.317500 0.049000 0.671100 0.962400 0.834000 -80.100000
0.317500 0.049000 0.671100 0.962400 0.834000 -257.700000
0.317500 0.049000 0.671100 0.962400 0.834000 80.700000
0.317500 0.049000 0.671100 0.962400 0.834000 -242.700000
0.317500 0.049000 0.671100 0.962400 0.834000 -181.500000
0.317500 0.049000 0.671100 0.962400 0.834000 -215.700000
0.317500 0.049000 0.671100 0.962400 0.834000 -0.300000
0.317500 0.049000 0.671100 0.962400 0.834000 99.900000
0.317500 0.049000 0.671100 0.962400 0.834000 35.700000
