6.312825083732604980e-01 2.546228468418121338e-01 5.712372660636901855e-01 3.460980057716369629e-01 6.178572773933410645e-01 4.528657495975494385e-01 1.277023404836654663e-01 6.442911624908447266e-01 2.362742125988006592e-01 6.030032038688659668e-01 3.351549208164215088e-01 5.354163646697998047e-01 5.156484246253967285e-01 3.630774319171905518e-01
6.814774870872497559e-01 3.800818324089050293e-01 3.593422472476959229e-01 6.565399765968322754e-01 4.243335127830505371e-01 1.351579725742340088e-01 1.919530034065246582e-01 6.323006153106689453e-01 4.207278490066528320e-01 4.606233537197113037e-01 6.184481382369995117e-01 2.941260039806365967e-01 3.919790983200073242e-01 3.155660331249237061e-01
2.780900001525878906e-01 1.792176663875579834e-01 9.288704991340637207e-01 6.176350116729736328e-01 9.227149933576583862e-02 5.913984775543212891e-01 9.506603479385375977e-01 4.518316984176635742e-01 2.151884287595748901e-01 6.934107542037963867e-01 5.861918330192565918e-01 3.687155200168490410e-03 4.513755142688751221e-01 7.400951981544494629e-01
3.538450002670288086e-01 1.902383267879486084e-01 2.484862506389617920e-01 5.129550099372863770e-01 3.490292429924011230e-01 5.120608806610107422e-01 6.247966736555099487e-02 4.044186174869537354e-01 3.556808531284332275e-01 5.046545267105102539e-01 4.502733051776885986e-01 3.273038864135742188e-01 4.652623832225799561e-01 3.848468959331512451e-01
7.293300032615661621e-01 2.239926606416702271e-01 4.996367394924163818e-01 4.466232359409332275e-01 4.925682544708251953e-01 9.836612939834594727e-01 9.378047585487365723e-01 5.426635146141052246e-01 2.513970136642456055e-01 5.648652315139770508e-01 4.521263837814331055e-01 2.116148471832275391e-01 4.546054601669311523e-01 3.896736800670623779e-01
8.557350039482116699e-01 3.413478434085845947e-01 6.399185061454772949e-01 4.771282374858856201e-01 2.543214857578277588e-01 6.311722993850708008e-01 6.887222528457641602e-01 8.542395234107971191e-01 3.056869208812713623e-01 6.390213966369628906e-01 5.162627100944519043e-01 8.205616474151611328e-02 3.979672789573669434e-01 3.836172819137573242e-01
6.806275248527526855e-01 6.559263467788696289e-01 7.233687639236450195e-01 5.689550042152404785e-01 3.091317415237426758e-01 4.911198019981384277e-01 1.333433296531438828e-02 7.402343153953552246e-01 3.687114715576171875e-01 4.894722104072570801e-01 4.715735018253326416e-01 1.934231519699096680e-01 4.377641379833221436e-01 3.222676217555999756e-01
2.044575065374374390e-01 6.246816515922546387e-01 3.054497539997100830e-01 6.257774829864501953e-01 8.180882334709167480e-01 8.765958249568939209e-02 9.826537370681762695e-01 2.844163477420806885e-01 5.857055783271789551e-01 2.736183702945709229e-01 7.186418175697326660e-01 7.956938743591308594e-01 3.879665732383728027e-01 5.899012684822082520e-01
1.180450022220611572e-01 5.258161425590515137e-01 3.197174891829490662e-02 3.379600048065185547e-01 1.635382473468780518e-01 3.489731252193450928e-01 4.183226525783538818e-01 1.634195446968078613e-01 5.635342001914978027e-01 1.005394384264945984e-01 4.124711155891418457e-01 2.410497963428497314e-01 6.486946344375610352e-01 5.738925337791442871e-01
4.449824988842010498e-01 1.730004996061325073e-01 1.919837445020675659e-01 8.914049863815307617e-01 4.474482536315917969e-01 1.133459582924842834e-01 3.014020025730133057e-01 4.356670975685119629e-01 3.365308642387390137e-01 5.352223515510559082e-01 6.202985048294067383e-01 3.932610750198364258e-01 4.022891521453857422e-01 3.748682737350463867e-01
4.019599854946136475e-01 4.681201577186584473e-01 5.185887217521667480e-01 3.967222571372985840e-01 2.856342494487762451e-01 2.351643443107604980e-01 5.484333261847496033e-02 3.926210999488830566e-01 4.993810653686523438e-01 4.776053726673126221e-01 5.397091507911682129e-01 2.263629734516143799e-01 3.989616334438323975e-01 3.083201050758361816e-01
1.987649947404861450e-01 2.743841707706451416e-01 9.119752645492553711e-01 9.380350112915039062e-01 6.959974765777587891e-01 3.948940336704254150e-01 7.560707330703735352e-01 1.831706315279006958e-01 2.003322541713714600e-01 8.378602266311645508e-01 9.120730757713317871e-01 6.211066246032714844e-01 3.925392031669616699e-01 6.060857772827148438e-01
7.619249820709228516e-01 5.623946785926818848e-01 7.566737532615661621e-01 5.573624968528747559e-01 1.388995051383972168e-01 9.981855750083923340e-01 3.868726789951324463e-01 8.675767183303833008e-01 3.246318101882934570e-01 6.354185938835144043e-01 4.476281404495239258e-01 4.143797233700752258e-02 3.976782858371734619e-01 4.508422911167144775e-01
9.917999804019927979e-02 8.105639815330505371e-01 9.747987389564514160e-01 7.417950034141540527e-02 1.971040070056915283e-01 8.333922028541564941e-01 1.052133366465568542e-02 8.135538548231124878e-02 5.354446768760681152e-01 5.910761952400207520e-01 2.322688996791839600e-01 3.008180558681488037e-01 5.800768733024597168e-01 3.436833918094635010e-01
4.176250100135803223e-02 2.605246603488922119e-01 8.082550168037414551e-01 7.088400125503540039e-01 9.726099669933319092e-02 8.720312118530273438e-01 5.954156517982482910e-01 6.874961778521537781e-03 2.911022901535034180e-01 9.162319898605346680e-01 7.794048190116882324e-01 4.009727761149406433e-02 5.813142061233520508e-01 6.672547459602355957e-01
2.710725069046020508e-01 5.734021663665771484e-01 3.155847489833831787e-01 5.611975193023681641e-01 6.579167246818542480e-01 1.268856525421142578e-01 2.591633424162864685e-02 3.099261820316314697e-01 6.061715483665466309e-01 3.481003642082214355e-01 7.190842628479003906e-01 8.441490530967712402e-01 3.453950285911560059e-01 4.655106067657470703e-01
7.798550128936767578e-01 4.261656701564788818e-01 2.231547534465789795e-01 9.638224840164184570e-01 8.622482419013977051e-01 3.938568830490112305e-01 6.200990080833435059e-01 6.367340087890625000e-01 5.623928308486938477e-01 4.322957694530487061e-01 8.622391819953918457e-01 8.291290402412414551e-01 3.429965376853942871e-01 4.841208457946777344e-01
3.915224969387054443e-01 4.399886727333068848e-01 3.655945062637329102e-01 6.860575079917907715e-01 7.004935145378112793e-01 8.386942744255065918e-02 3.685076534748077393e-01 3.435184955596923828e-01 5.396023392677307129e-01 5.281919240951538086e-01 7.460403442382812500e-01 6.451700329780578613e-01 3.246094584465026855e-01 2.989843785762786865e-01
1.999824941158294678e-01 4.529278278350830078e-01 1.536564975976943970e-01 5.150550007820129395e-01 2.908100001513957977e-02 4.583289027214050293e-01 5.162556767463684082e-01 2.360625714063644409e-01 5.591306686401367188e-01 4.029337167739868164e-01 5.260239839553833008e-01 3.472953662276268005e-02 5.260473489761352539e-01 4.572634696960449219e-01
4.539249837398529053e-02 6.400160193443298340e-01 1.193045005202293396e-01 2.625067532062530518e-01 2.417974919080734253e-02 8.794419169425964355e-01 3.599239885807037354e-01 5.514807067811489105e-03 8.819621205329895020e-01 4.917812719941139221e-02 1.540338620543479919e-02 1.360520371235907078e-03 8.628148436546325684e-01 1.557500213384628296e-01
6.259425282478332520e-01 3.014331758022308350e-01 1.485912501811981201e-01 4.580957591533660889e-01 7.705637216567993164e-01 8.267338275909423828e-01 2.553633451461791992e-01 6.537816524505615234e-01 5.117308497428894043e-01 1.737782061100006104e-01 3.682408034801483154e-01 8.429203033447265625e-01 5.610066056251525879e-01 6.528110504150390625e-01
9.506275057792663574e-01 6.128249764442443848e-01 1.361224949359893799e-01 7.617350220680236816e-01 9.079587459564208984e-01 9.126816391944885254e-01 9.433433413505554199e-01 7.997619509696960449e-01 4.401611983776092529e-01 3.143261969089508057e-01 4.684037566184997559e-01 8.324333429336547852e-01 5.803280472755432129e-01 7.746834158897399902e-01
1.445074975490570068e-01 4.729340076446533203e-01 7.897175103425979614e-02 8.761600255966186523e-01 3.548862636089324951e-01 5.823444724082946777e-01 3.159376680850982666e-01 2.291626781225204468e-01 6.161421537399291992e-01 9.663319587707519531e-02 8.363245725631713867e-01 7.218571305274963379e-01 4.716871082782745361e-01 8.000869750976562500e-01
1.500625014305114746e-01 5.123521685600280762e-01 1.863054931163787842e-01 7.742224633693695068e-02 5.120747685432434082e-01 8.886257410049438477e-01 1.990929991006851196e-01 8.858295530080795288e-02 5.450857281684875488e-01 2.052350789308547974e-01 1.516495347023010254e-01 5.978613495826721191e-01 6.271603703498840332e-01 3.704282343387603760e-01
7.883725166320800781e-01 6.593629717826843262e-01 8.596755266189575195e-01 2.987412512302398682e-01 7.223179936408996582e-01 4.795535206794738770e-01 9.717208743095397949e-01 7.282091379165649414e-01 4.840245842933654785e-01 3.717674911022186279e-01 4.862154424190521240e-01 6.019998192787170410e-01 4.950678646564483643e-01 5.464803576469421387e-01
2.356700003147125244e-01 5.783045291900634766e-01 5.420337319374084473e-01 6.593250036239624023e-01 6.885660290718078613e-01 7.283633351325988770e-01 1.879143267869949341e-01 2.933514416217803955e-01 4.952438175678253174e-01 4.067477881908416748e-01 4.680854082107543945e-01 8.576521277427673340e-01 4.674020111560821533e-01 4.543845653533935547e-01
9.969300031661987305e-01 1.853153407573699951e-01 5.946162343025207520e-01 3.194234967231750488e-01 6.363099813461303711e-02 1.232825219631195068e-01 3.152573406696319580e-01 9.229990839958190918e-01 9.770274162292480469e-02 9.249818921089172363e-01 5.758205056190490723e-01 6.873145699501037598e-03 2.974978387355804443e-01 6.012118458747863770e-01
3.900099992752075195e-01 2.739291787147521973e-01 3.150264918804168701e-01 3.430207371711730957e-01 1.287014931440353394e-01 9.063737392425537109e-01 5.168513059616088867e-01 3.390528857707977295e-01 4.604713320732116699e-01 4.752375483512878418e-01 3.259778320789337158e-01 4.975830763578414917e-02 5.752190947532653809e-01 4.471563398838043213e-01
2.817200124263763428e-01 2.428318262100219727e-01 6.349735260009765625e-01 5.497174859046936035e-01 5.123487710952758789e-01 2.889033406972885132e-02 4.576143324375152588e-01 3.624370694160461426e-01 2.478985190391540527e-01 6.429001688957214355e-01 5.549539327621459961e-01 4.468961954116821289e-01 4.570073187351226807e-01 4.237933456897735596e-01
1.640650033950805664e-01 2.728306651115417480e-01 5.832762718200683594e-01 5.042325258255004883e-01 4.812425076961517334e-01 8.335813879966735840e-02 5.751573443412780762e-01 1.970442384481430054e-01 3.368114233016967773e-01 6.447522044181823730e-01 6.099776625633239746e-01 4.812460839748382568e-01 4.260521531105041504e-01 4.093897938728332520e-01
6.583349704742431641e-01 3.264728188514709473e-01 1.187812536954879761e-01 7.566974759101867676e-01 1.733645051717758179e-01 5.806132405996322632e-02 2.242893278598785400e-01 7.193917036056518555e-01 4.519467949867248535e-01 3.933086097240447998e-01 4.973815381526947021e-01 6.150324642658233643e-02 4.206558465957641602e-01 3.574047684669494629e-01
3.643549978733062744e-01 8.031976819038391113e-01 6.656810045242309570e-01 1.120777502655982971e-01 2.856124937534332275e-02 5.675760507583618164e-01 7.655128836631774902e-01 2.814740836620330811e-01 5.676016211509704590e-01 4.865714311599731445e-01 2.963522374629974365e-01 1.112400647252798080e-02 5.988761782646179199e-01 4.311965405941009521e-01
6.271250247955322266e-01 1.996716707944869995e-01 8.539312481880187988e-01 7.863399982452392578e-01 3.019177615642547607e-01 6.361659765243530273e-01 9.492045044898986816e-01 6.298643350601196289e-01 1.253267228603363037e-01 8.057234287261962891e-01 6.562763452529907227e-01 6.977798044681549072e-02 3.613252043724060059e-01 5.569710731506347656e-01
7.788749933242797852e-01 1.939969956874847412e-01 7.486305236816406250e-01 8.033400028944015503e-02 7.285297513008117676e-01 6.470609307289123535e-01 3.644200041890144348e-02 7.345643043518066406e-01 3.138979971408843994e-01 5.558707118034362793e-01 3.326414823532104492e-01 6.943588852882385254e-01 5.570667982101440430e-01 4.501344263553619385e-01
2.096750028431415558e-02 3.860625028610229492e-01 2.796250022947788239e-02 2.733870148658752441e-01 9.157245159149169922e-01 5.558437108993530273e-01 5.390610098838806152e-01 4.432003945112228394e-03 6.192904710769653320e-01 2.988606505095958710e-02 8.720550686120986938e-03 9.572312235832214355e-01 5.390223860740661621e-01 1.032084524631500244e-01
2.229599952697753906e-01 5.477301478385925293e-01 1.433512568473815918e-01 7.683675289154052734e-01 2.172455042600631714e-01 8.682365417480468750e-01 6.173650026321411133e-01 3.104903995990753174e-01 4.954254329204559326e-01 9.924045950174331665e-02 5.709589719772338867e-01 3.964038789272308350e-01 6.657910346984863281e-01 7.895696759223937988e-01
9.314125180244445801e-01 2.637443244457244873e-01 5.814767479896545410e-01 2.277624979615211487e-02 8.870834708213806152e-01 3.887223303318023682e-01 6.581820249557495117e-01 8.674709200859069824e-01 3.045810163021087646e-01 5.300618410110473633e-01 2.559203207492828369e-01 8.332667350769042969e-01 6.338086128234863281e-01 6.505261659622192383e-01
4.109925031661987305e-01 6.649144887924194336e-01 8.350780010223388672e-01 9.475824832916259766e-01 4.614642560482025146e-01 5.095159411430358887e-01 3.747733309864997864e-02 3.672901690006256104e-01 5.708153843879699707e-01 5.386615395545959473e-01 8.487359881401062012e-01 4.915602803230285645e-01 2.828568518161773682e-01 3.011814355850219727e-01
1.074424982070922852e-01 3.771494925022125244e-01 7.191944718360900879e-01 7.471150159835815430e-01 2.170749939978122711e-02 7.507810741662979126e-02 2.692546546459197998e-01 1.309480369091033936e-01 3.152163624763488770e-01 7.335867881774902344e-01 5.485939979553222656e-01 1.863167248666286469e-02 5.167223215103149414e-01 5.006369948387145996e-01
1.382649987936019897e-01 4.242379963397979736e-01 3.870057463645935059e-01 2.739222645759582520e-01 1.535300016403198242e-01 8.454275727272033691e-01 6.823347806930541992e-01 1.331909447908401489e-01 4.764790534973144531e-01 4.555948972702026367e-01 3.798181712627410889e-01 1.277811676263809204e-01 6.261853575706481934e-01 4.740239381790161133e-01
4.052499774843454361e-03 4.715193212032318115e-01 8.828007578849792480e-01 7.200124859809875488e-01 7.454494833946228027e-01 2.316546440124511719e-01 9.594941139221191406e-01 2.035667188465595245e-03 5.794875025749206543e-01 9.149161577224731445e-01 9.187114238739013672e-01 8.739775419235229492e-01 2.874704599380493164e-01 6.447542905807495117e-01
9.668574929237365723e-01 1.919428259134292603e-01 6.263830065727233887e-01 8.953624963760375977e-01 9.742457270622253418e-01 7.615771889686584473e-01 1.582150012254714966e-01 8.766391873359680176e-01 2.705943882465362549e-01 6.628066897392272949e-01 6.473281979560852051e-01 8.947606086730957031e-01 5.454992651939392090e-01 2.994883656501770020e-01
1.802050024271011353e-01 4.150078296661376953e-01 3.737749904394149780e-02 1.352314949035644531e-01 7.568194866180419922e-01 6.386690586805343628e-02 7.936084270477294922e-01 2.833742499351501465e-01 5.729416012763977051e-01 1.241537928581237793e-01 3.271205723285675049e-01 8.439943194389343262e-01 5.343947410583496094e-01 5.505145192146301270e-01
3.339149951934814453e-01 4.823488295078277588e-01 9.623647332191467285e-01 4.525727629661560059e-01 6.711884737014770508e-01 8.217902779579162598e-01 1.188416630029678345e-01 3.127522766590118408e-01 3.745990991592407227e-01 6.020473241806030273e-01 5.723339915275573730e-01 6.984631419181823730e-01 4.685908854007720947e-01 3.402009904384613037e-01
9.908249974250793457e-02 3.643186688423156738e-01 3.800162374973297119e-01 4.586944878101348877e-01 9.990582466125488281e-01 2.283266633749008179e-01 8.083066344261169434e-02 4.565307125449180603e-02 5.225524306297302246e-01 3.340833485126495361e-01 2.244548052549362183e-01 9.998660087585449219e-01 4.029105007648468018e-01 1.456622630357742310e-01
4.319350123405456543e-01 2.201023399829864502e-01 2.271544933319091797e-01 2.004617452621459961e-01 7.734645009040832520e-01 1.259227246046066284e-01 8.821533918380737305e-01 5.318601131439208984e-01 4.153156280517578125e-01 3.096082210540771484e-01 3.852839171886444092e-01 6.864861845970153809e-01 5.694816112518310547e-01 5.770768523216247559e-01
3.933550119400024414e-01 7.792611718177795410e-01 2.256225049495697021e-01 4.539837539196014404e-01 9.645607471466064453e-01 5.436675548553466797e-01 9.842261672019958496e-01 5.536170005798339844e-01 5.916769504547119141e-01 7.244205474853515625e-02 5.285199880599975586e-01 9.592118859291076660e-01 5.739827752113342285e-01 8.038771748542785645e-01
3.882024884223937988e-01 2.249021679162979126e-01 6.726797223091125488e-01 9.212700128555297852e-01 6.600842475891113281e-01 5.994726419448852539e-01 2.185086607933044434e-01 3.293259739875793457e-01 2.136522084474563599e-01 7.554311156272888184e-01 8.449014425277709961e-01 6.219164729118347168e-01 4.169304966926574707e-01 4.630888998508453369e-01
1.284125000238418579e-01 1.719155013561248779e-01 5.350260138511657715e-01 2.646502554416656494e-01 8.763049840927124023e-01 5.629256367683410645e-01 3.499099984765052795e-02 8.217130601406097412e-02 3.171198964118957520e-01 6.987689733505249023e-01 2.385461777448654175e-01 9.770892262458801270e-01 6.357467174530029297e-01 2.848646342754364014e-01
3.660899996757507324e-01 2.527939975261688232e-01 7.037402391433715820e-01 5.978599786758422852e-01 6.748697757720947266e-01 7.463386654853820801e-01 2.581023275852203369e-01 3.201563656330108643e-01 2.823914885520935059e-01 6.537562608718872070e-01 6.618921756744384766e-01 7.134426832199096680e-01 4.978818297386169434e-01 4.040790200233459473e-01
