1.382649987936019897e-01 4.242379963397979736e-01 3.870057463645935059e-01 2.739222645759582520e-01 1.535300016403198242e-01 8.454275727272033691e-01 6.823347806930541992e-01 8.798908442258834839e-02 5.680583715438842773e-01 5.382896661758422852e-01 3.182051777839660645e-01 7.825966924428939819e-02 6.603136658668518066e-01 3.805334866046905518e-01
2.044575065374374390e-01 6.246816515922546387e-01 3.054497539997100830e-01 6.257774829864501953e-01 8.180882334709167480e-01 8.765958249568939209e-02 9.826537370681762695e-01 2.700652778148651123e-01 6.140603423118591309e-01 2.873743474483489990e-01 7.441511154174804688e-01 7.034262418746948242e-01 3.857886195182800293e-01 6.224687695503234863e-01
6.814774870872497559e-01 3.800818324089050293e-01 3.593422472476959229e-01 6.565399765968322754e-01 4.243335127830505371e-01 1.351579725742340088e-01 1.919530034065246582e-01 7.445149421691894531e-01 4.422357082366943359e-01 4.949489235877990723e-01 5.465832948684692383e-01 5.049248933792114258e-01 4.201731085777282715e-01 4.039560258388519287e-01
6.259425282478332520e-01 3.014331758022308350e-01 1.485912501811981201e-01 4.580957591533660889e-01 7.705637216567993164e-01 8.267338275909423828e-01 2.553633451461791992e-01 5.384840965270996094e-01 5.032523870468139648e-01 2.344066351652145386e-01 3.628914654254913330e-01 7.587090730667114258e-01 5.051611065864562988e-01 5.213189125061035156e-01
4.109925031661987305e-01 6.649144887924194336e-01 8.350780010223388672e-01 9.475824832916259766e-01 4.614642560482025146e-01 5.095159411430358887e-01 3.747733309864997864e-02 4.313178062438964844e-01 5.715446472167968750e-01 6.121243834495544434e-01 8.615722656250000000e-01 5.467542409896850586e-01 3.064892292022705078e-01 4.413889646530151367e-01
1.284125000238418579e-01 1.719155013561248779e-01 5.350260138511657715e-01 2.646502554416656494e-01 8.763049840927124023e-01 5.629256367683410645e-01 3.499099984765052795e-02 8.400697261095046997e-02 1.880806237459182739e-01 7.269621491432189941e-01 2.960031628608703613e-01 9.188976883888244629e-01 5.464320778846740723e-01 2.606067359447479248e-01
6.806275248527526855e-01 6.559263467788696289e-01 7.233687639236450195e-01 5.689550042152404785e-01 3.091317415237426758e-01 4.911198019981384277e-01 1.333433296531438828e-02 7.974175810813903809e-01 4.316275417804718018e-01 5.599843263626098633e-01 4.111554026603698730e-01 3.469102680683135986e-01 5.110120773315429688e-01 3.827733397483825684e-01
4.019599854946136475e-01 4.681201577186584473e-01 5.185887217521667480e-01 3.967222571372985840e-01 2.856342494487762451e-01 2.351643443107604980e-01 5.484333261847496033e-02 4.263101816177368164e-01 4.677180945873260498e-01 5.006466507911682129e-01 5.108203887939453125e-01 3.289144933223724365e-01 4.522357285022735596e-01 4.002185463905334473e-01
6.583349704742431641e-01 3.264728188514709473e-01 1.187812536954879761e-01 7.566974759101867676e-01 1.733645051717758179e-01 5.806132405996322632e-02 2.242893278598785400e-01 7.680534720420837402e-01 5.337632894515991211e-01 3.290206789970397949e-01 5.077213644981384277e-01 1.795130372047424316e-01 3.979240357875823975e-01 3.917844295501708984e-01
1.987649947404861450e-01 2.743841707706451416e-01 9.119752645492553711e-01 9.380350112915039062e-01 6.959974765777587891e-01 3.948940336704254150e-01 7.560707330703735352e-01 2.036413699388504028e-01 2.393964827060699463e-01 8.221214413642883301e-01 8.497886657714843750e-01 7.105256319046020508e-01 5.296597480773925781e-01 5.578735470771789551e-01
3.915224969387054443e-01 4.399886727333068848e-01 3.655945062637329102e-01 6.860575079917907715e-01 7.004935145378112793e-01 8.386942744255065918e-02 3.685076534748077393e-01 4.618274569511413574e-01 5.211175084114074707e-01 5.202658772468566895e-01 6.699612736701965332e-01 7.436506748199462891e-01 3.673940598964691162e-01 3.585241734981536865e-01
9.969300031661987305e-01 1.853153407573699951e-01 5.946162343025207520e-01 3.194234967231750488e-01 6.363099813461303711e-02 1.232825219631195068e-01 3.152573406696319580e-01 9.044415950775146484e-01 2.892649173736572266e-01 8.281888365745544434e-01 4.390642940998077393e-01 1.107744053006172180e-01 5.143033862113952637e-01 4.926001429557800293e-01
2.096750028431415558e-02 3.860625028610229492e-01 2.796250022947788239e-02 2.733870148658752441e-01 9.157245159149169922e-01 5.558437108993530273e-01 5.390610098838806152e-01 4.992725327610969543e-02 4.517219364643096924e-01 8.253297954797744751e-02 3.059576847590506077e-04 9.361954331398010254e-01 6.089203953742980957e-01 4.180817604064941406e-01
2.780900001525878906e-01 1.792176663875579834e-01 9.288704991340637207e-01 6.176350116729736328e-01 9.227149933576583862e-02 5.913984775543212891e-01 9.506603479385375977e-01 3.033701777458190918e-01 2.650287151336669922e-01 7.746825218200683594e-01 5.644369721412658691e-01 5.327579006552696228e-02 6.290226578712463379e-01 7.202867865562438965e-01
1.802050024271011353e-01 4.150078296661376953e-01 3.737749904394149780e-02 1.352314949035644531e-01 7.568194866180419922e-01 6.386690586805343628e-02 7.936084270477294922e-01 2.883432805538177490e-01 4.988030195236206055e-01 1.217336282134056091e-01 2.203226834535598755e-01 7.574455738067626953e-01 5.338710546493530273e-01 6.195268630981445312e-01
1.180450022220611572e-01 5.258161425590515137e-01 3.197174891829490662e-02 3.379600048065185547e-01 1.635382473468780518e-01 3.489731252193450928e-01 4.183226525783538818e-01 1.709506511688232422e-01 5.366889238357543945e-01 6.934249401092529297e-02 3.020164668560028076e-01 1.954572349786758423e-01 6.853727698326110840e-01 6.166102886199951172e-01
7.883725166320800781e-01 6.593629717826843262e-01 8.596755266189575195e-01 2.987412512302398682e-01 7.223179936408996582e-01 4.795535206794738770e-01 9.717208743095397949e-01 7.662931680679321289e-01 4.701969027519226074e-01 3.991563022136688232e-01 5.651809573173522949e-01 6.143746972084045410e-01 4.474804997444152832e-01 4.561737477779388428e-01
2.229599952697753906e-01 5.477301478385925293e-01 1.433512568473815918e-01 7.683675289154052734e-01 2.172455042600631714e-01 8.682365417480468750e-01 6.173650026321411133e-01 2.049109041690826416e-01 5.863504409790039062e-01 2.151574641466140747e-01 5.375633239746093750e-01 2.162464261054992676e-01 5.627496242523193359e-01 5.353940129280090332e-01
9.908249974250793457e-02 3.643186688423156738e-01 3.800162374973297119e-01 4.586944878101348877e-01 9.990582466125488281e-01 2.283266633749008179e-01 8.083066344261169434e-02 1.173733845353126526e-01 4.288365840911865234e-01 4.764821827411651611e-01 3.713367879390716553e-01 9.827827215194702148e-01 3.633178174495697021e-01 2.334369122982025146e-01
9.314125180244445801e-01 2.637443244457244873e-01 5.814767479896545410e-01 2.277624979615211487e-02 8.870834708213806152e-01 3.887223303318023682e-01 6.581820249557495117e-01 8.164873123168945312e-01 2.648373842239379883e-01 5.585199594497680664e-01 3.715148568153381348e-01 8.228990435600280762e-01 5.403063893318176270e-01 2.769035398960113525e-01
7.798550128936767578e-01 4.261656701564788818e-01 2.231547534465789795e-01 9.638224840164184570e-01 8.622482419013977051e-01 3.938568830490112305e-01 6.200990080833435059e-01 7.091475129127502441e-01 5.114800333976745605e-01 4.978462755680084229e-01 8.300263285636901855e-01 8.344534039497375488e-01 3.660106956958770752e-01 3.916433155536651611e-01
4.539249837398529053e-02 6.400160193443298340e-01 1.193045005202293396e-01 2.625067532062530518e-01 2.417974919080734253e-02 8.794419169425964355e-01 3.599239885807037354e-01 3.393673524260520935e-02 7.415502667427062988e-01 1.139619499444961548e-01 6.863754824735224247e-04 2.686765417456626892e-02 9.005109667778015137e-01 4.014822244644165039e-01
1.640650033950805664e-01 2.728306651115417480e-01 5.832762718200683594e-01 5.042325258255004883e-01 4.812425076961517334e-01 8.335813879966735840e-02 5.751573443412780762e-01 1.814549118280410767e-01 3.348886966705322266e-01 7.311227321624755859e-01 5.329445004463195801e-01 4.488817155361175537e-01 5.128529667854309082e-01 4.547021090984344482e-01
9.668574929237365723e-01 1.919428259134292603e-01 6.263830065727233887e-01 8.953624963760375977e-01 9.742457270622253418e-01 7.615771889686584473e-01 1.582150012254714966e-01 9.056652188301086426e-01 2.063195556402206421e-01 7.157446742057800293e-01 6.712912321090698242e-01 9.295168519020080566e-01 5.670619606971740723e-01 2.284380793571472168e-01
6.312825083732604980e-01 2.546228468418121338e-01 5.712372660636901855e-01 3.460980057716369629e-01 6.178572773933410645e-01 4.528657495975494385e-01 1.277023404836654663e-01 7.085617184638977051e-01 2.489822953939437866e-01 6.413799524307250977e-01 2.958907783031463623e-01 6.047438979148864746e-01 5.931674838066101074e-01 2.999856770038604736e-01
2.356700003147125244e-01 5.783045291900634766e-01 5.420337319374084473e-01 6.593250036239624023e-01 6.885660290718078613e-01 7.283633351325988770e-01 1.879143267869949341e-01 2.924726307392120361e-01 5.125116109848022461e-01 4.579213559627532959e-01 4.998863637447357178e-01 8.153895139694213867e-01 4.086070656776428223e-01 3.747850060462951660e-01
3.900099992752075195e-01 2.739291787147521973e-01 3.150264918804168701e-01 3.430207371711730957e-01 1.287014931440353394e-01 9.063737392425537109e-01 5.168513059616088867e-01 2.896609902381896973e-01 4.914945065975189209e-01 4.520435333251953125e-01 3.554682433605194092e-01 9.391579777002334595e-02 6.134603023529052734e-01 4.800108969211578369e-01
7.788749933242797852e-01 1.939969956874847412e-01 7.486305236816406250e-01 8.033400028944015503e-02 7.285297513008117676e-01 6.470609307289123535e-01 3.644200041890144348e-02 7.103840112686157227e-01 2.778615057468414307e-01 5.801996588706970215e-01 4.007540643215179443e-01 7.518575787544250488e-01 5.245767235755920410e-01 3.045296072959899902e-01
3.339149951934814453e-01 4.823488295078277588e-01 9.623647332191467285e-01 4.525727629661560059e-01 6.711884737014770508e-01 8.217902779579162598e-01 1.188416630029678345e-01 3.449115753173828125e-01 3.807250261306762695e-01 6.034427285194396973e-01 5.035250186920166016e-01 7.586683630943298340e-01 4.579103887081146240e-01 3.466770350933074951e-01
1.074424982070922852e-01 3.771494925022125244e-01 7.191944718360900879e-01 7.471150159835815430e-01 2.170749939978122711e-02 7.507810741662979126e-02 2.692546546459197998e-01 1.345078051090240479e-01 4.511094689369201660e-01 7.343231439590454102e-01 5.597438216209411621e-01 5.512322857975959778e-02 5.372010469436645508e-01 5.267800092697143555e-01
3.933550119400024414e-01 7.792611718177795410e-01 2.256225049495697021e-01 4.539837539196014404e-01 9.645607471466064453e-01 5.436675548553466797e-01 9.842261672019958496e-01 3.730255663394927979e-01 6.124720573425292969e-01 1.211213096976280212e-01 4.681186676025390625e-01 8.257978558540344238e-01 4.723311662673950195e-01 6.938192844390869141e-01
2.817200124263763428e-01 2.428318262100219727e-01 6.349735260009765625e-01 5.497174859046936035e-01 5.123487710952758789e-01 2.889033406972885132e-02 4.576143324375152588e-01 3.562400937080383301e-01 2.621619701385498047e-01 5.944026112556457520e-01 4.502831697463989258e-01 5.387461781501770020e-01 5.394714474678039551e-01 4.133353829383850098e-01
7.619249820709228516e-01 5.623946785926818848e-01 7.566737532615661621e-01 5.573624968528747559e-01 1.388995051383972168e-01 9.981855750083923340e-01 3.868726789951324463e-01 8.316935300827026367e-01 4.329845905303955078e-01 6.123396754264831543e-01 4.276020526885986328e-01 1.513223946094512939e-01 5.205244421958923340e-01 4.303741157054901123e-01
9.917999804019927979e-02 8.105639815330505371e-01 9.747987389564514160e-01 7.417950034141540527e-02 1.971040070056915283e-01 8.333922028541564941e-01 1.052133366465568542e-02 8.114823698997497559e-02 5.954694747924804688e-01 6.007164716720581055e-01 1.454752087593078613e-01 2.121309489011764526e-01 6.602677702903747559e-01 3.218757212162017822e-01
7.293300032615661621e-01 2.239926606416702271e-01 4.996367394924163818e-01 4.466232359409332275e-01 4.925682544708251953e-01 9.836612939834594727e-01 9.378047585487365723e-01 5.451546311378479004e-01 3.587016463279724121e-01 6.370702385902404785e-01 4.416282176971435547e-01 3.318370580673217773e-01 5.485989451408386230e-01 5.126094222068786621e-01
3.538450002670288086e-01 1.902383267879486084e-01 2.484862506389617920e-01 5.129550099372863770e-01 3.490292429924011230e-01 5.120608806610107422e-01 6.247966736555099487e-02 3.940194547176361084e-01 3.600766062736511230e-01 5.482733845710754395e-01 4.624692797660827637e-01 3.775368630886077881e-01 5.084898471832275391e-01 4.244648814201354980e-01
4.319350123405456543e-01 2.201023399829864502e-01 2.271544933319091797e-01 2.004617452621459961e-01 7.734645009040832520e-01 1.259227246046066284e-01 8.821533918380737305e-01 4.089008867740631104e-01 4.058456420898437500e-01 4.780441522598266602e-01 4.637691378593444824e-01 6.520118117332458496e-01 4.663306772708892822e-01 4.008636772632598877e-01
2.710725069046020508e-01 5.734021663665771484e-01 3.155847489833831787e-01 5.611975193023681641e-01 6.579167246818542480e-01 1.268856525421142578e-01 2.591633424162864685e-02 3.894456326961517334e-01 6.178677678108215332e-01 2.847599983215332031e-01 6.584076881408691406e-01 8.294846415519714355e-01 3.852447569370269775e-01 5.335386395454406738e-01
4.449824988842010498e-01 1.730004996061325073e-01 1.919837445020675659e-01 8.914049863815307617e-01 4.474482536315917969e-01 1.133459582924842834e-01 3.014020025730133057e-01 5.044965744018554688e-01 3.866837024688720703e-01 5.579739212989807129e-01 5.838729739189147949e-01 4.783116579055786133e-01 4.489497840404510498e-01 4.276570677757263184e-01
4.176250100135803223e-02 2.605246603488922119e-01 8.082550168037414551e-01 7.088400125503540039e-01 9.726099669933319092e-02 8.720312118530273438e-01 5.954156517982482910e-01 1.941270194947719574e-02 1.572005748748779297e-01 9.206891655921936035e-01 6.591437458992004395e-01 5.890532210469245911e-02 7.308387160301208496e-01 6.999599933624267578e-01
8.557350039482116699e-01 3.413478434085845947e-01 6.399185061454772949e-01 4.771282374858856201e-01 2.543214857578277588e-01 6.311722993850708008e-01 6.887222528457641602e-01 8.455925583839416504e-01 3.888190686702728271e-01 6.573492288589477539e-01 5.263001918792724609e-01 2.485492825508117676e-01 4.855702221393585205e-01 4.552409350872039795e-01
1.500625014305114746e-01 5.123521685600280762e-01 1.863054931163787842e-01 7.742224633693695068e-02 5.120747685432434082e-01 8.886257410049438477e-01 1.990929991006851196e-01 1.559122353792190552e-01 5.300487279891967773e-01 2.357377707958221436e-01 8.232999593019485474e-02 5.712521076202392578e-01 6.320510506629943848e-01 4.048706889152526855e-01
6.271250247955322266e-01 1.996716707944869995e-01 8.539312481880187988e-01 7.863399982452392578e-01 3.019177615642547607e-01 6.361659765243530273e-01 9.492045044898986816e-01 7.004002332687377930e-01 2.404739260673522949e-01 7.837008237838745117e-01 7.395359873771667480e-01 2.335081845521926880e-01 5.095721483230590820e-01 6.342151761054992676e-01
3.882024884223937988e-01 2.249021679162979126e-01 6.726797223091125488e-01 9.212700128555297852e-01 6.600842475891113281e-01 5.994726419448852539e-01 2.185086607933044434e-01 4.029024541378021240e-01 2.190187275409698486e-01 6.875243186950683594e-01 6.954256892204284668e-01 7.128142118453979492e-01 5.625963211059570312e-01 4.438622295856475830e-01
1.999824941158294678e-01 4.529278278350830078e-01 1.536564975976943970e-01 5.150550007820129395e-01 2.908100001513957977e-02 4.583289027214050293e-01 5.162556767463684082e-01 1.976543813943862915e-01 5.198656320571899414e-01 3.633144199848175049e-01 5.049945712089538574e-01 5.258008837699890137e-02 6.103551983833312988e-01 4.912581443786621094e-01
3.643549978733062744e-01 8.031976819038391113e-01 6.656810045242309570e-01 1.120777502655982971e-01 2.856124937534332275e-02 5.675760507583618164e-01 7.655128836631774902e-01 2.759051322937011719e-01 5.477377772331237793e-01 4.031702876091003418e-01 2.904467582702636719e-01 5.750751867890357971e-02 6.195870041847229004e-01 4.845570027828216553e-01
1.445074975490570068e-01 4.729340076446533203e-01 7.897175103425979614e-02 8.761600255966186523e-01 3.548862636089324951e-01 5.823444724082946777e-01 3.159376680850982666e-01 1.500416845083236694e-01 5.992733836174011230e-01 8.454684168100357056e-02 8.928830623626708984e-01 4.175730347633361816e-01 4.865360856056213379e-01 8.152107000350952148e-01
9.506275057792663574e-01 6.128249764442443848e-01 1.361224949359893799e-01 7.617350220680236816e-01 9.079587459564208984e-01 9.126816391944885254e-01 9.433433413505554199e-01 6.905080080032348633e-01 5.176923871040344238e-01 2.781466543674468994e-01 6.650238633155822754e-01 7.488778829574584961e-01 5.121130347251892090e-01 5.927862524986267090e-01
4.052499774843454361e-03 4.715193212032318115e-01 8.828007578849792480e-01 7.200124859809875488e-01 7.454494833946228027e-01 2.316546440124511719e-01 9.594941139221191406e-01 7.661171723157167435e-03 4.881035983562469482e-01 9.401221871376037598e-01 9.386748671531677246e-01 7.212352156639099121e-01 3.198836743831634521e-01 7.238365411758422852e-01
3.660899996757507324e-01 2.527939975261688232e-01 7.037402391433715820e-01 5.978599786758422852e-01 6.748697757720947266e-01 7.463386654853820801e-01 2.581023275852203369e-01 3.229458928108215332e-01 2.234669476747512817e-01 7.083067893981933594e-01 5.956944823265075684e-01 7.369459271430969238e-01 5.529642701148986816e-01 4.054407477378845215e-01
