7.619249820709228516e-01 5.623946785926818848e-01 7.566737532615661621e-01 5.573624968528747559e-01 1.388995051383972168e-01 9.981855750083923340e-01 3.868726789951324463e-01 8.921223878860473633e-01 3.834477961063385010e-01 6.414451003074645996e-01 4.523196518421173096e-01 2.092051506042480469e-01 5.359595417976379395e-01 4.971558451652526855e-01
2.780900001525878906e-01 1.792176663875579834e-01 9.288704991340637207e-01 6.176350116729736328e-01 9.227149933576583862e-02 5.913984775543212891e-01 9.506603479385375977e-01 3.473542034626007080e-01 2.332754284143447876e-01 6.718326210975646973e-01 6.469524502754211426e-01 3.247734531760215759e-02 5.379757285118103027e-01 7.740679383277893066e-01
3.339149951934814453e-01 4.823488295078277588e-01 9.623647332191467285e-01 4.525727629661560059e-01 6.711884737014770508e-01 8.217902779579162598e-01 1.188416630029678345e-01 3.054837584495544434e-01 3.030617237091064453e-01 6.579818129539489746e-01 6.254650354385375977e-01 6.953857541084289551e-01 4.953310191631317139e-01 2.860502302646636963e-01
3.900099992752075195e-01 2.739291787147521973e-01 3.150264918804168701e-01 3.430207371711730957e-01 1.287014931440353394e-01 9.063737392425537109e-01 5.168513059616088867e-01 3.370057940483093262e-01 4.305242002010345459e-01 4.795426130294799805e-01 3.326227068901062012e-01 1.119712591171264648e-01 5.574939250946044922e-01 5.129696726799011230e-01
9.908249974250793457e-02 3.643186688423156738e-01 3.800162374973297119e-01 4.586944878101348877e-01 9.990582466125488281e-01 2.283266633749008179e-01 8.083066344261169434e-02 8.502708375453948975e-02 4.965656101703643799e-01 4.283778369426727295e-01 4.718743860721588135e-01 9.835025668144226074e-01 3.745852112770080566e-01 2.064148783683776855e-01
3.882024884223937988e-01 2.249021679162979126e-01 6.726797223091125488e-01 9.212700128555297852e-01 6.600842475891113281e-01 5.994726419448852539e-01 2.185086607933044434e-01 3.670315146446228027e-01 1.743605881929397583e-01 7.848455309867858887e-01 7.666661739349365234e-01 7.094776034355163574e-01 5.149359703063964844e-01 3.361285328865051270e-01
2.096750028431415558e-02 3.860625028610229492e-01 2.796250022947788239e-02 2.733870148658752441e-01 9.157245159149169922e-01 5.558437108993530273e-01 5.390610098838806152e-01 8.820839226245880127e-02 4.178529977798461914e-01 5.735282599925994873e-02 1.326412544585764408e-03 9.241405725479125977e-01 6.904817223548889160e-01 4.131160080432891846e-01
1.640650033950805664e-01 2.728306651115417480e-01 5.832762718200683594e-01 5.042325258255004883e-01 4.812425076961517334e-01 8.335813879966735840e-02 5.751573443412780762e-01 1.925582736730575562e-01 3.122440874576568604e-01 6.885620355606079102e-01 6.001489162445068359e-01 4.462868273258209229e-01 5.020095705986022949e-01 3.670996725559234619e-01
9.969300031661987305e-01 1.853153407573699951e-01 5.946162343025207520e-01 3.194234967231750488e-01 6.363099813461303711e-02 1.232825219631195068e-01 3.152573406696319580e-01 9.107950329780578613e-01 1.351821869611740112e-01 8.017852306365966797e-01 4.635621607303619385e-01 1.169055327773094177e-01 4.179120957851409912e-01 5.394442677497863770e-01
4.539249837398529053e-02 6.400160193443298340e-01 1.193045005202293396e-01 2.625067532062530518e-01 2.417974919080734253e-02 8.794419169425964355e-01 3.599239885807037354e-01 2.712801657617092133e-02 6.689196228981018066e-01 2.240339107811450958e-02 3.477918216958642006e-03 1.871238462626934052e-02 8.777243494987487793e-01 3.561781346797943115e-01
1.382649987936019897e-01 4.242379963397979736e-01 3.870057463645935059e-01 2.739222645759582520e-01 1.535300016403198242e-01 8.454275727272033691e-01 6.823347806930541992e-01 1.087219938635826111e-01 5.110864043235778809e-01 4.724694490432739258e-01 3.805735409259796143e-01 1.123583763837814331e-01 6.471399068832397461e-01 4.932320117950439453e-01
1.802050024271011353e-01 4.150078296661376953e-01 3.737749904394149780e-02 1.352314949035644531e-01 7.568194866180419922e-01 6.386690586805343628e-02 7.936084270477294922e-01 2.656713426113128662e-01 5.695893764495849609e-01 1.136318892240524292e-01 3.261796534061431885e-01 7.570777535438537598e-01 4.830890297889709473e-01 5.510293245315551758e-01
2.356700003147125244e-01 5.783045291900634766e-01 5.420337319374084473e-01 6.593250036239624023e-01 6.885660290718078613e-01 7.283633351325988770e-01 1.879143267869949341e-01 2.477546632289886475e-01 5.001212954521179199e-01 4.995192289352416992e-01 5.193094015121459961e-01 7.896757125854492188e-01 4.138630330562591553e-01 3.244170248508453369e-01
3.643549978733062744e-01 8.031976819038391113e-01 6.656810045242309570e-01 1.120777502655982971e-01 2.856124937534332275e-02 5.675760507583618164e-01 7.655128836631774902e-01 2.616009712219238281e-01 5.971553325653076172e-01 5.104878544807434082e-01 2.220767885446548462e-01 4.539871215820312500e-02 5.675179362297058105e-01 5.071365833282470703e-01
2.817200124263763428e-01 2.428318262100219727e-01 6.349735260009765625e-01 5.497174859046936035e-01 5.123487710952758789e-01 2.889033406972885132e-02 4.576143324375152588e-01 3.327710032463073730e-01 2.122488170862197876e-01 6.711862087249755859e-01 6.188924312591552734e-01 5.303124785423278809e-01 4.852913320064544678e-01 3.612379729747772217e-01
9.668574929237365723e-01 1.919428259134292603e-01 6.263830065727233887e-01 8.953624963760375977e-01 9.742457270622253418e-01 7.615771889686584473e-01 1.582150012254714966e-01 8.905578851699829102e-01 2.653692364692687988e-01 6.503639221191406250e-01 6.602051854133605957e-01 9.055394530296325684e-01 5.678160786628723145e-01 2.288445979356765747e-01
9.314125180244445801e-01 2.637443244457244873e-01 5.814767479896545410e-01 2.277624979615211487e-02 8.870834708213806152e-01 3.887223303318023682e-01 6.581820249557495117e-01 8.167335987091064453e-01 3.420135080814361572e-01 4.598776400089263916e-01 4.219300746917724609e-01 8.264721632003784180e-01 5.861346721649169922e-01 4.768617749214172363e-01
4.449824988842010498e-01 1.730004996061325073e-01 1.919837445020675659e-01 8.914049863815307617e-01 4.474482536315917969e-01 1.133459582924842834e-01 3.014020025730133057e-01 4.946067631244659424e-01 3.278777897357940674e-01 5.581957101821899414e-01 5.472026467323303223e-01 4.727322757244110107e-01 4.596099555492401123e-01 3.768457174301147461e-01
2.229599952697753906e-01 5.477301478385925293e-01 1.433512568473815918e-01 7.683675289154052734e-01 2.172455042600631714e-01 8.682365417480468750e-01 6.173650026321411133e-01 2.077482044696807861e-01 5.328263640403747559e-01 1.362686157226562500e-01 6.511994600296020508e-01 2.079265266656875610e-01 6.791894435882568359e-01 6.337471008300781250e-01
1.445074975490570068e-01 4.729340076446533203e-01 7.897175103425979614e-02 8.761600255966186523e-01 3.548862636089324951e-01 5.823444724082946777e-01 3.159376680850982666e-01 1.739126592874526978e-01 6.160975694656372070e-01 9.026879817247390747e-02 7.994931340217590332e-01 4.220968186855316162e-01 6.370675563812255859e-01 6.960952877998352051e-01
6.312825083732604980e-01 2.546228468418121338e-01 5.712372660636901855e-01 3.460980057716369629e-01 6.178572773933410645e-01 4.528657495975494385e-01 1.277023404836654663e-01 7.035768628120422363e-01 2.690044343471527100e-01 5.806140303611755371e-01 4.023461341857910156e-01 6.904890537261962891e-01 5.438883900642395020e-01 4.086834192276000977e-01
4.176250100135803223e-02 2.605246603488922119e-01 8.082550168037414551e-01 7.088400125503540039e-01 9.726099669933319092e-02 8.720312118530273438e-01 5.954156517982482910e-01 3.833466907963156700e-03 3.160667121410369873e-01 8.773868680000305176e-01 7.869825959205627441e-01 8.770378306508064270e-03 6.589706540107727051e-01 4.828084707260131836e-01
6.806275248527526855e-01 6.559263467788696289e-01 7.233687639236450195e-01 5.689550042152404785e-01 3.091317415237426758e-01 4.911198019981384277e-01 1.333433296531438828e-02 8.341027498245239258e-01 4.646926820278167725e-01 5.548111200332641602e-01 4.851143062114715576e-01 3.790264427661895752e-01 4.727296233177185059e-01 3.283345401287078857e-01
6.583349704742431641e-01 3.264728188514709473e-01 1.187812536954879761e-01 7.566974759101867676e-01 1.733645051717758179e-01 5.806132405996322632e-02 2.242893278598785400e-01 7.203927636146545410e-01 5.096432566642761230e-01 5.225352644920349121e-01 4.811395406723022461e-01 1.844902932643890381e-01 4.569534659385681152e-01 4.231526255607604980e-01
1.987649947404861450e-01 2.743841707706451416e-01 9.119752645492553711e-01 9.380350112915039062e-01 6.959974765777587891e-01 3.948940336704254150e-01 7.560707330703735352e-01 2.906891405582427979e-01 1.772094368934631348e-01 7.846431136131286621e-01 8.483259081840515137e-01 7.589016556739807129e-01 5.471837520599365234e-01 5.631847381591796875e-01
4.109925031661987305e-01 6.649144887924194336e-01 8.350780010223388672e-01 9.475824832916259766e-01 4.614642560482025146e-01 5.095159411430358887e-01 3.747733309864997864e-02 4.708292186260223389e-01 5.364032387733459473e-01 5.693494677543640137e-01 7.992638945579528809e-01 6.009446382522583008e-01 3.680869638919830322e-01 3.674120604991912842e-01
3.915224969387054443e-01 4.399886727333068848e-01 3.655945062637329102e-01 6.860575079917907715e-01 7.004935145378112793e-01 8.386942744255065918e-02 3.685076534748077393e-01 4.444247186183929443e-01 5.070034861564636230e-01 5.246880650520324707e-01 6.530416607856750488e-01 7.062346339225769043e-01 3.877264857292175293e-01 3.045076429843902588e-01
9.917999804019927979e-02 8.105639815330505371e-01 9.747987389564514160e-01 7.417950034141540527e-02 1.971040070056915283e-01 8.333922028541564941e-01 1.052133366465568542e-02 9.575254470109939575e-02 5.688894391059875488e-01 5.373466610908508301e-01 2.234836518764495850e-01 2.559252977371215820e-01 6.166202425956726074e-01 3.587071299552917480e-01
1.500625014305114746e-01 5.123521685600280762e-01 1.863054931163787842e-01 7.742224633693695068e-02 5.120747685432434082e-01 8.886257410049438477e-01 1.990929991006851196e-01 1.169871315360069275e-01 5.770399570465087891e-01 2.163363844156265259e-01 1.558321714401245117e-01 5.393778681755065918e-01 5.420343279838562012e-01 3.770287632942199707e-01
3.538450002670288086e-01 1.902383267879486084e-01 2.484862506389617920e-01 5.129550099372863770e-01 3.490292429924011230e-01 5.120608806610107422e-01 6.247966736555099487e-02 3.637436628341674805e-01 3.302377462387084961e-01 5.146812796592712402e-01 5.005405545234680176e-01 3.529317677021026611e-01 4.802420139312744141e-01 3.912402093410491943e-01
6.271250247955322266e-01 1.996716707944869995e-01 8.539312481880187988e-01 7.863399982452392578e-01 3.019177615642547607e-01 6.361659765243530273e-01 9.492045044898986816e-01 7.181073427200317383e-01 2.107486277818679810e-01 7.300360798835754395e-01 6.141406297683715820e-01 2.444169223308563232e-01 4.866215586662292480e-01 6.026371717453002930e-01
9.506275057792663574e-01 6.128249764442443848e-01 1.361224949359893799e-01 7.617350220680236816e-01 9.079587459564208984e-01 9.126816391944885254e-01 9.433433413505554199e-01 7.707312703132629395e-01 5.203689932823181152e-01 1.747985035181045532e-01 7.216212749481201172e-01 8.067560791969299316e-01 7.005993127822875977e-01 7.499406933784484863e-01
3.660899996757507324e-01 2.527939975261688232e-01 7.037402391433715820e-01 5.978599786758422852e-01 6.748697757720947266e-01 7.463386654853820801e-01 2.581023275852203369e-01 3.022444844245910645e-01 2.542685270309448242e-01 7.110844254493713379e-01 6.537204384803771973e-01 6.925722360610961914e-01 5.078374147415161133e-01 3.199706971645355225e-01
4.019599854946136475e-01 4.681201577186584473e-01 5.185887217521667480e-01 3.967222571372985840e-01 2.856342494487762451e-01 2.351643443107604980e-01 5.484333261847496033e-02 4.350256919860839844e-01 4.816707968711853027e-01 5.153464078903198242e-01 4.576703011989593506e-01 3.472628593444824219e-01 4.582206010818481445e-01 3.823560476303100586e-01
1.074424982070922852e-01 3.771494925022125244e-01 7.191944718360900879e-01 7.471150159835815430e-01 2.170749939978122711e-02 7.507810741662979126e-02 2.692546546459197998e-01 1.229889243841171265e-01 2.817793488502502441e-01 6.598285436630249023e-01 5.742027759552001953e-01 4.833075404167175293e-02 4.804541170597076416e-01 4.667171537876129150e-01
2.044575065374374390e-01 6.246816515922546387e-01 3.054497539997100830e-01 6.257774829864501953e-01 8.180882334709167480e-01 8.765958249568939209e-02 9.826537370681762695e-01 2.232021242380142212e-01 6.359814405441284180e-01 4.361113905906677246e-01 6.391942501068115234e-01 6.941218376159667969e-01 3.556344807147979736e-01 4.383440613746643066e-01
8.557350039482116699e-01 3.413478434085845947e-01 6.399185061454772949e-01 4.771282374858856201e-01 2.543214857578277588e-01 6.311722993850708008e-01 6.887222528457641602e-01 8.762015104293823242e-01 3.695327639579772949e-01 6.346555948257446289e-01 5.243053436279296875e-01 2.825216650962829590e-01 4.957980215549468994e-01 4.152496159076690674e-01
7.798550128936767578e-01 4.261656701564788818e-01 2.231547534465789795e-01 9.638224840164184570e-01 8.622482419013977051e-01 3.938568830490112305e-01 6.200990080833435059e-01 7.588529586791992188e-01 4.585957527160644531e-01 4.223363399505615234e-01 7.254921793937683105e-01 8.291390538215637207e-01 4.264577329158782959e-01 4.007852375507354736e-01
1.180450022220611572e-01 5.258161425590515137e-01 3.197174891829490662e-02 3.379600048065185547e-01 1.635382473468780518e-01 3.489731252193450928e-01 4.183226525783538818e-01 1.492117494344711304e-01 5.706413388252258301e-01 8.469019085168838501e-02 4.893072843551635742e-01 1.687604784965515137e-01 6.822468638420104980e-01 5.589378476142883301e-01
7.293300032615661621e-01 2.239926606416702271e-01 4.996367394924163818e-01 4.466232359409332275e-01 4.925682544708251953e-01 9.836612939834594727e-01 9.378047585487365723e-01 5.779456496238708496e-01 2.923248708248138428e-01 5.573627352714538574e-01 4.658696949481964111e-01 3.578351736068725586e-01 4.758853316307067871e-01 3.940314054489135742e-01
4.319350123405456543e-01 2.201023399829864502e-01 2.271544933319091797e-01 2.004617452621459961e-01 7.734645009040832520e-01 1.259227246046066284e-01 8.821533918380737305e-01 4.423356354236602783e-01 3.503619432449340820e-01 4.357882738113403320e-01 4.828314185142517090e-01 6.740986704826354980e-01 4.941756427288055420e-01 4.594502747058868408e-01
4.052499774843454361e-03 4.715193212032318115e-01 8.828007578849792480e-01 7.200124859809875488e-01 7.454494833946228027e-01 2.316546440124511719e-01 9.594941139221191406e-01 1.103307027369737625e-02 5.806599259376525879e-01 8.380022048950195312e-01 7.406877875328063965e-01 6.660111546516418457e-01 4.534554779529571533e-01 6.123124957084655762e-01
6.814774870872497559e-01 3.800818324089050293e-01 3.593422472476959229e-01 6.565399765968322754e-01 4.243335127830505371e-01 1.351579725742340088e-01 1.919530034065246582e-01 6.811009049415588379e-01 4.806823134422302246e-01 5.256596207618713379e-01 5.677435398101806641e-01 4.405030906200408936e-01 4.248643219470977783e-01 3.344295024871826172e-01
1.999824941158294678e-01 4.529278278350830078e-01 1.536564975976943970e-01 5.150550007820129395e-01 2.908100001513957977e-02 4.583289027214050293e-01 5.162556767463684082e-01 2.038962393999099731e-01 4.821414947509765625e-01 4.081795811653137207e-01 5.384094715118408203e-01 5.865369364619255066e-02 6.056866049766540527e-01 5.908715128898620605e-01
7.883725166320800781e-01 6.593629717826843262e-01 8.596755266189575195e-01 2.987412512302398682e-01 7.223179936408996582e-01 4.795535206794738770e-01 9.717208743095397949e-01 6.916109919548034668e-01 5.205828547477722168e-01 5.050134658813476562e-01 5.666648745536804199e-01 5.573557019233703613e-01 4.096693694591522217e-01 3.887984454631805420e-01
6.259425282478332520e-01 3.014331758022308350e-01 1.485912501811981201e-01 4.580957591533660889e-01 7.705637216567993164e-01 8.267338275909423828e-01 2.553633451461791992e-01 5.868660211563110352e-01 4.787305593490600586e-01 1.996558159589767456e-01 4.520509839057922363e-01 7.605571150779724121e-01 5.232838988304138184e-01 5.266317725181579590e-01
2.710725069046020508e-01 5.734021663665771484e-01 3.155847489833831787e-01 5.611975193023681641e-01 6.579167246818542480e-01 1.268856525421142578e-01 2.591633424162864685e-02 3.231861591339111328e-01 6.153965592384338379e-01 4.526081681251525879e-01 6.139357686042785645e-01 7.757789492607116699e-01 3.379966914653778076e-01 3.480466306209564209e-01
3.933550119400024414e-01 7.792611718177795410e-01 2.256225049495697021e-01 4.539837539196014404e-01 9.645607471466064453e-01 5.436675548553466797e-01 9.842261672019958496e-01 4.758360087871551514e-01 6.286044120788574219e-01 5.831538140773773193e-02 5.297462344169616699e-01 8.434646725654602051e-01 6.445760130882263184e-01 7.464765906333923340e-01
7.788749933242797852e-01 1.939969956874847412e-01 7.486305236816406250e-01 8.033400028944015503e-02 7.285297513008117676e-01 6.470609307289123535e-01 3.644200041890144348e-02 7.243558764457702637e-01 3.484318256378173828e-01 5.096061229705810547e-01 4.814147651195526123e-01 7.472600936889648438e-01 5.050480961799621582e-01 3.967818617820739746e-01
1.284125000238418579e-01 1.719155013561248779e-01 5.350260138511657715e-01 2.646502554416656494e-01 8.763049840927124023e-01 5.629256367683410645e-01 3.499099984765052795e-02 1.048212349414825439e-01 2.567564547061920166e-01 6.493502259254455566e-01 3.919300734996795654e-01 9.227920770645141602e-01 5.061739683151245117e-01 3.408634662628173828e-01
