9.908249974250793457e-02 3.643186688423156738e-01 3.800162374973297119e-01 4.586944878101348877e-01 9.990582466125488281e-01 2.283266633749008179e-01 8.083066344261169434e-02 9.079933911561965942e-02 5.597337484359741211e-01 6.356240510940551758e-01 4.860775768756866455e-01 9.606192708015441895e-01 5.650689601898193359e-01 2.630929052829742432e-01
6.157274842262268066e-01 6.278780102729797363e-01 7.956697344779968262e-01 5.310574769973754883e-01 6.794289946556091309e-01 5.777800083160400391e-01 7.445900142192840576e-02 6.567353010177612305e-01 4.869352579116821289e-01 5.024250745773315430e-01 4.885413050651550293e-01 7.138218879699707031e-01 4.828672707080841064e-01 4.057477712631225586e-01
6.945325136184692383e-01 2.884384989738464355e-01 8.377732634544372559e-01 6.146925091743469238e-01 7.425462603569030762e-01 8.704830408096313477e-01 3.987466543912887573e-02 7.298386096954345703e-01 2.435842752456665039e-01 7.569078207015991211e-01 4.698087573051452637e-01 8.068441152572631836e-01 6.123643517494201660e-01 3.261652588844299316e-01
7.084274888038635254e-01 4.328461587429046631e-01 7.115697264671325684e-01 5.112199783325195312e-01 5.491034984588623047e-01 6.666193008422851562e-01 8.808780908584594727e-01 6.918585896492004395e-01 4.735212028026580811e-01 4.919163286685943604e-01 5.387072563171386719e-01 5.226427912712097168e-01 4.668937027454376221e-01 4.925263822078704834e-01
9.855474829673767090e-01 2.033886611461639404e-01 9.584337472915649414e-01 7.117875218391418457e-01 6.930927634239196777e-01 5.881259441375732422e-01 3.790040016174316406e-01 9.364088773727416992e-01 2.433980256319046021e-01 8.552194237709045410e-01 7.629934549331665039e-01 7.712879776954650879e-01 5.325962901115417480e-01 3.925013542175292969e-01
6.806275248527526855e-01 6.559263467788696289e-01 7.233687639236450195e-01 5.689550042152404785e-01 3.091317415237426758e-01 4.911198019981384277e-01 1.333433296531438828e-02 7.618374228477478027e-01 5.066116452217102051e-01 6.207955479621887207e-01 4.309516251087188721e-01 3.427662551403045654e-01 4.694263339042663574e-01 3.948925733566284180e-01
7.833675146102905273e-01 4.851410090923309326e-01 4.625167548656463623e-01 8.910225033760070801e-01 2.814037501811981201e-01 9.563513994216918945e-01 9.677899628877639771e-02 7.808071374893188477e-01 4.852198064327239990e-01 6.273160576820373535e-01 5.146758556365966797e-01 2.891797125339508057e-01 4.550096392631530762e-01 4.565886855125427246e-01
8.372499942779541016e-01 4.964953362941741943e-01 7.864217758178710938e-01 1.196952536702156067e-01 6.558899879455566406e-01 4.126114249229431152e-01 8.352743983268737793e-01 7.617901563644409180e-01 4.018804430961608887e-01 6.049365401268005371e-01 4.330458045005798340e-01 6.629444956779479980e-01 5.135628581047058105e-01 3.855356574058532715e-01
6.341400146484375000e-01 2.281313389539718628e-01 1.487150043249130249e-02 1.323725003749132156e-02 7.149450182914733887e-01 5.451665520668029785e-01 6.353093385696411133e-01 5.296052694320678711e-01 3.026146888732910156e-01 3.373629748821258545e-01 1.572141498327255249e-01 7.379540205001831055e-01 5.769028663635253906e-01 6.405497193336486816e-01
3.520975112915039062e-01 3.082848191261291504e-01 7.619307637214660645e-01 2.474567443132400513e-01 8.176295161247253418e-01 9.469219446182250977e-01 7.358211278915405273e-01 3.490569591522216797e-01 3.491460978984832764e-01 5.542439222335815430e-01 4.273129105567932129e-01 7.497606277465820312e-01 5.472770333290100098e-01 5.047096014022827148e-01
4.651749879121780396e-02 7.589908242225646973e-01 3.930207490921020508e-01 1.136192530393600464e-01 9.063389897346496582e-01 3.170475661754608154e-01 4.703536629676818848e-01 3.562596440315246582e-02 7.405608892440795898e-01 3.748468756675720215e-01 4.957347810268402100e-01 9.638391137123107910e-01 5.319613814353942871e-01 3.033878207206726074e-01
6.495425105094909668e-01 7.412800192832946777e-01 3.043000027537345886e-02 7.792050242424011230e-01 7.509437203407287598e-01 3.816798925399780273e-01 9.246689081192016602e-01 6.117051243782043457e-01 6.949896216392517090e-01 7.129039615392684937e-02 7.512440085411071777e-01 6.545690298080444336e-01 3.994010090827941895e-01 7.299702167510986328e-01
4.052499774843454361e-03 4.715193212032318115e-01 8.828007578849792480e-01 7.200124859809875488e-01 7.454494833946228027e-01 2.316546440124511719e-01 9.594941139221191406e-01 5.245672073215246201e-03 4.683443903923034668e-01 8.632345795631408691e-01 8.899708390235900879e-01 6.179791092872619629e-01 3.402273654937744141e-01 6.031606793403625488e-01
5.745649933815002441e-01 1.831691712141036987e-01 6.563194990158081055e-01 8.714874982833862305e-01 6.856409907341003418e-01 2.989600896835327148e-01 8.851518630981445312e-01 5.374039411544799805e-01 3.586277365684509277e-01 7.144646048545837402e-01 8.147172927856445312e-01 6.577562093734741211e-01 4.139268398284912109e-01 4.391406476497650146e-01
3.933550119400024414e-01 7.792611718177795410e-01 2.256225049495697021e-01 4.539837539196014404e-01 9.645607471466064453e-01 5.436675548553466797e-01 9.842261672019958496e-01 3.829530477523803711e-01 6.246181726455688477e-01 1.106660142540931702e-01 4.407927989959716797e-01 7.966425418853759766e-01 4.771322011947631836e-01 6.230303049087524414e-01
2.817200124263763428e-01 2.428318262100219727e-01 6.349735260009765625e-01 5.497174859046936035e-01 5.123487710952758789e-01 2.889033406972885132e-02 4.576143324375152588e-01 3.552741110324859619e-01 2.922497689723968506e-01 7.256110310554504395e-01 5.242505073547363281e-01 5.555719733238220215e-01 5.183912515640258789e-01 4.524328410625457764e-01
5.287899971008300781e-01 6.729981899261474609e-01 9.072967767715454102e-01 8.702225089073181152e-01 9.707217216491699219e-01 4.525095969438552856e-02 5.235880017280578613e-01 5.663896799087524414e-01 5.629070997238159180e-01 7.271108627319335938e-01 9.284933805465698242e-01 9.157075285911560059e-01 2.979719638824462891e-01 3.726362287998199463e-01
6.369550228118896484e-01 7.106475234031677246e-01 6.629995107650756836e-01 6.680275201797485352e-01 2.808440029621124268e-01 2.159877866506576538e-02 2.603693306446075439e-01 7.671922445297241211e-01 5.083326697349548340e-01 6.203970909118652344e-01 4.994109570980072021e-01 3.134502172470092773e-01 4.445037841796875000e-01 4.188996553421020508e-01
8.080250024795532227e-02 3.573994934558868408e-01 9.662290215492248535e-01 6.792899966239929199e-01 5.672724843025207520e-01 5.125874876976013184e-01 7.600963115692138672e-01 1.897236146032810211e-02 2.910514175891876221e-01 8.838651180267333984e-01 8.821538090705871582e-01 5.959413647651672363e-01 3.800448477268218994e-01 5.940840840339660645e-01
2.720350027084350586e-01 8.071784973144531250e-01 8.371084928512573242e-01 4.278457462787628174e-01 8.059327602386474609e-01 8.791138529777526855e-01 5.675200223922729492e-01 2.661143243312835693e-01 5.834875702857971191e-01 4.620584249496459961e-01 3.779457509517669678e-01 8.584119081497192383e-01 5.051648020744323730e-01 3.696812689304351807e-01
8.352324962615966797e-01 5.909068584442138672e-01 7.283250093460083008e-01 4.879472553730010986e-01 6.768722534179687500e-01 8.085382580757141113e-01 3.966679871082305908e-01 7.798743844032287598e-01 3.357875943183898926e-01 6.110706329345703125e-01 3.683054745197296143e-01 7.351419925689697266e-01 5.540639758110046387e-01 4.056753218173980713e-01
6.259425282478332520e-01 3.014331758022308350e-01 1.485912501811981201e-01 4.580957591533660889e-01 7.705637216567993164e-01 8.267338275909423828e-01 2.553633451461791992e-01 6.062175631523132324e-01 5.564225316047668457e-01 2.283917963504791260e-01 3.483941555023193359e-01 7.305706739425659180e-01 4.887599050998687744e-01 5.203380584716796875e-01
6.151000037789344788e-02 6.728168129920959473e-01 5.089524984359741211e-01 8.778125047683715820e-01 7.372587323188781738e-01 8.913036584854125977e-01 1.647300086915493011e-02 5.076836049556732178e-02 6.907430291175842285e-01 3.864959180355072021e-01 3.166359663009643555e-01 9.403643608093261719e-01 5.826484560966491699e-01 3.134555816650390625e-01
1.477124989032745361e-01 7.612910270690917969e-01 7.669077515602111816e-01 8.615375310182571411e-02 2.658597528934478760e-01 6.681354641914367676e-01 5.808043479919433594e-01 1.438241899013519287e-01 4.906296432018280029e-01 5.794690251350402832e-01 2.729094624519348145e-01 3.478024899959564209e-01 6.101303696632385254e-01 4.325824081897735596e-01
9.423925280570983887e-01 7.337131500244140625e-01 4.884625077247619629e-01 9.180124998092651367e-01 4.536060094833374023e-01 6.236575543880462646e-03 2.140016704797744751e-01 9.784691929817199707e-01 7.181971073150634766e-01 5.267621278762817383e-01 8.242130279541015625e-01 5.347935557365417480e-01 2.019181698560714722e-01 4.146450161933898926e-01
6.971150040626525879e-01 3.702096641063690186e-01 2.406907528638839722e-01 5.957549810409545898e-01 4.728960096836090088e-01 5.884084105491638184e-01 6.735448837280273438e-01 6.357389092445373535e-01 5.418148040771484375e-01 5.123934745788574219e-01 4.898754656314849854e-01 3.951686322689056396e-01 4.480554163455963135e-01 4.081045091152191162e-01
9.918649792671203613e-01 2.399043291807174683e-01 2.555755078792572021e-01 6.090649962425231934e-01 9.141659736633300781e-01 2.139394879341125488e-01 3.539999946951866150e-03 9.057254195213317871e-01 3.789948225021362305e-01 5.115789175033569336e-01 4.540860652923583984e-01 8.798342347145080566e-01 5.086447596549987793e-01 4.083734452724456787e-01
6.872249841690063477e-01 8.315606713294982910e-01 4.650804996490478516e-01 8.842549920082092285e-01 9.784927368164062500e-01 4.295774698257446289e-01 2.765719890594482422e-01 6.364602446556091309e-01 6.342512965202331543e-01 5.881190299987792969e-01 8.634250760078430176e-01 9.192215204238891602e-01 3.233030438423156738e-01 3.738318681716918945e-01
4.601399898529052734e-01 4.738574922084808350e-01 6.792887449264526367e-01 2.801632583141326904e-01 7.813665270805358887e-01 9.392333030700683594e-02 8.295833319425582886e-02 6.125653386116027832e-01 5.495339035987854004e-01 3.914389908313751221e-01 4.461951553821563721e-01 7.704451084136962891e-01 4.684945642948150635e-01 4.285808503627777100e-01
3.022249974310398102e-02 8.012443184852600098e-01 2.762752473354339600e-01 9.072750210762023926e-01 8.655869960784912109e-01 2.819007039070129395e-01 8.110892772674560547e-01 2.116711623966693878e-02 8.194637894630432129e-01 2.499016672372817993e-01 7.761311531066894531e-01 9.386551380157470703e-01 3.049888610839843750e-01 5.123209953308105469e-01
4.681299924850463867e-01 1.851781606674194336e-01 9.461502432823181152e-01 4.364475011825561523e-01 3.299537599086761475e-01 9.383332133293151855e-01 8.224333524703979492e-01 4.479902386665344238e-01 2.204384207725524902e-01 7.838806509971618652e-01 4.580512642860412598e-01 3.132725954055786133e-01 5.784033536911010742e-01 5.620583891868591309e-01
1.180450022220611572e-01 5.258161425590515137e-01 3.197174891829490662e-02 3.379600048065185547e-01 1.635382473468780518e-01 3.489731252193450928e-01 4.183226525783538818e-01 1.656903475522994995e-01 5.911997556686401367e-01 1.113247424364089966e-01 3.919052779674530029e-01 2.359275817871093750e-01 6.596699357032775879e-01 6.375739574432373047e-01
8.570424914360046387e-01 2.230241596698760986e-01 8.506785035133361816e-01 1.406340003013610840e-01 6.842997670173645020e-01 6.881133466958999634e-02 5.785366892814636230e-01 8.400006890296936035e-01 3.434429168701171875e-01 6.740329861640930176e-01 4.203264117240905762e-01 6.988677978515625000e-01 5.508860349655151367e-01 3.888250589370727539e-01
7.468674778938293457e-01 4.677500128746032715e-01 3.403122425079345703e-01 9.844074845314025879e-01 6.249527335166931152e-01 3.694692850112915039e-01 7.887266874313354492e-01 8.595876693725585938e-01 4.091635942459106445e-01 3.974362313747406006e-01 5.258281826972961426e-01 7.357929348945617676e-01 4.724539518356323242e-01 5.686652660369873047e-01
9.865124821662902832e-01 4.368748366832733154e-01 4.525982439517974854e-01 3.285277485847473145e-01 8.410974740982055664e-01 3.436492979526519775e-01 9.645522236824035645e-01 8.192060589790344238e-01 5.604642033576965332e-01 3.374303579330444336e-01 5.296038389205932617e-01 6.763239502906799316e-01 4.237409830093383789e-01 5.191264748573303223e-01
6.583349704742431641e-01 3.264728188514709473e-01 1.187812536954879761e-01 7.566974759101867676e-01 1.733645051717758179e-01 5.806132405996322632e-02 2.242893278598785400e-01 7.568844556808471680e-01 5.832971334457397461e-01 5.150363445281982422e-01 4.614000320434570312e-01 1.777975708246231079e-01 4.295542538166046143e-01 4.288243651390075684e-01
4.891099929809570312e-01 5.454931855201721191e-01 4.661380052566528320e-01 7.929674983024597168e-01 1.037275046110153198e-02 6.028006076812744141e-01 3.721086680889129639e-01 4.128609597682952881e-01 5.037067532539367676e-01 5.025429725646972656e-01 6.440351605415344238e-01 4.301663860678672791e-02 4.719860553741455078e-01 5.167978405952453613e-01
8.739100098609924316e-01 6.439178586006164551e-01 3.565104901790618896e-01 8.655250072479248047e-03 7.428217530250549316e-01 2.297111153602600098e-01 3.042726814746856689e-01 7.850645780563354492e-01 5.601128339767456055e-01 3.197987377643585205e-01 3.682411909103393555e-01 7.421912550926208496e-01 4.585523307323455811e-01 4.533345699310302734e-01
2.291425019502639771e-01 7.988243103027343750e-01 8.099225163459777832e-01 7.555599808692932129e-01 9.395350217819213867e-01 5.867105126380920410e-01 2.200309932231903076e-01 2.121449857950210571e-01 5.512560009956359863e-01 6.392694115638732910e-01 6.549182534217834473e-01 9.756009578704833984e-01 5.206380486488342285e-01 2.587891221046447754e-01
4.812900125980377197e-01 2.725526690483093262e-01 1.738772541284561157e-01 1.519527435302734375e-01 9.137692451477050781e-01 5.948666930198669434e-01 8.393558859825134277e-01 4.073142409324645996e-01 3.423253297805786133e-01 4.029482007026672363e-01 3.878755569458007812e-01 8.275064229965209961e-01 5.412827134132385254e-01 5.787605047225952148e-01
1.802050024271011353e-01 4.150078296661376953e-01 3.737749904394149780e-02 1.352314949035644531e-01 7.568194866180419922e-01 6.386690586805343628e-02 7.936084270477294922e-01 2.748402953147888184e-01 6.090694665908813477e-01 2.327693700790405273e-01 3.537318408489227295e-01 6.519455313682556152e-01 5.342243313789367676e-01 5.095357894897460938e-01
5.996025204658508301e-01 2.187239974737167358e-01 2.859387397766113281e-01 6.319125294685363770e-01 7.379267215728759766e-01 7.215978503227233887e-01 7.927479743957519531e-01 6.119282245635986328e-01 4.324521720409393311e-01 4.503153562545776367e-01 4.630784988403320312e-01 6.755691170692443848e-01 4.998179078102111816e-01 4.989920258522033691e-01
6.428874731063842773e-01 6.863654851913452148e-01 8.696272373199462891e-01 5.212299898266792297e-02 2.282877564430236816e-01 2.851262688636779785e-01 7.379709482192993164e-01 6.756134629249572754e-01 5.660362243652343750e-01 5.412849783897399902e-01 3.777008950710296631e-01 2.019178271293640137e-01 4.787514805793762207e-01 3.817096352577209473e-01
1.500625014305114746e-01 5.123521685600280762e-01 1.863054931163787842e-01 7.742224633693695068e-02 5.120747685432434082e-01 8.886257410049438477e-01 1.990929991006851196e-01 1.275976449251174927e-01 5.814766883850097656e-01 4.076409339904785156e-01 2.459059059619903564e-01 4.776230454444885254e-01 6.423925757408142090e-01 4.174290001392364502e-01
6.880224943161010742e-01 7.261505126953125000e-01 5.024064779281616211e-01 5.359575152397155762e-01 7.773067355155944824e-01 1.318297982215881348e-01 3.498750030994415283e-01 7.727663516998291016e-01 5.776630043983459473e-01 3.816052973270416260e-01 5.240608453750610352e-01 7.808408737182617188e-01 4.288879036903381348e-01 4.358194768428802490e-01
2.356700003147125244e-01 5.783045291900634766e-01 5.420337319374084473e-01 6.593250036239624023e-01 6.885660290718078613e-01 7.283633351325988770e-01 1.879143267869949341e-01 3.029241859912872314e-01 5.177274942398071289e-01 5.131817460060119629e-01 4.488762915134429932e-01 7.115666270256042480e-01 5.066854357719421387e-01 4.243316054344177246e-01
7.798550128936767578e-01 4.261656701564788818e-01 2.231547534465789795e-01 9.638224840164184570e-01 8.622482419013977051e-01 3.938568830490112305e-01 6.200990080833435059e-01 7.248315811157226562e-01 5.016847252845764160e-01 5.224938392639160156e-01 8.054457306861877441e-01 8.083570599555969238e-01 4.102270007133483887e-01 4.877060353755950928e-01
3.660899996757507324e-01 2.527939975261688232e-01 7.037402391433715820e-01 5.978599786758422852e-01 6.748697757720947266e-01 7.463386654853820801e-01 2.581023275852203369e-01 3.546828925609588623e-01 3.065880239009857178e-01 7.450473308563232422e-01 6.455720067024230957e-01 7.451354265213012695e-01 5.156205892562866211e-01 3.770965039730072021e-01
7.007849812507629395e-01 4.251696765422821045e-01 4.579209983348846436e-01 3.648525103926658630e-02 6.657435297966003418e-01 2.796197831630706787e-01 4.927276670932769775e-01 6.866388916969299316e-01 4.041365087032318115e-01 3.160386085510253906e-01 2.496736198663711548e-01 7.265121936798095703e-01 5.262866616249084473e-01 5.727215409278869629e-01
3.643549978733062744e-01 8.031976819038391113e-01 6.656810045242309570e-01 1.120777502655982971e-01 2.856124937534332275e-02 5.675760507583618164e-01 7.655128836631774902e-01 3.345617651939392090e-01 5.668766498565673828e-01 4.988498985767364502e-01 3.550262153148651123e-01 6.391876935958862305e-02 6.026981472969055176e-01 3.808377981185913086e-01
9.798499941825866699e-02 5.884426832199096680e-01 5.140967369079589844e-01 3.001849949359893799e-01 8.603529930114746094e-01 3.957545459270477295e-01 1.522736698389053345e-01 1.053663790225982666e-01 6.225947141647338867e-01 5.726553201675415039e-01 3.600269556045532227e-01 9.449960589408874512e-01 5.751473307609558105e-01 2.472984343767166138e-01
6.951050162315368652e-01 5.479220151901245117e-01 3.075642585754394531e-01 9.796925187110900879e-01 4.516704976558685303e-01 1.952718198299407959e-01 1.101979985833168030e-01 7.545515894889831543e-01 5.643131136894226074e-01 5.795010328292846680e-01 6.872151494026184082e-01 4.783301651477813721e-01 3.493947088718414307e-01 3.885242044925689697e-01
9.728350043296813965e-01 1.728146672248840332e-01 3.561397492885589600e-01 8.527474999427795410e-01 2.137182503938674927e-01 9.482091665267944336e-01 8.089429736137390137e-01 8.350446224212646484e-01 2.213451117277145386e-01 7.048124074935913086e-01 6.719762086868286133e-01 1.480067521333694458e-01 5.465741753578186035e-01 7.685117721557617188e-01
9.115700125694274902e-01 2.014214992523193359e-01 1.227905005216598511e-01 1.231812536716461182e-01 8.804874867200851440e-02 3.731257617473602295e-01 8.967713117599487305e-01 7.047793269157409668e-01 4.052892029285430908e-01 3.331476747989654541e-01 4.157463908195495605e-01 2.508054673671722412e-02 6.055637598037719727e-01 7.108505964279174805e-01
1.346125006675720215e-01 3.737258315086364746e-01 1.707367449998855591e-01 8.429499864578247070e-01 9.537982344627380371e-01 3.651761636137962341e-02 4.878459870815277100e-01 2.047026306390762329e-01 5.801830291748046875e-01 6.050908565521240234e-01 6.977102160453796387e-01 9.163051843643188477e-01 4.525094330310821533e-01 3.539452254772186279e-01
3.959375023841857910e-01 2.165694981813430786e-01 4.341965019702911377e-01 3.762249946594238281e-01 5.548002719879150391e-01 4.541881680488586426e-01 6.575070023536682129e-01 4.172937870025634766e-01 2.761078178882598877e-01 6.524400115013122559e-01 3.117046952247619629e-01 5.959173440933227539e-01 5.685341358184814453e-01 4.886207580566406250e-01
3.783524930477142334e-01 4.758246541023254395e-01 2.805329859256744385e-01 9.298049807548522949e-01 4.370642602443695068e-01 8.164232373237609863e-01 5.689759850502014160e-01 3.546071350574493408e-01 6.122748255729675293e-01 4.136366844177246094e-01 7.147191762924194336e-01 4.200443029403686523e-01 4.040699303150177002e-01 5.228498578071594238e-01
5.774924755096435547e-01 4.571650028228759766e-01 1.816727519035339355e-01 2.390747517347335815e-01 7.880027294158935547e-01 5.546672940254211426e-01 4.587976634502410889e-01 5.802178382873535156e-01 5.554067492485046387e-01 2.025654464960098267e-01 3.893533349037170410e-01 7.816387414932250977e-01 4.763027131557464600e-01 5.520197749137878418e-01
4.709349870681762695e-01 3.548451662063598633e-01 7.789080142974853516e-01 1.375962495803833008e-01 1.834249943494796753e-01 8.134646415710449219e-01 4.403123259544372559e-01 4.660563468933105469e-01 3.437948524951934814e-01 6.769971251487731934e-01 2.437532991170883179e-01 2.210480272769927979e-01 6.403464078903198242e-01 4.652776420116424561e-01
7.266225218772888184e-01 2.745763361454010010e-01 5.135664939880371094e-01 8.061174750328063965e-01 9.611989855766296387e-01 5.417202115058898926e-01 2.644590139389038086e-01 7.005340456962585449e-01 3.253970444202423096e-01 7.112407684326171875e-01 6.410118341445922852e-01 8.841116428375244141e-01 5.583598017692565918e-01 3.029566109180450439e-01
4.699699878692626953e-01 2.541689872741699219e-01 2.573255002498626709e-01 7.542175054550170898e-01 2.843067646026611328e-01 6.752315908670425415e-02 9.036083221435546875e-01 4.646497368812561035e-01 3.838638663291931152e-01 6.302216649055480957e-01 5.557785034179687500e-01 2.262457609176635742e-01 4.942438304424285889e-01 5.009546279907226562e-01
3.339149951934814453e-01 4.823488295078277588e-01 9.623647332191467285e-01 4.525727629661560059e-01 6.711884737014770508e-01 8.217902779579162598e-01 1.188416630029678345e-01 3.592720925807952881e-01 3.832747042179107666e-01 6.844991445541381836e-01 5.374442338943481445e-01 7.058149576187133789e-01 5.125753283500671387e-01 3.674448728561401367e-01
1.074424982070922852e-01 3.771494925022125244e-01 7.191944718360900879e-01 7.471150159835815430e-01 2.170749939978122711e-02 7.507810741662979126e-02 2.692546546459197998e-01 1.381283104419708252e-01 3.695933818817138672e-01 7.240511775016784668e-01 6.067317128181457520e-01 7.417352497577667236e-02 5.305765867233276367e-01 5.155043601989746094e-01
5.146424770355224609e-01 7.400485277175903320e-01 9.453434944152832031e-01 6.225699782371520996e-01 1.413842439651489258e-01 8.122097849845886230e-01 2.889286577701568604e-01 5.870065093040466309e-01 4.340232610702514648e-01 5.940855741500854492e-01 3.972634971141815186e-01 2.325048148632049561e-01 5.437285304069519043e-01 4.669174849987030029e-01
7.805600166320800781e-01 3.048731684684753418e-01 2.625592648983001709e-01 6.585775017738342285e-01 1.974067538976669312e-01 8.314639329910278320e-01 7.302883267402648926e-01 7.390917539596557617e-01 4.274502694606781006e-01 5.588161945343017578e-01 3.589636981487274170e-01 1.455488801002502441e-01 5.611583590507507324e-01 5.468703508377075195e-01
8.214499950408935547e-01 6.396030187606811523e-01 8.020964860916137695e-01 8.544650077819824219e-01 8.157207369804382324e-01 5.137507319450378418e-01 6.084013581275939941e-01 8.463248610496520996e-01 5.345370769500732422e-01 5.457320213317871094e-01 8.328368663787841797e-01 8.090206980705261230e-01 3.593995273113250732e-01 4.550704658031463623e-01
8.833774924278259277e-01 3.062469959259033203e-01 7.148334980010986328e-01 9.394775032997131348e-01 8.379694819450378418e-01 4.785756468772888184e-01 1.238410025835037231e-01 8.679522871971130371e-01 4.712595343589782715e-01 6.885349750518798828e-01 8.269871473312377930e-01 8.320767283439636230e-01 3.768427968025207520e-01 3.266885578632354736e-01
8.184524774551391602e-01 5.098446607589721680e-01 3.618807494640350342e-01 5.049499869346618652e-01 9.765369892120361328e-01 4.842854440212249756e-01 1.008686646819114685e-01 7.463712096214294434e-01 5.405133962631225586e-01 4.971211850643157959e-01 5.157378315925598145e-01 8.887560963630676270e-01 4.678215384483337402e-01 3.221649527549743652e-01
2.229599952697753906e-01 5.477301478385925293e-01 1.433512568473815918e-01 7.683675289154052734e-01 2.172455042600631714e-01 8.682365417480468750e-01 6.173650026321411133e-01 2.288621217012405396e-01 5.505173802375793457e-01 8.690888434648513794e-02 4.929195940494537354e-01 2.877784967422485352e-01 6.152763962745666504e-01 7.130041122436523438e-01
7.612250000238418579e-02 6.363673210144042969e-01 3.854382634162902832e-01 1.954012513160705566e-01 8.093104958534240723e-01 5.679041147232055664e-01 5.694033205509185791e-02 4.760641604661941528e-02 6.507737636566162109e-01 5.144097208976745605e-01 2.663193643093109131e-01 9.404119253158569336e-01 6.133345365524291992e-01 2.777066230773925781e-01
2.044575065374374390e-01 6.246816515922546387e-01 3.054497539997100830e-01 6.257774829864501953e-01 8.180882334709167480e-01 8.765958249568939209e-02 9.826537370681762695e-01 2.693237364292144775e-01 5.830464959144592285e-01 3.303911685943603516e-01 6.467227339744567871e-01 6.142488121986389160e-01 4.624157249927520752e-01 5.728586912155151367e-01
8.526775240898132324e-01 5.115010142326354980e-01 3.768150135874748230e-02 8.213700056076049805e-01 6.952049732208251953e-01 1.856072694063186646e-01 3.137840032577514648e-01 8.645104765892028809e-01 5.581667423248291016e-01 2.308079004287719727e-01 5.075282454490661621e-01 7.622631192207336426e-01 4.219520688056945801e-01 5.652403831481933594e-01
6.744599938392639160e-01 3.613803386688232422e-01 5.103832483291625977e-01 3.837450146675109863e-01 5.895657539367675781e-01 4.618036374449729919e-02 3.808499872684478760e-01 6.138542890548706055e-01 4.160189628601074219e-01 6.944079995155334473e-01 5.168089866638183594e-01 5.401354432106018066e-01 4.692771136760711670e-01 3.353277146816253662e-01
2.943474948406219482e-01 6.059141755104064941e-01 3.404900133609771729e-01 5.019899830222129822e-02 9.364472627639770508e-01 3.801256418228149414e-01 3.225743472576141357e-01 3.111420273780822754e-01 6.258718967437744141e-01 3.824982345104217529e-01 2.191577404737472534e-01 9.470667839050292969e-01 5.309825539588928223e-01 2.944829761981964111e-01
2.768650054931640625e-01 3.343124985694885254e-01 1.403087526559829712e-01 9.292724728584289551e-01 6.357747316360473633e-01 5.279412865638732910e-01 7.147667407989501953e-01 3.550801575183868408e-01 4.977062642574310303e-01 2.608080804347991943e-01 7.976028919219970703e-01 6.530866622924804688e-01 4.637329876422882080e-01 6.872573494911193848e-01
8.015725016593933105e-01 5.923038125038146973e-01 7.747370004653930664e-01 5.414500087499618530e-02 3.919857442378997803e-01 7.450779676437377930e-01 2.157640010118484497e-01 7.772241830825805664e-01 5.503978133201599121e-01 5.233617424964904785e-01 3.332365751266479492e-01 3.951430022716522217e-01 4.747022092342376709e-01 3.772770166397094727e-01
1.693174988031387329e-01 7.909858226776123047e-01 2.466634958982467651e-01 1.619444936513900757e-01 5.461649894714355469e-01 6.064682602882385254e-01 4.500993192195892334e-01 1.758902370929718018e-01 6.219382286071777344e-01 2.476879954338073730e-01 2.791119813919067383e-01 6.573683619499206543e-01 5.820749998092651367e-01 4.686531424522399902e-01
6.267899870872497559e-01 7.339239716529846191e-01 7.689437270164489746e-01 3.005647361278533936e-01 9.013969898223876953e-01 5.489408373832702637e-01 4.495436549186706543e-01 6.356472373008728027e-01 5.234199762344360352e-01 4.977692663669586182e-01 6.186354756355285645e-01 8.881407380104064941e-01 4.678609967231750488e-01 3.875299394130706787e-01
7.961149811744689941e-01 7.080058455467224121e-01 5.146562457084655762e-01 3.924799859523773193e-01 1.429699957370758057e-01 5.741235613822937012e-01 2.478723376989364624e-01 7.842738628387451172e-01 5.888302922248840332e-01 4.601891636848449707e-01 4.422898888587951660e-01 1.598285585641860962e-01 4.403589963912963867e-01 4.626430571079254150e-01
8.718374967575073242e-01 3.035014867782592773e-01 2.463639974594116211e-01 8.503274917602539062e-01 9.827795028686523438e-01 6.430036425590515137e-01 9.072946906089782715e-01 7.376925945281982422e-01 5.046406388282775879e-01 5.170485377311706543e-01 7.693395614624023438e-01 7.891836166381835938e-01 4.169497191905975342e-01 4.741455614566802979e-01
3.401150107383728027e-01 4.098608195781707764e-01 8.265535235404968262e-01 2.340075001120567322e-02 8.499457240104675293e-01 5.403444170951843262e-01 9.904894232749938965e-01 3.621785342693328857e-01 3.401571214199066162e-01 4.552910327911376953e-01 2.185183912515640259e-01 6.472101807594299316e-01 5.628391504287719727e-01 5.596415400505065918e-01
3.434999883174896240e-01 5.211371779441833496e-01 8.041267395019531250e-01 5.010049939155578613e-01 4.457629919052124023e-01 6.407568454742431641e-01 4.862506687641143799e-01 3.662477731704711914e-01 3.947384953498840332e-01 6.602289080619812012e-01 4.434801638126373291e-01 5.331579446792602539e-01 5.100580453872680664e-01 3.980193436145782471e-01
4.182874858379364014e-01 4.612033367156982422e-01 7.349099963903427124e-02 7.383800148963928223e-01 1.558504998683929443e-01 5.213742256164550781e-01 8.444640040397644043e-01 3.897422552108764648e-01 6.098617315292358398e-01 2.185964733362197876e-01 5.714611411094665527e-01 1.158672347664833069e-01 5.226212739944458008e-01 5.724612474441528320e-01
4.176250100135803223e-02 2.605246603488922119e-01 8.082550168037414551e-01 7.088400125503540039e-01 9.726099669933319092e-02 8.720312118530273438e-01 5.954156517982482910e-01 8.727441541850566864e-03 3.132191598415374756e-01 8.840926885604858398e-01 7.809911966323852539e-01 8.896511048078536987e-02 4.782230556011199951e-01 5.724779963493347168e-01
7.883725166320800781e-01 6.593629717826843262e-01 8.596755266189575195e-01 2.987412512302398682e-01 7.223179936408996582e-01 4.795535206794738770e-01 9.717208743095397949e-01 7.857123017311096191e-01 5.215253829956054688e-01 3.587563037872314453e-01 4.872115552425384521e-01 6.288379430770874023e-01 4.520651698112487793e-01 5.253586173057556152e-01
4.026250168681144714e-02 7.954681515693664551e-01 8.151177763938903809e-01 1.905857473611831665e-01 7.008910179138183594e-01 9.428991675376892090e-01 9.972299635410308838e-02 1.737971976399421692e-02 7.224401235580444336e-01 6.915037631988525391e-01 8.853702247142791748e-02 7.745653390884399414e-01 8.869693279266357422e-01 9.270621091127395630e-02
5.481150150299072266e-01 6.148309707641601562e-01 2.334485054016113281e-01 4.371657371520996094e-01 8.387942314147949219e-01 6.195420026779174805e-01 3.453060090541839600e-01 5.780875086784362793e-01 5.847411751747131348e-01 2.870213091373443604e-01 4.055808186531066895e-01 8.235065937042236328e-01 4.647587835788726807e-01 4.635595977306365967e-01
5.113499760627746582e-01 2.378431707620620728e-01 3.455624878406524658e-01 2.148524969816207886e-01 8.313295245170593262e-01 2.577446401119232178e-01 6.638646721839904785e-01 5.934348702430725098e-01 4.216992557048797607e-01 4.033387303352355957e-01 3.801923990249633789e-01 7.779793739318847656e-01 5.112020969390869141e-01 5.045360922813415527e-01
1.979175060987472534e-01 6.752796769142150879e-01 4.547674953937530518e-02 7.874624729156494141e-01 5.690722465515136719e-01 2.273631244897842407e-01 9.522694349288940430e-01 1.941047310829162598e-01 7.702575325965881348e-01 4.863167926669120789e-02 9.021635651588439941e-01 5.237883329391479492e-01 3.660034835338592529e-01 8.047343492507934570e-01
7.328374981880187988e-01 5.203235149383544922e-01 6.857187747955322266e-01 5.158724784851074219e-01 3.781472444534301758e-01 7.726946473121643066e-01 2.045466601848602295e-01 7.244627475738525391e-01 5.674676299095153809e-01 5.881843566894531250e-01 5.147045254707336426e-01 3.444885015487670898e-01 3.985168039798736572e-01 3.539782464504241943e-01
1.374125033617019653e-01 5.233963131904602051e-01 5.068612694740295410e-01 4.987154901027679443e-01 1.879700087010860443e-02 5.285377502441406250e-01 6.129043102264404297e-01 1.474435478448867798e-01 5.093656182289123535e-01 5.471382141113281250e-01 5.491850376129150391e-01 8.515018224716186523e-02 5.595795512199401855e-01 4.835205674171447754e-01
6.403974890708923340e-01 1.812776625156402588e-01 7.186290025711059570e-01 1.826110035181045532e-01 9.235674738883972168e-01 1.713234335184097290e-01 7.629056572914123535e-01 5.865579247474670410e-01 3.934412598609924316e-01 6.718731522560119629e-01 6.416881084442138672e-01 7.913628816604614258e-01 4.969715774059295654e-01 3.427098691463470459e-01
6.271250247955322266e-01 1.996716707944869995e-01 8.539312481880187988e-01 7.863399982452392578e-01 3.019177615642547607e-01 6.361659765243530273e-01 9.492045044898986816e-01 6.690746545791625977e-01 1.885232925415039062e-01 7.591641545295715332e-01 6.925643682479858398e-01 2.428257614374160767e-01 5.476813316345214844e-01 7.055191397666931152e-01
3.882024884223937988e-01 2.249021679162979126e-01 6.726797223091125488e-01 9.212700128555297852e-01 6.600842475891113281e-01 5.994726419448852539e-01 2.185086607933044434e-01 3.719431757926940918e-01 2.254253625869750977e-01 8.163102269172668457e-01 8.238030672073364258e-01 7.256049513816833496e-01 4.837414026260375977e-01 4.575061798095703125e-01
9.553149938583374023e-01 3.911499977111816406e-01 7.155485153198242188e-01 3.628087639808654785e-01 7.127962708473205566e-01 9.843708276748657227e-01 2.401273399591445923e-01 7.309306859970092773e-01 4.656189680099487305e-01 6.373592615127563477e-01 5.851044058799743652e-01 6.492810845375061035e-01 4.446262121200561523e-01 3.373120427131652832e-01
8.076450228691101074e-01 2.748398184776306152e-01 8.101195096969604492e-01 1.942099928855895996e-01 5.029797554016113281e-01 6.637082099914550781e-01 6.374236941337585449e-01 8.073833584785461426e-01 3.955310583114624023e-01 6.588173508644104004e-01 4.148087799549102783e-01 4.957681298255920410e-01 5.281837582588195801e-01 4.509287774562835693e-01
4.961249977350234985e-02 5.777558088302612305e-01 5.829795002937316895e-01 3.493617475032806396e-01 9.518602490425109863e-01 8.638531565666198730e-01 6.957533210515975952e-02 4.965884983539581299e-02 6.471990346908569336e-01 6.467267274856567383e-01 4.145592153072357178e-01 9.585517048835754395e-01 6.329836249351501465e-01 2.003554105758666992e-01
1.999824941158294678e-01 4.529278278350830078e-01 1.536564975976943970e-01 5.150550007820129395e-01 2.908100001513957977e-02 4.583289027214050293e-01 5.162556767463684082e-01 2.551523447036743164e-01 5.313274264335632324e-01 3.163610696792602539e-01 5.754148364067077637e-01 7.717461138963699341e-02 5.826551318168640137e-01 5.680057406425476074e-01
9.917999804019927979e-02 8.105639815330505371e-01 9.747987389564514160e-01 7.417950034141540527e-02 1.971040070056915283e-01 8.333922028541564941e-01 1.052133366465568542e-02 8.959932625293731689e-02 5.639991164207458496e-01 6.693870425224304199e-01 3.701276183128356934e-01 3.020018935203552246e-01 5.777585506439208984e-01 3.605748414993286133e-01
2.262825071811676025e-01 3.520023226737976074e-01 2.302384972572326660e-01 2.541489899158477783e-01 6.097245216369628906e-01 9.378677010536193848e-01 1.245416700839996338e-01 2.757213413715362549e-01 4.759097397327423096e-01 4.895206391811370850e-01 2.033854722976684570e-01 5.741984248161315918e-01 5.988674759864807129e-01 4.331121146678924561e-01
6.573550105094909668e-01 3.867893218994140625e-01 5.973952412605285645e-01 1.390857547521591187e-01 2.904852628707885742e-01 8.112040162086486816e-01 6.816638708114624023e-01 6.021169424057006836e-01 4.436499476432800293e-01 6.226084828376770020e-01 2.811827957630157471e-01 2.702994346618652344e-01 5.839053392410278320e-01 4.160700440406799316e-01
1.640650033950805664e-01 2.728306651115417480e-01 5.832762718200683594e-01 5.042325258255004883e-01 4.812425076961517334e-01 8.335813879966735840e-02 5.751573443412780762e-01 2.178912162780761719e-01 4.050742387771606445e-01 7.487411499023437500e-01 5.983437895774841309e-01 4.930263757705688477e-01 4.413944482803344727e-01 3.974398970603942871e-01
1.733749918639659882e-02 6.821466684341430664e-01 8.410032391548156738e-01 7.020475268363952637e-01 9.559684991836547852e-01 6.888074874877929688e-01 3.034853339195251465e-01 2.879675105214118958e-02 6.653442382812500000e-01 6.682887673377990723e-01 4.568705260753631592e-01 9.683849215507507324e-01 6.258652806282043457e-01 1.967183947563171387e-01
2.649224996566772461e-01 2.358601689338684082e-01 9.669939875602722168e-01 8.739550113677978516e-01 7.936995029449462891e-01 3.246545493602752686e-01 2.368256598711013794e-01 3.023815453052520752e-01 1.699571311473846436e-01 8.652856945991516113e-01 8.441998362541198730e-01 8.104526400566101074e-01 5.227541923522949219e-01 4.797618389129638672e-01
6.814774870872497559e-01 3.800818324089050293e-01 3.593422472476959229e-01 6.565399765968322754e-01 4.243335127830505371e-01 1.351579725742340088e-01 1.919530034065246582e-01 6.591507196426391602e-01 5.106909275054931641e-01 6.106657385826110840e-01 5.908041000366210938e-01 4.311966300010681152e-01 4.049486219882965088e-01 3.713682293891906738e-01
2.172224968671798706e-01 5.670261383056640625e-01 8.740835189819335938e-01 9.835324883460998535e-01 9.697797298431396484e-01 9.299288988113403320e-01 4.750596582889556885e-01 1.974202841520309448e-01 4.594614803791046143e-01 7.586293816566467285e-01 8.126078844070434570e-01 9.782319664955139160e-01 5.137422680854797363e-01 2.787257134914398193e-01
2.698175013065338135e-01 6.942576766014099121e-01 1.674434989690780640e-01 8.185899853706359863e-01 2.747847437858581543e-01 5.642480850219726562e-01 1.363613307476043701e-01 3.070002198219299316e-01 5.957458615303039551e-01 9.244463592767715454e-02 6.051567792892456055e-01 4.147256016731262207e-01 5.360604524612426758e-01 6.981254220008850098e-01
8.795400261878967285e-01 4.430179893970489502e-01 6.310387253761291504e-01 2.864712476730346680e-01 5.999267697334289551e-01 2.638386785984039307e-01 4.022533446550369263e-02 8.725306987762451172e-01 5.294695496559143066e-01 5.099240541458129883e-01 4.773266911506652832e-01 6.754924654960632324e-01 4.264411032199859619e-01 3.893654644489288330e-01
3.992750123143196106e-02 6.035388112068176270e-01 6.669340133666992188e-01 4.333457648754119873e-01 3.646380007266998291e-01 2.555052638053894043e-01 2.414180040359497070e-01 5.448256433010101318e-02 5.571287274360656738e-01 6.379993557929992676e-01 3.887307047843933105e-01 4.132481217384338379e-01 5.555688142776489258e-01 4.285374283790588379e-01
3.825249895453453064e-02 2.844470143318176270e-01 6.388379931449890137e-01 3.223335146903991699e-01 7.256242632865905762e-01 3.368747532367706299e-01 6.635733246803283691e-01 1.750169135630130768e-02 3.998385369777679443e-01 8.559033870697021484e-01 6.905670762062072754e-01 6.379636526107788086e-01 4.369525909423828125e-01 4.744834899902343750e-01
6.050000083632767200e-04 7.626801729202270508e-01 1.937910020351409912e-01 3.050400018692016602e-01 6.250527501106262207e-01 2.081033401191234589e-02 1.950639933347702026e-01 2.986717969179153442e-02 8.005152344703674316e-01 9.084197878837585449e-02 5.723102092742919922e-01 8.152164816856384277e-01 4.349134862422943115e-01 5.498906970024108887e-01
4.543924927711486816e-01 7.378360033035278320e-01 5.042652487754821777e-01 5.452425032854080200e-02 3.704949915409088135e-01 3.414631187915802002e-01 3.860243260860443115e-01 4.899953007698059082e-01 5.161566138267517090e-01 3.565376698970794678e-01 3.027543425559997559e-01 4.167365431785583496e-01 5.718681216239929199e-01 4.783086776733398438e-01
6.312825083732604980e-01 2.546228468418121338e-01 5.712372660636901855e-01 3.460980057716369629e-01 6.178572773933410645e-01 4.528657495975494385e-01 1.277023404836654663e-01 6.916093230247497559e-01 3.240076899528503418e-01 6.951777338981628418e-01 3.563427627086639404e-01 6.659863591194152832e-01 5.731579661369323730e-01 3.531797528266906738e-01
9.506275057792663574e-01 6.128249764442443848e-01 1.361224949359893799e-01 7.617350220680236816e-01 9.079587459564208984e-01 9.126816391944885254e-01 9.433433413505554199e-01 7.151060104370117188e-01 4.171974658966064453e-01 2.719807326793670654e-01 4.487403333187103271e-01 7.658681869506835938e-01 4.905458092689514160e-01 6.192184090614318848e-01
4.984774887561798096e-01 7.421206831932067871e-01 8.284729719161987305e-01 3.709172606468200684e-01 8.933074772357940674e-02 1.202331297099590302e-02 1.692630052566528320e-01 5.445821881294250488e-01 5.800344347953796387e-01 5.778132081031799316e-01 4.155357778072357178e-01 1.364152282476425171e-01 4.730196595191955566e-01 3.519639670848846436e-01
4.618175029754638672e-01 8.308724761009216309e-01 6.438454985618591309e-01 4.836890101432800293e-01 1.742827445268630981e-01 6.004298105835914612e-02 5.046179890632629395e-01 5.394958257675170898e-01 5.735918283462524414e-01 5.003144741058349609e-01 4.466946423053741455e-01 2.177087962627410889e-01 4.776823818683624268e-01 3.908918499946594238e-01
1.284125000238418579e-01 1.719155013561248779e-01 5.350260138511657715e-01 2.646502554416656494e-01 8.763049840927124023e-01 5.629256367683410645e-01 3.499099984765052795e-02 9.716173261404037476e-02 3.262279927730560303e-01 7.633230686187744141e-01 3.654981255531311035e-01 8.949745297431945801e-01 6.101552844047546387e-01 3.308455646038055420e-01
6.325374841690063477e-01 4.777173399925231934e-01 9.069085121154785156e-01 2.631149999797344208e-02 4.379667639732360840e-01 7.652301192283630371e-01 1.946966722607612610e-02 6.347857117652893066e-01 3.950247466564178467e-01 6.711043715476989746e-01 3.293203711509704590e-01 4.812756776809692383e-01 5.594596862792968750e-01 3.810553848743438721e-01
9.378799796104431152e-01 2.468235045671463013e-01 8.417827486991882324e-01 2.632252573966979980e-01 5.194742679595947266e-01 5.607881546020507812e-01 8.390653729438781738e-01 8.955337405204772949e-01 3.268106877803802490e-01 7.332521677017211914e-01 5.260944962501525879e-01 4.979941546916961670e-01 5.361628532409667969e-01 5.177848339080810547e-01
9.314125180244445801e-01 2.637443244457244873e-01 5.814767479896545410e-01 2.277624979615211487e-02 8.870834708213806152e-01 3.887223303318023682e-01 6.581820249557495117e-01 8.153561949729919434e-01 3.291379809379577637e-01 5.151111483573913574e-01 3.275275826454162598e-01 8.359568715095520020e-01 5.517213940620422363e-01 4.457343518733978271e-01
3.586100041866302490e-01 7.043098211288452148e-01 5.855717658996582031e-01 1.687217503786087036e-01 6.629977226257324219e-01 5.079816281795501709e-02 9.374176859855651855e-01 4.164132475852966309e-01 5.386721491813659668e-01 2.838672101497650146e-01 3.967656493186950684e-01 5.666863918304443359e-01 5.265690088272094727e-01 5.269305109977722168e-01
3.080675005912780762e-01 7.010611891746520996e-01 4.994640052318572998e-01 5.099800229072570801e-01 5.613575130701065063e-02 7.657982707023620605e-01 4.196510016918182373e-01 3.278319537639617920e-01 5.910308957099914551e-01 4.669532477855682373e-01 5.359340906143188477e-01 1.321926265954971313e-01 4.915071129798889160e-01 4.222464561462402344e-01
2.096750028431415558e-02 3.860625028610229492e-01 2.796250022947788239e-02 2.733870148658752441e-01 9.157245159149169922e-01 5.558437108993530273e-01 5.390610098838806152e-01 4.937914013862609863e-02 6.956233382225036621e-01 2.410020381212234497e-01 3.588135242462158203e-01 7.865966558456420898e-01 6.690639853477478027e-01 3.460682332515716553e-01
8.165749907493591309e-02 5.916183590888977051e-01 8.413150161504745483e-02 5.793750286102294922e-01 6.981599926948547363e-01 8.597926497459411621e-01 9.409117698669433594e-01 5.659160017967224121e-02 7.076435685157775879e-01 9.018628299236297607e-02 3.400541543960571289e-01 5.383858084678649902e-01 6.289048194885253906e-01 5.776051878929138184e-01
1.945874989032745361e-01 6.939941644668579102e-01 4.014810025691986084e-01 1.812302470207214355e-01 1.896084994077682495e-01 7.000187039375305176e-01 7.596010565757751465e-01 1.806681454181671143e-01 5.083016753196716309e-01 2.682020068168640137e-01 3.006099462509155273e-01 2.346509993076324463e-01 6.658799648284912109e-01 5.579866766929626465e-01
9.990050196647644043e-01 5.127146840095520020e-01 9.860417246818542480e-01 5.404725074768066406e-01 3.357677459716796875e-01 5.072447657585144043e-01 9.573369026184082031e-01 9.328238964080810547e-01 2.527105510234832764e-01 7.406957149505615234e-01 7.001943588256835938e-01 2.283341139554977417e-01 5.207333564758300781e-01 7.538455128669738770e-01
7.994899749755859375e-01 2.026771605014801025e-01 9.166177511215209961e-01 2.795712351799011230e-01 9.473620057106018066e-01 9.447643160820007324e-01 2.532186806201934814e-01 7.579729557037353516e-01 2.815155684947967529e-01 7.582123279571533203e-01 4.476384222507476807e-01 8.572072386741638184e-01 6.113328337669372559e-01 2.562770247459411621e-01
3.117224872112274170e-01 7.509760260581970215e-01 2.167277485132217407e-01 7.559850066900253296e-02 8.642495274543762207e-01 8.300188183784484863e-02 7.231480479240417480e-01 3.326578140258789062e-01 6.259559988975524902e-01 3.881852924823760986e-01 3.691726326942443848e-01 8.960184454917907715e-01 4.789538085460662842e-01 3.671669661998748779e-01
4.696499928832054138e-02 5.904046893119812012e-01 4.128272533416748047e-01 8.961125016212463379e-01 4.829832613468170166e-01 6.732547283172607422e-01 6.345176696777343750e-01 2.227862551808357239e-02 6.325715184211730957e-01 4.911954402923583984e-01 7.778512239456176758e-01 4.877389669418334961e-01 4.199162423610687256e-01 6.362286210060119629e-01
8.288250118494033813e-02 7.698554992675781250e-01 8.580407500267028809e-01 9.049124717712402344e-01 3.087849915027618408e-02 7.982417941093444824e-01 7.089091539382934570e-01 4.198141768574714661e-02 5.607235431671142578e-01 6.457576155662536621e-01 6.049798727035522461e-01 1.830117553472518921e-01 5.221664309501647949e-01 4.921034574508666992e-01
7.809500098228454590e-01 5.252936482429504395e-01 8.591882586479187012e-01 8.087325096130371094e-01 9.970407485961914062e-01 2.341383844614028931e-01 6.756131649017333984e-01 8.005163669586181641e-01 5.878973007202148438e-01 6.499764919281005859e-01 9.208933115005493164e-01 8.909941315650939941e-01 2.897115945816040039e-01 4.066027998924255371e-01
1.661400049924850464e-01 6.121063232421875000e-01 9.414732456207275391e-01 3.537087440490722656e-01 2.443282455205917358e-01 5.430192947387695312e-01 2.133366614580154419e-01 1.756549030542373657e-01 4.578844606876373291e-01 6.923977136611938477e-01 4.460649490356445312e-01 3.407951295375823975e-01 5.154618024826049805e-01 4.061579704284667969e-01
3.538450002670288086e-01 1.902383267879486084e-01 2.484862506389617920e-01 5.129550099372863770e-01 3.490292429924011230e-01 5.120608806610107422e-01 6.247966736555099487e-02 3.938868343830108643e-01 4.342525601387023926e-01 6.200377345085144043e-01 4.438564479351043701e-01 3.787183165550231934e-01 5.123285055160522461e-01 4.139732420444488525e-01
6.716700196266174316e-01 3.031946718692779541e-01 4.493922591209411621e-01 1.494902521371841431e-01 5.518347620964050293e-01 5.307163596153259277e-01 3.457366675138473511e-02 6.785846948623657227e-01 4.641567766666412354e-01 5.336188077926635742e-01 3.324857950210571289e-01 5.936256051063537598e-01 5.169321298599243164e-01 3.892064988613128662e-01
6.166499853134155273e-02 5.544776916503906250e-01 9.701694846153259277e-01 7.445949912071228027e-01 3.224112391471862793e-01 3.286957442760467529e-01 1.269143372774124146e-01 2.803496830165386200e-02 4.720405340194702148e-01 7.556227445602416992e-01 6.288354992866516113e-01 4.089789688587188721e-01 4.589934349060058594e-01 5.063344836235046387e-01
1.794025003910064697e-01 4.401108324527740479e-01 5.952695012092590332e-01 4.741952419281005859e-01 9.085032343864440918e-01 9.068393111228942871e-01 2.860616743564605713e-01 1.319011747837066650e-01 5.092934966087341309e-01 5.673280358314514160e-01 3.517738580703735352e-01 9.304630160331726074e-01 5.787507891654968262e-01 3.271179795265197754e-01
5.235400199890136719e-01 1.799228340387344360e-01 2.585499882698059082e-01 4.634810090065002441e-01 3.276025131344795227e-02 5.215286612510681152e-01 3.986496627330780029e-01 4.132148623466491699e-01 3.129035234451293945e-01 5.371192693710327148e-01 4.471007883548736572e-01 4.618455097079277039e-02 6.271480321884155273e-01 6.402558088302612305e-01
8.442950248718261719e-01 5.838288068771362305e-01 1.733697503805160522e-01 6.421350240707397461e-01 7.646177411079406738e-01 4.676388800144195557e-01 7.017969489097595215e-01 7.574810981750488281e-01 5.554010272026062012e-01 2.217066437005996704e-01 6.515510678291320801e-01 7.487123608589172363e-01 4.256000816822052002e-01 6.121928691864013672e-01
4.578525125980377197e-01 5.847293138504028320e-01 7.017765045166015625e-01 7.578824758529663086e-01 3.888577520847320557e-01 2.122800052165985107e-01 5.813996791839599609e-01 5.110229253768920898e-01 5.061321258544921875e-01 6.378389596939086914e-01 6.356315016746520996e-01 4.020995199680328369e-01 3.899807631969451904e-01 3.758364617824554443e-01
4.566274881362915039e-01 7.609930038452148438e-01 4.903362393379211426e-01 6.952674984931945801e-01 8.391277790069580078e-01 1.487612128257751465e-01 8.181467056274414062e-01 4.260449111461639404e-01 6.523332595825195312e-01 4.553119540214538574e-01 9.016023278236389160e-01 7.874627113342285156e-01 2.901491224765777588e-01 5.721589922904968262e-01
4.019599854946136475e-01 4.681201577186584473e-01 5.185887217521667480e-01 3.967222571372985840e-01 2.856342494487762451e-01 2.351643443107604980e-01 5.484333261847496033e-02 4.128638505935668945e-01 5.415516495704650879e-01 6.200132966041564941e-01 5.719705224037170410e-01 3.182446956634521484e-01 4.151892364025115967e-01 3.682050108909606934e-01
8.265799880027770996e-01 7.946988344192504883e-01 1.353474985808134079e-02 6.612499952316284180e-01 3.967007398605346680e-01 5.772690176963806152e-01 8.687244057655334473e-01 7.811368703842163086e-01 7.496075630187988281e-01 5.871952325105667114e-02 6.634000539779663086e-01 3.654733002185821533e-01 3.941202461719512939e-01 7.422308325767517090e-01
1.412000041455030441e-02 5.109578371047973633e-01 8.534232378005981445e-01 2.960324883460998535e-01 4.027594923973083496e-01 3.013576865196228027e-01 5.926493406295776367e-01 2.562725171446800232e-02 4.878937005996704102e-01 7.338372468948364258e-01 3.239962160587310791e-01 3.921381235122680664e-01 5.690742731094360352e-01 4.307438135147094727e-01
1.382649987936019897e-01 4.242379963397979736e-01 3.870057463645935059e-01 2.739222645759582520e-01 1.535300016403198242e-01 8.454275727272033691e-01 6.823347806930541992e-01 1.167337372899055481e-01 5.262475609779357910e-01 5.032430291175842285e-01 3.661960959434509277e-01 1.590196490287780762e-01 6.439954042434692383e-01 4.613085389137268066e-01
5.720275044441223145e-01 4.936041533946990967e-01 6.043180227279663086e-01 6.604175269603729248e-02 5.735285282135009766e-01 1.785506010055541992e-01 8.053066581487655640e-02 5.205914378166198730e-01 3.826209008693695068e-01 6.877301931381225586e-01 3.773946762084960938e-01 5.440953969955444336e-01 5.382752418518066406e-01 3.548426628112792969e-01
4.449824988842010498e-01 1.730004996061325073e-01 1.919837445020675659e-01 8.914049863815307617e-01 4.474482536315917969e-01 1.133459582924842834e-01 3.014020025730133057e-01 4.521427452564239502e-01 4.045037329196929932e-01 6.583032608032226562e-01 6.101702451705932617e-01 4.533154964447021484e-01 4.438497126102447510e-01 4.269216656684875488e-01
5.246300101280212402e-01 7.891093492507934570e-01 6.284675002098083496e-01 3.088797628879547119e-01 1.713967472314834595e-01 8.540242314338684082e-01 3.292213380336761475e-01 5.272948741912841797e-01 5.490042567253112793e-01 5.160556435585021973e-01 2.971619665622711182e-01 2.114575207233428955e-01 5.643948316574096680e-01 3.674558997154235840e-01
1.682250015437602997e-02 4.826410114765167236e-01 3.107782602310180664e-01 8.287500143051147461e-01 2.228614985942840576e-01 3.730318248271942139e-01 3.581836521625518799e-01 2.063195966184139252e-02 5.845887660980224609e-01 5.072030425071716309e-01 6.406636834144592285e-01 2.453521043062210083e-01 5.404291749000549316e-01 5.922292470932006836e-01
8.996000289916992188e-01 6.043524742126464844e-01 7.848539948463439941e-01 4.169670045375823975e-01 3.107174932956695557e-01 1.276740431785583496e-01 4.606069922447204590e-01 9.549710750579833984e-01 6.275570392608642578e-01 5.653945207595825195e-01 5.994071364402770996e-01 3.100262582302093506e-01 3.234631419181823730e-01 4.470494389533996582e-01
7.200924754142761230e-01 6.290853619575500488e-01 2.440380007028579712e-01 8.746700286865234375e-01 2.886202633380889893e-01 2.409722208976745605e-01 7.121522426605224609e-01 7.968872189521789551e-01 6.793674230575561523e-01 4.213679432868957520e-01 7.167786359786987305e-01 2.812685668468475342e-01 2.935189008712768555e-01 4.509755074977874756e-01
4.960150122642517090e-01 6.019331812858581543e-01 9.009832739830017090e-01 5.664924979209899902e-01 1.700827479362487793e-01 3.835171759128570557e-01 8.645050525665283203e-01 5.455724596977233887e-01 4.321612119674682617e-01 6.078174710273742676e-01 5.417620539665222168e-01 1.497453749179840088e-01 4.898235201835632324e-01 4.955337345600128174e-01
9.764050245285034180e-01 7.269231677055358887e-01 2.711445093154907227e-01 3.747839927673339844e-01 6.142227649688720703e-01 8.628149628639221191e-01 3.085440099239349365e-01 7.989783287048339844e-01 6.487478017807006836e-01 3.002452254295349121e-01 4.659875929355621338e-01 5.894547700881958008e-01 3.918253481388092041e-01 4.679964482784271240e-01
8.382124900817871094e-01 2.278251647949218750e-01 3.118360042572021484e-01 9.864724874496459961e-01 7.571529746055603027e-01 6.595295071601867676e-01 2.587586641311645508e-01 8.650023937225341797e-01 3.966548740863800049e-01 5.473936796188354492e-01 5.109596252441406250e-01 7.979166507720947266e-01 4.981574714183807373e-01 4.070301949977874756e-01
8.964675068855285645e-01 3.624795079231262207e-01 2.787545025348663330e-01 7.069125175476074219e-01 8.014817237854003906e-01 9.630825519561767578e-01 4.612233340740203857e-01 7.566732764244079590e-01 5.257271528244018555e-01 4.506549835205078125e-01 4.567860066890716553e-01 7.185130119323730469e-01 4.588839709758758545e-01 4.170865416526794434e-01
5.437625050544738770e-01 4.533329904079437256e-01 3.228259980678558350e-01 2.969120144844055176e-01 2.515499945729970932e-03 9.912050366401672363e-01 1.553283333778381348e-01 3.774012327194213867e-01 4.908678829669952393e-01 4.309982061386108398e-01 2.846656739711761475e-01 4.011816158890724182e-02 6.751218438148498535e-01 4.596736729145050049e-01
5.574300289154052734e-01 1.967226713895797729e-01 4.778167605400085449e-01 7.591174840927124023e-01 8.798952698707580566e-01 3.475827276706695557e-01 1.180666685104370117e-01 5.680620670318603516e-01 4.092856049537658691e-01 7.010068297386169434e-01 8.715974688529968262e-01 8.773544430732727051e-01 4.167037904262542725e-01 4.136465489864349365e-01
3.923675119876861572e-01 5.075591802597045898e-01 7.471457719802856445e-01 5.862674713134765625e-01 5.657017230987548828e-01 2.904629409313201904e-01 4.223130047321319580e-01 5.366649627685546875e-01 3.554055094718933105e-01 5.604360699653625488e-01 4.096300005912780762e-01 6.601287126541137695e-01 5.378935933113098145e-01 4.729896187782287598e-01
8.085849881172180176e-01 5.551509857177734375e-01 3.423945009708404541e-01 3.365197479724884033e-01 3.025574982166290283e-01 2.764036357402801514e-01 7.077468037605285645e-01 9.014275074005126953e-01 6.370208859443664551e-01 4.255723357200622559e-01 3.753253221511840820e-01 2.939752936363220215e-01 3.980327844619750977e-01 4.332454800605773926e-01
2.656599879264831543e-01 7.706983089447021484e-01 3.846769928932189941e-01 2.513934969902038574e-01 5.829137563705444336e-01 2.549786865711212158e-01 9.400420188903808594e-01 3.305642902851104736e-01 5.888951420783996582e-01 1.737948209047317505e-01 4.124282002449035645e-01 5.197908878326416016e-01 5.451700091361999512e-01 5.759613513946533203e-01
8.591175079345703125e-01 5.583998560905456543e-01 7.405387759208679199e-01 9.984325170516967773e-01 9.162707328796386719e-01 5.616476535797119141e-01 1.942483335733413696e-01 7.917886376380920410e-01 4.983164966106414795e-01 7.140908837318420410e-01 8.917079567909240723e-01 8.696200251579284668e-01 3.455222547054290771e-01 3.508974015712738037e-01
4.539249837398529053e-02 6.400160193443298340e-01 1.193045005202293396e-01 2.625067532062530518e-01 2.417974919080734253e-02 8.794419169425964355e-01 3.599239885807037354e-01 2.593259327113628387e-02 7.424454092979431152e-01 5.847901478409767151e-02 2.125425040721893311e-01 5.877138301730155945e-02 8.273002505302429199e-01 4.649614691734313965e-01
9.722474813461303711e-01 8.184563517570495605e-01 5.392625182867050171e-02 8.052600026130676270e-01 3.060939908027648926e-01 5.404233187437057495e-02 6.121023297309875488e-01 9.485220909118652344e-01 5.471960902214050293e-01 5.288378596305847168e-01 5.388813614845275879e-01 3.815481066703796387e-01 3.897225856781005859e-01 5.262595415115356445e-01
5.692874789237976074e-01 3.641664981842041016e-01 4.404575005173683167e-02 2.932477593421936035e-01 7.343674898147583008e-01 8.351206779479980469e-01 5.881213545799255371e-01 4.931145310401916504e-01 5.364397764205932617e-01 2.507651448249816895e-01 2.989490926265716553e-01 6.900796890258789062e-01 5.206378698348999023e-01 5.180221796035766602e-01
2.270675003528594971e-01 4.621528387069702148e-01 6.680135130882263184e-01 1.053114980459213257e-01 7.079409956932067871e-01 3.282281756401062012e-02 6.169936656951904297e-01 3.179093301296234131e-01 3.643804788589477539e-01 4.852676391601562500e-01 2.403480410575866699e-01 7.205613851547241211e-01 5.575193762779235840e-01 5.176059603691101074e-01
4.364775121212005615e-01 5.137766599655151367e-01 9.151265025138854980e-01 7.698475122451782227e-01 8.470377326011657715e-01 1.177074760198593140e-01 1.468826681375503540e-01 5.114683508872985840e-01 4.238220453262329102e-01 7.575831413269042969e-01 8.857985734939575195e-01 8.820649385452270508e-01 3.882012069225311279e-01 3.562754690647125244e-01
7.619249820709228516e-01 5.623946785926818848e-01 7.566737532615661621e-01 5.573624968528747559e-01 1.388995051383972168e-01 9.981855750083923340e-01 3.868726789951324463e-01 8.575341105461120605e-01 4.059793353080749512e-01 5.583627223968505859e-01 4.552612304687500000e-01 1.443059444427490234e-01 5.223827362060546875e-01 6.412967443466186523e-01
3.900099992752075195e-01 2.739291787147521973e-01 3.150264918804168701e-01 3.430207371711730957e-01 1.287014931440353394e-01 9.063737392425537109e-01 5.168513059616088867e-01 3.769173026084899902e-01 5.198169350624084473e-01 5.294113159179687500e-01 3.479872941970825195e-01 1.290466636419296265e-01 5.974751710891723633e-01 3.942506611347198486e-01
2.902024984359741211e-01 5.149865150451660156e-01 1.232604980468750000e-01 6.134899854660034180e-01 2.377225011587142944e-01 6.893795132637023926e-01 5.033299922943115234e-01 3.280685544013977051e-01 5.363590121269226074e-01 2.065220773220062256e-01 4.195238649845123291e-01 2.829991281032562256e-01 6.075083017349243164e-01 5.858761668205261230e-01
3.294275104999542236e-01 7.733401656150817871e-01 1.493985056877136230e-01 5.219424962997436523e-01 7.071182727813720703e-01 9.238082766532897949e-01 8.520923256874084473e-01 2.601628303527832031e-01 6.736192107200622559e-01 1.136003285646438599e-01 4.288142323493957520e-01 7.204881310462951660e-01 4.933687746524810791e-01 5.977379679679870605e-01
1.445074975490570068e-01 4.729340076446533203e-01 7.897175103425979614e-02 8.761600255966186523e-01 3.548862636089324951e-01 5.823444724082946777e-01 3.159376680850982666e-01 1.400245428085327148e-01 6.050412654876708984e-01 9.470266103744506836e-02 7.588470578193664551e-01 4.465512335300445557e-01 5.152509212493896484e-01 7.578839063644409180e-01
8.557350039482116699e-01 3.413478434085845947e-01 6.399185061454772949e-01 4.771282374858856201e-01 2.543214857578277588e-01 6.311722993850708008e-01 6.887222528457641602e-01 8.433707952499389648e-01 4.114694595336914062e-01 6.433301568031311035e-01 5.100055932998657227e-01 2.246516644954681396e-01 4.992762506008148193e-01 5.643256902694702148e-01
5.189650058746337891e-01 2.451331615447998047e-01 6.070244908332824707e-01 7.364624738693237305e-01 9.460164904594421387e-01 6.749446392059326172e-01 2.121790051460266113e-01 6.018741726875305176e-01 3.246746361255645752e-01 7.299885749816894531e-01 6.404517889022827148e-01 9.070456027984619141e-01 5.707098245620727539e-01 2.876749336719512939e-01
9.969300031661987305e-01 1.853153407573699951e-01 5.946162343025207520e-01 3.194234967231750488e-01 6.363099813461303711e-02 1.232825219631195068e-01 3.152573406696319580e-01 9.094583988189697266e-01 1.408111453056335449e-01 7.723476886749267578e-01 6.780831813812255859e-01 8.063006401062011719e-02 5.941281914710998535e-01 8.551235198974609375e-01
3.870750069618225098e-01 3.357258439064025879e-01 8.364717364311218262e-01 7.109050154685974121e-01 2.765842378139495850e-01 1.620801985263824463e-01 7.706966996192932129e-02 3.722366690635681152e-01 2.607989311218261719e-01 8.089942932128906250e-01 6.605168581008911133e-01 4.068276882171630859e-01 4.757090806961059570e-01 4.640115201473236084e-01
4.319350123405456543e-01 2.201023399829864502e-01 2.271544933319091797e-01 2.004617452621459961e-01 7.734645009040832520e-01 1.259227246046066284e-01 8.821533918380737305e-01 4.698949456214904785e-01 4.690538644790649414e-01 3.945710062980651855e-01 3.244781792163848877e-01 6.427563428878784180e-01 5.215153694152832031e-01 4.906998276710510254e-01
5.701324939727783203e-01 5.879386663436889648e-01 9.124447703361511230e-01 4.478504955768585205e-01 5.956705212593078613e-01 5.426297187805175781e-01 6.436336636543273926e-01 5.109892487525939941e-01 5.089969038963317871e-01 6.030308008193969727e-01 6.377626061439514160e-01 5.413308143615722656e-01 4.148126244544982910e-01 4.034929275512695312e-01
4.109925031661987305e-01 6.649144887924194336e-01 8.350780010223388672e-01 9.475824832916259766e-01 4.614642560482025146e-01 5.095159411430358887e-01 3.747733309864997864e-02 4.414021670818328857e-01 5.526082515716552734e-01 6.138488054275512695e-01 8.244830369949340820e-01 5.363205671310424805e-01 3.357987701892852783e-01 4.714991748332977295e-01
3.096500039100646973e-01 4.260173439979553223e-01 3.249287605285644531e-01 7.842350006103515625e-01 5.957267284393310547e-01 5.445885062217712402e-01 1.113356649875640869e-01 3.686641752719879150e-01 4.408462643623352051e-01 3.753547370433807373e-01 6.742105484008789062e-01 6.741049885749816895e-01 4.944222867488861084e-01 6.118788719177246094e-01
8.471350073814392090e-01 4.721638262271881104e-01 1.958574950695037842e-01 1.323132514953613281e-01 4.070807397365570068e-01 3.512502014636993408e-01 1.963299959897994995e-01 7.135488986968994141e-01 5.439773797988891602e-01 4.885289072990417480e-01 3.063479959964752197e-01 3.935845792293548584e-01 5.049824714660644531e-01 3.877088427543640137e-01
4.256824851036071777e-01 2.939333319664001465e-01 1.245462521910667419e-01 2.713499963283538818e-01 7.041749954223632812e-01 4.688818156719207764e-01 8.423999883234500885e-03 4.862509667873382568e-01 4.287233948707580566e-01 2.592618465423583984e-01 2.730259895324707031e-01 7.737343311309814453e-01 5.273264050483703613e-01 5.890663862228393555e-01
1.083974987268447876e-01 7.824605107307434082e-01 1.283230036497116089e-01 8.469774723052978516e-01 7.821302413940429688e-01 9.846647381782531738e-01 3.239319920539855957e-01 2.452737279236316681e-02 7.723346948623657227e-01 1.406639665365219116e-01 4.115290939807891846e-01 8.255653977394104004e-01 6.696597933769226074e-01 3.519951105117797852e-01
1.987649947404861450e-01 2.743841707706451416e-01 9.119752645492553711e-01 9.380350112915039062e-01 6.959974765777587891e-01 3.948940336704254150e-01 7.560707330703735352e-01 2.064154893159866333e-01 1.799716055393218994e-01 8.334799408912658691e-01 8.595948219299316406e-01 7.238720655441284180e-01 4.898310303688049316e-01 5.823272466659545898e-01
1.783100068569183350e-01 5.080066919326782227e-01 4.792632460594177246e-01 2.531862556934356689e-01 7.932427525520324707e-01 7.149228453636169434e-01 4.821993410587310791e-01 1.444421559572219849e-01 5.430594682693481445e-01 4.610536694526672363e-01 2.888987064361572266e-01 8.578721880912780762e-01 5.539772510528564453e-01 4.121958017349243164e-01
1.092374995350837708e-01 1.833164989948272705e-01 7.579747438430786133e-01 8.804849982261657715e-01 9.208365082740783691e-01 6.374710202217102051e-01 3.775483369827270508e-01 6.564210355281829834e-02 2.784899473190307617e-01 8.640052676200866699e-01 8.342329859733581543e-01 9.056194424629211426e-01 4.900615513324737549e-01 4.267778992652893066e-01
1.679424941539764404e-01 8.274276852607727051e-01 5.432714819908142090e-01 1.820649951696395874e-02 8.153262734413146973e-01 2.306262552738189697e-01 7.360599935054779053e-02 1.928777247667312622e-01 6.161707639694213867e-01 4.258922040462493896e-01 1.745584309101104736e-01 9.568389654159545898e-01 5.779789686203002930e-01 2.684218585491180420e-01
7.293300032615661621e-01 2.239926606416702271e-01 4.996367394924163818e-01 4.466232359409332275e-01 4.925682544708251953e-01 9.836612939834594727e-01 9.378047585487365723e-01 5.855734348297119141e-01 3.823480010032653809e-01 7.007899880409240723e-01 4.239853620529174805e-01 3.613308668136596680e-01 5.283665060997009277e-01 4.223613440990447998e-01
2.780900001525878906e-01 1.792176663875579834e-01 9.288704991340637207e-01 6.176350116729736328e-01 9.227149933576583862e-02 5.913984775543212891e-01 9.506603479385375977e-01 5.868076086044311523e-01 2.402373850345611572e-01 4.275696575641632080e-01 5.991260409355163574e-01 3.099153377115726471e-02 6.226184368133544922e-01 8.181087970733642578e-01
9.092400074005126953e-01 5.936956405639648438e-01 2.016207426786422729e-01 3.350412547588348389e-01 5.013005137443542480e-01 6.598384678363800049e-02 5.722113251686096191e-01 9.147177934646606445e-01 7.011876106262207031e-01 3.812288343906402588e-01 5.179744958877563477e-01 4.564298987388610840e-01 2.998347282409667969e-01 4.029659330844879150e-01
3.237150013446807861e-01 7.159793376922607422e-01 1.005389988422393799e-01 6.957774758338928223e-01 1.091347485780715942e-01 4.382783770561218262e-01 9.614337086677551270e-01 2.951939702033996582e-01 6.620608568191528320e-01 7.497049123048782349e-02 7.648822069168090820e-01 6.726667284965515137e-02 5.136193037033081055e-01 7.485946416854858398e-01
3.915224969387054443e-01 4.399886727333068848e-01 3.655945062637329102e-01 6.860575079917907715e-01 7.004935145378112793e-01 8.386942744255065918e-02 3.685076534748077393e-01 4.421902894973754883e-01 5.304265022277832031e-01 6.193357706069946289e-01 6.944025754928588867e-01 6.428719758987426758e-01 3.956893682479858398e-01 4.044151902198791504e-01
3.104799985885620117e-01 7.479196786880493164e-01 7.965440154075622559e-01 6.848474740982055664e-01 3.328649997711181641e-01 3.916097879409790039e-01 4.102066531777381897e-02 3.625682592391967773e-01 5.614579319953918457e-01 5.835632681846618652e-01 6.748957037925720215e-01 4.051913321018218994e-01 3.945557177066802979e-01 4.330265820026397705e-01
1.988250017166137695e-02 6.619135141372680664e-01 8.983749747276306152e-01 4.854847490787506104e-01 7.887985110282897949e-01 8.180000782012939453e-01 7.332437634468078613e-01 2.151705510914325714e-02 6.370923519134521484e-01 5.706022977828979492e-01 2.829803824424743652e-01 9.229778647422790527e-01 6.171445846557617188e-01 3.165716528892517090e-01
7.788749933242797852e-01 1.939969956874847412e-01 7.486305236816406250e-01 8.033400028944015503e-02 7.285297513008117676e-01 6.470609307289123535e-01 3.644200041890144348e-02 7.396141886711120605e-01 3.510169982910156250e-01 6.085070371627807617e-01 3.785284459590911865e-01 7.511147260665893555e-01 5.527389049530029297e-01 3.805642724037170410e-01
9.668574929237365723e-01 1.919428259134292603e-01 6.263830065727233887e-01 8.953624963760375977e-01 9.742457270622253418e-01 7.615771889686584473e-01 1.582150012254714966e-01 8.641472458839416504e-01 3.007553517818450928e-01 7.796279191970825195e-01 6.804093718528747559e-01 8.985504508018493652e-01 5.555658936500549316e-01 2.498656064271926880e-01
9.970824718475341797e-01 3.792193233966827393e-01 8.835369944572448730e-01 6.201500073075294495e-02 9.941319823265075684e-01 6.856448650360107422e-01 4.570056796073913574e-01 8.145946860313415527e-01 3.664685189723968506e-01 6.627628207206726074e-01 4.521649777889251709e-01 8.572893738746643066e-01 5.568871498107910156e-01 2.765182852745056152e-01
8.034999668598175049e-02 8.062493205070495605e-01 4.360064864158630371e-01 7.908400297164916992e-01 3.615710139274597168e-01 4.221536219120025635e-01 8.304058909416198730e-01 5.902950093150138855e-02 6.481707096099853516e-01 3.594207465648651123e-01 8.356347680091857910e-01 4.507433474063873291e-01 4.038300514221191406e-01 6.768425703048706055e-01
2.710725069046020508e-01 5.734021663665771484e-01 3.155847489833831787e-01 5.611975193023681641e-01 6.579167246818542480e-01 1.268856525421142578e-01 2.591633424162864685e-02 3.619545996189117432e-01 5.910434722900390625e-01 4.050634503364562988e-01 6.506977081298828125e-01 7.114909887313842773e-01 4.283427596092224121e-01 5.049030184745788574e-01
2.522799968719482422e-01 6.224631667137145996e-01 8.469499647617340088e-03 3.744035065174102783e-01 6.552180051803588867e-01 2.078589946031570435e-01 1.057523339986801147e-01 2.900161743164062500e-01 7.108243107795715332e-01 1.142989471554756165e-01 5.746317505836486816e-01 7.329092621803283691e-01 4.343103170394897461e-01 6.035696864128112793e-01
8.975899815559387207e-01 4.697036743164062500e-01 7.336025238037109375e-01 3.491324931383132935e-02 2.700837552547454834e-01 5.310596227645874023e-01 7.722600698471069336e-01 8.027891516685485840e-01 4.090112745761871338e-01 6.387920379638671875e-01 3.477869331836700439e-01 2.176865339279174805e-01 5.553214550018310547e-01 5.230770111083984375e-01
3.307375013828277588e-01 3.269171714782714844e-01 2.206532508134841919e-01 5.232500261627137661e-04 1.193580031394958496e-01 7.583325505256652832e-01 3.585340082645416260e-01 3.651229739189147949e-01 4.291885495185852051e-01 3.036748468875885010e-01 1.385297328233718872e-01 1.531066298484802246e-01 7.291437387466430664e-01 5.410240292549133301e-01
