8.012499809265136719e-01 2.465000003576278687e-01 1.237500011920928955e-01 8.877500295639038086e-01 9.302499890327453613e-01 4.457499980926513672e-01 8.479172587394714355e-01 3.893551230430603027e-01 2.782351374626159668e-01 8.574496507644653320e-01 8.724552989006042480e-01 6.632345914840698242e-01
5.922499895095825195e-01 3.555000126361846924e-01 8.552500009536743164e-01 7.402499914169311523e-01 2.752499878406524658e-01 4.337500035762786865e-01 7.400756478309631348e-01 3.882153332233428955e-01 7.512463331222534180e-01 7.668447494506835938e-01 2.603912651538848877e-01 5.268666744232177734e-01
9.992499947547912598e-01 2.108333259820938110e-01 4.542500078678131104e-01 9.667500257492065430e-01 7.722499966621398926e-01 5.147500038146972656e-01 8.976004719734191895e-01 2.621277868747711182e-01 7.458769083023071289e-01 8.433487415313720703e-01 7.949495911598205566e-01 4.163557887077331543e-01
5.147500038146972656e-01 7.461666464805603027e-01 4.427500069141387939e-01 2.087499946355819702e-01 4.997499883174896240e-01 3.462499976158142090e-01 4.546194374561309814e-01 6.688153743743896484e-01 3.633381724357604980e-01 3.450245559215545654e-01 5.758334398269653320e-01 3.619496226310729980e-01
1.562500000000000000e-01 2.598333358764648438e-01 1.867499947547912598e-01 7.337499856948852539e-01 2.272499948740005493e-01 7.625000178813934326e-02 2.469954639673233032e-01 3.776825070381164551e-01 5.701167583465576172e-01 5.702847242355346680e-01 1.839463263750076294e-01 3.686869442462921143e-01
9.422500133514404297e-01 5.985000133514404297e-01 2.437500059604644775e-01 3.787499964237213135e-01 7.767500281333923340e-01 7.297499775886535645e-01 9.252629876136779785e-01 5.267317891120910645e-01 1.633108854293823242e-01 3.074130415916442871e-01 7.820875644683837891e-01 6.980515122413635254e-01
8.942499756813049316e-01 6.038333177566528320e-01 5.497499704360961914e-01 4.132499992847442627e-01 4.922499954700469971e-01 4.357500076293945312e-01 8.591929078102111816e-01 4.647130668163299561e-01 4.746365547180175781e-01 3.360894024372100830e-01 4.665988683700561523e-01 2.672382593154907227e-01
6.132500171661376953e-01 4.048333466053009033e-01 4.632500112056732178e-01 7.622500061988830566e-01 1.612499952316284180e-01 7.892500162124633789e-01 7.150744199752807617e-01 4.452019035816192627e-01 4.017983675003051758e-01 6.053040623664855957e-01 1.120751947164535522e-01 5.826466083526611328e-01
5.562499761581420898e-01 3.861666619777679443e-01 6.532499790191650391e-01 4.712499976158142090e-01 6.737499833106994629e-01 8.522499799728393555e-01 4.646511375904083252e-01 3.409383296966552734e-01 6.616004705429077148e-01 6.055872440338134766e-01 6.739904284477233887e-01 4.697815477848052979e-01
5.397499799728393555e-01 4.061666727066040039e-01 6.297500133514404297e-01 3.267500102519989014e-01 3.487499952316284180e-01 5.725000053644180298e-02 4.656489491462707520e-01 4.038984179496765137e-01 6.578426361083984375e-01 4.382616281509399414e-01 3.730625510215759277e-01 1.870524585247039795e-01
7.152500152587890625e-01 2.968333363533020020e-01 3.749999916180968285e-03 2.847500145435333252e-01 3.277499973773956299e-01 7.597500085830688477e-01 5.663619637489318848e-01 2.884294688701629639e-01 2.181753665208816528e-01 2.923842072486877441e-01 3.222372233867645264e-01 6.997192502021789551e-01
2.152500003576278687e-01 8.138333559036254883e-01 9.817500114440917969e-01 6.437500119209289551e-01 5.357499718666076660e-01 7.532500028610229492e-01 1.842263340950012207e-01 7.107061743736267090e-01 7.597758769989013672e-01 7.118488550186157227e-01 5.431362390518188477e-01 3.479212522506713867e-01
7.067499756813049316e-01 2.685000002384185791e-01 5.397499799728393555e-01 7.762500047683715820e-01 7.002500295639038086e-01 1.207500025629997253e-01 7.579858899116516113e-01 2.899667620658874512e-01 7.627550959587097168e-01 6.638487577438354492e-01 7.274691462516784668e-01 3.079901635646820068e-01
1.492500007152557373e-01 5.341666936874389648e-01 2.392500042915344238e-01 5.562499761581420898e-01 3.927499949932098389e-01 8.967499732971191406e-01 1.397376060485839844e-01 5.625219345092773438e-01 1.798518449068069458e-01 4.957732260227203369e-01 3.579607307910919189e-01 9.300997853279113770e-01
7.922499775886535645e-01 2.451666593551635742e-01 2.677499949932098389e-01 3.075000084936618805e-02 9.747499823570251465e-01 6.012499928474426270e-01 8.178546428680419922e-01 2.802773714065551758e-01 1.544779688119888306e-01 7.717960327863693237e-02 9.246665239334106445e-01 5.513486862182617188e-01
1.775000058114528656e-02 2.228333353996276855e-01 6.617500185966491699e-01 5.175000056624412537e-02 1.687500029802322388e-01 7.302500009536743164e-01 3.082301467657089233e-03 3.039867579936981201e-01 8.973055481910705566e-01 6.073586270213127136e-02 8.547434955835342407e-02 8.516213893890380859e-01
5.237500071525573730e-01 5.421666502952575684e-01 4.572499990463256836e-01 7.225000113248825073e-02 6.075000017881393433e-02 4.832499921321868896e-01 5.186015367507934570e-01 4.698924422264099121e-01 3.952832520008087158e-01 2.078153043985366821e-01 8.879525214433670044e-02 5.640273094177246094e-01
6.397500038146972656e-01 7.154999971389770508e-01 5.697500109672546387e-01 5.147500038146972656e-01 6.047499775886535645e-01 2.947500050067901611e-01 7.021687626838684082e-01 5.363945364952087402e-01 4.330226778984069824e-01 4.413010478019714355e-01 5.792796015739440918e-01 2.169793248176574707e-01
9.525000303983688354e-02 5.774999856948852539e-01 1.882500052452087402e-01 4.282500147819519043e-01 5.407500267028808594e-01 2.332500070333480835e-01 1.461235135793685913e-01 6.708063483238220215e-01 3.996691703796386719e-01 4.690130054950714111e-01 5.578309893608093262e-01 3.251867890357971191e-01
5.857499837875366211e-01 5.264999866485595703e-01 9.624999761581420898e-02 1.667499989271163940e-01 6.437500119209289551e-01 8.047500252723693848e-01 5.280367136001586914e-01 4.930709302425384521e-01 1.777957528829574585e-01 1.799906343221664429e-01 6.503987312316894531e-01 7.381265163421630859e-01
2.517499923706054688e-01 6.198333501815795898e-01 4.977500140666961670e-01 7.227500081062316895e-01 5.952500104904174805e-01 5.182499885559082031e-01 2.353271245956420898e-01 6.653214097023010254e-01 6.592989563941955566e-01 6.854933500289916992e-01 5.562627315521240234e-01 3.899395167827606201e-01
4.174999892711639404e-02 7.754999995231628418e-01 2.872500121593475342e-01 9.377499818801879883e-01 2.587499916553497314e-01 1.472499966621398926e-01 7.960464805364608765e-02 8.053741455078125000e-01 3.386757969856262207e-01 8.952207565307617188e-01 2.530055344104766846e-01 2.892744839191436768e-01
8.474999666213989258e-02 4.178333282470703125e-01 2.502500116825103760e-01 3.462499976158142090e-01 1.792500019073486328e-01 7.874999940395355225e-02 9.437991678714752197e-02 5.452151298522949219e-01 6.173351407051086426e-01 2.380317151546478271e-01 1.100726127624511719e-01 1.505786925554275513e-01
6.862499713897705078e-01 1.848333328962326050e-01 1.072499975562095642e-01 1.247500032186508179e-01 1.492500007152557373e-01 7.677500247955322266e-01 6.109303832054138184e-01 3.669659495353698730e-01 3.021275103092193604e-01 1.532851755619049072e-01 1.293302476406097412e-01 6.870029568672180176e-01
6.422500014305114746e-01 5.651666522026062012e-01 7.967500090599060059e-01 4.024999961256980896e-02 5.324999988079071045e-02 3.187499940395355225e-01 6.745495796203613281e-01 4.685486257076263428e-01 4.749034345149993896e-01 3.537646234035491943e-01 1.008488461375236511e-01 4.406674802303314209e-01
5.807499885559082031e-01 3.148333430290222168e-01 5.957499742507934570e-01 1.624999940395355225e-02 9.624999761581420898e-02 6.322500109672546387e-01 5.069893598556518555e-01 3.528675734996795654e-01 6.112626791000366211e-01 1.601999551057815552e-01 1.145331785082817078e-01 5.046569108963012695e-01
5.802500247955322266e-01 2.501666545867919922e-01 4.724999889731407166e-02 3.677499890327453613e-01 6.427500247955322266e-01 2.027499973773956299e-01 6.317191123962402344e-01 3.372273445129394531e-01 2.571376264095306396e-01 1.875683516263961792e-01 6.523508429527282715e-01 5.099139809608459473e-01
3.872500061988830566e-01 4.365000128746032715e-01 9.387500286102294922e-01 8.342499732971191406e-01 6.622499823570251465e-01 1.447499990463256836e-01 3.615964949131011963e-01 3.152140974998474121e-01 8.898466825485229492e-01 7.766944766044616699e-01 6.248078942298889160e-01 2.103705853223800659e-01
7.262499928474426270e-01 3.008333444595336914e-01 2.924999967217445374e-02 6.517500281333923340e-01 3.974999859929084778e-02 5.482500195503234863e-01 6.390304565429687500e-01 3.880944252014160156e-01 1.799899637699127197e-01 7.339954376220703125e-01 3.500694036483764648e-02 5.419580936431884766e-01
2.542499899864196777e-01 5.245000123977661133e-01 5.952500104904174805e-01 8.477500081062316895e-01 5.725000053644180298e-02 4.232499897480010986e-01 3.386405110359191895e-01 3.541048467159271240e-01 4.504044353961944580e-01 7.391237616539001465e-01 6.988769024610519409e-02 4.496559202671051025e-01
6.677500009536743164e-01 6.388333439826965332e-01 2.257499992847442627e-01 1.757500022649765015e-01 1.952500045299530029e-01 1.592500060796737671e-01 6.840053796768188477e-01 7.433899044990539551e-01 2.424901127815246582e-01 2.925840318202972412e-01 1.717098057270050049e-01 2.459676265716552734e-01
4.192500114440917969e-01 8.331666588783264160e-01 2.402500063180923462e-01 3.272500038146972656e-01 2.727499902248382568e-01 9.457499980926513672e-01 3.276067674160003662e-01 7.461174130439758301e-01 1.509216427803039551e-01 4.330839216709136963e-01 3.208949565887451172e-01 7.757229804992675781e-01
4.422500133514404297e-01 1.764999926090240479e-01 4.402500092983245850e-01 1.772499978542327881e-01 7.625000178813934326e-02 4.262500107288360596e-01 4.962915182113647461e-01 3.090678751468658447e-01 4.996085762977600098e-01 1.231733262538909912e-01 8.119244128465652466e-02 5.815629363059997559e-01
3.762499988079071045e-01 2.175000011920928955e-01 1.457500010728836060e-01 2.972500026226043701e-01 3.892500102519989014e-01 4.632500112056732178e-01 4.892693459987640381e-01 3.758536577224731445e-01 2.277328222990036011e-01 3.136239945888519287e-01 3.293260335922241211e-01 7.028511166572570801e-01
8.177499771118164062e-01 5.158333182334899902e-01 9.177500009536743164e-01 6.962500214576721191e-01 9.737499952316284180e-01 9.702500104904174805e-01 8.386119008064270020e-01 4.306397736072540283e-01 6.557067036628723145e-01 7.844375967979431152e-01 8.545863628387451172e-01 5.379112362861633301e-01
7.462499737739562988e-01 4.435000121593475342e-01 5.262500047683715820e-01 9.722499847412109375e-01 5.317500233650207520e-01 2.937499880790710449e-01 7.989994287490844727e-01 3.685769736766815186e-01 6.230794191360473633e-01 8.577772974967956543e-01 5.209460854530334473e-01 4.350351095199584961e-01
1.832499951124191284e-01 1.901666671037673950e-01 9.902499914169311523e-01 3.447499871253967285e-01 4.292500019073486328e-01 1.432500034570693970e-01 2.544012963771820068e-01 3.612100183963775635e-01 7.460502386093139648e-01 5.405517220497131348e-01 4.536772370338439941e-01 3.448699414730072021e-01
9.607499837875366211e-01 1.688333302736282349e-01 9.202499985694885254e-01 7.357500195503234863e-01 8.472499847412109375e-01 3.482500016689300537e-01 9.249811768531799316e-01 2.890406847000122070e-01 8.721140623092651367e-01 7.484667897224426270e-01 7.788866758346557617e-01 2.344877719879150391e-01
3.424999862909317017e-02 4.754999876022338867e-01 7.697499990463256836e-01 2.577500045299530029e-01 8.107500076293945312e-01 5.792499780654907227e-01 3.185045719146728516e-02 5.532605051994323730e-01 8.659322857856750488e-01 3.878153860569000244e-01 8.094086050987243652e-01 6.590414643287658691e-01
7.037500143051147461e-01 2.081666737794876099e-01 5.124999955296516418e-02 8.377500176429748535e-01 9.057499766349792480e-01 5.697500109672546387e-01 6.599624156951904297e-01 2.105302512645721436e-01 1.662166118621826172e-01 8.029184937477111816e-01 8.567792177200317383e-01 5.919489264488220215e-01
6.424999982118606567e-02 3.221666812896728516e-01 1.432500034570693970e-01 9.674999862909317017e-02 7.162500023841857910e-01 4.102500081062316895e-01 1.032898053526878357e-01 5.276891589164733887e-01 3.334041535854339600e-01 2.022395581007003784e-01 6.127036213874816895e-01 6.767942905426025391e-01
6.177499890327453613e-01 6.188333630561828613e-01 4.407500028610229492e-01 3.187499940395355225e-01 5.037500262260437012e-01 1.127500012516975403e-01 6.832327842712402344e-01 5.607773065567016602e-01 4.070799350738525391e-01 2.943095564842224121e-01 5.008997321128845215e-01 2.169343680143356323e-01
1.617500036954879761e-01 3.955000042915344238e-01 7.982500195503234863e-01 6.612499952316284180e-01 5.727499723434448242e-01 7.487499713897705078e-01 1.495139598846435547e-01 4.133256673812866211e-01 7.116065025329589844e-01 7.497553229331970215e-01 5.731883645057678223e-01 5.809549093246459961e-01
4.032500088214874268e-01 2.255000025033950806e-01 6.592500209808349609e-01 9.312499761581420898e-01 5.867499709129333496e-01 9.574999660253524780e-02 4.484333693981170654e-01 3.132173717021942139e-01 8.365659117698669434e-01 7.116857171058654785e-01 5.508360862731933594e-01 2.044075578451156616e-01
9.367499947547912598e-01 3.151666522026062012e-01 9.037500023841857910e-01 7.222499847412109375e-01 3.497500121593475342e-01 3.747499883174896240e-01 9.046167731285095215e-01 3.481463789939880371e-01 8.847537636756896973e-01 8.526124358177185059e-01 3.142119348049163818e-01 3.278199434280395508e-01
5.517500042915344238e-01 6.575000286102294922e-01 1.012500002980232239e-01 8.642500042915344238e-01 5.892500281333923340e-01 6.257500052452087402e-01 5.397626757621765137e-01 6.081649065017700195e-01 1.499128043651580811e-01 7.804264426231384277e-01 5.513998270034790039e-01 6.114691495895385742e-01
7.777500152587890625e-01 5.548333525657653809e-01 2.002499997615814209e-01 6.624999642372131348e-02 9.717500209808349609e-01 1.587499976158142090e-01 7.362458109855651855e-01 5.878425836563110352e-01 2.393929362297058105e-01 9.645185619592666626e-02 9.154971837997436523e-01 2.649894356727600098e-01
8.425000309944152832e-02 3.655000030994415283e-01 1.875000074505805969e-02 4.672499895095825195e-01 2.232500016689300537e-01 3.777500092983245850e-01 9.157764166593551636e-02 5.269482135772705078e-01 1.885619759559631348e-01 5.463762879371643066e-01 1.240523457527160645e-01 6.797947883605957031e-01
9.242500066757202148e-01 5.005000233650207520e-01 6.162499785423278809e-01 5.257499814033508301e-01 7.982500195503234863e-01 2.792499959468841553e-01 8.741818666458129883e-01 3.007912039756774902e-01 6.664780974388122559e-01 5.767079591751098633e-01 8.398400545120239258e-01 4.861537814140319824e-01
6.927499771118164062e-01 6.318333148956298828e-01 3.787499964237213135e-01 6.617500185966491699e-01 3.747499883174896240e-01 4.137499928474426270e-01 7.498667836189270020e-01 6.277933716773986816e-01 3.026241064071655273e-01 5.991915464401245117e-01 3.455853164196014404e-01 2.690415084362030029e-01
3.627499938011169434e-01 5.935000181198120117e-01 5.862500071525573730e-01 1.075000036507844925e-02 5.074999853968620300e-02 5.107499957084655762e-01 4.139689207077026367e-01 3.555921018123626709e-01 4.494776725769042969e-01 8.759794384241104126e-02 9.751055389642715454e-02 6.733844876289367676e-01
6.842499971389770508e-01 2.198333293199539185e-01 5.412499904632568359e-01 3.177500069141387939e-01 4.387499988079071045e-01 1.007499992847442627e-01 7.096893787384033203e-01 3.206334412097930908e-01 6.840968728065490723e-01 1.450392752885818481e-01 3.693624436855316162e-01 2.589366734027862549e-01
4.147500097751617432e-01 2.754999995231628418e-01 9.357500076293945312e-01 5.447499752044677734e-01 4.547500014305114746e-01 2.727499902248382568e-01 3.766866326332092285e-01 2.954290807247161865e-01 8.461384177207946777e-01 6.329900622367858887e-01 5.032014846801757812e-01 3.686412274837493896e-01
9.502500295639038086e-01 4.421666562557220459e-01 6.302499771118164062e-01 3.707500100135803223e-01 3.777500092983245850e-01 6.525000184774398804e-02 8.595164418220520020e-01 3.858782947063446045e-01 7.360084652900695801e-01 5.440971255302429199e-01 3.742612600326538086e-01 1.515047699213027954e-01
2.367500066757202148e-01 5.378333330154418945e-01 3.197500109672546387e-01 2.102500051259994507e-01 3.602499961853027344e-01 9.782500267028808594e-01 1.910248100757598877e-01 5.746080279350280762e-01 3.011755943298339844e-01 2.701898515224456787e-01 4.466315209865570068e-01 8.707328438758850098e-01
5.182499885559082031e-01 2.278333306312561035e-01 1.567499935626983643e-01 8.647500276565551758e-01 6.932500004768371582e-01 1.417499929666519165e-01 6.122153401374816895e-01 4.435909688472747803e-01 5.097979307174682617e-01 5.723921060562133789e-01 6.052722334861755371e-01 2.718708217144012451e-01
9.192500114440917969e-01 4.514999985694885254e-01 6.262500286102294922e-01 7.275000214576721191e-02 7.157499790191650391e-01 9.662500023841857910e-01 8.929483890533447266e-01 4.936327338218688965e-01 4.376337826251983643e-01 1.142741590738296509e-01 6.572669148445129395e-01 5.910272598266601562e-01
3.167499899864196777e-01 7.714999914169311523e-01 3.377499878406524658e-01 3.597500026226043701e-01 8.707500100135803223e-01 7.347499728202819824e-01 2.964720427989959717e-01 5.803021192550659180e-01 2.241595685482025146e-01 2.924399971961975098e-01 8.895894885063171387e-01 7.988031506538391113e-01
9.250000119209289551e-03 6.671666502952575684e-01 8.472499847412109375e-01 4.362500011920928955e-01 1.627500057220458984e-01 2.147500067949295044e-01 1.426242664456367493e-02 6.522746682167053223e-01 8.551321029663085938e-01 3.958533704280853271e-01 1.819288134574890137e-01 2.980639338493347168e-01
8.477500081062316895e-01 6.428333520889282227e-01 2.902500033378601074e-01 9.562500119209289551e-01 7.402499914169311523e-01 1.697500050067901611e-01 9.429183602333068848e-01 5.345736145973205566e-01 4.080307483673095703e-01 6.634626984596252441e-01 6.991414427757263184e-01 3.197055757045745850e-01
8.162500262260437012e-01 6.061666607856750488e-01 4.707500040531158447e-01 2.437500059604644775e-01 1.947499960660934448e-01 3.232499957084655762e-01 8.406109809875488281e-01 5.583651661872863770e-01 2.947458922863006592e-01 3.511278927326202393e-01 1.822449266910552979e-01 2.304014712572097778e-01
2.907499969005584717e-01 4.438333213329315186e-01 6.312500238418579102e-01 9.792500138282775879e-01 9.562500119209289551e-01 8.197500109672546387e-01 3.221537172794342041e-01 3.823008239269256592e-01 7.421555519104003906e-01 8.551728725433349609e-01 8.704300522804260254e-01 6.932820677757263184e-01
3.557499945163726807e-01 4.548333287239074707e-01 2.712500095367431641e-01 3.907499909400939941e-01 8.172500133514404297e-01 9.425000101327896118e-02 3.733125627040863037e-01 5.854368209838867188e-01 3.368795514106750488e-01 2.598316669464111328e-01 8.398693799972534180e-01 2.126304954290390015e-01
9.477499723434448242e-01 2.308333367109298706e-01 1.042499989271163940e-01 3.242500126361846924e-01 1.475000008940696716e-02 7.307500243186950684e-01 6.673756241798400879e-01 4.267113804817199707e-01 2.196848988533020020e-01 6.114621758460998535e-01 3.909460827708244324e-02 4.201161861419677734e-01
1.062500029802322388e-01 4.724999964237213135e-01 6.117500066757202148e-01 7.057499885559082031e-01 7.172499895095825195e-01 2.262499928474426270e-01 1.488187313079833984e-01 5.138497352600097656e-01 8.128392100334167480e-01 6.664763092994689941e-01 6.833629608154296875e-01 3.719471693038940430e-01
9.682499766349792480e-01 3.831666707992553711e-01 5.927500128746032715e-01 7.587500214576721191e-01 1.567499935626983643e-01 6.412500143051147461e-01 9.547658562660217285e-01 4.600234329700469971e-01 5.599631667137145996e-01 7.690102458000183105e-01 1.080600097775459290e-01 5.885744690895080566e-01
1.197500005364418030e-01 7.655000090599060059e-01 3.937500119209289551e-01 4.627499878406524658e-01 2.425000071525573730e-02 7.352499961853027344e-01 7.789834588766098022e-02 5.444537401199340820e-01 2.728218436241149902e-01 4.128735959529876709e-01 9.636548161506652832e-02 5.253126621246337891e-01
9.324999898672103882e-02 5.198333263397216797e-01 2.852500081062316895e-01 6.117500066757202148e-01 8.752499818801879883e-01 9.907500147819519043e-01 8.386239409446716309e-02 5.440541505813598633e-01 2.455971986055374146e-01 5.511149168014526367e-01 7.425449490547180176e-01 8.777794241905212402e-01
8.332499861717224121e-01 3.888333439826965332e-01 5.274999886751174927e-02 4.912500083446502686e-01 2.452500015497207642e-01 1.102500036358833313e-01 8.008881807327270508e-01 5.124179124832153320e-01 3.548942804336547852e-01 3.875949680805206299e-01 2.374051362276077271e-01 3.394536375999450684e-01
5.582500100135803223e-01 3.838333189487457275e-01 3.772499859333038330e-01 4.975000023841857910e-02 5.062500238418579102e-01 7.472500205039978027e-01 5.200262069702148438e-01 3.714675605297088623e-01 3.128243386745452881e-01 1.654096841812133789e-01 5.522472858428955078e-01 6.183072924613952637e-01
9.547500014305114746e-01 3.425000011920928955e-01 2.362499982118606567e-01 2.532500028610229492e-01 3.957499861717224121e-01 3.624999895691871643e-02 8.949594497680664062e-01 5.370281934738159180e-01 3.306810855865478516e-01 2.684465646743774414e-01 3.656868636608123779e-01 9.107553213834762573e-02
9.942499995231628418e-01 2.911666631698608398e-01 8.725000172853469849e-02 9.897500276565551758e-01 3.057500123977661133e-01 6.042500138282775879e-01 8.608095645904541016e-01 3.549594581127166748e-01 2.057540416717529297e-01 9.261918067932128906e-01 2.733453214168548584e-01 7.466550469398498535e-01
2.172500044107437134e-01 6.765000224113464355e-01 9.674999862909317017e-02 9.392499923706054688e-01 9.047499895095825195e-01 6.832500100135803223e-01 1.951046884059906006e-01 6.681175827980041504e-01 1.063837930560112000e-01 8.983376622200012207e-01 8.208318948745727539e-01 7.154902219772338867e-01
4.982500076293945312e-01 3.598333299160003662e-01 6.932500004768371582e-01 8.737499713897705078e-01 3.422499895095825195e-01 8.537499904632568359e-01 5.654225349426269531e-01 3.647517859935760498e-01 6.159910559654235840e-01 7.287425398826599121e-01 3.276245892047882080e-01 6.032667756080627441e-01
3.567500114440917969e-01 3.388333320617675781e-01 5.867499709129333496e-01 6.472499966621398926e-01 5.577499866485595703e-01 3.337500095367431641e-01 3.946922123432159424e-01 3.264706730842590332e-01 7.033963799476623535e-01 5.923516750335693359e-01 5.542995929718017578e-01 4.417805075645446777e-01
2.687500119209289551e-01 6.104999780654907227e-01 4.147500097751617432e-01 2.887499928474426270e-01 8.177499771118164062e-01 2.337500005960464478e-01 2.390799522399902344e-01 6.336914896965026855e-01 3.600405454635620117e-01 3.129046857357025146e-01 8.962463140487670898e-01 3.069070875644683838e-01
9.022499918937683105e-01 2.164999991655349731e-01 8.612499833106994629e-01 5.582500100135803223e-01 6.122499704360961914e-01 6.552500128746032715e-01 8.405307531356811523e-01 3.053970038890838623e-01 8.367406725883483887e-01 7.331290841102600098e-01 6.525461077690124512e-01 2.622151374816894531e-01
2.522499859333038330e-01 2.831666767597198486e-01 6.997500061988830566e-01 4.477500021457672119e-01 3.902499973773956299e-01 6.952499747276306152e-01 2.446615844964981079e-01 3.050012290477752686e-01 7.216516137123107910e-01 4.363233149051666260e-01 3.689034283161163330e-01 5.081815123558044434e-01
8.624999970197677612e-02 7.328333258628845215e-01 8.352500200271606445e-01 5.232499837875366211e-01 8.042500019073486328e-01 1.337500065565109253e-01 7.057406008243560791e-02 7.152799367904663086e-01 8.569307327270507812e-01 4.918278455734252930e-01 8.724284172058105469e-01 3.012931644916534424e-01
7.737500071525573730e-01 4.474999904632568359e-01 6.207500100135803223e-01 8.602499961853027344e-01 5.787500143051147461e-01 4.107500016689300537e-01 8.673530220985412598e-01 4.109210371971130371e-01 6.023748517036437988e-01 7.901104092597961426e-01 6.262046098709106445e-01 4.752262234687805176e-01
1.912499964237213135e-01 2.818333208560943604e-01 2.477499991655349731e-01 2.682499885559082031e-01 9.972500205039978027e-01 6.417499780654907227e-01 2.014369666576385498e-01 4.145204126834869385e-01 4.337115585803985596e-01 1.842090636491775513e-01 8.948455452919006348e-01 8.450850844383239746e-01
1.782499998807907104e-01 5.178333520889282227e-01 6.672499775886535645e-01 5.974999815225601196e-02 6.962500214576721191e-01 1.482499986886978149e-01 1.620053499937057495e-01 4.662551581859588623e-01 7.152636647224426270e-01 1.390307843685150146e-01 8.672160506248474121e-01 4.090141057968139648e-01
5.967500209808349609e-01 5.328333377838134766e-01 5.092499852180480957e-01 5.947499871253967285e-01 3.992500007152557373e-01 3.677499890327453613e-01 6.137796640396118164e-01 5.154850482940673828e-01 4.134432077407836914e-01 5.942381024360656738e-01 4.271686375141143799e-01 4.467712342739105225e-01
3.617500066757202148e-01 1.958333402872085571e-01 1.767500042915344238e-01 4.187499880790710449e-01 8.402500152587890625e-01 6.582499742507934570e-01 3.327789902687072754e-01 3.567780852317810059e-01 2.623361647129058838e-01 4.955049753189086914e-01 8.121694922447204590e-01 7.012674212455749512e-01
8.577499985694885254e-01 2.168333381414413452e-01 2.547500133514404297e-01 3.422499895095825195e-01 2.307499945163726807e-01 5.277500152587890625e-01 6.467354893684387207e-01 4.087405204772949219e-01 5.603561401367187500e-01 4.629245698451995850e-01 2.103776335716247559e-01 5.874187946319580078e-01
9.327499866485595703e-01 1.961666643619537354e-01 5.502499938011169434e-01 5.617499947547912598e-01 1.867499947547912598e-01 6.222500205039978027e-01 9.064647555351257324e-01 4.446181654930114746e-01 5.702827572822570801e-01 7.145473957061767578e-01 1.515892595052719116e-01 5.943522453308105469e-01
3.957499861717224121e-01 2.851666808128356934e-01 4.972499907016754150e-01 6.037499904632568359e-01 7.942500114440917969e-01 1.222499981522560120e-01 4.275147020816802979e-01 3.615533709526062012e-01 6.910606622695922852e-01 5.277546048164367676e-01 7.254737615585327148e-01 2.927666306495666504e-01
5.992500185966491699e-01 7.551666498184204102e-01 8.052499890327453613e-01 4.177500009536743164e-01 7.957500219345092773e-01 1.612499952316284180e-01 6.563803553581237793e-01 5.952699184417724609e-01 5.586667656898498535e-01 5.561780929565429688e-01 8.249415755271911621e-01 3.328158557415008545e-01
6.287500262260437012e-01 3.498333394527435303e-01 2.857500016689300537e-01 3.732500076293945312e-01 4.812499880790710449e-01 6.352499723434448242e-01 5.299163460731506348e-01 4.207986295223236084e-01 3.564531803131103516e-01 4.296636879444122314e-01 4.808506071567535400e-01 5.337073206901550293e-01
3.992500007152557373e-01 4.884999990463256836e-01 2.152500003576278687e-01 9.512500166893005371e-01 1.624999940395355225e-02 1.362500041723251343e-01 6.785081624984741211e-01 4.150444567203521729e-01 2.226430624723434448e-01 7.107267379760742188e-01 3.197323530912399292e-02 4.564831256866455078e-01
1.967500001192092896e-01 5.351666808128356934e-01 5.907499790191650391e-01 6.075000017881393433e-02 9.127500057220458984e-01 9.517499804496765137e-01 1.463535279035568237e-01 5.014135837554931641e-01 5.473194718360900879e-01 1.165281012654304504e-01 9.282185435295104980e-01 8.380723595619201660e-01
7.232499718666076660e-01 4.351666569709777832e-01 1.682499945163726807e-01 6.122499704360961914e-01 1.682499945163726807e-01 6.467499732971191406e-01 5.068973898887634277e-01 3.947067558765411377e-01 4.674948453903198242e-01 7.272056937217712402e-01 1.553274542093276978e-01 5.954295396804809570e-01
8.997499942779541016e-01 3.171666562557220459e-01 7.972499728202819824e-01 1.452499926090240479e-01 7.557500004768371582e-01 7.992500066757202148e-01 7.637711763381958008e-01 3.248457610607147217e-01 6.639658212661743164e-01 3.704667091369628906e-01 7.517883777618408203e-01 4.628583490848541260e-01
9.812499880790710449e-01 5.708333253860473633e-01 7.732499837875366211e-01 2.982499897480010986e-01 1.337500065565109253e-01 6.247500181198120117e-01 9.108703732490539551e-01 4.472948014736175537e-01 5.706293582916259766e-01 6.025338768959045410e-01 1.424341350793838501e-01 5.263139605522155762e-01
7.137500047683715820e-01 4.058333337306976318e-01 9.047499895095825195e-01 5.977500081062316895e-01 2.067500054836273193e-01 6.487500071525573730e-01 7.501420378684997559e-01 3.912591934204101562e-01 7.613005042076110840e-01 7.740861177444458008e-01 2.165627032518386841e-01 5.807344317436218262e-01
8.725000172853469849e-02 5.738333463668823242e-01 8.117499947547912598e-01 8.967499732971191406e-01 4.697499871253967285e-01 8.602499961853027344e-01 5.737818405032157898e-02 5.615497827529907227e-01 7.899858951568603516e-01 8.563030958175659180e-01 4.647340774536132812e-01 7.960925102233886719e-01
8.697500228881835938e-01 5.304999947547912598e-01 9.707499742507934570e-01 6.927499771118164062e-01 5.352500081062316895e-01 5.874999985098838806e-02 9.339305162429809570e-01 3.557302057743072510e-01 7.968136668205261230e-01 7.051792144775390625e-01 5.487660169601440430e-01 2.522099316120147705e-01
1.992499977350234985e-01 3.591666519641876221e-01 9.657499790191650391e-01 3.250000067055225372e-03 8.375000208616256714e-02 1.747500002384185791e-01 1.412541270256042480e-01 4.308213293552398682e-01 6.097467541694641113e-01 3.052012920379638672e-01 1.191038191318511963e-01 2.471497356891632080e-01
9.197499752044677734e-01 7.251666784286499023e-01 5.852500200271606445e-01 9.272500276565551758e-01 1.032499969005584717e-01 7.707499861717224121e-01 9.397161006927490234e-01 4.620809257030487061e-01 5.539306402206420898e-01 7.722380757331848145e-01 8.490522950887680054e-02 6.857158541679382324e-01
9.112499952316284180e-01 2.748333215713500977e-01 8.147500157356262207e-01 7.077500224113464355e-01 8.597499728202819824e-01 8.862500190734863281e-01 9.094449877738952637e-01 3.921242058277130127e-01 6.492782235145568848e-01 7.739484906196594238e-01 7.822599411010742188e-01 4.964007139205932617e-01
1.502500027418136597e-01 6.945000290870666504e-01 7.067499756813049316e-01 2.177499979734420776e-01 9.425000101327896118e-02 7.327499985694885254e-01 1.067767664790153503e-01 5.240847468376159668e-01 5.329848527908325195e-01 2.785796523094177246e-01 1.984099596738815308e-01 6.007792353630065918e-01
6.872500181198120117e-01 1.895000040531158447e-01 7.222499847412109375e-01 8.382499814033508301e-01 9.427499771118164062e-01 2.312500029802322388e-01 7.182716131210327148e-01 2.571203112602233887e-01 8.347316980361938477e-01 8.123468756675720215e-01 8.714716434478759766e-01 3.220637440681457520e-01
2.087499946355819702e-01 8.308333158493041992e-01 8.952500224113464355e-01 2.347500026226043701e-01 1.957499980926513672e-01 4.662500023841857910e-01 1.667861342430114746e-01 6.269745826721191406e-01 6.343598365783691406e-01 3.266616761684417725e-01 2.246850728988647461e-01 2.061825543642044067e-01
2.225000038743019104e-02 6.468333601951599121e-01 7.072499990463256836e-01 3.307499885559082031e-01 7.882500290870666504e-01 4.342499971389770508e-01 2.832399308681488037e-02 6.993576884269714355e-01 7.673125863075256348e-01 3.930278420448303223e-01 7.976630330085754395e-01 4.169533550739288330e-01
6.202499866485595703e-01 6.754999756813049316e-01 3.052499890327453613e-01 7.287499904632568359e-01 2.812500000000000000e-01 8.947499990463256836e-01 6.812563538551330566e-01 5.644960403442382812e-01 3.194203078746795654e-01 5.034992098808288574e-01 2.193379104137420654e-01 6.718670725822448730e-01
1.724999956786632538e-02 2.105000019073486328e-01 3.075000084936618805e-02 3.967500030994415283e-01 8.824999630451202393e-02 2.392500042915344238e-01 3.307883068919181824e-02 3.495828509330749512e-01 1.507488936185836792e-01 3.781030476093292236e-01 1.334138121455907822e-02 2.941674888134002686e-01
8.002499938011169434e-01 3.785000145435333252e-01 3.072499930858612061e-01 7.832499742507934570e-01 1.722500026226043701e-01 9.412500262260437012e-01 7.909202575683593750e-01 4.520914852619171143e-01 3.959065079689025879e-01 6.594322323799133301e-01 1.242714300751686096e-01 6.391428709030151367e-01
2.562499940395355225e-01 6.324999928474426270e-01 7.047500014305114746e-01 3.497500121593475342e-01 2.192499935626983643e-01 1.677500009536743164e-01 2.958358526229858398e-01 5.342830419540405273e-01 6.179285049438476562e-01 3.391219675540924072e-01 2.374162673950195312e-01 2.491404265165328979e-01
1.117499992251396179e-01 3.808333277702331543e-01 1.052500009536743164e-01 5.272499918937683105e-01 7.074999809265136719e-02 1.727499961853027344e-01 1.333127468824386597e-01 3.974292278289794922e-01 3.778067529201507568e-01 3.204062283039093018e-01 3.678086772561073303e-02 1.754203736782073975e-01
7.925000041723251343e-02 4.868333339691162109e-01 4.742499887943267822e-01 2.274999953806400299e-02 9.662500023841857910e-01 8.462499976158142090e-01 6.674686819314956665e-02 4.458373486995697021e-01 5.511723160743713379e-01 4.073139652609825134e-02 8.639215230941772461e-01 7.040103077888488770e-01
6.597499847412109375e-01 2.834999859333038330e-01 8.867499828338623047e-01 8.802499771118164062e-01 9.377499818801879883e-01 3.167499899864196777e-01 8.116355538368225098e-01 2.152794897556304932e-01 7.783827781677246094e-01 8.653612732887268066e-01 9.058215022087097168e-01 3.574108481407165527e-01
1.597499996423721313e-01 2.758333384990692139e-01 2.612499892711639404e-01 7.782499790191650391e-01 6.602500081062316895e-01 3.822500109672546387e-01 2.045757919549942017e-01 3.679868578910827637e-01 4.777347147464752197e-01 7.162973284721374512e-01 5.885232090950012207e-01 5.359747409820556641e-01
5.452499985694885254e-01 3.055000007152557373e-01 9.522500038146972656e-01 7.967500090599060059e-01 7.602499723434448242e-01 7.032499909400939941e-01 4.810151457786560059e-01 2.782829701900482178e-01 8.614253997802734375e-01 8.999326825141906738e-01 7.848641872406005859e-01 4.874029755592346191e-01
1.017500013113021851e-01 8.181666731834411621e-01 4.687500000000000000e-01 5.482500195503234863e-01 1.012500002980232239e-01 6.250000093132257462e-03 1.240301579236984253e-01 8.521253466606140137e-01 4.251514971256256104e-01 5.468173623085021973e-01 9.001675993204116821e-02 4.099310189485549927e-02
6.227499842643737793e-01 5.504999756813049316e-01 9.182500243186950684e-01 2.882499992847442627e-01 4.312500059604644775e-01 7.077500224113464355e-01 6.211773157119750977e-01 3.413098752498626709e-01 6.175568699836730957e-01 2.468123883008956909e-01 4.190283715724945068e-01 4.053827524185180664e-01
3.402499854564666748e-01 7.441666722297668457e-01 1.987500041723251343e-01 1.917500048875808716e-01 2.012500017881393433e-01 2.897500097751617432e-01 3.855348229408264160e-01 7.829773426055908203e-01 3.012110888957977295e-01 1.646685600280761719e-01 1.759092658758163452e-01 4.482879638671875000e-01
5.567499995231628418e-01 4.368333220481872559e-01 8.874999731779098511e-02 9.472500085830688477e-01 8.372499942779541016e-01 5.387499928474426270e-01 6.117449998855590820e-01 4.526688456535339355e-01 9.536241739988327026e-02 8.416132330894470215e-01 7.669991850852966309e-01 6.364446878433227539e-01
3.842499852180480957e-01 7.928333282470703125e-01 6.317499876022338867e-01 7.692499756813049316e-01 8.192499876022338867e-01 7.407500147819519043e-01 3.556085526943206787e-01 5.991910696029663086e-01 5.271738171577453613e-01 7.246164083480834961e-01 8.350471258163452148e-01 4.792453944683074951e-01
4.377500116825103760e-01 3.538333475589752197e-01 5.725000053644180298e-02 3.642500042915344238e-01 2.675000019371509552e-02 4.397499859333038330e-01 4.090923964977264404e-01 4.102664291858673096e-01 1.127778068184852600e-01 5.354391336441040039e-01 4.026928916573524475e-02 5.284768939018249512e-01
5.707499980926513672e-01 2.768333256244659424e-01 2.472500056028366089e-01 4.202499985694885254e-01 6.162499785423278809e-01 5.925000086426734924e-02 5.688422322273254395e-01 4.634675681591033936e-01 4.809338450431823730e-01 3.630742430686950684e-01 6.080267429351806641e-01 2.177041620016098022e-01
4.962500035762786865e-01 5.658333301544189453e-01 8.657500147819519043e-01 8.772500157356262207e-01 2.282499969005584717e-01 8.112499713897705078e-01 6.515108942985534668e-01 4.198025166988372803e-01 6.531324386596679688e-01 7.502709031105041504e-01 2.087938338518142700e-01 6.458064913749694824e-01
3.097499907016754150e-01 5.391666889190673828e-01 8.897500038146972656e-01 1.025000028312206268e-02 7.647500038146972656e-01 5.742499828338623047e-01 2.896963357925415039e-01 4.451399147510528564e-01 6.643680334091186523e-01 1.198200061917304993e-01 8.687031865119934082e-01 6.324511170387268066e-01
8.632500171661376953e-01 4.165000021457672119e-01 4.027499854564666748e-01 8.617500066757202148e-01 4.562500119209289551e-01 8.847500085830688477e-01 8.537630438804626465e-01 3.874561190605163574e-01 2.293190956115722656e-01 8.798365592956542969e-01 4.875101149082183838e-01 6.565437316894531250e-01
3.857499957084655762e-01 8.264999985694885254e-01 8.447499871253967285e-01 1.167500019073486328e-01 1.217499971389770508e-01 5.342500209808349609e-01 4.900611639022827148e-01 6.171822547912597656e-01 4.595795571804046631e-01 1.761828362941741943e-01 1.363616287708282471e-01 5.741372704505920410e-01
5.137500166893005371e-01 6.348333358764648438e-01 5.807499885559082031e-01 9.202499985694885254e-01 1.557500064373016357e-01 5.582500100135803223e-01 5.929620862007141113e-01 4.147413372993469238e-01 6.246803998947143555e-01 6.732433438301086426e-01 1.368660628795623779e-01 5.749036669731140137e-01
