8.265799880027770996e-01 7.946988344192504883e-01 1.353474985808134079e-02 6.612499952316284180e-01 3.967007398605346680e-01 5.772690176963806152e-01 8.687244057655334473e-01 8.891296982765197754e-01 7.223492264747619629e-01 4.711966961622238159e-02 7.701650261878967285e-01 4.074221253395080566e-01 4.045155942440032959e-01 7.386032342910766602e-01
6.267899870872497559e-01 7.339239716529846191e-01 7.689437270164489746e-01 3.005647361278533936e-01 9.013969898223876953e-01 5.489408373832702637e-01 4.495436549186706543e-01 5.980058908462524414e-01 5.587673187255859375e-01 4.543326795101165771e-01 5.766996741294860840e-01 8.971085548400878906e-01 4.713393449783325195e-01 3.960902690887451172e-01
1.346125006675720215e-01 3.737258315086364746e-01 1.707367449998855591e-01 8.429499864578247070e-01 9.537982344627380371e-01 3.651761636137962341e-02 4.878459870815277100e-01 1.744019091129302979e-01 6.047831773757934570e-01 5.517367124557495117e-01 7.227098941802978516e-01 9.219336509704589844e-01 3.762135207653045654e-01 4.057102203369140625e-01
3.900099992752075195e-01 2.739291787147521973e-01 3.150264918804168701e-01 3.430207371711730957e-01 1.287014931440353394e-01 9.063737392425537109e-01 5.168513059616088867e-01 3.885530829429626465e-01 5.193744301795959473e-01 4.904861450195312500e-01 3.372483551502227783e-01 1.045087054371833801e-01 6.185636520385742188e-01 4.683937430381774902e-01
5.437625050544738770e-01 4.533329904079437256e-01 3.228259980678558350e-01 2.969120144844055176e-01 2.515499945729970932e-03 9.912050366401672363e-01 1.553283333778381348e-01 4.176692068576812744e-01 4.690867960453033447e-01 3.926135599613189697e-01 2.624477744102478027e-01 2.881900407373905182e-02 7.134284377098083496e-01 5.339186787605285645e-01
5.146424770355224609e-01 7.400485277175903320e-01 9.453434944152832031e-01 6.225699782371520996e-01 1.413842439651489258e-01 8.122097849845886230e-01 2.889286577701568604e-01 5.926035046577453613e-01 4.439838528633117676e-01 5.720014572143554688e-01 3.623962700366973877e-01 2.441315501928329468e-01 5.642812252044677734e-01 4.777334630489349365e-01
5.720275044441223145e-01 4.936041533946990967e-01 6.043180227279663086e-01 6.604175269603729248e-02 5.735285282135009766e-01 1.785506010055541992e-01 8.053066581487655640e-02 5.576057434082031250e-01 3.908587098121643066e-01 6.782436966896057129e-01 2.366382479667663574e-01 6.146255135536193848e-01 5.790352821350097656e-01 2.955194115638732910e-01
4.960150122642517090e-01 6.019331812858581543e-01 9.009832739830017090e-01 5.664924979209899902e-01 1.700827479362487793e-01 3.835171759128570557e-01 8.645050525665283203e-01 5.638922452926635742e-01 4.472979605197906494e-01 5.636777877807617188e-01 6.131672859191894531e-01 1.480554938316345215e-01 4.099684953689575195e-01 5.300764441490173340e-01
9.908249974250793457e-02 3.643186688423156738e-01 3.800162374973297119e-01 4.586944878101348877e-01 9.990582466125488281e-01 2.283266633749008179e-01 8.083066344261169434e-02 7.539697736501693726e-02 5.498555898666381836e-01 6.619973182678222656e-01 5.779672861099243164e-01 9.450403451919555664e-01 5.522639155387878418e-01 2.963306009769439697e-01
9.970824718475341797e-01 3.792193233966827393e-01 8.835369944572448730e-01 6.201500073075294495e-02 9.941319823265075684e-01 6.856448650360107422e-01 4.570056796073913574e-01 7.793942689895629883e-01 3.459868133068084717e-01 7.388492822647094727e-01 3.407741785049438477e-01 8.453993797302246094e-01 6.047447323799133301e-01 2.077295929193496704e-01
7.883725166320800781e-01 6.593629717826843262e-01 8.596755266189575195e-01 2.987412512302398682e-01 7.223179936408996582e-01 4.795535206794738770e-01 9.717208743095397949e-01 7.933015823364257812e-01 4.975380003452301025e-01 3.908712267875671387e-01 5.730870962142944336e-01 6.118711829185485840e-01 4.675443470478057861e-01 5.752736330032348633e-01
9.990050196647644043e-01 5.127146840095520020e-01 9.860417246818542480e-01 5.404725074768066406e-01 3.357677459716796875e-01 5.072447657585144043e-01 9.573369026184082031e-01 9.468551278114318848e-01 3.057226240634918213e-01 6.603208780288696289e-01 7.914864420890808105e-01 2.437511533498764038e-01 4.703644812107086182e-01 7.699856162071228027e-01
4.319350123405456543e-01 2.201023399829864502e-01 2.271544933319091797e-01 2.004617452621459961e-01 7.734645009040832520e-01 1.259227246046066284e-01 8.821533918380737305e-01 4.245413541793823242e-01 4.641509652137756348e-01 5.423911213874816895e-01 3.296188712120056152e-01 6.401474475860595703e-01 4.829370081424713135e-01 4.156683385372161865e-01
6.341400146484375000e-01 2.281313389539718628e-01 1.487150043249130249e-02 1.323725003749132156e-02 7.149450182914733887e-01 5.451665520668029785e-01 6.353093385696411133e-01 5.236680507659912109e-01 3.734826147556304932e-01 3.378599286079406738e-01 1.410063207149505615e-01 6.777557134628295898e-01 5.374779701232910156e-01 5.109116435050964355e-01
1.083974987268447876e-01 7.824605107307434082e-01 1.283230036497116089e-01 8.469774723052978516e-01 7.821302413940429688e-01 9.846647381782531738e-01 3.239319920539855957e-01 3.635622095316648483e-03 6.825358867645263672e-01 2.247733771800994873e-01 2.306006848812103271e-01 8.292997479438781738e-01 7.723490595817565918e-01 3.944603502750396729e-01
4.256824851036071777e-01 2.939333319664001465e-01 1.245462521910667419e-01 2.713499963283538818e-01 7.041749954223632812e-01 4.688818156719207764e-01 8.423999883234500885e-03 5.405071973800659180e-01 4.350254535675048828e-01 2.675823569297790527e-01 1.910232901573181152e-01 7.505986690521240234e-01 4.887199997901916504e-01 4.972858726978302002e-01
2.817200124263763428e-01 2.428318262100219727e-01 6.349735260009765625e-01 5.497174859046936035e-01 5.123487710952758789e-01 2.889033406972885132e-02 4.576143324375152588e-01 3.043519556522369385e-01 3.182440400123596191e-01 7.077392339706420898e-01 4.371089339256286621e-01 5.520224571228027344e-01 5.189553499221801758e-01 5.230911970138549805e-01
1.412000041455030441e-02 5.109578371047973633e-01 8.534232378005981445e-01 2.960324883460998535e-01 4.027594923973083496e-01 3.013576865196228027e-01 5.926493406295776367e-01 3.561814501881599426e-02 5.128200054168701172e-01 7.378495931625366211e-01 4.711582064628601074e-01 4.120402038097381592e-01 5.153198838233947754e-01 4.801065623760223389e-01
3.660899996757507324e-01 2.527939975261688232e-01 7.037402391433715820e-01 5.978599786758422852e-01 6.748697757720947266e-01 7.463386654853820801e-01 2.581023275852203369e-01 3.026084303855895996e-01 3.046579062938690186e-01 7.584623098373413086e-01 5.591021776199340820e-01 7.292069792747497559e-01 5.508871674537658691e-01 3.976495563983917236e-01
1.445074975490570068e-01 4.729340076446533203e-01 7.897175103425979614e-02 8.761600255966186523e-01 3.548862636089324951e-01 5.823444724082946777e-01 3.159376680850982666e-01 1.649267524480819702e-01 6.037571430206298828e-01 7.714093476533889771e-02 7.891027331352233887e-01 4.430332481861114502e-01 4.935875833034515381e-01 7.080010175704956055e-01
2.710725069046020508e-01 5.734021663665771484e-01 3.155847489833831787e-01 5.611975193023681641e-01 6.579167246818542480e-01 1.268856525421142578e-01 2.591633424162864685e-02 3.053102791309356689e-01 5.785511136054992676e-01 4.048868715763092041e-01 5.850347280502319336e-01 7.257518768310546875e-01 3.775748610496520996e-01 5.053613781929016113e-01
1.500625014305114746e-01 5.123521685600280762e-01 1.863054931163787842e-01 7.742224633693695068e-02 5.120747685432434082e-01 8.886257410049438477e-01 1.990929991006851196e-01 1.605277657508850098e-01 5.859994292259216309e-01 3.734238743782043457e-01 1.974750012159347534e-01 4.519812762737274170e-01 6.805958151817321777e-01 4.223659634590148926e-01
1.988250017166137695e-02 6.619135141372680664e-01 8.983749747276306152e-01 4.854847490787506104e-01 7.887985110282897949e-01 8.180000782012939453e-01 7.332437634468078613e-01 2.804995328187942505e-02 6.041099429130554199e-01 6.001011133193969727e-01 4.388463795185089111e-01 8.894180655479431152e-01 5.787423253059387207e-01 3.252315223217010498e-01
8.352324962615966797e-01 5.909068584442138672e-01 7.283250093460083008e-01 4.879472553730010986e-01 6.768722534179687500e-01 8.085382580757141113e-01 3.966679871082305908e-01 7.278099656105041504e-01 3.437954783439636230e-01 6.967648267745971680e-01 3.172830045223236084e-01 6.896748542785644531e-01 5.811743736267089844e-01 3.075217306613922119e-01
8.165749907493591309e-02 5.916183590888977051e-01 8.413150161504745483e-02 5.793750286102294922e-01 6.981599926948547363e-01 8.597926497459411621e-01 9.409117698669433594e-01 1.027790009975433350e-01 7.063812017440795898e-01 6.495317816734313965e-02 3.950024247169494629e-01 5.316418409347534180e-01 5.836242437362670898e-01 6.162211298942565918e-01
3.022249974310398102e-02 8.012443184852600098e-01 2.762752473354339600e-01 9.072750210762023926e-01 8.655869960784912109e-01 2.819007039070129395e-01 8.110892772674560547e-01 1.720030978322029114e-02 8.729319572448730469e-01 2.580702602863311768e-01 9.276605248451232910e-01 9.735237956047058105e-01 1.908939927816390991e-01 6.163215041160583496e-01
1.999824941158294678e-01 4.529278278350830078e-01 1.536564975976943970e-01 5.150550007820129395e-01 2.908100001513957977e-02 4.583289027214050293e-01 5.162556767463684082e-01 2.667215466499328613e-01 4.811119437217712402e-01 3.190552890300750732e-01 6.386273503303527832e-01 7.753700762987136841e-02 5.782622098922729492e-01 6.225737333297729492e-01
2.291425019502639771e-01 7.988243103027343750e-01 8.099225163459777832e-01 7.555599808692932129e-01 9.395350217819213867e-01 5.867105126380920410e-01 2.200309932231903076e-01 1.695112735033035278e-01 6.176909804344177246e-01 5.807260274887084961e-01 7.512209415435791016e-01 9.705678224563598633e-01 5.141887664794921875e-01 3.257322311401367188e-01
6.945325136184692383e-01 2.884384989738464355e-01 8.377732634544372559e-01 6.146925091743469238e-01 7.425462603569030762e-01 8.704830408096313477e-01 3.987466543912887573e-02 7.043067216873168945e-01 2.837798297405242920e-01 7.638921737670898438e-01 4.181721210479736328e-01 7.638907432556152344e-01 6.157616972923278809e-01 2.984597682952880859e-01
3.080675005912780762e-01 7.010611891746520996e-01 4.994640052318572998e-01 5.099800229072570801e-01 5.613575130701065063e-02 7.657982707023620605e-01 4.196510016918182373e-01 3.344577848911285400e-01 5.865094065666198730e-01 4.766711294651031494e-01 6.606660485267639160e-01 1.461140364408493042e-01 4.328651130199432373e-01 4.789871275424957275e-01
7.788749933242797852e-01 1.939969956874847412e-01 7.486305236816406250e-01 8.033400028944015503e-02 7.285297513008117676e-01 6.470609307289123535e-01 3.644200041890144348e-02 6.251626610755920410e-01 4.202813804149627686e-01 6.597982645034790039e-01 4.295341968536376953e-01 7.048338055610656738e-01 4.276407957077026367e-01 2.839963138103485107e-01
1.092374995350837708e-01 1.833164989948272705e-01 7.579747438430786133e-01 8.804849982261657715e-01 9.208365082740783691e-01 6.374710202217102051e-01 3.775483369827270508e-01 4.716378450393676758e-02 2.338717728853225708e-01 8.999320864677429199e-01 8.403291106224060059e-01 9.365819096565246582e-01 5.904757976531982422e-01 3.760279715061187744e-01
8.833774924278259277e-01 3.062469959259033203e-01 7.148334980010986328e-01 9.394775032997131348e-01 8.379694819450378418e-01 4.785756468772888184e-01 1.238410025835037231e-01 8.506550192832946777e-01 3.859188258647918701e-01 7.416016459465026855e-01 8.903293013572692871e-01 8.665561676025390625e-01 4.253258705139160156e-01 3.867387473583221436e-01
7.468674778938293457e-01 4.677500128746032715e-01 3.403122425079345703e-01 9.844074845314025879e-01 6.249527335166931152e-01 3.694692850112915039e-01 7.887266874313354492e-01 9.016263484954833984e-01 4.391263723373413086e-01 3.126180469989776611e-01 8.003074526786804199e-01 6.749417185783386230e-01 4.627917706966400146e-01 7.144893407821655273e-01
9.917999804019927979e-02 8.105639815330505371e-01 9.747987389564514160e-01 7.417950034141540527e-02 1.971040070056915283e-01 8.333922028541564941e-01 1.052133366465568542e-02 1.338680535554885864e-01 5.803435444831848145e-01 5.997200012207031250e-01 3.098613321781158447e-01 2.875235080718994141e-01 6.205760240554809570e-01 3.990833759307861328e-01
3.783524930477142334e-01 4.758246541023254395e-01 2.805329859256744385e-01 9.298049807548522949e-01 4.370642602443695068e-01 8.164232373237609863e-01 5.689759850502014160e-01 3.274569809436798096e-01 6.029049754142761230e-01 3.952887356281280518e-01 7.507607936859130859e-01 4.638428986072540283e-01 4.072656333446502686e-01 5.297136306762695312e-01
8.015725016593933105e-01 5.923038125038146973e-01 7.747370004653930664e-01 5.414500087499618530e-02 3.919857442378997803e-01 7.450779676437377930e-01 2.157640010118484497e-01 7.824251055717468262e-01 5.289996862411499023e-01 5.446526408195495605e-01 2.710214555263519287e-01 3.883298337459564209e-01 5.064011216163635254e-01 2.786776721477508545e-01
7.994899749755859375e-01 2.026771605014801025e-01 9.166177511215209961e-01 2.795712351799011230e-01 9.473620057106018066e-01 9.447643160820007324e-01 2.532186806201934814e-01 7.364051938056945801e-01 2.833885550498962402e-01 8.066160082817077637e-01 3.152229189872741699e-01 8.483241796493530273e-01 6.686961650848388672e-01 1.789215207099914551e-01
9.668574929237365723e-01 1.919428259134292603e-01 6.263830065727233887e-01 8.953624963760375977e-01 9.742457270622253418e-01 7.615771889686584473e-01 1.582150012254714966e-01 8.672334551811218262e-01 2.940692603588104248e-01 8.291835784912109375e-01 7.179354429244995117e-01 9.198725223541259766e-01 6.180645227432250977e-01 2.320347577333450317e-01
8.080250024795532227e-02 3.573994934558868408e-01 9.662290215492248535e-01 6.792899966239929199e-01 5.672724843025207520e-01 5.125874876976013184e-01 7.600963115692138672e-01 2.051245234906673431e-02 2.303481847047805786e-01 8.826615810394287109e-01 8.199833035469055176e-01 7.163909673690795898e-01 4.466374218463897705e-01 6.289110779762268066e-01
5.287899971008300781e-01 6.729981899261474609e-01 9.072967767715454102e-01 8.702225089073181152e-01 9.707217216491699219e-01 4.525095969438552856e-02 5.235880017280578613e-01 4.376387000083923340e-01 5.678163170814514160e-01 6.650763750076293945e-01 9.014530181884765625e-01 9.477043747901916504e-01 2.678616642951965332e-01 3.574626147747039795e-01
6.806275248527526855e-01 6.559263467788696289e-01 7.233687639236450195e-01 5.689550042152404785e-01 3.091317415237426758e-01 4.911198019981384277e-01 1.333433296531438828e-02 7.880239486694335938e-01 5.219456553459167480e-01 6.125280261039733887e-01 4.310957789421081543e-01 3.442179560661315918e-01 4.261632263660430908e-01 2.961851060390472412e-01
9.855474829673767090e-01 2.033886611461639404e-01 9.584337472915649414e-01 7.117875218391418457e-01 6.930927634239196777e-01 5.881259441375732422e-01 3.790040016174316406e-01 9.362376332283020020e-01 2.602799832820892334e-01 8.488697409629821777e-01 8.250988721847534180e-01 7.806431055068969727e-01 5.671877264976501465e-01 4.185732901096343994e-01
6.716700196266174316e-01 3.031946718692779541e-01 4.493922591209411621e-01 1.494902521371841431e-01 5.518347620964050293e-01 5.307163596153259277e-01 3.457366675138473511e-02 6.161220669746398926e-01 4.808872044086456299e-01 5.796428918838500977e-01 2.585249245166778564e-01 5.566141605377197266e-01 5.298413634300231934e-01 2.890054285526275635e-01
1.733749918639659882e-02 6.821466684341430664e-01 8.410032391548156738e-01 7.020475268363952637e-01 9.559684991836547852e-01 6.888074874877929688e-01 3.034853339195251465e-01 1.333574671298265457e-02 6.260119676589965820e-01 6.127793192863464355e-01 4.738298654556274414e-01 9.567160606384277344e-01 5.940954685211181641e-01 2.473498284816741943e-01
7.798550128936767578e-01 4.261656701564788818e-01 2.231547534465789795e-01 9.638224840164184570e-01 8.622482419013977051e-01 3.938568830490112305e-01 6.200990080833435059e-01 7.374070882797241211e-01 5.076157450675964355e-01 4.561497271060943604e-01 8.856401443481445312e-01 8.303661346435546875e-01 4.053211212158203125e-01 5.741811990737915039e-01
4.109925031661987305e-01 6.649144887924194336e-01 8.350780010223388672e-01 9.475824832916259766e-01 4.614642560482025146e-01 5.095159411430358887e-01 3.747733309864997864e-02 4.231576621532440186e-01 5.314982533454895020e-01 5.717068910598754883e-01 9.006173014640808105e-01 6.239047050476074219e-01 3.091760873794555664e-01 5.029965043067932129e-01
9.553149938583374023e-01 3.911499977111816406e-01 7.155485153198242188e-01 3.628087639808654785e-01 7.127962708473205566e-01 9.843708276748657227e-01 2.401273399591445923e-01 7.758423089981079102e-01 4.277416765689849854e-01 6.571456789970397949e-01 4.292423725128173828e-01 6.707324981689453125e-01 4.523905217647552490e-01 2.771239876747131348e-01
5.996025204658508301e-01 2.187239974737167358e-01 2.859387397766113281e-01 6.319125294685363770e-01 7.379267215728759766e-01 7.215978503227233887e-01 7.927479743957519531e-01 5.541308522224426270e-01 4.123039841651916504e-01 5.225359201431274414e-01 5.199416279792785645e-01 6.568414568901062012e-01 4.720935821533203125e-01 5.240365862846374512e-01
6.880224943161010742e-01 7.261505126953125000e-01 5.024064779281616211e-01 5.359575152397155762e-01 7.773067355155944824e-01 1.318297982215881348e-01 3.498750030994415283e-01 7.885617613792419434e-01 5.337461233139038086e-01 4.022578597068786621e-01 4.948827028274536133e-01 7.950103878974914551e-01 4.374169409275054932e-01 4.486016631126403809e-01
1.180450022220611572e-01 5.258161425590515137e-01 3.197174891829490662e-02 3.379600048065185547e-01 1.635382473468780518e-01 3.489731252193450928e-01 4.183226525783538818e-01 1.932470649480819702e-01 5.663750767707824707e-01 1.040543019771575928e-01 2.922805547714233398e-01 1.640213280916213989e-01 7.125579118728637695e-01 6.023779511451721191e-01
1.284125000238418579e-01 1.719155013561248779e-01 5.350260138511657715e-01 2.646502554416656494e-01 8.763049840927124023e-01 5.629256367683410645e-01 3.499099984765052795e-02 6.142397224903106689e-02 3.344772160053253174e-01 8.398576974868774414e-01 4.417876005172729492e-01 8.905996680259704590e-01 6.432091593742370605e-01 2.785974442958831787e-01
6.312825083732604980e-01 2.546228468418121338e-01 5.712372660636901855e-01 3.460980057716369629e-01 6.178572773933410645e-01 4.528657495975494385e-01 1.277023404836654663e-01 6.706498861312866211e-01 3.622526526451110840e-01 7.150355577468872070e-01 2.550688385963439941e-01 6.379882693290710449e-01 6.071694493293762207e-01 2.607885003089904785e-01
1.802050024271011353e-01 4.150078296661376953e-01 3.737749904394149780e-02 1.352314949035644531e-01 7.568194866180419922e-01 6.386690586805343628e-02 7.936084270477294922e-01 2.737973332405090332e-01 5.997006893157958984e-01 2.410140335559844971e-01 2.877057492733001709e-01 6.575300097465515137e-01 5.269595384597778320e-01 5.021290779113769531e-01
6.495425105094909668e-01 7.412800192832946777e-01 3.043000027537345886e-02 7.792050242424011230e-01 7.509437203407287598e-01 3.816798925399780273e-01 9.246689081192016602e-01 7.250442504882812500e-01 7.009680271148681641e-01 5.069265142083168030e-02 8.376799225807189941e-01 7.449818849563598633e-01 3.739595413208007812e-01 7.634689211845397949e-01
9.378799796104431152e-01 2.468235045671463013e-01 8.417827486991882324e-01 2.632252573966979980e-01 5.194742679595947266e-01 5.607881546020507812e-01 8.390653729438781738e-01 8.977860808372497559e-01 3.230427503585815430e-01 6.862857937812805176e-01 4.799696505069732666e-01 4.425412416458129883e-01 5.297665596008300781e-01 5.589427351951599121e-01
6.403974890708923340e-01 1.812776625156402588e-01 7.186290025711059570e-01 1.826110035181045532e-01 9.235674738883972168e-01 1.713234335184097290e-01 7.629056572914123535e-01 4.850508868694305420e-01 4.051254987716674805e-01 6.895797848701477051e-01 5.692104101181030273e-01 8.054398298263549805e-01 4.132321774959564209e-01 3.213213384151458740e-01
3.104799985885620117e-01 7.479196786880493164e-01 7.965440154075622559e-01 6.848474740982055664e-01 3.328649997711181641e-01 3.916097879409790039e-01 4.102066531777381897e-02 3.473039269447326660e-01 5.375908613204956055e-01 5.584316253662109375e-01 6.935681104660034180e-01 4.722039103507995605e-01 3.867315649986267090e-01 4.654501974582672119e-01
8.034999668598175049e-02 8.062493205070495605e-01 4.360064864158630371e-01 7.908400297164916992e-01 3.615710139274597168e-01 4.221536219120025635e-01 8.304058909416198730e-01 6.862489134073257446e-02 6.130790710449218750e-01 3.227905929088592529e-01 8.481889367103576660e-01 5.627650022506713867e-01 3.577553629875183105e-01 6.487542390823364258e-01
2.656599879264831543e-01 7.706983089447021484e-01 3.846769928932189941e-01 2.513934969902038574e-01 5.829137563705444336e-01 2.549786865711212158e-01 9.400420188903808594e-01 3.514773845672607422e-01 5.702071189880371094e-01 1.959284245967864990e-01 3.808023333549499512e-01 5.318731665611267090e-01 5.236945748329162598e-01 5.701078176498413086e-01
6.814774870872497559e-01 3.800818324089050293e-01 3.593422472476959229e-01 6.565399765968322754e-01 4.243335127830505371e-01 1.351579725742340088e-01 1.919530034065246582e-01 6.701881289482116699e-01 4.931236803531646729e-01 6.193042397499084473e-01 5.820383429527282715e-01 4.199091494083404541e-01 3.628062903881072998e-01 3.392506837844848633e-01
1.477124989032745361e-01 7.612910270690917969e-01 7.669077515602111816e-01 8.615375310182571411e-02 2.658597528934478760e-01 6.681354641914367676e-01 5.808043479919433594e-01 1.791092753410339355e-01 5.561863183975219727e-01 5.794959068298339844e-01 3.132282495498657227e-01 3.269540965557098389e-01 6.058061718940734863e-01 4.211833775043487549e-01
3.401150107383728027e-01 4.098608195781707764e-01 8.265535235404968262e-01 2.340075001120567322e-02 8.499457240104675293e-01 5.403444170951843262e-01 9.904894232749938965e-01 3.236226439476013184e-01 3.924586772918701172e-01 5.500120520591735840e-01 2.399961054325103760e-01 6.255143880844116211e-01 5.201388597488403320e-01 5.032078623771667480e-01
9.115700125694274902e-01 2.014214992523193359e-01 1.227905005216598511e-01 1.231812536716461182e-01 8.804874867200851440e-02 3.731257617473602295e-01 8.967713117599487305e-01 8.701062202453613281e-01 3.663622140884399414e-01 2.249178886413574219e-01 3.901932835578918457e-01 2.019565366208553314e-02 6.501127481460571289e-01 7.902934551239013672e-01
3.538450002670288086e-01 1.902383267879486084e-01 2.484862506389617920e-01 5.129550099372863770e-01 3.490292429924011230e-01 5.120608806610107422e-01 6.247966736555099487e-02 3.924498260021209717e-01 4.684809148311614990e-01 6.153942942619323730e-01 3.792360424995422363e-01 3.650991320610046387e-01 5.416446924209594727e-01 3.918116092681884766e-01
7.007849812507629395e-01 4.251696765422821045e-01 4.579209983348846436e-01 3.648525103926658630e-02 6.657435297966003418e-01 2.796197831630706787e-01 4.927276670932769775e-01 6.919501423835754395e-01 4.277779757976531982e-01 3.433719873428344727e-01 2.508072853088378906e-01 6.814092397689819336e-01 4.864163100719451904e-01 5.001276135444641113e-01
7.084274888038635254e-01 4.328461587429046631e-01 7.115697264671325684e-01 5.112199783325195312e-01 5.491034984588623047e-01 6.666193008422851562e-01 8.808780908584594727e-01 6.880519390106201172e-01 4.558163881301879883e-01 4.592713713645935059e-01 6.152133941650390625e-01 5.369694232940673828e-01 4.691734910011291504e-01 5.736410021781921387e-01
2.270675003528594971e-01 4.621528387069702148e-01 6.680135130882263184e-01 1.053114980459213257e-01 7.079409956932067871e-01 3.282281756401062012e-02 6.169936656951904297e-01 2.531865835189819336e-01 4.288870096206665039e-01 5.947044491767883301e-01 2.496495395898818970e-01 7.093852162361145020e-01 5.140277743339538574e-01 4.251670837402343750e-01
6.872249841690063477e-01 8.315606713294982910e-01 4.650804996490478516e-01 8.842549920082092285e-01 9.784927368164062500e-01 4.295774698257446289e-01 2.765719890594482422e-01 6.225533485412597656e-01 6.410158872604370117e-01 5.095492005348205566e-01 7.624601125717163086e-01 9.503782987594604492e-01 3.834126889705657959e-01 3.252969980239868164e-01
9.865124821662902832e-01 4.368748366832733154e-01 4.525982439517974854e-01 3.285277485847473145e-01 8.410974740982055664e-01 3.436492979526519775e-01 9.645522236824035645e-01 8.502405881881713867e-01 5.204259157180786133e-01 3.669083118438720703e-01 5.703967809677124023e-01 6.812402606010437012e-01 4.509610533714294434e-01 5.599204897880554199e-01
3.992750123143196106e-02 6.035388112068176270e-01 6.669340133666992188e-01 4.333457648754119873e-01 3.646380007266998291e-01 2.555052638053894043e-01 2.414180040359497070e-01 6.136030703783035278e-02 5.408095717430114746e-01 6.901857256889343262e-01 5.007297992706298828e-01 4.992232620716094971e-01 4.601904451847076416e-01 4.752069711685180664e-01
9.506275057792663574e-01 6.128249764442443848e-01 1.361224949359893799e-01 7.617350220680236816e-01 9.079587459564208984e-01 9.126816391944885254e-01 9.433433413505554199e-01 8.329740166664123535e-01 5.174623727798461914e-01 2.087434977293014526e-01 6.381145715713500977e-01 7.396472096443176270e-01 4.463561177253723145e-01 6.496527194976806641e-01
7.293300032615661621e-01 2.239926606416702271e-01 4.996367394924163818e-01 4.466232359409332275e-01 4.925682544708251953e-01 9.836612939834594727e-01 9.378047585487365723e-01 5.481978654861450195e-01 3.695127665996551514e-01 6.727837324142456055e-01 4.307270050048828125e-01 3.924535214900970459e-01 5.092843770980834961e-01 4.442453086376190186e-01
2.698175013065338135e-01 6.942576766014099121e-01 1.674434989690780640e-01 8.185899853706359863e-01 2.747847437858581543e-01 5.642480850219726562e-01 1.363613307476043701e-01 3.106679916381835938e-01 5.711502432823181152e-01 1.093667596578598022e-01 6.218185424804687500e-01 4.234264492988586426e-01 5.135284066200256348e-01 6.585333943367004395e-01
1.640650033950805664e-01 2.728306651115417480e-01 5.832762718200683594e-01 5.042325258255004883e-01 4.812425076961517334e-01 8.335813879966735840e-02 5.751573443412780762e-01 2.304435074329376221e-01 3.739880025386810303e-01 7.273244857788085938e-01 4.950811266899108887e-01 5.200858116149902344e-01 4.660199582576751709e-01 4.439050257205963135e-01
7.328374981880187988e-01 5.203235149383544922e-01 6.857187747955322266e-01 5.158724784851074219e-01 3.781472444534301758e-01 7.726946473121643066e-01 2.045466601848602295e-01 7.254249453544616699e-01 5.213364958763122559e-01 6.241094470024108887e-01 5.078573226928710938e-01 3.678472638130187988e-01 3.765339851379394531e-01 2.984612584114074707e-01
6.325374841690063477e-01 4.777173399925231934e-01 9.069085121154785156e-01 2.631149999797344208e-02 4.379667639732360840e-01 7.652301192283630371e-01 1.946966722607612610e-02 6.304270625114440918e-01 4.032069742679595947e-01 6.667135953903198242e-01 2.075258642435073853e-01 4.772549569606781006e-01 6.286659240722656250e-01 2.872444987297058105e-01
8.996000289916992188e-01 6.043524742126464844e-01 7.848539948463439941e-01 4.169670045375823975e-01 3.107174932956695557e-01 1.276740431785583496e-01 4.606069922447204590e-01 9.575663805007934570e-01 5.820191502571105957e-01 5.525600910186767578e-01 5.718489289283752441e-01 2.750563919544219971e-01 3.251528739929199219e-01 3.646329343318939209e-01
4.651749879121780396e-02 7.589908242225646973e-01 3.930207490921020508e-01 1.136192530393600464e-01 9.063389897346496582e-01 3.170475661754608154e-01 4.703536629676818848e-01 2.504237927496433258e-02 6.765834689140319824e-01 4.666432142257690430e-01 4.474563896656036377e-01 9.534634947776794434e-01 5.520650744438171387e-01 3.040920495986938477e-01
8.288250118494033813e-02 7.698554992675781250e-01 8.580407500267028809e-01 9.049124717712402344e-01 3.087849915027618408e-02 7.982417941093444824e-01 7.089091539382934570e-01 4.332122206687927246e-02 5.708647370338439941e-01 6.347796916961669922e-01 6.936273574829101562e-01 2.026088535785675049e-01 4.478659331798553467e-01 5.371689796447753906e-01
9.314125180244445801e-01 2.637443244457244873e-01 5.814767479896545410e-01 2.277624979615211487e-02 8.870834708213806152e-01 3.887223303318023682e-01 6.581820249557495117e-01 8.099405169486999512e-01 3.803451359272003174e-01 4.825939238071441650e-01 2.385040521621704102e-01 7.677966356277465820e-01 5.013889074325561523e-01 4.042389392852783203e-01
6.050000083632767200e-04 7.626801729202270508e-01 1.937910020351409912e-01 3.050400018692016602e-01 6.250527501106262207e-01 2.081033401191234589e-02 1.950639933347702026e-01 4.105540364980697632e-02 8.044322133064270020e-01 2.300063818693161011e-01 5.245537161827087402e-01 7.974188327789306641e-01 4.077785313129425049e-01 4.748093187808990479e-01
1.693174988031387329e-01 7.909858226776123047e-01 2.466634958982467651e-01 1.619444936513900757e-01 5.461649894714355469e-01 6.064682602882385254e-01 4.500993192195892334e-01 2.006593048572540283e-01 6.312409043312072754e-01 2.305427491664886475e-01 2.261139750480651855e-01 6.636475324630737305e-01 5.771490335464477539e-01 4.803569614887237549e-01
4.618175029754638672e-01 8.308724761009216309e-01 6.438454985618591309e-01 4.836890101432800293e-01 1.742827445268630981e-01 6.004298105835914612e-02 5.046179890632629395e-01 5.473027229309082031e-01 5.776885151863098145e-01 4.495613574981689453e-01 5.263983011245727539e-01 2.511704266071319580e-01 4.425223767757415771e-01 4.600067734718322754e-01
1.682250015437602997e-02 4.826410114765167236e-01 3.107782602310180664e-01 8.287500143051147461e-01 2.228614985942840576e-01 3.730318248271942139e-01 3.581836521625518799e-01 2.235116809606552124e-02 5.624479651451110840e-01 5.937598943710327148e-01 7.783127427101135254e-01 3.173750936985015869e-01 4.099303781986236572e-01 6.148502826690673828e-01
5.692874789237976074e-01 3.641664981842041016e-01 4.404575005173683167e-02 2.932477593421936035e-01 7.343674898147583008e-01 8.351206779479980469e-01 5.881213545799255371e-01 4.879955351352691650e-01 5.349509119987487793e-01 3.054954409599304199e-01 2.726808190345764160e-01 6.762725710868835449e-01 4.983498156070709229e-01 4.778571426868438721e-01
7.805600166320800781e-01 3.048731684684753418e-01 2.625592648983001709e-01 6.585775017738342285e-01 1.974067538976669312e-01 8.314639329910278320e-01 7.302883267402648926e-01 7.794501185417175293e-01 4.466139972209930420e-01 4.705165028572082520e-01 3.814732134342193604e-01 1.362029910087585449e-01 5.647245645523071289e-01 5.657494664192199707e-01
4.601399898529052734e-01 4.738574922084808350e-01 6.792887449264526367e-01 2.801632583141326904e-01 7.813665270805358887e-01 9.392333030700683594e-02 8.295833319425582886e-02 5.108414888381958008e-01 5.237497687339782715e-01 4.827174544334411621e-01 3.507772088050842285e-01 7.807493805885314941e-01 4.433016479015350342e-01 3.592589199542999268e-01
8.739100098609924316e-01 6.439178586006164551e-01 3.565104901790618896e-01 8.655250072479248047e-03 7.428217530250549316e-01 2.297111153602600098e-01 3.042726814746856689e-01 8.049747943878173828e-01 5.298405885696411133e-01 3.131425678730010986e-01 2.910269200801849365e-01 7.504858970642089844e-01 4.463837742805480957e-01 4.234310090541839600e-01
2.356700003147125244e-01 5.783045291900634766e-01 5.420337319374084473e-01 6.593250036239624023e-01 6.885660290718078613e-01 7.283633351325988770e-01 1.879143267869949341e-01 2.783216834068298340e-01 5.199933648109436035e-01 5.556892156600952148e-01 4.325580298900604248e-01 7.469736933708190918e-01 4.287094771862030029e-01 4.094577431678771973e-01
3.915224969387054443e-01 4.399886727333068848e-01 3.655945062637329102e-01 6.860575079917907715e-01 7.004935145378112793e-01 8.386942744255065918e-02 3.685076534748077393e-01 3.652727901935577393e-01 4.869383573532104492e-01 6.291457414627075195e-01 6.027043461799621582e-01 6.915799975395202637e-01 3.381220102310180664e-01 3.851670324802398682e-01
6.583349704742431641e-01 3.264728188514709473e-01 1.187812536954879761e-01 7.566974759101867676e-01 1.733645051717758179e-01 5.806132405996322632e-02 2.242893278598785400e-01 7.787855863571166992e-01 5.539678931236267090e-01 4.528365135192871094e-01 4.936087429523468018e-01 1.634281873703002930e-01 4.321174919605255127e-01 4.817495048046112061e-01
1.987649947404861450e-01 2.743841707706451416e-01 9.119752645492553711e-01 9.380350112915039062e-01 6.959974765777587891e-01 3.948940336704254150e-01 7.560707330703735352e-01 1.705453991889953613e-01 1.969030946493148804e-01 8.253011703491210938e-01 8.210471272468566895e-01 7.672710418701171875e-01 5.359928011894226074e-01 6.202259659767150879e-01
7.961149811744689941e-01 7.080058455467224121e-01 5.146562457084655762e-01 3.924799859523773193e-01 1.429699957370758057e-01 5.741235613822937012e-01 2.478723376989364624e-01 7.919531464576721191e-01 5.249676108360290527e-01 4.015808403491973877e-01 4.117083847522735596e-01 1.474244445562362671e-01 5.149480700492858887e-01 5.184719562530517578e-01
8.975899815559387207e-01 4.697036743164062500e-01 7.336025238037109375e-01 3.491324931383132935e-02 2.700837552547454834e-01 5.310596227645874023e-01 7.722600698471069336e-01 7.838742733001708984e-01 4.327511191368103027e-01 5.432989597320556641e-01 3.744502365589141846e-01 2.151831388473510742e-01 5.424866676330566406e-01 5.380701422691345215e-01
4.052499774843454361e-03 4.715193212032318115e-01 8.828007578849792480e-01 7.200124859809875488e-01 7.454494833946228027e-01 2.316546440124511719e-01 9.594941139221191406e-01 6.248358171433210373e-03 4.017094373703002930e-01 8.552576303482055664e-01 9.021567702293395996e-01 7.923269867897033691e-01 2.158780246973037720e-01 6.566004157066345215e-01
6.573550105094909668e-01 3.867893218994140625e-01 5.973952412605285645e-01 1.390857547521591187e-01 2.904852628707885742e-01 8.112040162086486816e-01 6.816638708114624023e-01 5.868439674377441406e-01 4.587168991565704346e-01 5.395283102989196777e-01 2.072073221206665039e-01 2.234814614057540894e-01 6.516476869583129883e-01 4.170139729976654053e-01
8.526775240898132324e-01 5.115010142326354980e-01 3.768150135874748230e-02 8.213700056076049805e-01 6.952049732208251953e-01 1.856072694063186646e-01 3.137840032577514648e-01 9.014710187911987305e-01 5.581446886062622070e-01 2.565007507801055908e-01 6.356390714645385742e-01 7.433111667633056641e-01 4.129019379615783691e-01 5.990713238716125488e-01
5.774924755096435547e-01 4.571650028228759766e-01 1.816727519035339355e-01 2.390747517347335815e-01 7.880027294158935547e-01 5.546672940254211426e-01 4.587976634502410889e-01 5.887001752853393555e-01 5.622358918190002441e-01 2.173360288143157959e-01 2.851386368274688721e-01 7.647708654403686523e-01 4.590137302875518799e-01 4.851378500461578369e-01
7.809500098228454590e-01 5.252936482429504395e-01 8.591882586479187012e-01 8.087325096130371094e-01 9.970407485961914062e-01 2.341383844614028931e-01 6.756131649017333984e-01 8.143479228019714355e-01 5.599989295005798340e-01 6.173655986785888672e-01 9.500733613967895508e-01 9.366317391395568848e-01 3.191877007484436035e-01 4.558976590633392334e-01
9.798499941825866699e-02 5.884426832199096680e-01 5.140967369079589844e-01 3.001849949359893799e-01 8.603529930114746094e-01 3.957545459270477295e-01 1.522736698389053345e-01 8.627493679523468018e-02 5.950217247009277344e-01 5.886303186416625977e-01 4.041280150413513184e-01 9.084361195564270020e-01 5.750432610511779785e-01 2.541744410991668701e-01
4.984774887561798096e-01 7.421206831932067871e-01 8.284729719161987305e-01 3.709172606468200684e-01 8.933074772357940674e-02 1.202331297099590302e-02 1.692630052566528320e-01 5.521379709243774414e-01 5.908807516098022461e-01 5.484902858734130859e-01 3.827373683452606201e-01 1.104130744934082031e-01 4.779396653175354004e-01 3.428416252136230469e-01
5.481150150299072266e-01 6.148309707641601562e-01 2.334485054016113281e-01 4.371657371520996094e-01 8.387942314147949219e-01 6.195420026779174805e-01 3.453060090541839600e-01 5.894594192504882812e-01 5.771327018737792969e-01 2.612834870815277100e-01 3.126305639743804932e-01 8.281721472740173340e-01 4.481859207153320312e-01 4.386641681194305420e-01
4.539249837398529053e-02 6.400160193443298340e-01 1.193045005202293396e-01 2.625067532062530518e-01 2.417974919080734253e-02 8.794419169425964355e-01 3.599239885807037354e-01 2.002242580056190491e-02 7.198683023452758789e-01 1.152635216712951660e-01 1.895942389965057373e-01 3.435799852013587952e-02 8.459616303443908691e-01 5.215381979942321777e-01
6.166499853134155273e-02 5.544776916503906250e-01 9.701694846153259277e-01 7.445949912071228027e-01 3.224112391471862793e-01 3.286957442760467529e-01 1.269143372774124146e-01 3.020334057509899139e-02 4.600586891174316406e-01 7.662564516067504883e-01 7.833614945411682129e-01 5.110294222831726074e-01 3.114861249923706055e-01 5.720156431198120117e-01
6.271250247955322266e-01 1.996716707944869995e-01 8.539312481880187988e-01 7.863399982452392578e-01 3.019177615642547607e-01 6.361659765243530273e-01 9.492045044898986816e-01 6.107275485992431641e-01 2.056756466627120972e-01 7.310197353363037109e-01 7.787720561027526855e-01 2.501149475574493408e-01 5.080252289772033691e-01 7.426463365554809570e-01
5.246300101280212402e-01 7.891093492507934570e-01 6.284675002098083496e-01 3.088797628879547119e-01 1.713967472314834595e-01 8.540242314338684082e-01 3.292213380336761475e-01 5.321118235588073730e-01 5.677688121795654297e-01 4.653379321098327637e-01 2.295633405447006226e-01 1.822832971811294556e-01 6.434751749038696289e-01 3.651408255100250244e-01
9.722474813461303711e-01 8.184563517570495605e-01 5.392625182867050171e-02 8.052600026130676270e-01 3.060939908027648926e-01 5.404233187437057495e-02 6.121023297309875488e-01 9.193229079246520996e-01 4.474047422409057617e-01 5.182777047157287598e-01 4.823810160160064697e-01 3.157920241355895996e-01 4.604971706867218018e-01 5.844234824180603027e-01
2.044575065374374390e-01 6.246816515922546387e-01 3.054497539997100830e-01 6.257774829864501953e-01 8.180882334709167480e-01 8.765958249568939209e-02 9.826537370681762695e-01 2.747025489807128906e-01 5.708473324775695801e-01 3.453348577022552490e-01 6.547182798385620117e-01 6.642561554908752441e-01 4.003302156925201416e-01 5.698254704475402832e-01
3.434999883174896240e-01 5.211371779441833496e-01 8.041267395019531250e-01 5.010049939155578613e-01 4.457629919052124023e-01 6.407568454742431641e-01 4.862506687641143799e-01 3.434307277202606201e-01 3.890449702739715576e-01 6.510835289955139160e-01 4.497446715831756592e-01 5.261469483375549316e-01 4.978577196598052979e-01 4.800977110862731934e-01
3.339149951934814453e-01 4.823488295078277588e-01 9.623647332191467285e-01 4.525727629661560059e-01 6.711884737014770508e-01 8.217902779579162598e-01 1.188416630029678345e-01 3.394401967525482178e-01 3.701318800449371338e-01 7.011504769325256348e-01 4.774886369705200195e-01 7.149834632873535156e-01 5.077482461929321289e-01 4.017241299152374268e-01
8.372499942779541016e-01 4.964953362941741943e-01 7.864217758178710938e-01 1.196952536702156067e-01 6.558899879455566406e-01 4.126114249229431152e-01 8.352743983268737793e-01 7.703620791435241699e-01 4.269032478332519531e-01 5.881034135818481445e-01 3.838879764080047607e-01 6.061338186264038086e-01 4.869240224361419678e-01 3.660555481910705566e-01
1.374125033617019653e-01 5.233963131904602051e-01 5.068612694740295410e-01 4.987154901027679443e-01 1.879700087010860443e-02 5.285377502441406250e-01 6.129043102264404297e-01 1.740781366825103760e-01 4.997407495975494385e-01 4.999810457229614258e-01 5.378074049949645996e-01 6.791707873344421387e-02 5.988785028457641602e-01 5.616231560707092285e-01
5.235400199890136719e-01 1.799228340387344360e-01 2.585499882698059082e-01 4.634810090065002441e-01 3.276025131344795227e-02 5.215286612510681152e-01 3.986496627330780029e-01 4.367367923259735107e-01 3.197208344936370850e-01 5.286300182342529297e-01 4.985072016716003418e-01 3.973419219255447388e-02 6.344720721244812012e-01 6.795798540115356445e-01
4.019599854946136475e-01 4.681201577186584473e-01 5.185887217521667480e-01 3.967222571372985840e-01 2.856342494487762451e-01 2.351643443107604980e-01 5.484333261847496033e-02 3.963420391082763672e-01 5.090013146400451660e-01 5.956837534904479980e-01 5.642845034599304199e-01 3.420712053775787354e-01 3.576904237270355225e-01 3.949612081050872803e-01
1.661400049924850464e-01 6.121063232421875000e-01 9.414732456207275391e-01 3.537087440490722656e-01 2.443282455205917358e-01 5.430192947387695312e-01 2.133366614580154419e-01 2.075234204530715942e-01 4.410990774631500244e-01 6.809039711952209473e-01 3.988103866577148438e-01 3.875550329685211182e-01 5.469812750816345215e-01 4.440316259860992432e-01
1.074424982070922852e-01 3.771494925022125244e-01 7.191944718360900879e-01 7.471150159835815430e-01 2.170749939978122711e-02 7.507810741662979126e-02 2.692546546459197998e-01 1.578523665666580200e-01 4.152221381664276123e-01 7.416568994522094727e-01 8.461318612098693848e-01 8.347494900226593018e-02 2.369778454303741455e-01 4.912344813346862793e-01
8.591175079345703125e-01 5.583998560905456543e-01 7.405387759208679199e-01 9.984325170516967773e-01 9.162707328796386719e-01 5.616476535797119141e-01 1.942483335733413696e-01 8.009542822837829590e-01 4.782779514789581299e-01 7.207934260368347168e-01 9.411198496818542480e-01 9.199720621109008789e-01 3.261686861515045166e-01 3.758092522621154785e-01
1.794025003910064697e-01 4.401108324527740479e-01 5.952695012092590332e-01 4.741952419281005859e-01 9.085032343864440918e-01 9.068393111228942871e-01 2.860616743564605713e-01 1.151576861739158630e-01 4.765002727508544922e-01 6.770604252815246582e-01 4.376652836799621582e-01 9.056941270828247070e-01 5.974711775779724121e-01 2.916966974735260010e-01
1.679424941539764404e-01 8.274276852607727051e-01 5.432714819908142090e-01 1.820649951696395874e-02 8.153262734413146973e-01 2.306262552738189697e-01 7.360599935054779053e-02 1.758574992418289185e-01 5.649932026863098145e-01 3.780778348445892334e-01 1.177304834127426147e-01 9.243276715278625488e-01 6.019560098648071289e-01 2.341773658990859985e-01
4.364775121212005615e-01 5.137766599655151367e-01 9.151265025138854980e-01 7.698475122451782227e-01 8.470377326011657715e-01 1.177074760198593140e-01 1.468826681375503540e-01 3.814453780651092529e-01 4.387783408164978027e-01 7.152211666107177734e-01 8.110891580581665039e-01 9.028071761131286621e-01 3.650166392326354980e-01 3.478786945343017578e-01
5.701324939727783203e-01 5.879386663436889648e-01 9.124447703361511230e-01 4.478504955768585205e-01 5.956705212593078613e-01 5.426297187805175781e-01 6.436336636543273926e-01 5.033117532730102539e-01 4.448021948337554932e-01 6.117288470268249512e-01 6.029645204544067383e-01 6.093825101852416992e-01 3.849563896656036377e-01 4.234966337680816650e-01
3.870750069618225098e-01 3.357258439064025879e-01 8.364717364311218262e-01 7.109050154685974121e-01 2.765842378139495850e-01 1.620801985263824463e-01 7.706966996192932129e-02 3.675170838832855225e-01 2.863812148571014404e-01 7.689247727394104004e-01 6.633225679397583008e-01 4.502197504043579102e-01 3.797777295112609863e-01 4.681406319141387939e-01
2.229599952697753906e-01 5.477301478385925293e-01 1.433512568473815918e-01 7.683675289154052734e-01 2.172455042600631714e-01 8.682365417480468750e-01 6.173650026321411133e-01 2.518557310104370117e-01 5.313971638679504395e-01 1.139668971300125122e-01 5.324621796607971191e-01 2.437496781349182129e-01 5.944068431854248047e-01 6.502678990364074707e-01
9.918649792671203613e-01 2.399043291807174683e-01 2.555755078792572021e-01 6.090649962425231934e-01 9.141659736633300781e-01 2.139394879341125488e-01 3.539999946951866150e-03 9.415028691291809082e-01 4.365513324737548828e-01 4.577797651290893555e-01 4.823106825351715088e-01 8.791913986206054688e-01 4.552114903926849365e-01 4.051605761051177979e-01
3.643549978733062744e-01 8.031976819038391113e-01 6.656810045242309570e-01 1.120777502655982971e-01 2.856124937534332275e-02 5.675760507583618164e-01 7.655128836631774902e-01 3.653108477592468262e-01 5.680992007255554199e-01 4.174794256687164307e-01 3.733257055282592773e-01 4.422645643353462219e-02 6.162516474723815918e-01 4.742250144481658936e-01
3.923675119876861572e-01 5.075591802597045898e-01 7.471457719802856445e-01 5.862674713134765625e-01 5.657017230987548828e-01 2.904629409313201904e-01 4.223130047321319580e-01 4.795854687690734863e-01 3.840587437152862549e-01 5.908642411231994629e-01 5.178653001785278320e-01 6.434648633003234863e-01 4.842520952224731445e-01 5.149664878845214844e-01
8.795400261878967285e-01 4.430179893970489502e-01 6.310387253761291504e-01 2.864712476730346680e-01 5.999267697334289551e-01 2.638386785984039307e-01 4.022533446550369263e-02 8.540464043617248535e-01 4.738780260086059570e-01 6.164450049400329590e-01 3.853621780872344971e-01 5.948469638824462891e-01 4.571987688541412354e-01 2.848597764968872070e-01
9.728350043296813965e-01 1.728146672248840332e-01 3.561397492885589600e-01 8.527474999427795410e-01 2.137182503938674927e-01 9.482091665267944336e-01 8.089429736137390137e-01 8.280909657478332520e-01 2.579744160175323486e-01 6.674766540527343750e-01 7.695507407188415527e-01 1.810676753520965576e-01 5.064072012901306152e-01 7.820876240730285645e-01
4.699699878692626953e-01 2.541689872741699219e-01 2.573255002498626709e-01 7.542175054550170898e-01 2.843067646026611328e-01 6.752315908670425415e-02 9.036083221435546875e-01 4.649898707866668701e-01 3.967790305614471436e-01 6.034750342369079590e-01 6.963292956352233887e-01 2.253287881612777710e-01 3.710137605667114258e-01 5.400792360305786133e-01
4.709349870681762695e-01 3.548451662063598633e-01 7.789080142974853516e-01 1.375962495803833008e-01 1.834249943494796753e-01 8.134646415710449219e-01 4.403123259544372559e-01 4.346935451030731201e-01 3.889772295951843262e-01 6.574745774269104004e-01 1.845473349094390869e-01 1.554532647132873535e-01 7.467586994171142578e-01 4.007310867309570312e-01
7.266225218772888184e-01 2.745763361454010010e-01 5.135664939880371094e-01 8.061174750328063965e-01 9.611989855766296387e-01 5.417202115058898926e-01 2.644590139389038086e-01 7.534191012382507324e-01 3.906760513782501221e-01 6.744298934936523438e-01 5.946217775344848633e-01 8.925378322601318359e-01 5.603810548782348633e-01 2.914906442165374756e-01
5.113499760627746582e-01 2.378431707620620728e-01 3.455624878406524658e-01 2.148524969816207886e-01 8.313295245170593262e-01 2.577446401119232178e-01 6.638646721839904785e-01 5.284544229507446289e-01 4.308496415615081787e-01 4.716175198554992676e-01 3.067738115787506104e-01 7.432869076728820801e-01 4.902197420597076416e-01 4.461339116096496582e-01
8.382124900817871094e-01 2.278251647949218750e-01 3.118360042572021484e-01 9.864724874496459961e-01 7.571529746055603027e-01 6.595295071601867676e-01 2.587586641311645508e-01 8.927878737449645996e-01 4.121897816658020020e-01 4.663908183574676514e-01 6.082090735435485840e-01 7.397208809852600098e-01 4.695829451084136963e-01 5.682196021080017090e-01
3.520975112915039062e-01 3.082848191261291504e-01 7.619307637214660645e-01 2.474567443132400513e-01 8.176295161247253418e-01 9.469219446182250977e-01 7.358211278915405273e-01 2.877115905284881592e-01 3.707279562950134277e-01 6.284469962120056152e-01 5.097587704658508301e-01 7.110927700996398926e-01 5.128704309463500977e-01 5.310906171798706055e-01
4.543924927711486816e-01 7.378360033035278320e-01 5.042652487754821777e-01 5.452425032854080200e-02 3.704949915409088135e-01 3.414631187915802002e-01 3.860243260860443115e-01 4.744085669517517090e-01 5.307180285453796387e-01 4.501914381980895996e-01 2.678266167640686035e-01 4.154738783836364746e-01 5.695105791091918945e-01 4.192576706409454346e-01
3.882024884223937988e-01 2.249021679162979126e-01 6.726797223091125488e-01 9.212700128555297852e-01 6.600842475891113281e-01 5.994726419448852539e-01 2.185086607933044434e-01 3.134745657444000244e-01 2.229429930448532104e-01 8.075523376464843750e-01 7.580056786537170410e-01 7.479910850524902344e-01 5.413135886192321777e-01 5.128912925720214844e-01
8.085849881172180176e-01 5.551509857177734375e-01 3.423945009708404541e-01 3.365197479724884033e-01 3.025574982166290283e-01 2.764036357402801514e-01 7.077468037605285645e-01 8.878718614578247070e-01 5.892507433891296387e-01 3.817308247089385986e-01 3.579519391059875488e-01 2.318117320537567139e-01 4.631297588348388672e-01 3.899955749511718750e-01
5.189650058746337891e-01 2.451331615447998047e-01 6.070244908332824707e-01 7.364624738693237305e-01 9.460164904594421387e-01 6.749446392059326172e-01 2.121790051460266113e-01 5.354020595550537109e-01 3.662982881069183350e-01 7.241010069847106934e-01 5.442444682121276855e-01 9.053757786750793457e-01 6.002090573310852051e-01 2.682366669178009033e-01
4.449824988842010498e-01 1.730004996061325073e-01 1.919837445020675659e-01 8.914049863815307617e-01 4.474482536315917969e-01 1.133459582924842834e-01 3.014020025730133057e-01 4.423682689666748047e-01 3.928914964199066162e-01 6.273340582847595215e-01 5.874403119087219238e-01 4.927468895912170410e-01 4.323629736900329590e-01 4.879313707351684570e-01
5.574300289154052734e-01 1.967226713895797729e-01 4.778167605400085449e-01 7.591174840927124023e-01 8.798952698707580566e-01 3.475827276706695557e-01 1.180666685104370117e-01 4.267747700214385986e-01 4.833216667175292969e-01 6.384525895118713379e-01 8.625607490539550781e-01 8.873583078384399414e-01 3.342514634132385254e-01 4.447724819183349609e-01
1.382649987936019897e-01 4.242379963397979736e-01 3.870057463645935059e-01 2.739222645759582520e-01 1.535300016403198242e-01 8.454275727272033691e-01 6.823347806930541992e-01 1.456532329320907593e-01 5.546263456344604492e-01 5.559542775154113770e-01 3.547529280185699463e-01 1.502161175012588501e-01 6.529435515403747559e-01 4.579989910125732422e-01
8.557350039482116699e-01 3.413478434085845947e-01 6.399185061454772949e-01 4.771282374858856201e-01 2.543214857578277588e-01 6.311722993850708008e-01 6.887222528457641602e-01 8.527694940567016602e-01 4.298771917819976807e-01 5.729897022247314453e-01 5.511420965194702148e-01 2.499295622110366821e-01 4.558067023754119873e-01 5.974314808845520020e-01
1.945874989032745361e-01 6.939941644668579102e-01 4.014810025691986084e-01 1.812302470207214355e-01 1.896084994077682495e-01 7.000187039375305176e-01 7.596010565757751465e-01 2.310712635517120361e-01 5.295384526252746582e-01 2.865446805953979492e-01 2.524967491626739502e-01 1.871445029973983765e-01 6.959518194198608398e-01 5.348343253135681152e-01
3.096500039100646973e-01 4.260173439979553223e-01 3.249287605285644531e-01 7.842350006103515625e-01 5.957267284393310547e-01 5.445885062217712402e-01 1.113356649875640869e-01 3.989546597003936768e-01 4.501767456531524658e-01 3.600210249423980713e-01 7.594232559204101562e-01 6.774256229400634766e-01 5.117617249488830566e-01 6.214696168899536133e-01
8.214499950408935547e-01 6.396030187606811523e-01 8.020964860916137695e-01 8.544650077819824219e-01 8.157207369804382324e-01 5.137507319450378418e-01 6.084013581275939941e-01 8.669546246528625488e-01 4.903941750526428223e-01 5.528902411460876465e-01 8.999375700950622559e-01 8.404574394226074219e-01 4.095772802829742432e-01 5.672369003295898438e-01
2.780900001525878906e-01 1.792176663875579834e-01 9.288704991340637207e-01 6.176350116729736328e-01 9.227149933576583862e-02 5.913984775543212891e-01 9.506603479385375977e-01 4.362094700336456299e-01 2.279133498668670654e-01 5.140815377235412598e-01 6.408048272132873535e-01 2.532576210796833038e-02 6.435996294021606445e-01 8.141960501670837402e-01
3.586100041866302490e-01 7.043098211288452148e-01 5.855717658996582031e-01 1.687217503786087036e-01 6.629977226257324219e-01 5.079816281795501709e-02 9.374176859855651855e-01 4.017552435398101807e-01 5.445007681846618652e-01 3.736075758934020996e-01 3.983126282691955566e-01 5.832255482673645020e-01 4.718520343303680420e-01 5.119394659996032715e-01
8.718374967575073242e-01 3.035014867782592773e-01 2.463639974594116211e-01 8.503274917602539062e-01 9.827795028686523438e-01 6.430036425590515137e-01 9.072946906089782715e-01 7.310941815376281738e-01 4.924654960632324219e-01 4.538018107414245605e-01 8.303133845329284668e-01 7.918379902839660645e-01 4.216449558734893799e-01 5.706539750099182129e-01
8.442950248718261719e-01 5.838288068771362305e-01 1.733697503805160522e-01 6.421350240707397461e-01 7.646177411079406738e-01 4.676388800144195557e-01 7.017969489097595215e-01 8.095887303352355957e-01 5.810130238533020020e-01 1.999353021383285522e-01 7.953236699104309082e-01 7.581261992454528809e-01 4.126515388488769531e-01 6.772980093955993652e-01
3.933550119400024414e-01 7.792611718177795410e-01 2.256225049495697021e-01 4.539837539196014404e-01 9.645607471466064453e-01 5.436675548553466797e-01 9.842261672019958496e-01 4.292073547840118408e-01 6.536667943000793457e-01 6.260233372449874878e-02 4.207176566123962402e-01 7.839787006378173828e-01 4.383300542831420898e-01 6.377520561218261719e-01
7.619249820709228516e-01 5.623946785926818848e-01 7.566737532615661621e-01 5.573624968528747559e-01 1.388995051383972168e-01 9.981855750083923340e-01 3.868726789951324463e-01 9.017587304115295410e-01 4.394445419311523438e-01 4.555255174636840820e-01 4.381708800792694092e-01 1.326642036437988281e-01 5.293308496475219727e-01 6.370096206665039062e-01
2.096750028431415558e-02 3.860625028610229492e-01 2.796250022947788239e-02 2.733870148658752441e-01 9.157245159149169922e-01 5.558437108993530273e-01 5.390610098838806152e-01 1.255029719322919846e-02 6.452159881591796875e-01 2.851105928421020508e-01 2.432581335306167603e-01 8.124159574508666992e-01 7.185859680175781250e-01 4.034058749675750732e-01
7.612250000238418579e-02 6.363673210144042969e-01 3.854382634162902832e-01 1.954012513160705566e-01 8.093104958534240723e-01 5.679041147232055664e-01 5.694033205509185791e-02 4.874780774116516113e-02 6.132140159606933594e-01 5.422888994216918945e-01 3.417042493820190430e-01 9.023329615592956543e-01 6.323593258857727051e-01 2.622139751911163330e-01
4.176250100135803223e-02 2.605246603488922119e-01 8.082550168037414551e-01 7.088400125503540039e-01 9.726099669933319092e-02 8.720312118530273438e-01 5.954156517982482910e-01 1.528226677328348160e-02 2.224634885787963867e-01 8.702872991561889648e-01 7.021808624267578125e-01 1.028825864195823669e-01 5.772698521614074707e-01 7.004019618034362793e-01
2.522799968719482422e-01 6.224631667137145996e-01 8.469499647617340088e-03 3.744035065174102783e-01 6.552180051803588867e-01 2.078589946031570435e-01 1.057523339986801147e-01 2.737979292869567871e-01 6.817941069602966309e-01 1.038891524076461792e-01 4.973741471767425537e-01 7.436656951904296875e-01 4.334096908569335938e-01 5.859795808792114258e-01
2.720350027084350586e-01 8.071784973144531250e-01 8.371084928512573242e-01 4.278457462787628174e-01 8.059327602386474609e-01 8.791138529777526855e-01 5.675200223922729492e-01 2.444251924753189087e-01 5.832999348640441895e-01 4.597311615943908691e-01 3.375623226165771484e-01 8.205959200859069824e-01 4.967663884162902832e-01 3.812324702739715576e-01
5.745649933815002441e-01 1.831691712141036987e-01 6.563194990158081055e-01 8.714874982833862305e-01 6.856409907341003418e-01 2.989600896835327148e-01 8.851518630981445312e-01 4.694652557373046875e-01 3.493552803993225098e-01 7.113630175590515137e-01 8.838208317756652832e-01 7.011656761169433594e-01 2.958044409751892090e-01 5.129914879798889160e-01
6.259425282478332520e-01 3.014331758022308350e-01 1.485912501811981201e-01 4.580957591533660889e-01 7.705637216567993164e-01 8.267338275909423828e-01 2.553633451461791992e-01 6.312650442123413086e-01 5.465919375419616699e-01 2.513253390789031982e-01 2.807516157627105713e-01 7.378748059272766113e-01 4.658390581607818604e-01 4.625797867774963379e-01
6.151000037789344788e-02 6.728168129920959473e-01 5.089524984359741211e-01 8.778125047683715820e-01 7.372587323188781738e-01 8.913036584854125977e-01 1.647300086915493011e-02 4.299458861351013184e-02 6.397970318794250488e-01 4.760302007198333740e-01 4.207409620285034180e-01 9.104016423225402832e-01 5.794361233711242676e-01 3.238231539726257324e-01
4.681299924850463867e-01 1.851781606674194336e-01 9.461502432823181152e-01 4.364475011825561523e-01 3.299537599086761475e-01 9.383332133293151855e-01 8.224333524703979492e-01 4.398259222507476807e-01 2.118972092866897583e-01 7.981930375099182129e-01 5.479477643966674805e-01 3.782474696636199951e-01 5.538972020149230957e-01 6.202213764190673828e-01
9.764050245285034180e-01 7.269231677055358887e-01 2.711445093154907227e-01 3.747839927673339844e-01 6.142227649688720703e-01 8.628149628639221191e-01 3.085440099239349365e-01 8.103404045104980469e-01 6.144925951957702637e-01 3.450842201709747314e-01 4.417940974235534668e-01 5.307539105415344238e-01 4.280718863010406494e-01 4.369703829288482666e-01
2.943474948406219482e-01 6.059141755104064941e-01 3.404900133609771729e-01 5.019899830222129822e-02 9.364472627639770508e-01 3.801256418228149414e-01 3.225743472576141357e-01 3.110589683055877686e-01 6.158209443092346191e-01 3.504400253295898438e-01 1.635895967483520508e-01 9.031273126602172852e-01 5.415381193161010742e-01 2.631437778472900391e-01
6.951050162315368652e-01 5.479220151901245117e-01 3.075642585754394531e-01 9.796925187110900879e-01 4.516704976558685303e-01 1.952718198299407959e-01 1.101979985833168030e-01 7.878044247627258301e-01 4.872974455356597900e-01 6.049020886421203613e-01 6.599707007408142090e-01 5.287307500839233398e-01 3.874065876007080078e-01 3.980491161346435547e-01
1.979175060987472534e-01 6.752796769142150879e-01 4.547674953937530518e-02 7.874624729156494141e-01 5.690722465515136719e-01 2.273631244897842407e-01 9.522694349288940430e-01 1.937729418277740479e-01 7.259960770606994629e-01 2.510563284158706665e-02 9.104030728340148926e-01 6.156081557273864746e-01 4.110946059226989746e-01 7.788509726524353027e-01
2.172224968671798706e-01 5.670261383056640625e-01 8.740835189819335938e-01 9.835324883460998535e-01 9.697797298431396484e-01 9.299288988113403320e-01 4.750596582889556885e-01 1.546675860881805420e-01 4.731002151966094971e-01 7.583220601081848145e-01 8.640233874320983887e-01 9.783676266670227051e-01 5.417121052742004395e-01 2.972344160079956055e-01
8.570424914360046387e-01 2.230241596698760986e-01 8.506785035133361816e-01 1.406340003013610840e-01 6.842997670173645020e-01 6.881133466958999634e-02 5.785366892814636230e-01 8.660898208618164062e-01 3.485647439956665039e-01 6.835504770278930664e-01 3.849277794361114502e-01 6.437944173812866211e-01 5.453805923461914062e-01 3.745843768119812012e-01
2.768650054931640625e-01 3.343124985694885254e-01 1.403087526559829712e-01 9.292724728584289551e-01 6.357747316360473633e-01 5.279412865638732910e-01 7.147667407989501953e-01 3.480862081050872803e-01 5.763826966285705566e-01 1.646708846092224121e-01 8.866243958473205566e-01 7.088991403579711914e-01 4.292598366737365723e-01 6.938380002975463867e-01
4.182874858379364014e-01 4.612033367156982422e-01 7.349099963903427124e-02 7.383800148963928223e-01 1.558504998683929443e-01 5.213742256164550781e-01 8.444640040397644043e-01 4.649804532527923584e-01 5.422222614288330078e-01 2.245485633611679077e-01 6.557529568672180176e-01 1.432716399431228638e-01 5.223678350448608398e-01 6.227832436561584473e-01
2.262825071811676025e-01 3.520023226737976074e-01 2.302384972572326660e-01 2.541489899158477783e-01 6.097245216369628906e-01 9.378677010536193848e-01 1.245416700839996338e-01 2.873497903347015381e-01 4.975001215934753418e-01 4.156798720359802246e-01 1.520060449838638306e-01 5.824779868125915527e-01 6.166428923606872559e-01 4.131094217300415039e-01
8.471350073814392090e-01 4.721638262271881104e-01 1.958574950695037842e-01 1.323132514953613281e-01 4.070807397365570068e-01 3.512502014636993408e-01 1.963299959897994995e-01 7.072144746780395508e-01 5.158501267433166504e-01 5.098927617073059082e-01 2.271294444799423218e-01 3.841736316680908203e-01 5.611273646354675293e-01 3.245359957218170166e-01
6.971150040626525879e-01 3.702096641063690186e-01 2.406907528638839722e-01 5.957549810409545898e-01 4.728960096836090088e-01 5.884084105491638184e-01 6.735448837280273438e-01 6.195346117019653320e-01 5.047231912612915039e-01 5.259765982627868652e-01 4.382529258728027344e-01 4.209555089473724365e-01 4.546589255332946777e-01 4.193653464317321777e-01
8.964675068855285645e-01 3.624795079231262207e-01 2.787545025348663330e-01 7.069125175476074219e-01 8.014817237854003906e-01 9.630825519561767578e-01 4.612233340740203857e-01 7.417028546333312988e-01 4.639850258827209473e-01 5.144739151000976562e-01 4.191281199455261230e-01 7.342745661735534668e-01 4.687554836273193359e-01 3.876306414604187012e-01
4.578525125980377197e-01 5.847293138504028320e-01 7.017765045166015625e-01 7.578824758529663086e-01 3.888577520847320557e-01 2.122800052165985107e-01 5.813996791839599609e-01 4.400506913661956787e-01 4.725370407104492188e-01 6.226587891578674316e-01 6.527014374732971191e-01 3.981965184211730957e-01 3.136854767799377441e-01 3.947497904300689697e-01
9.969300031661987305e-01 1.853153407573699951e-01 5.946162343025207520e-01 3.194234967231750488e-01 6.363099813461303711e-02 1.232825219631195068e-01 3.152573406696319580e-01 9.280738234519958496e-01 2.192999720573425293e-01 7.429180145263671875e-01 5.856899619102478027e-01 8.852255344390869141e-02 5.745313167572021484e-01 8.128962516784667969e-01
