5.437499880790710449e-01 4.833333194255828857e-01 4.277499914169311523e-01 4.059999883174896240e-01 5.849999785423278809e-01 8.250000327825546265e-02 5.445635914802551270e-01 4.832205474376678467e-01 4.273376464843750000e-01 4.062062799930572510e-01 5.852600336074829102e-01 8.342850208282470703e-02
5.437499880790710449e-01 4.833333194255828857e-01 4.277499914169311523e-01 4.059999883174896240e-01 5.849999785423278809e-01 2.615000009536743164e-01 5.426108837127685547e-01 4.836752414703369141e-01 4.310283958911895752e-01 4.117378294467926025e-01 5.803434252738952637e-01 2.799883186817169189e-01
5.437499880790710449e-01 4.833333194255828857e-01 4.277499914169311523e-01 4.059999883174896240e-01 5.849999785423278809e-01 4.684999883174896240e-01 5.435272455215454102e-01 4.834206998348236084e-01 4.276388287544250488e-01 4.055695831775665283e-01 5.852681398391723633e-01 4.677822291851043701e-01
5.437499880790710449e-01 4.833333194255828857e-01 4.277499914169311523e-01 4.059999883174896240e-01 5.849999785423278809e-01 4.025000035762786865e-01 5.431624054908752441e-01 4.833594858646392822e-01 4.298985004425048828e-01 4.098387062549591064e-01 5.820131301879882812e-01 4.571206271648406982e-01
5.437499880790710449e-01 4.833333194255828857e-01 4.277499914169311523e-01 4.059999883174896240e-01 5.849999785423278809e-01 2.764999866485595703e-01 5.423814654350280762e-01 4.837943017482757568e-01 4.310421645641326904e-01 4.113868474960327148e-01 5.803391933441162109e-01 3.144755363464355469e-01
5.437499880790710449e-01 4.833333194255828857e-01 4.277499914169311523e-01 4.059999883174896240e-01 5.849999785423278809e-01 7.814999818801879883e-01 5.417883992195129395e-01 4.833655953407287598e-01 4.317215979099273682e-01 4.123583436012268066e-01 5.794631242752075195e-01 6.898350119590759277e-01
5.437499880790710449e-01 4.833333194255828857e-01 4.277499914169311523e-01 4.059999883174896240e-01 5.849999785423278809e-01 6.434999704360961914e-01 5.422796607017517090e-01 4.833334088325500488e-01 4.308213293552398682e-01 4.110096693038940430e-01 5.808410644531250000e-01 6.943424344062805176e-01
5.437499880790710449e-01 4.833333194255828857e-01 4.277499914169311523e-01 4.059999883174896240e-01 5.849999785423278809e-01 4.084999859333038330e-01 5.418535470962524414e-01 4.835660457611083984e-01 4.317153692245483398e-01 4.119606614112854004e-01 5.796242952346801758e-01 3.785717487335205078e-01
5.437499880790710449e-01 4.833333194255828857e-01 4.277499914169311523e-01 4.059999883174896240e-01 5.849999785423278809e-01 9.394999742507934570e-01 5.438235998153686523e-01 4.830257594585418701e-01 4.273542165756225586e-01 4.061247408390045166e-01 5.855339765548706055e-01 9.232990741729736328e-01
5.437499880790710449e-01 4.833333194255828857e-01 4.277499914169311523e-01 4.059999883174896240e-01 5.849999785423278809e-01 9.624999761581420898e-01 5.428029894828796387e-01 4.834062159061431885e-01 4.294335246086120605e-01 4.095890820026397705e-01 5.827459692955017090e-01 9.373270869255065918e-01
5.437499880790710449e-01 4.833333194255828857e-01 4.277499914169311523e-01 4.059999883174896240e-01 5.849999785423278809e-01 6.065000295639038086e-01 5.410600900650024414e-01 4.836548268795013428e-01 4.333699941635131836e-01 4.144685864448547363e-01 5.776302218437194824e-01 5.938745737075805664e-01
5.437499880790710449e-01 4.833333194255828857e-01 4.277499914169311523e-01 4.059999883174896240e-01 5.849999785423278809e-01 4.695000052452087402e-01 5.420943498611450195e-01 4.834964871406555176e-01 4.314580261707305908e-01 4.119104743003845215e-01 5.798369646072387695e-01 4.717741012573242188e-01
5.437499880790710449e-01 4.833333194255828857e-01 4.277499914169311523e-01 4.059999883174896240e-01 5.849999785423278809e-01 2.745000123977661133e-01 5.428286790847778320e-01 4.838584661483764648e-01 4.298943877220153809e-01 4.089895188808441162e-01 5.820209383964538574e-01 2.940966784954071045e-01
5.437499880790710449e-01 4.833333194255828857e-01 4.277499914169311523e-01 4.059999883174896240e-01 5.849999785423278809e-01 6.604999899864196777e-01 5.418209433555603027e-01 4.837199747562408447e-01 4.314135909080505371e-01 4.116836786270141602e-01 5.801433920860290527e-01 6.886487603187561035e-01
5.437499880790710449e-01 4.833333194255828857e-01 4.277499914169311523e-01 4.059999883174896240e-01 5.849999785423278809e-01 9.955000281333923340e-01 5.428646802902221680e-01 4.833854436874389648e-01 4.274388849735260010e-01 4.060340821743011475e-01 5.851777195930480957e-01 9.865346550941467285e-01
5.437499880790710449e-01 4.833333194255828857e-01 4.277499914169311523e-01 4.059999883174896240e-01 5.849999785423278809e-01 5.995000004768371582e-01 5.439990758895874023e-01 4.829405546188354492e-01 4.259314835071563721e-01 4.027480781078338623e-01 5.879213809967041016e-01 6.383582949638366699e-01
5.437499880790710449e-01 4.833333194255828857e-01 4.277499914169311523e-01 4.059999883174896240e-01 5.849999785423278809e-01 6.165000200271606445e-01 5.417089462280273438e-01 4.836778044700622559e-01 4.315510392189025879e-01 4.118794202804565430e-01 5.799725651741027832e-01 7.005818486213684082e-01
5.437499880790710449e-01 4.833333194255828857e-01 4.277499914169311523e-01 4.059999883174896240e-01 5.849999785423278809e-01 3.745000064373016357e-01 5.455310344696044922e-01 4.829921722412109375e-01 4.228700995445251465e-01 3.996127247810363770e-01 5.909181833267211914e-01 3.537995219230651855e-01
5.437499880790710449e-01 4.833333194255828857e-01 4.277499914169311523e-01 4.059999883174896240e-01 5.849999785423278809e-01 5.385000109672546387e-01 5.419047474861145020e-01 4.836130142211914062e-01 4.321110546588897705e-01 4.129161536693572998e-01 5.791597962379455566e-01 4.830074012279510498e-01
5.437499880790710449e-01 4.833333194255828857e-01 4.277499914169311523e-01 4.059999883174896240e-01 5.849999785423278809e-01 9.875000119209289551e-01 5.432006120681762695e-01 4.832573831081390381e-01 4.279003739356994629e-01 4.080494940280914307e-01 5.839402079582214355e-01 9.239691495895385742e-01
5.437499880790710449e-01 4.833333194255828857e-01 4.277499914169311523e-01 4.059999883174896240e-01 5.849999785423278809e-01 3.849999979138374329e-02 5.463919639587402344e-01 4.833158552646636963e-01 4.240756332874298096e-01 4.018794894218444824e-01 5.894522070884704590e-01 4.570705816149711609e-02
5.437499880790710449e-01 4.833333194255828857e-01 4.277499914169311523e-01 4.059999883174896240e-01 5.849999785423278809e-01 7.975000143051147461e-01 5.420981049537658691e-01 4.826920032501220703e-01 4.307967126369476318e-01 4.131227731704711914e-01 5.793148875236511230e-01 9.143581390380859375e-01
5.437499880790710449e-01 4.833333194255828857e-01 4.277499914169311523e-01 4.059999883174896240e-01 5.849999785423278809e-01 6.424999833106994629e-01 5.436642765998840332e-01 4.828806221485137939e-01 4.290004670619964600e-01 4.088956415653228760e-01 5.825104713439941406e-01 5.994178056716918945e-01
5.437499880790710449e-01 4.833333194255828857e-01 4.277499914169311523e-01 4.059999883174896240e-01 5.849999785423278809e-01 4.045000076293945312e-01 5.443606972694396973e-01 4.835320413112640381e-01 4.267310798168182373e-01 4.051049649715423584e-01 5.858337879180908203e-01 4.257976114749908447e-01
5.437499880790710449e-01 4.833333194255828857e-01 4.277499914169311523e-01 4.059999883174896240e-01 5.849999785423278809e-01 1.685000061988830566e-01 5.442218780517578125e-01 4.832327961921691895e-01 4.278348684310913086e-01 4.067955017089843750e-01 5.846096873283386230e-01 1.682702600955963135e-01
5.437499880790710449e-01 4.833333194255828857e-01 4.277499914169311523e-01 4.059999883174896240e-01 5.849999785423278809e-01 2.405000030994415283e-01 5.450569391250610352e-01 4.835221171379089355e-01 4.264770448207855225e-01 4.046692252159118652e-01 5.867454409599304199e-01 2.762123346328735352e-01
5.437499880790710449e-01 4.833333194255828857e-01 4.277499914169311523e-01 4.059999883174896240e-01 5.849999785423278809e-01 8.125000000000000000e-01 5.432236194610595703e-01 4.831000864505767822e-01 4.287418127059936523e-01 4.081239104270935059e-01 5.835878849029541016e-01 8.354720473289489746e-01
5.437499880790710449e-01 4.833333194255828857e-01 4.277499914169311523e-01 4.059999883174896240e-01 5.849999785423278809e-01 1.145000010728836060e-01 5.433051586151123047e-01 4.834417700767517090e-01 4.295473694801330566e-01 4.091667830944061279e-01 5.824096202850341797e-01 1.875191032886505127e-01
5.437499880790710449e-01 4.833333194255828857e-01 4.277499914169311523e-01 4.059999883174896240e-01 5.849999785423278809e-01 1.350000035017728806e-02 5.458755493164062500e-01 4.830797910690307617e-01 4.249219298362731934e-01 4.028081893920898438e-01 5.884007215499877930e-01 6.303698569536209106e-02
5.437499880790710449e-01 4.833333194255828857e-01 4.277499914169311523e-01 4.059999883174896240e-01 5.849999785423278809e-01 1.574999988079071045e-01 5.459474325180053711e-01 4.832752048969268799e-01 4.246035516262054443e-01 4.021290540695190430e-01 5.887064337730407715e-01 9.297893941402435303e-02
5.437499880790710449e-01 4.833333194255828857e-01 4.277499914169311523e-01 4.059999883174896240e-01 5.849999785423278809e-01 1.005000025033950806e-01 5.436536073684692383e-01 4.834887981414794922e-01 4.294140040874481201e-01 4.093611836433410645e-01 5.825053453445434570e-01 1.115878671407699585e-01
5.437499880790710449e-01 4.833333194255828857e-01 4.277499914169311523e-01 4.059999883174896240e-01 5.849999785423278809e-01 2.915000021457672119e-01 5.453190207481384277e-01 4.833446741104125977e-01 4.262054562568664551e-01 4.051403403282165527e-01 5.866590142250061035e-01 2.726003229618072510e-01
5.437499880790710449e-01 4.833333194255828857e-01 4.277499914169311523e-01 4.059999883174896240e-01 5.849999785423278809e-01 3.064999878406524658e-01 5.457984805107116699e-01 4.833804666996002197e-01 4.253738820552825928e-01 4.032521545886993408e-01 5.876356363296508789e-01 2.895131409168243408e-01
5.437499880790710449e-01 4.833333194255828857e-01 4.277499914169311523e-01 4.059999883174896240e-01 5.849999785423278809e-01 9.574999809265136719e-01 5.415431261062622070e-01 4.836888611316680908e-01 4.313216805458068848e-01 4.114281535148620605e-01 5.805863738059997559e-01 9.337216019630432129e-01
5.437499880790710449e-01 4.833333194255828857e-01 4.277499914169311523e-01 4.059999883174896240e-01 5.849999785423278809e-01 9.035000205039978027e-01 5.438241958618164062e-01 4.833281636238098145e-01 4.281619787216186523e-01 4.086213707923889160e-01 5.835763812065124512e-01 8.656309843063354492e-01
5.437499880790710449e-01 4.833333194255828857e-01 4.277499914169311523e-01 4.059999883174896240e-01 5.849999785423278809e-01 2.845000028610229492e-01 5.441086292266845703e-01 4.834856688976287842e-01 4.278603196144104004e-01 4.066067934036254883e-01 5.845944881439208984e-01 2.653257846832275391e-01
5.437499880790710449e-01 4.833333194255828857e-01 4.277499914169311523e-01 4.059999883174896240e-01 5.849999785423278809e-01 6.884999871253967285e-01 5.428062081336975098e-01 4.831303656101226807e-01 4.287460148334503174e-01 4.072141647338867188e-01 5.839942693710327148e-01 7.010064721107482910e-01
5.437499880790710449e-01 4.833333194255828857e-01 4.277499914169311523e-01 4.059999883174896240e-01 5.849999785423278809e-01 8.349999785423278809e-02 5.446281433105468750e-01 4.831856191158294678e-01 4.280020296573638916e-01 4.063678979873657227e-01 5.846115946769714355e-01 4.428744688630104065e-02
5.437499880790710449e-01 4.833333194255828857e-01 4.277499914169311523e-01 4.059999883174896240e-01 5.849999785423278809e-01 1.955000013113021851e-01 5.427098274230957031e-01 4.837765395641326904e-01 4.303143918514251709e-01 4.093504250049591064e-01 5.817941427230834961e-01 2.838065922260284424e-01
5.437499880790710449e-01 4.833333194255828857e-01 4.277499914169311523e-01 4.059999883174896240e-01 5.849999785423278809e-01 3.885000050067901611e-01 5.436089634895324707e-01 4.834630489349365234e-01 4.282259047031402588e-01 4.055568277835845947e-01 5.844632983207702637e-01 3.529903590679168701e-01
5.437499880790710449e-01 4.833333194255828857e-01 4.277499914169311523e-01 4.059999883174896240e-01 5.849999785423278809e-01 5.950000137090682983e-02 5.466111302375793457e-01 4.831398129463195801e-01 4.239017069339752197e-01 4.015027284622192383e-01 5.899028182029724121e-01 4.989576712250709534e-02
5.437499880790710449e-01 4.833333194255828857e-01 4.277499914169311523e-01 4.059999883174896240e-01 5.849999785423278809e-01 9.014999866485595703e-01 5.431314110755920410e-01 4.832726418972015381e-01 4.281211793422698975e-01 4.073368608951568604e-01 5.843720436096191406e-01 8.642498850822448730e-01
5.437499880790710449e-01 4.833333194255828857e-01 4.277499914169311523e-01 4.059999883174896240e-01 5.849999785423278809e-01 2.635000050067901611e-01 5.440136194229125977e-01 4.837040901184082031e-01 4.267440140247344971e-01 4.043696820735931396e-01 5.863949060440063477e-01 2.649032771587371826e-01
5.437499880790710449e-01 4.833333194255828857e-01 4.277499914169311523e-01 4.059999883174896240e-01 5.849999785423278809e-01 4.174999892711639404e-01 5.439583659172058105e-01 4.834953248500823975e-01 4.283600747585296631e-01 4.076876044273376465e-01 5.839759111404418945e-01 4.108356237411499023e-01
5.437499880790710449e-01 4.833333194255828857e-01 4.277499914169311523e-01 4.059999883174896240e-01 5.849999785423278809e-01 2.349999919533729553e-02 5.447553992271423340e-01 4.833689332008361816e-01 4.275568127632141113e-01 4.071023762226104736e-01 5.852918624877929688e-01 7.211526483297348022e-02
5.437499880790710449e-01 4.833333194255828857e-01 4.277499914169311523e-01 4.059999883174896240e-01 5.849999785423278809e-01 5.504999756813049316e-01 5.436173081398010254e-01 4.832971394062042236e-01 4.290322363376617432e-01 4.088838100433349609e-01 5.829226970672607422e-01 5.763331055641174316e-01
5.437499880790710449e-01 4.833333194255828857e-01 4.277499914169311523e-01 4.059999883174896240e-01 5.849999785423278809e-01 4.149999842047691345e-02 5.444928407669067383e-01 4.832665920257568359e-01 4.282261133193969727e-01 4.082548320293426514e-01 5.837469100952148438e-01 9.458171576261520386e-02
5.437499880790710449e-01 4.833333194255828857e-01 4.277499914169311523e-01 4.059999883174896240e-01 5.849999785423278809e-01 5.164999961853027344e-01 5.443550348281860352e-01 4.831871390342712402e-01 4.273397624492645264e-01 4.061583578586578369e-01 5.852715373039245605e-01 4.575785398483276367e-01
5.437499880790710449e-01 4.833333194255828857e-01 4.277499914169311523e-01 4.059999883174896240e-01 5.849999785423278809e-01 4.844999909400939941e-01 5.423567295074462891e-01 4.836563766002655029e-01 4.309665262699127197e-01 4.112201035022735596e-01 5.808166265487670898e-01 4.659722745418548584e-01
5.437499880790710449e-01 4.833333194255828857e-01 4.277499914169311523e-01 4.059999883174896240e-01 5.849999785423278809e-01 8.694999814033508301e-01 5.428087115287780762e-01 4.836423397064208984e-01 4.291429221630096436e-01 4.088250994682312012e-01 5.831581950187683105e-01 9.206559062004089355e-01
5.437499880790710449e-01 4.833333194255828857e-01 4.277499914169311523e-01 4.059999883174896240e-01 5.849999785423278809e-01 8.905000090599060059e-01 5.422506928443908691e-01 4.832869172096252441e-01 4.299755394458770752e-01 4.096102416515350342e-01 5.821120142936706543e-01 8.735256195068359375e-01
5.437499880790710449e-01 4.833333194255828857e-01 4.277499914169311523e-01 4.059999883174896240e-01 5.849999785423278809e-01 5.000000237487256527e-04 5.463932156562805176e-01 4.833287298679351807e-01 4.231611490249633789e-01 3.992905318737030029e-01 5.907007455825805664e-01 6.125442311167716980e-02
5.437499880790710449e-01 4.833333194255828857e-01 4.277499914169311523e-01 4.059999883174896240e-01 5.849999785423278809e-01 6.154999732971191406e-01 5.420392751693725586e-01 4.835681617259979248e-01 4.306214451789855957e-01 4.105986356735229492e-01 5.811932682991027832e-01 6.492050290107727051e-01
5.437499880790710449e-01 4.833333194255828857e-01 4.277499914169311523e-01 4.059999883174896240e-01 5.849999785423278809e-01 5.044999718666076660e-01 5.449494719505310059e-01 4.830486774444580078e-01 4.262009561061859131e-01 4.046596288681030273e-01 5.869135260581970215e-01 5.354043245315551758e-01
5.437499880790710449e-01 4.833333194255828857e-01 4.277499914169311523e-01 4.059999883174896240e-01 5.849999785423278809e-01 6.575000286102294922e-01 5.431076288223266602e-01 4.833825826644897461e-01 4.290101528167724609e-01 4.084000885486602783e-01 5.831223130226135254e-01 7.312369346618652344e-01
5.437499880790710449e-01 4.833333194255828857e-01 4.277499914169311523e-01 4.059999883174896240e-01 5.849999785423278809e-01 1.944999992847442627e-01 5.456085205078125000e-01 4.832957088947296143e-01 4.265902936458587646e-01 4.054003059864044189e-01 5.861750245094299316e-01 1.310379654169082642e-01
5.437499880790710449e-01 4.833333194255828857e-01 4.277499914169311523e-01 4.059999883174896240e-01 5.849999785423278809e-01 5.295000076293945312e-01 5.434843301773071289e-01 4.834151864051818848e-01 4.291669130325317383e-01 4.086869955062866211e-01 5.830277800559997559e-01 5.598304867744445801e-01
5.437499880790710449e-01 4.833333194255828857e-01 4.277499914169311523e-01 4.059999883174896240e-01 5.849999785423278809e-01 3.034999966621398926e-01 5.429080128669738770e-01 4.832531511783599854e-01 4.306332468986511230e-01 4.108714461326599121e-01 5.807767510414123535e-01 3.170568048954010010e-01
5.437499880790710449e-01 4.833333194255828857e-01 4.277499914169311523e-01 4.059999883174896240e-01 5.849999785423278809e-01 1.105000004172325134e-01 5.438133478164672852e-01 4.834306240081787109e-01 4.286375641822814941e-01 4.078714847564697266e-01 5.835557579994201660e-01 1.424938887357711792e-01
5.437499880790710449e-01 4.833333194255828857e-01 4.277499914169311523e-01 4.059999883174896240e-01 5.849999785423278809e-01 2.094999998807907104e-01 5.451394915580749512e-01 4.830405116081237793e-01 4.266598522663116455e-01 4.059188365936279297e-01 5.859035849571228027e-01 1.580173522233963013e-01
5.437499880790710449e-01 4.833333194255828857e-01 4.277499914169311523e-01 4.059999883174896240e-01 5.849999785423278809e-01 5.734999775886535645e-01 5.446194410324096680e-01 4.832372367382049561e-01 4.257135093212127686e-01 4.037494659423828125e-01 5.878099203109741211e-01 6.021249294281005859e-01
5.437499880790710449e-01 4.833333194255828857e-01 4.277499914169311523e-01 4.059999883174896240e-01 5.849999785423278809e-01 3.165000081062316895e-01 5.416423678398132324e-01 4.837657213211059570e-01 4.321739673614501953e-01 4.126186072826385498e-01 5.792957544326782227e-01 4.219975769519805908e-01
5.437499880790710449e-01 4.833333194255828857e-01 4.277499914169311523e-01 4.059999883174896240e-01 5.849999785423278809e-01 5.814999938011169434e-01 5.424507260322570801e-01 4.837190806865692139e-01 4.302690625190734863e-01 4.097558259963989258e-01 5.811994671821594238e-01 5.278199911117553711e-01
5.437499880790710449e-01 4.833333194255828857e-01 4.277499914169311523e-01 4.059999883174896240e-01 5.849999785423278809e-01 3.774999976158142090e-01 5.427650809288024902e-01 4.834430515766143799e-01 4.302482306957244873e-01 4.104281365871429443e-01 5.813662409782409668e-01 3.217595219612121582e-01
5.437499880790710449e-01 4.833333194255828857e-01 4.277499914169311523e-01 4.059999883174896240e-01 5.849999785423278809e-01 1.554999947547912598e-01 5.435379147529602051e-01 4.835319519042968750e-01 4.292253255844116211e-01 4.084816575050354004e-01 5.829421281814575195e-01 1.907204389572143555e-01
5.437499880790710449e-01 4.833333194255828857e-01 4.277499914169311523e-01 4.059999883174896240e-01 5.849999785423278809e-01 8.015000224113464355e-01 5.423077940940856934e-01 4.836534857749938965e-01 4.297926127910614014e-01 4.094312191009521484e-01 5.818077921867370605e-01 8.317657709121704102e-01
5.437499880790710449e-01 4.833333194255828857e-01 4.277499914169311523e-01 4.059999883174896240e-01 5.849999785423278809e-01 7.024999856948852539e-01 5.410513281822204590e-01 4.839432239532470703e-01 4.330291152000427246e-01 4.143071472644805908e-01 5.777151584625244141e-01 6.850081086158752441e-01
5.437499880790710449e-01 4.833333194255828857e-01 4.277499914169311523e-01 4.059999883174896240e-01 5.849999785423278809e-01 9.325000047683715820e-01 5.430060625076293945e-01 4.831510782241821289e-01 4.287736713886260986e-01 4.083470404148101807e-01 5.836068391799926758e-01 9.148020148277282715e-01
5.437499880790710449e-01 4.833333194255828857e-01 4.277499914169311523e-01 4.059999883174896240e-01 5.849999785423278809e-01 8.184999823570251465e-01 5.448549985885620117e-01 4.822674393653869629e-01 4.268923997879028320e-01 4.071862399578094482e-01 5.844659209251403809e-01 7.855559587478637695e-01
5.437499880790710449e-01 4.833333194255828857e-01 4.277499914169311523e-01 4.059999883174896240e-01 5.849999785423278809e-01 7.294999957084655762e-01 5.410006046295166016e-01 4.837570786476135254e-01 4.333181083202362061e-01 4.148792624473571777e-01 5.774568319320678711e-01 7.290148138999938965e-01
5.437499880790710449e-01 4.833333194255828857e-01 4.277499914169311523e-01 4.059999883174896240e-01 5.849999785423278809e-01 2.384999990463256836e-01 5.442817211151123047e-01 4.834736287593841553e-01 4.280336201190948486e-01 4.073864221572875977e-01 5.844733119010925293e-01 2.233280688524246216e-01
5.437499880790710449e-01 4.833333194255828857e-01 4.277499914169311523e-01 4.059999883174896240e-01 5.849999785423278809e-01 1.735000014305114746e-01 5.439692735671997070e-01 4.832918047904968262e-01 4.281868338584899902e-01 4.073906242847442627e-01 5.841321945190429688e-01 2.203093022108078003e-01
5.437499880790710449e-01 4.833333194255828857e-01 4.277499914169311523e-01 4.059999883174896240e-01 5.849999785423278809e-01 7.705000042915344238e-01 5.426561832427978516e-01 4.835753142833709717e-01 4.297962188720703125e-01 4.094233512878417969e-01 5.818534493446350098e-01 7.605918049812316895e-01
5.437499880790710449e-01 4.833333194255828857e-01 4.277499914169311523e-01 4.059999883174896240e-01 5.849999785423278809e-01 9.944999814033508301e-01 5.436927080154418945e-01 4.818356335163116455e-01 4.290859401226043701e-01 4.098962247371673584e-01 5.820435285568237305e-01 9.541508555412292480e-01
5.437499880790710449e-01 4.833333194255828857e-01 4.277499914169311523e-01 4.059999883174896240e-01 5.849999785423278809e-01 9.045000076293945312e-01 5.442543625831604004e-01 4.827958047389984131e-01 4.259582161903381348e-01 4.039240777492523193e-01 5.870918035507202148e-01 9.194709062576293945e-01
5.437499880790710449e-01 4.833333194255828857e-01 4.277499914169311523e-01 4.059999883174896240e-01 5.849999785423278809e-01 9.064999818801879883e-01 5.419250726699829102e-01 4.837329089641571045e-01 4.314813613891601562e-01 4.120269417762756348e-01 5.795738101005554199e-01 9.039064645767211914e-01
5.437499880790710449e-01 4.833333194255828857e-01 4.277499914169311523e-01 4.059999883174896240e-01 5.849999785423278809e-01 1.745000034570693970e-01 5.430756807327270508e-01 4.833354055881500244e-01 4.295812249183654785e-01 4.091843366622924805e-01 5.822329521179199219e-01 2.168700397014617920e-01
5.437499880790710449e-01 4.833333194255828857e-01 4.277499914169311523e-01 4.059999883174896240e-01 5.849999785423278809e-01 2.499999944120645523e-03 5.447091460227966309e-01 4.833283424377441406e-01 4.271175861358642578e-01 4.056247472763061523e-01 5.855751633644104004e-01 3.135395422577857971e-02
5.437499880790710449e-01 4.833333194255828857e-01 4.277499914169311523e-01 4.059999883174896240e-01 5.849999785423278809e-01 5.449999868869781494e-02 5.460185408592224121e-01 4.833838343620300293e-01 4.246987104415893555e-01 4.025735855102539062e-01 5.886216163635253906e-01 5.906932801008224487e-02
5.437499880790710449e-01 4.833333194255828857e-01 4.277499914169311523e-01 4.059999883174896240e-01 5.849999785423278809e-01 5.975000262260437012e-01 5.432498455047607422e-01 4.832801222801208496e-01 4.295302927494049072e-01 4.095370471477508545e-01 5.821085572242736816e-01 5.959555506706237793e-01
5.437499880790710449e-01 4.833333194255828857e-01 4.277499914169311523e-01 4.059999883174896240e-01 5.849999785423278809e-01 8.245000243186950684e-01 5.441961884498596191e-01 4.830015003681182861e-01 4.258309900760650635e-01 4.038713276386260986e-01 5.882911086082458496e-01 8.860421776771545410e-01
5.437499880790710449e-01 4.833333194255828857e-01 4.277499914169311523e-01 4.059999883174896240e-01 5.849999785423278809e-01 1.794999986886978149e-01 5.450071692466735840e-01 4.831247031688690186e-01 4.266626834869384766e-01 4.050348401069641113e-01 5.862185955047607422e-01 8.047356456518173218e-02
5.437499880790710449e-01 4.833333194255828857e-01 4.277499914169311523e-01 4.059999883174896240e-01 5.849999785423278809e-01 9.114999771118164062e-01 5.426228046417236328e-01 4.833467304706573486e-01 4.290574491024017334e-01 4.085603952407836914e-01 5.833497047424316406e-01 8.845326900482177734e-01
5.437499880790710449e-01 4.833333194255828857e-01 4.277499914169311523e-01 4.059999883174896240e-01 5.849999785423278809e-01 8.615000247955322266e-01 5.422711968421936035e-01 4.832740426063537598e-01 4.301160275936126709e-01 4.101021289825439453e-01 5.817437767982482910e-01 7.820386290550231934e-01
5.437499880790710449e-01 4.833333194255828857e-01 4.277499914169311523e-01 4.059999883174896240e-01 5.849999785423278809e-01 6.834999918937683105e-01 5.436512231826782227e-01 4.830861687660217285e-01 4.285478889942169189e-01 4.079619348049163818e-01 5.835894346237182617e-01 7.339841127395629883e-01
5.437499880790710449e-01 4.833333194255828857e-01 4.277499914169311523e-01 4.059999883174896240e-01 5.849999785423278809e-01 4.354999959468841553e-01 5.427818894386291504e-01 4.833764731884002686e-01 4.298353493213653564e-01 4.092152416706085205e-01 5.819011330604553223e-01 4.231256842613220215e-01
5.437499880790710449e-01 4.833333194255828857e-01 4.277499914169311523e-01 4.059999883174896240e-01 5.849999785423278809e-01 1.774999946355819702e-01 5.453051924705505371e-01 4.832759797573089600e-01 4.263387918472290039e-01 4.053018689155578613e-01 5.865441560745239258e-01 1.589742451906204224e-01
5.437499880790710449e-01 4.833333194255828857e-01 4.277499914169311523e-01 4.059999883174896240e-01 5.849999785423278809e-01 1.535000056028366089e-01 5.438264608383178711e-01 4.834532439708709717e-01 4.294359982013702393e-01 4.095775187015533447e-01 5.825651288032531738e-01 1.759899407625198364e-01
5.437499880790710449e-01 4.833333194255828857e-01 4.277499914169311523e-01 4.059999883174896240e-01 5.849999785423278809e-01 4.345000088214874268e-01 5.435016751289367676e-01 4.835709631443023682e-01 4.284804165363311768e-01 4.071540534496307373e-01 5.844202637672424316e-01 3.928269147872924805e-01
5.437499880790710449e-01 4.833333194255828857e-01 4.277499914169311523e-01 4.059999883174896240e-01 5.849999785423278809e-01 3.984999954700469971e-01 5.427470803260803223e-01 4.835581481456756592e-01 4.303154349327087402e-01 4.105422496795654297e-01 5.813226103782653809e-01 4.051840603351593018e-01
5.437499880790710449e-01 4.833333194255828857e-01 4.277499914169311523e-01 4.059999883174896240e-01 5.849999785423278809e-01 5.065000057220458984e-01 5.455703735351562500e-01 4.830421805381774902e-01 4.254280924797058105e-01 4.043317139148712158e-01 5.874477624893188477e-01 5.689808130264282227e-01
5.437499880790710449e-01 4.833333194255828857e-01 4.277499914169311523e-01 4.059999883174896240e-01 5.849999785423278809e-01 8.604999780654907227e-01 5.422620177268981934e-01 4.831573665142059326e-01 4.307451248168945312e-01 4.113234579563140869e-01 5.808001160621643066e-01 8.082135915756225586e-01
5.437499880790710449e-01 4.833333194255828857e-01 4.277499914169311523e-01 4.059999883174896240e-01 5.849999785423278809e-01 3.634999990463256836e-01 5.449813604354858398e-01 4.830956459045410156e-01 4.254427552223205566e-01 4.033235907554626465e-01 5.882337093353271484e-01 3.928444087505340576e-01
5.437499880790710449e-01 4.833333194255828857e-01 4.277499914169311523e-01 4.059999883174896240e-01 5.849999785423278809e-01 7.605000138282775879e-01 5.433123707771301270e-01 4.834754168987274170e-01 4.280677735805511475e-01 4.068893790245056152e-01 5.846768617630004883e-01 7.595875263214111328e-01
5.437499880790710449e-01 4.833333194255828857e-01 4.277499914169311523e-01 4.059999883174896240e-01 5.849999785423278809e-01 7.555000185966491699e-01 5.449699163436889648e-01 4.825632870197296143e-01 4.256250262260437012e-01 4.050006270408630371e-01 5.866621732711791992e-01 7.691009044647216797e-01
5.437499880790710449e-01 4.833333194255828857e-01 4.277499914169311523e-01 4.059999883174896240e-01 5.849999785423278809e-01 5.499999970197677612e-03 5.444231033325195312e-01 4.833446741104125977e-01 4.271878004074096680e-01 4.058707356452941895e-01 5.854648351669311523e-01 8.090445399284362793e-02
5.437499880790710449e-01 4.833333194255828857e-01 4.277499914169311523e-01 4.059999883174896240e-01 5.849999785423278809e-01 7.944999933242797852e-01 5.431451797485351562e-01 4.830988645553588867e-01 4.284251034259796143e-01 4.080199599266052246e-01 5.840297937393188477e-01 8.424019217491149902e-01
5.437499880790710449e-01 4.833333194255828857e-01 4.277499914169311523e-01 4.059999883174896240e-01 5.849999785423278809e-01 5.885000228881835938e-01 5.430932044982910156e-01 4.834427535533905029e-01 4.296153783798217773e-01 4.097762405872344971e-01 5.820841789245605469e-01 5.515584349632263184e-01
5.437499880790710449e-01 4.833333194255828857e-01 4.277499914169311523e-01 4.059999883174896240e-01 5.849999785423278809e-01 8.995000123977661133e-01 5.421292185783386230e-01 4.832871258258819580e-01 4.312952160835266113e-01 4.114286899566650391e-01 5.802950859069824219e-01 8.407911062240600586e-01
5.437499880790710449e-01 4.833333194255828857e-01 4.277499914169311523e-01 4.059999883174896240e-01 5.849999785423278809e-01 5.874999761581420898e-01 5.444722771644592285e-01 4.832610785961151123e-01 4.271094799041748047e-01 4.061200916767120361e-01 5.854367613792419434e-01 4.977347254753112793e-01
5.437499880790710449e-01 4.833333194255828857e-01 4.277499914169311523e-01 4.059999883174896240e-01 5.849999785423278809e-01 1.934999972581863403e-01 5.450356006622314453e-01 4.832736551761627197e-01 4.271234869956970215e-01 4.047739505767822266e-01 5.863822698593139648e-01 1.603935807943344116e-01
5.437499880790710449e-01 4.833333194255828857e-01 4.277499914169311523e-01 4.059999883174896240e-01 5.849999785423278809e-01 3.625000119209289551e-01 5.418489575386047363e-01 4.835019409656524658e-01 4.320265650749206543e-01 4.127395749092102051e-01 5.791220068931579590e-01 4.275886118412017822e-01
5.437499880790710449e-01 4.833333194255828857e-01 4.277499914169311523e-01 4.059999883174896240e-01 5.849999785423278809e-01 2.050000056624412537e-02 5.473477244377136230e-01 4.831739962100982666e-01 4.229526519775390625e-01 4.007072746753692627e-01 5.907601118087768555e-01 4.225383326411247253e-02
5.437499880790710449e-01 4.833333194255828857e-01 4.277499914169311523e-01 4.059999883174896240e-01 5.849999785423278809e-01 3.855000138282775879e-01 5.436613559722900391e-01 4.837520122528076172e-01 4.293203949928283691e-01 4.076604247093200684e-01 5.834318995475769043e-01 4.085271656513214111e-01
5.437499880790710449e-01 4.833333194255828857e-01 4.277499914169311523e-01 4.059999883174896240e-01 5.849999785423278809e-01 7.394999861717224121e-01 5.435984730720520020e-01 4.832786619663238525e-01 4.280323088169097900e-01 4.072187244892120361e-01 5.845152735710144043e-01 8.459881544113159180e-01
5.437499880790710449e-01 4.833333194255828857e-01 4.277499914169311523e-01 4.059999883174896240e-01 5.849999785423278809e-01 2.045000046491622925e-01 5.446797013282775879e-01 4.832767844200134277e-01 4.272721111774444580e-01 4.066197276115417480e-01 5.851295590400695801e-01 1.249743774533271790e-01
5.437499880790710449e-01 4.833333194255828857e-01 4.277499914169311523e-01 4.059999883174896240e-01 5.849999785423278809e-01 5.784999728202819824e-01 5.446696281433105469e-01 4.832966029644012451e-01 4.267788529396057129e-01 4.054217040538787842e-01 5.858930945396423340e-01 5.736017823219299316e-01
5.437499880790710449e-01 4.833333194255828857e-01 4.277499914169311523e-01 4.059999883174896240e-01 5.849999785423278809e-01 8.224999904632568359e-01 5.433579087257385254e-01 4.832895100116729736e-01 4.274629354476928711e-01 4.056601822376251221e-01 5.852380394935607910e-01 9.044572114944458008e-01
5.437499880790710449e-01 4.833333194255828857e-01 4.277499914169311523e-01 4.059999883174896240e-01 5.849999785423278809e-01 1.714999973773956299e-01 5.448849797248840332e-01 4.832617938518524170e-01 4.263580441474914551e-01 4.046809077262878418e-01 5.866075158119201660e-01 1.987720131874084473e-01
5.437499880790710449e-01 4.833333194255828857e-01 4.277499914169311523e-01 4.059999883174896240e-01 5.849999785423278809e-01 1.150000002235174179e-02 5.447813272476196289e-01 4.833925068378448486e-01 4.276454746723175049e-01 4.072562754154205322e-01 5.845951437950134277e-01 8.086134493350982666e-02
5.437499880790710449e-01 4.833333194255828857e-01 4.277499914169311523e-01 4.059999883174896240e-01 5.849999785423278809e-01 8.500000461935997009e-03 5.435962080955505371e-01 4.834032654762268066e-01 4.289208650588989258e-01 4.085062444210052490e-01 5.831912159919738770e-01 1.664241999387741089e-01
5.437499880790710449e-01 4.833333194255828857e-01 4.277499914169311523e-01 4.059999883174896240e-01 5.849999785423278809e-01 7.954999804496765137e-01 5.437836647033691406e-01 4.827033579349517822e-01 4.283959269523620605e-01 4.090370237827301025e-01 5.829713940620422363e-01 7.335526943206787109e-01
5.437499880790710449e-01 4.833333194255828857e-01 4.277499914169311523e-01 4.059999883174896240e-01 5.849999785423278809e-01 6.650000065565109253e-02 5.434752106666564941e-01 4.834141135215759277e-01 4.301605820655822754e-01 4.106832444667816162e-01 5.815265178680419922e-01 1.198176741600036621e-01
5.437499880790710449e-01 4.833333194255828857e-01 4.277499914169311523e-01 4.059999883174896240e-01 5.849999785423278809e-01 5.845000147819519043e-01 5.431934595108032227e-01 4.831989407539367676e-01 4.297454953193664551e-01 4.095754325389862061e-01 5.821882486343383789e-01 5.230810642242431641e-01
5.437499880790710449e-01 4.833333194255828857e-01 4.277499914169311523e-01 4.059999883174896240e-01 5.849999785423278809e-01 2.425000071525573730e-01 5.450118780136108398e-01 4.830497503280639648e-01 4.268174469470977783e-01 4.059254527091979980e-01 5.856446027755737305e-01 2.024693489074707031e-01
5.437499880790710449e-01 4.833333194255828857e-01 4.277499914169311523e-01 4.059999883174896240e-01 5.849999785423278809e-01 9.564999938011169434e-01 5.421176552772521973e-01 4.832619726657867432e-01 4.303715527057647705e-01 4.089941680431365967e-01 5.823531746864318848e-01 9.937196969985961914e-01
5.437499880790710449e-01 4.833333194255828857e-01 4.277499914169311523e-01 4.059999883174896240e-01 5.849999785423278809e-01 3.434999883174896240e-01 5.431376099586486816e-01 4.834578037261962891e-01 4.298087656497955322e-01 4.099356830120086670e-01 5.819726586341857910e-01 4.102062880992889404e-01
5.437499880790710449e-01 4.833333194255828857e-01 4.277499914169311523e-01 4.059999883174896240e-01 5.849999785423278809e-01 6.294999718666076660e-01 5.427584648132324219e-01 4.837511181831359863e-01 4.295377135276794434e-01 4.088428020477294922e-01 5.821869373321533203e-01 5.672250390052795410e-01
5.437499880790710449e-01 4.833333194255828857e-01 4.277499914169311523e-01 4.059999883174896240e-01 5.849999785423278809e-01 3.844999969005584717e-01 5.436495542526245117e-01 4.835531711578369141e-01 4.274433255195617676e-01 4.060592651367187500e-01 5.861684679985046387e-01 4.033076763153076172e-01
5.437499880790710449e-01 4.833333194255828857e-01 4.277499914169311523e-01 4.059999883174896240e-01 5.849999785423278809e-01 1.515000015497207642e-01 5.452423691749572754e-01 4.832743704319000244e-01 4.265685081481933594e-01 4.055840075016021729e-01 5.860683321952819824e-01 1.491668820381164551e-01
5.437499880790710449e-01 4.833333194255828857e-01 4.277499914169311523e-01 4.059999883174896240e-01 5.849999785423278809e-01 1.624999940395355225e-01 5.458140373229980469e-01 4.833616614341735840e-01 4.256247580051422119e-01 4.044389724731445312e-01 5.872406959533691406e-01 1.031190976500511169e-01
5.437499880790710449e-01 4.833333194255828857e-01 4.277499914169311523e-01 4.059999883174896240e-01 5.849999785423278809e-01 2.265000045299530029e-01 5.446931719779968262e-01 4.834345877170562744e-01 4.279510676860809326e-01 4.077146351337432861e-01 5.844395160675048828e-01 9.534376859664916992e-02
5.437499880790710449e-01 4.833333194255828857e-01 4.277499914169311523e-01 4.059999883174896240e-01 5.849999785423278809e-01 8.734999895095825195e-01 5.437117218971252441e-01 4.835890829563140869e-01 4.276124238967895508e-01 4.057351350784301758e-01 5.860031247138977051e-01 9.208791851997375488e-01
5.437499880790710449e-01 4.833333194255828857e-01 4.277499914169311523e-01 4.059999883174896240e-01 5.849999785423278809e-01 4.544999897480010986e-01 5.419637560844421387e-01 4.837604165077209473e-01 4.313035011291503906e-01 4.110307395458221436e-01 5.801963210105895996e-01 5.420256257057189941e-01
5.437499880790710449e-01 4.833333194255828857e-01 4.277499914169311523e-01 4.059999883174896240e-01 5.849999785423278809e-01 5.435000061988830566e-01 5.421910285949707031e-01 4.835459887981414795e-01 4.308761954307556152e-01 4.107712209224700928e-01 5.808617472648620605e-01 5.456332564353942871e-01
5.437499880790710449e-01 4.833333194255828857e-01 4.277499914169311523e-01 4.059999883174896240e-01 5.849999785423278809e-01 1.994999945163726807e-01 5.436441302299499512e-01 4.834804236888885498e-01 4.292267262935638428e-01 4.087375104427337646e-01 5.828078985214233398e-01 1.124768257141113281e-01
5.437499880790710449e-01 4.833333194255828857e-01 4.277499914169311523e-01 4.059999883174896240e-01 5.849999785423278809e-01 6.754999756813049316e-01 5.450431108474731445e-01 4.824097752571105957e-01 4.264161288738250732e-01 4.064695537090301514e-01 5.853983163833618164e-01 7.284258008003234863e-01
5.437499880790710449e-01 4.833333194255828857e-01 4.277499914169311523e-01 4.059999883174896240e-01 5.849999785423278809e-01 8.665000200271606445e-01 5.423850417137145996e-01 4.832189679145812988e-01 4.292364716529846191e-01 4.085284471511840820e-01 5.829403400421142578e-01 8.547818064689636230e-01
5.437499880790710449e-01 4.833333194255828857e-01 4.277499914169311523e-01 4.059999883174896240e-01 5.849999785423278809e-01 8.649999648332595825e-02 5.449486970901489258e-01 4.832244217395782471e-01 4.260613620281219482e-01 4.032565057277679443e-01 5.868285894393920898e-01 4.891086742281913757e-02
5.437499880790710449e-01 4.833333194255828857e-01 4.277499914169311523e-01 4.059999883174896240e-01 5.849999785423278809e-01 5.954999923706054688e-01 5.416800379753112793e-01 4.837646186351776123e-01 4.318101406097412109e-01 4.126964211463928223e-01 5.793552994728088379e-01 6.129875183105468750e-01
5.437499880790710449e-01 4.833333194255828857e-01 4.277499914169311523e-01 4.059999883174896240e-01 5.849999785423278809e-01 2.605000138282775879e-01 5.435229539871215820e-01 4.833834767341613770e-01 4.289826452732086182e-01 4.087308049201965332e-01 5.829359292984008789e-01 2.650923728942871094e-01
5.437499880790710449e-01 4.833333194255828857e-01 4.277499914169311523e-01 4.059999883174896240e-01 5.849999785423278809e-01 1.215000003576278687e-01 5.435172915458679199e-01 4.831457138061523438e-01 4.275211095809936523e-01 4.054767787456512451e-01 5.853536128997802734e-01 1.238241866230964661e-01
5.437499880790710449e-01 4.833333194255828857e-01 4.277499914169311523e-01 4.059999883174896240e-01 5.849999785423278809e-01 6.449999660253524780e-02 5.446142554283142090e-01 4.833200275897979736e-01 4.274229407310485840e-01 4.065845906734466553e-01 5.849137902259826660e-01 1.039054021239280701e-01
5.437499880790710449e-01 4.833333194255828857e-01 4.277499914169311523e-01 4.059999883174896240e-01 5.849999785423278809e-01 5.615000128746032715e-01 5.438417196273803711e-01 4.833156466484069824e-01 4.279211163520812988e-01 4.070731997489929199e-01 5.843936800956726074e-01 5.457918047904968262e-01
5.437499880790710449e-01 4.833333194255828857e-01 4.277499914169311523e-01 4.059999883174896240e-01 5.849999785423278809e-01 8.464999794960021973e-01 5.429976582527160645e-01 4.830208718776702881e-01 4.293839931488037109e-01 4.088582992553710938e-01 5.827658772468566895e-01 8.927386403083801270e-01
5.437499880790710449e-01 4.833333194255828857e-01 4.277499914169311523e-01 4.059999883174896240e-01 5.849999785423278809e-01 7.349999994039535522e-02 5.446391701698303223e-01 4.832203090190887451e-01 4.282580912113189697e-01 4.073493182659149170e-01 5.839361548423767090e-01 4.856893047690391541e-02
5.437499880790710449e-01 4.833333194255828857e-01 4.277499914169311523e-01 4.059999883174896240e-01 5.849999785423278809e-01 8.884999752044677734e-01 5.428215265274047852e-01 4.833098053932189941e-01 4.298859238624572754e-01 4.109303057193756104e-01 5.814502239227294922e-01 8.576685190200805664e-01
5.437499880790710449e-01 4.833333194255828857e-01 4.277499914169311523e-01 4.059999883174896240e-01 5.849999785423278809e-01 4.584999978542327881e-01 5.435789227485656738e-01 4.832147359848022461e-01 4.284092187881469727e-01 4.074816405773162842e-01 5.837503671646118164e-01 4.445087015628814697e-01
5.437499880790710449e-01 4.833333194255828857e-01 4.277499914169311523e-01 4.059999883174896240e-01 5.849999785423278809e-01 9.455000162124633789e-01 5.411759614944458008e-01 4.835381209850311279e-01 4.310126602649688721e-01 4.118940532207489014e-01 5.804751515388488770e-01 9.818046689033508301e-01
5.437499880790710449e-01 4.833333194255828857e-01 4.277499914169311523e-01 4.059999883174896240e-01 5.849999785423278809e-01 9.365000128746032715e-01 5.419909954071044922e-01 4.834082126617431641e-01 4.299152195453643799e-01 4.093944132328033447e-01 5.824139714241027832e-01 9.203774333000183105e-01
5.437499880790710449e-01 4.833333194255828857e-01 4.277499914169311523e-01 4.059999883174896240e-01 5.849999785423278809e-01 4.375000000000000000e-01 5.442067384719848633e-01 4.833198785781860352e-01 4.270716607570648193e-01 4.050230085849761963e-01 5.856470465660095215e-01 4.438817203044891357e-01
5.437499880790710449e-01 4.833333194255828857e-01 4.277499914169311523e-01 4.059999883174896240e-01 5.849999785423278809e-01 9.585000276565551758e-01 5.443779230117797852e-01 4.821579456329345703e-01 4.270797371864318848e-01 4.065957069396972656e-01 5.846471786499023438e-01 9.701894521713256836e-01
5.437499880790710449e-01 4.833333194255828857e-01 4.277499914169311523e-01 4.059999883174896240e-01 5.849999785423278809e-01 4.814999997615814209e-01 5.426959991455078125e-01 4.837108850479125977e-01 4.295771718025207520e-01 4.088148176670074463e-01 5.825440883636474609e-01 4.836992323398590088e-01
5.437499880790710449e-01 4.833333194255828857e-01 4.277499914169311523e-01 4.059999883174896240e-01 5.849999785423278809e-01 7.185000181198120117e-01 5.423465967178344727e-01 4.831471741199493408e-01 4.311214685440063477e-01 4.124317169189453125e-01 5.798696279525756836e-01 7.383341193199157715e-01
5.437499880790710449e-01 4.833333194255828857e-01 4.277499914169311523e-01 4.059999883174896240e-01 5.849999785423278809e-01 8.264999985694885254e-01 5.420225858688354492e-01 4.834705293178558350e-01 4.314138293266296387e-01 4.124768674373626709e-01 5.799260139465332031e-01 7.094107866287231445e-01
5.437499880790710449e-01 4.833333194255828857e-01 4.277499914169311523e-01 4.059999883174896240e-01 5.849999785423278809e-01 8.364999890327453613e-01 5.435196161270141602e-01 4.831378161907196045e-01 4.283114373683929443e-01 4.075047075748443604e-01 5.839755535125732422e-01 8.437781929969787598e-01
5.437499880790710449e-01 4.833333194255828857e-01 4.277499914169311523e-01 4.059999883174896240e-01 5.849999785423278809e-01 7.985000014305114746e-01 5.432018041610717773e-01 4.832716584205627441e-01 4.287036955356597900e-01 4.078395068645477295e-01 5.837632417678833008e-01 8.472465276718139648e-01
5.437499880790710449e-01 4.833333194255828857e-01 4.277499914169311523e-01 4.059999883174896240e-01 5.849999785423278809e-01 3.664999902248382568e-01 5.423963069915771484e-01 4.832117855548858643e-01 4.315294921398162842e-01 4.119876027107238770e-01 5.798497200012207031e-01 4.384653270244598389e-01
5.437499880790710449e-01 4.833333194255828857e-01 4.277499914169311523e-01 4.059999883174896240e-01 5.849999785423278809e-01 6.825000047683715820e-01 5.432418584823608398e-01 4.829133152961730957e-01 4.287149906158447266e-01 4.084560871124267578e-01 5.835272669792175293e-01 6.727017760276794434e-01
5.437499880790710449e-01 4.833333194255828857e-01 4.277499914169311523e-01 4.059999883174896240e-01 5.849999785423278809e-01 5.964999794960021973e-01 5.426788330078125000e-01 4.834661185741424561e-01 4.305436909198760986e-01 4.109746813774108887e-01 5.810620188713073730e-01 5.908150076866149902e-01
