8.997499942779541016e-01 3.171666562557220459e-01 7.972499728202819824e-01 1.452499926090240479e-01 7.557500004768371582e-01 7.992500066757202148e-01 7.525504827499389648e-01 3.370513319969177246e-01 7.008092999458312988e-01 3.638256788253784180e-01 7.685195803642272949e-01 4.363262653350830078e-01
3.617500066757202148e-01 1.958333402872085571e-01 1.767500042915344238e-01 4.187499880790710449e-01 8.402500152587890625e-01 6.582499742507934570e-01 3.416199684143066406e-01 4.746738970279693604e-01 3.628393709659576416e-01 4.173167049884796143e-01 8.072242140769958496e-01 6.803248524665832520e-01
9.192500114440917969e-01 4.514999985694885254e-01 6.262500286102294922e-01 7.275000214576721191e-02 7.157499790191650391e-01 9.662500023841857910e-01 8.955177068710327148e-01 5.141924619674682617e-01 4.156262576580047607e-01 1.256138384342193604e-01 6.971837878227233887e-01 4.983093738555908203e-01
6.872500181198120117e-01 1.895000040531158447e-01 7.222499847412109375e-01 8.382499814033508301e-01 9.427499771118164062e-01 2.312500029802322388e-01 7.038521766662597656e-01 2.394072860479354858e-01 8.160330057144165039e-01 7.965694069862365723e-01 8.560073375701904297e-01 2.935467064380645752e-01
9.197499752044677734e-01 7.251666784286499023e-01 5.852500200271606445e-01 9.272500276565551758e-01 1.032499969005584717e-01 7.707499861717224121e-01 8.862996101379394531e-01 4.207193553447723389e-01 5.710177421569824219e-01 9.484360814094543457e-01 1.053176894783973694e-01 7.347318530082702637e-01
1.832499951124191284e-01 1.901666671037673950e-01 9.902499914169311523e-01 3.447499871253967285e-01 4.292500019073486328e-01 1.432500034570693970e-01 2.553323805332183838e-01 4.184073805809020996e-01 7.295399308204650879e-01 4.937113523483276367e-01 4.551597535610198975e-01 4.633810818195343018e-01
7.262499928474426270e-01 3.008333444595336914e-01 2.924999967217445374e-02 6.517500281333923340e-01 3.974999859929084778e-02 5.482500195503234863e-01 6.123226881027221680e-01 3.587917387485504150e-01 2.330943793058395386e-01 7.024506330490112305e-01 4.391875118017196655e-02 5.991253256797790527e-01
3.567500114440917969e-01 3.388333320617675781e-01 5.867499709129333496e-01 6.472499966621398926e-01 5.577499866485595703e-01 3.337500095367431641e-01 3.892314136028289795e-01 3.474904894828796387e-01 6.655851602554321289e-01 5.357630252838134766e-01 5.685200691223144531e-01 4.642268121242523193e-01
5.922499895095825195e-01 3.555000126361846924e-01 8.552500009536743164e-01 7.402499914169311523e-01 2.752499878406524658e-01 4.337500035762786865e-01 6.616600751876831055e-01 3.583980798721313477e-01 7.422671914100646973e-01 8.931165337562561035e-01 2.836188077926635742e-01 6.400780081748962402e-01
1.117499992251396179e-01 3.808333277702331543e-01 1.052500009536743164e-01 5.272499918937683105e-01 7.074999809265136719e-02 1.727499961853027344e-01 1.578621268272399902e-01 3.853758275508880615e-01 3.322302699089050293e-01 3.282598555088043213e-01 5.665967240929603577e-02 3.209224343299865723e-01
4.192500114440917969e-01 8.331666588783264160e-01 2.402500063180923462e-01 3.272500038146972656e-01 2.727499902248382568e-01 9.457499980926513672e-01 3.603162169456481934e-01 7.640833854675292969e-01 1.348825693130493164e-01 3.965885937213897705e-01 2.907112240791320801e-01 7.658621668815612793e-01
5.147500038146972656e-01 7.461666464805603027e-01 4.427500069141387939e-01 2.087499946355819702e-01 4.997499883174896240e-01 3.462499976158142090e-01 4.762053787708282471e-01 6.712133288383483887e-01 3.489727377891540527e-01 3.876007795333862305e-01 6.228786110877990723e-01 3.878801465034484863e-01
3.992500007152557373e-01 4.884999990463256836e-01 2.152500003576278687e-01 9.512500166893005371e-01 1.624999940395355225e-02 1.362500041723251343e-01 6.668124794960021973e-01 4.012856185436248779e-01 2.393892705440521240e-01 7.101473212242126465e-01 3.467315062880516052e-02 5.360463261604309082e-01
8.577499985694885254e-01 2.168333381414413452e-01 2.547500133514404297e-01 3.422499895095825195e-01 2.307499945163726807e-01 5.277500152587890625e-01 6.104648709297180176e-01 3.867235779762268066e-01 5.786207914352416992e-01 5.070604085922241211e-01 2.184690833091735840e-01 6.305228471755981445e-01
5.707499980926513672e-01 2.768333256244659424e-01 2.472500056028366089e-01 4.202499985694885254e-01 6.162499785423278809e-01 5.925000086426734924e-02 5.421684384346008301e-01 4.869962632656097412e-01 6.156365275382995605e-01 3.179894983768463135e-01 6.160829663276672363e-01 2.906420230865478516e-01
1.967500001192092896e-01 5.351666808128356934e-01 5.907499790191650391e-01 6.075000017881393433e-02 9.127500057220458984e-01 9.517499804496765137e-01 1.656910479068756104e-01 4.825911521911621094e-01 4.378042519092559814e-01 1.099264025688171387e-01 9.390213489532470703e-01 8.032300472259521484e-01
2.562499940395355225e-01 6.324999928474426270e-01 7.047500014305114746e-01 3.497500121593475342e-01 2.192499935626983643e-01 1.677500009536743164e-01 3.193077445030212402e-01 5.248240232467651367e-01 6.220408678054809570e-01 3.942514657974243164e-01 2.774546146392822266e-01 3.874171078205108643e-01
3.097499907016754150e-01 5.391666889190673828e-01 8.897500038146972656e-01 1.025000028312206268e-02 7.647500038146972656e-01 5.742499828338623047e-01 2.419054061174392700e-01 4.112765491008758545e-01 6.227750182151794434e-01 1.407176256179809570e-01 9.033662080764770508e-01 6.284359097480773926e-01
6.597499847412109375e-01 2.834999859333038330e-01 8.867499828338623047e-01 8.802499771118164062e-01 9.377499818801879883e-01 3.167499899864196777e-01 8.246818184852600098e-01 1.929448992013931274e-01 7.554430961608886719e-01 8.884109258651733398e-01 9.051122069358825684e-01 3.127973377704620361e-01
7.922499775886535645e-01 2.451666593551635742e-01 2.677499949932098389e-01 3.075000084936618805e-02 9.747499823570251465e-01 6.012499928474426270e-01 8.660511970520019531e-01 2.969303727149963379e-01 1.199232563376426697e-01 1.674604266881942749e-01 9.194945693016052246e-01 7.514923214912414551e-01
3.762499988079071045e-01 2.175000011920928955e-01 1.457500010728836060e-01 2.972500026226043701e-01 3.892500102519989014e-01 4.632500112056732178e-01 4.230360984802246094e-01 4.228695929050445557e-01 3.560624718666076660e-01 3.231088817119598389e-01 3.340151309967041016e-01 7.555817961692810059e-01
6.177499890327453613e-01 6.188333630561828613e-01 4.407500028610229492e-01 3.187499940395355225e-01 5.037500262260437012e-01 1.127500012516975403e-01 6.709621548652648926e-01 5.562993884086608887e-01 4.956033527851104736e-01 2.492052614688873291e-01 5.337674617767333984e-01 2.780293822288513184e-01
3.957499861717224121e-01 2.851666808128356934e-01 4.972499907016754150e-01 6.037499904632568359e-01 7.942500114440917969e-01 1.222499981522560120e-01 3.676058948040008545e-01 3.584685325622558594e-01 7.292790412902832031e-01 4.544436335563659668e-01 7.318678498268127441e-01 3.582527339458465576e-01
5.857499837875366211e-01 5.264999866485595703e-01 9.624999761581420898e-02 1.667499989271163940e-01 6.437500119209289551e-01 8.047500252723693848e-01 5.392970442771911621e-01 5.561270713806152344e-01 1.716522425413131714e-01 2.609153687953948975e-01 7.335075736045837402e-01 7.826424241065979004e-01
9.422500133514404297e-01 5.985000133514404297e-01 2.437500059604644775e-01 3.787499964237213135e-01 7.767500281333923340e-01 7.297499775886535645e-01 9.502717852592468262e-01 5.629655718803405762e-01 1.570010185241699219e-01 2.692457437515258789e-01 7.980220317840576172e-01 7.675210833549499512e-01
3.857499957084655762e-01 8.264999985694885254e-01 8.447499871253967285e-01 1.167500019073486328e-01 1.217499971389770508e-01 5.342500209808349609e-01 4.706217646598815918e-01 5.630834102630615234e-01 4.586752653121948242e-01 2.570500075817108154e-01 1.752891242504119873e-01 6.013085842132568359e-01
5.967500209808349609e-01 5.328333377838134766e-01 5.092499852180480957e-01 5.947499871253967285e-01 3.992500007152557373e-01 3.677499890327453613e-01 6.062207221984863281e-01 5.168108940124511719e-01 5.222827792167663574e-01 5.261581540107727051e-01 4.048224985599517822e-01 4.898053407669067383e-01
7.037500143051147461e-01 2.081666737794876099e-01 5.124999955296516418e-02 8.377500176429748535e-01 9.057499766349792480e-01 5.697500109672546387e-01 6.643348932266235352e-01 2.460818737745285034e-01 3.000984787940979004e-01 7.559808492660522461e-01 8.747270703315734863e-01 5.842097401618957520e-01
8.177499771118164062e-01 5.158333182334899902e-01 9.177500009536743164e-01 6.962500214576721191e-01 9.737499952316284180e-01 9.702500104904174805e-01 8.383778929710388184e-01 4.874445199966430664e-01 7.582215666770935059e-01 7.583357095718383789e-01 8.430695533752441406e-01 4.222202599048614502e-01
8.474999666213989258e-02 4.178333282470703125e-01 2.502500116825103760e-01 3.462499976158142090e-01 1.792500019073486328e-01 7.874999940395355225e-02 1.082788854837417603e-01 5.260797739028930664e-01 5.585306286811828613e-01 2.741526067256927490e-01 1.441736370325088501e-01 2.420371770858764648e-01
2.087499946355819702e-01 8.308333158493041992e-01 8.952500224113464355e-01 2.347500026226043701e-01 1.957499980926513672e-01 4.662500023841857910e-01 1.918138116598129272e-01 5.873669385910034180e-01 5.971863865852355957e-01 3.631384372711181641e-01 2.768869400024414062e-01 2.927777469158172607e-01
6.424999982118606567e-02 3.221666812896728516e-01 1.432500034570693970e-01 9.674999862909317017e-02 7.162500023841857910e-01 4.102500081062316895e-01 8.941311389207839966e-02 6.560675501823425293e-01 3.456696271896362305e-01 1.869885623455047607e-01 5.514053702354431152e-01 5.677703619003295898e-01
2.152500003576278687e-01 8.138333559036254883e-01 9.817500114440917969e-01 6.437500119209289551e-01 5.357499718666076660e-01 7.532500028610229492e-01 1.704757213592529297e-01 6.502497196197509766e-01 7.158096432685852051e-01 6.671893000602722168e-01 5.284281969070434570e-01 3.227292299270629883e-01
8.002499938011169434e-01 3.785000145435333252e-01 3.072499930858612061e-01 7.832499742507934570e-01 1.722500026226043701e-01 9.412500262260437012e-01 7.458541393280029297e-01 4.437354207038879395e-01 4.758945107460021973e-01 6.844021677970886230e-01 1.134781241416931152e-01 6.621133685111999512e-01
8.162500262260437012e-01 6.061666607856750488e-01 4.707500040531158447e-01 2.437500059604644775e-01 1.947499960660934448e-01 3.232499957084655762e-01 7.850955724716186523e-01 5.980591773986816406e-01 3.386716544628143311e-01 3.658402860164642334e-01 1.676978617906570435e-01 3.594240546226501465e-01
1.617500036954879761e-01 3.955000042915344238e-01 7.982500195503234863e-01 6.612499952316284180e-01 5.727499723434448242e-01 7.487499713897705078e-01 1.532500088214874268e-01 4.468970000743865967e-01 7.365944981575012207e-01 6.358712315559387207e-01 5.276926159858703613e-01 5.554468035697937012e-01
3.167499899864196777e-01 7.714999914169311523e-01 3.377499878406524658e-01 3.597500026226043701e-01 8.707500100135803223e-01 7.347499728202819824e-01 3.274311125278472900e-01 5.852768421173095703e-01 1.359125375747680664e-01 3.151176571846008301e-01 9.069988131523132324e-01 8.025720715522766113e-01
8.942499756813049316e-01 6.038333177566528320e-01 5.497499704360961914e-01 4.132499992847442627e-01 4.922499954700469971e-01 4.357500076293945312e-01 8.336465358734130859e-01 4.718708097934722900e-01 5.987362265586853027e-01 2.638563513755798340e-01 4.670703709125518799e-01 3.454599082469940186e-01
9.242500066757202148e-01 5.005000233650207520e-01 6.162499785423278809e-01 5.257499814033508301e-01 7.982500195503234863e-01 2.792499959468841553e-01 8.874471783638000488e-01 3.176328539848327637e-01 7.155793905258178711e-01 5.446757078170776367e-01 8.432429432868957520e-01 4.231127500534057617e-01
9.942499995231628418e-01 2.911666631698608398e-01 8.725000172853469849e-02 9.897500276565551758e-01 3.057500123977661133e-01 6.042500138282775879e-01 8.064977526664733887e-01 3.728410601615905762e-01 4.432360231876373291e-01 9.588706493377685547e-01 3.573537766933441162e-01 7.864121198654174805e-01
9.327499866485595703e-01 1.961666643619537354e-01 5.502499938011169434e-01 5.617499947547912598e-01 1.867499947547912598e-01 6.222500205039978027e-01 8.345945477485656738e-01 4.289092421531677246e-01 6.190972328186035156e-01 9.085380434989929199e-01 1.821353882551193237e-01 6.868648529052734375e-01
2.907499969005584717e-01 4.438333213329315186e-01 6.312500238418579102e-01 9.792500138282775879e-01 9.562500119209289551e-01 8.197500109672546387e-01 2.565509378910064697e-01 3.552757799625396729e-01 7.168574333190917969e-01 7.414786219596862793e-01 8.651018738746643066e-01 6.043004989624023438e-01
2.225000038743019104e-02 6.468333601951599121e-01 7.072499990463256836e-01 3.307499885559082031e-01 7.882500290870666504e-01 4.342499971389770508e-01 2.078085765242576599e-02 6.946198344230651855e-01 7.370068430900573730e-01 3.343690037727355957e-01 7.711319923400878906e-01 3.765106201171875000e-01
1.724999956786632538e-02 2.105000019073486328e-01 3.075000084936618805e-02 3.967500030994415283e-01 8.824999630451202393e-02 2.392500042915344238e-01 3.982803598046302795e-02 3.671548664569854736e-01 8.079857379198074341e-02 3.942404389381408691e-01 1.888408698141574860e-02 3.910059928894042969e-01
9.992499947547912598e-01 2.108333259820938110e-01 4.542500078678131104e-01 9.667500257492065430e-01 7.722499966621398926e-01 5.147500038146972656e-01 8.861327767372131348e-01 2.794182896614074707e-01 8.107440471649169922e-01 9.009549617767333984e-01 7.911784052848815918e-01 3.718663454055786133e-01
1.502500027418136597e-01 6.945000290870666504e-01 7.067499756813049316e-01 2.177499979734420776e-01 9.425000101327896118e-02 7.327499985694885254e-01 9.371481835842132568e-02 5.489204525947570801e-01 4.985808134078979492e-01 2.676131725311279297e-01 1.616679728031158447e-01 5.510154962539672852e-01
9.250000119209289551e-03 6.671666502952575684e-01 8.472499847412109375e-01 4.362500011920928955e-01 1.627500057220458984e-01 2.147500067949295044e-01 1.169406715780496597e-02 5.990803837776184082e-01 7.436100244522094727e-01 4.019690155982971191e-01 1.792205274105072021e-01 2.309972345829010010e-01
9.547500014305114746e-01 3.425000011920928955e-01 2.362499982118606567e-01 2.532500028610229492e-01 3.957499861717224121e-01 3.624999895691871643e-02 8.391410708427429199e-01 5.525704622268676758e-01 4.401443898677825928e-01 1.863367855548858643e-01 3.593239784240722656e-01 1.896274536848068237e-01
3.842499852180480957e-01 7.928333282470703125e-01 6.317499876022338867e-01 7.692499756813049316e-01 8.192499876022338867e-01 7.407500147819519043e-01 3.750065863132476807e-01 5.779507160186767578e-01 5.180863738059997559e-01 6.649078726768493652e-01 8.232764005661010742e-01 4.372610449790954590e-01
8.697500228881835938e-01 5.304999947547912598e-01 9.707499742507934570e-01 6.927499771118164062e-01 5.352500081062316895e-01 5.874999985098838806e-02 8.735969066619873047e-01 4.060448110103607178e-01 8.698202967643737793e-01 8.811558485031127930e-01 6.193568110466003418e-01 3.162324726581573486e-01
1.197500005364418030e-01 7.655000090599060059e-01 3.937500119209289551e-01 4.627499878406524658e-01 2.425000071525573730e-02 7.352499961853027344e-01 7.215372473001480103e-02 6.046381592750549316e-01 1.954288780689239502e-01 3.791360855102539062e-01 7.735235244035720825e-02 5.093020796775817871e-01
7.925000041723251343e-02 4.868333339691162109e-01 4.742499887943267822e-01 2.274999953806400299e-02 9.662500023841857910e-01 8.462499976158142090e-01 8.191080391407012939e-02 5.415868163108825684e-01 5.638076663017272949e-01 5.513881146907806396e-02 8.665192127227783203e-01 6.540369987487792969e-01
4.982500076293945312e-01 3.598333299160003662e-01 6.932500004768371582e-01 8.737499713897705078e-01 3.422499895095825195e-01 8.537499904632568359e-01 5.553297996520996094e-01 3.760091662406921387e-01 6.519555449485778809e-01 6.851199865341186523e-01 2.978113293647766113e-01 6.515889167785644531e-01
2.522499859333038330e-01 2.831666767597198486e-01 6.997500061988830566e-01 4.477500021457672119e-01 3.902499973773956299e-01 6.952499747276306152e-01 2.600170075893402100e-01 3.527998328208923340e-01 6.924558281898498535e-01 4.139022529125213623e-01 3.758611977100372314e-01 5.474283099174499512e-01
2.517499923706054688e-01 6.198333501815795898e-01 4.977500140666961670e-01 7.227500081062316895e-01 5.952500104904174805e-01 5.182499885559082031e-01 2.384697943925857544e-01 6.251810193061828613e-01 6.445039510726928711e-01 6.344435811042785645e-01 5.347257852554321289e-01 3.613005876541137695e-01
4.962500035762786865e-01 5.658333301544189453e-01 8.657500147819519043e-01 8.772500157356262207e-01 2.282499969005584717e-01 8.112499713897705078e-01 6.246414780616760254e-01 3.771814107894897461e-01 6.551893949508666992e-01 7.704918384552001953e-01 2.026536911725997925e-01 6.901336908340454102e-01
3.424999862909317017e-02 4.754999876022338867e-01 7.697499990463256836e-01 2.577500045299530029e-01 8.107500076293945312e-01 5.792499780654907227e-01 2.626856602728366852e-02 5.302507281303405762e-01 8.521789908409118652e-01 4.025326371192932129e-01 8.173826932907104492e-01 5.850297212600708008e-01
1.775000058114528656e-02 2.228333353996276855e-01 6.617500185966491699e-01 5.175000056624412537e-02 1.687500029802322388e-01 7.302500009536743164e-01 2.768717240542173386e-03 2.339210212230682373e-01 7.247648239135742188e-01 1.523182094097137451e-01 7.680279761552810669e-02 6.892935037612915039e-01
6.132500171661376953e-01 4.048333466053009033e-01 4.632500112056732178e-01 7.622500061988830566e-01 1.612499952316284180e-01 7.892500162124633789e-01 6.920096278190612793e-01 4.177412986755371094e-01 4.520529210567474365e-01 5.911098718643188477e-01 1.060599088668823242e-01 6.218768954277038574e-01
3.557499945163726807e-01 4.548333287239074707e-01 2.712500095367431641e-01 3.907499909400939941e-01 8.172500133514404297e-01 9.425000101327896118e-02 3.202214539051055908e-01 6.055038571357727051e-01 3.436015844345092773e-01 3.594048321247100830e-01 8.069813251495361328e-01 3.245127201080322266e-01
2.172500044107437134e-01 6.765000224113464355e-01 9.674999862909317017e-02 9.392499923706054688e-01 9.047499895095825195e-01 6.832500100135803223e-01 2.328887283802032471e-01 7.168093919754028320e-01 1.562948673963546753e-01 7.731611728668212891e-01 7.708740234375000000e-01 6.579087972640991211e-01
4.377500116825103760e-01 3.538333475589752197e-01 5.725000053644180298e-02 3.642500042915344238e-01 2.675000019371509552e-02 4.397499859333038330e-01 4.055468142032623291e-01 4.439065158367156982e-01 1.338899433612823486e-01 4.936655461788177490e-01 6.756657361984252930e-02 6.396964788436889648e-01
1.782499998807907104e-01 5.178333520889282227e-01 6.672499775886535645e-01 5.974999815225601196e-02 6.962500214576721191e-01 1.482499986886978149e-01 1.238894909620285034e-01 4.738080203533172607e-01 7.469525933265686035e-01 1.526482850313186646e-01 8.806150555610656738e-01 5.080455541610717773e-01
1.992499977350234985e-01 3.591666519641876221e-01 9.657499790191650391e-01 3.250000067055225372e-03 8.375000208616256714e-02 1.747500002384185791e-01 1.546107232570648193e-01 4.489741623401641846e-01 6.265271902084350586e-01 3.140936493873596191e-01 1.408813893795013428e-01 3.705407977104187012e-01
7.137500047683715820e-01 4.058333337306976318e-01 9.047499895095825195e-01 5.977500081062316895e-01 2.067500054836273193e-01 6.487500071525573730e-01 6.978691220283508301e-01 3.381648957729339600e-01 7.296457886695861816e-01 8.865355849266052246e-01 2.318623363971710205e-01 6.799929738044738770e-01
2.687500119209289551e-01 6.104999780654907227e-01 4.147500097751617432e-01 2.887499928474426270e-01 8.177499771118164062e-01 2.337500005960464478e-01 2.275104969739913940e-01 6.580721735954284668e-01 2.987082004547119141e-01 4.120601415634155273e-01 8.851670026779174805e-01 3.852707445621490479e-01
9.477499723434448242e-01 2.308333367109298706e-01 1.042499989271163940e-01 3.242500126361846924e-01 1.475000008940696716e-02 7.307500243186950684e-01 6.414746642112731934e-01 4.364343583583831787e-01 2.533332705497741699e-01 5.955896973609924316e-01 4.392562806606292725e-02 5.093282461166381836e-01
5.237500071525573730e-01 5.421666502952575684e-01 4.572499990463256836e-01 7.225000113248825073e-02 6.075000017881393433e-02 4.832499921321868896e-01 4.846220910549163818e-01 4.376677870750427246e-01 3.667362034320831299e-01 3.189486861228942871e-01 1.432088017463684082e-01 5.917794108390808105e-01
6.227499842643737793e-01 5.504999756813049316e-01 9.182500243186950684e-01 2.882499992847442627e-01 4.312500059604644775e-01 7.077500224113464355e-01 5.991620421409606934e-01 3.692668676376342773e-01 6.487586498260498047e-01 3.061879873275756836e-01 4.925791919231414795e-01 4.556726813316345215e-01
8.425000309944152832e-02 3.655000030994415283e-01 1.875000074505805969e-02 4.672499895095825195e-01 2.232500016689300537e-01 3.777500092983245850e-01 8.797507733106613159e-02 6.069431304931640625e-01 1.621801406145095825e-01 4.905656576156616211e-01 8.427093178033828735e-02 6.579827070236206055e-01
4.174999892711639404e-02 7.754999995231628418e-01 2.872500121593475342e-01 9.377499818801879883e-01 2.587499916553497314e-01 1.472499966621398926e-01 6.933408975601196289e-02 7.691280245780944824e-01 3.723946213722229004e-01 8.745284676551818848e-01 2.819861471652984619e-01 2.466534823179244995e-01
6.202499866485595703e-01 6.754999756813049316e-01 3.052499890327453613e-01 7.287499904632568359e-01 2.812500000000000000e-01 8.947499990463256836e-01 6.556143760681152344e-01 5.716871619224548340e-01 3.613141775131225586e-01 4.595258831977844238e-01 2.249350696802139282e-01 6.395911574363708496e-01
5.992500185966491699e-01 7.551666498184204102e-01 8.052499890327453613e-01 4.177500009536743164e-01 7.957500219345092773e-01 1.612499952316284180e-01 7.012948393821716309e-01 5.674191713333129883e-01 5.762903690338134766e-01 4.703621566295623779e-01 8.119099140167236328e-01 3.292773663997650146e-01
6.677500009536743164e-01 6.388333439826965332e-01 2.257499992847442627e-01 1.757500022649765015e-01 1.952500045299530029e-01 1.592500060796737671e-01 6.916039586067199707e-01 7.389302849769592285e-01 1.642892211675643921e-01 3.280361294746398926e-01 2.107748985290527344e-01 3.421715795993804932e-01
1.492500007152557373e-01 5.341666936874389648e-01 2.392500042915344238e-01 5.562499761581420898e-01 3.927499949932098389e-01 8.967499732971191406e-01 1.333531588315963745e-01 5.703275203704833984e-01 1.289161443710327148e-01 4.609050452709197998e-01 3.424053490161895752e-01 8.982959985733032227e-01
