5.437499880790710449e-01 4.833333194255828857e-01 4.277499914169311523e-01 4.059999883174896240e-01 5.849999785423278809e-01 8.250000327825546265e-02 5.413930416107177734e-01 4.836882948875427246e-01 4.314067661762237549e-01 4.100042879581451416e-01 5.806707143783569336e-01 8.303775638341903687e-02
5.437499880790710449e-01 4.833333194255828857e-01 4.277499914169311523e-01 4.059999883174896240e-01 5.849999785423278809e-01 1.105000004172325134e-01 5.416477322578430176e-01 4.839085042476654053e-01 4.315586686134338379e-01 4.100333750247955322e-01 5.804774761199951172e-01 1.213488355278968811e-01
5.437499880790710449e-01 4.833333194255828857e-01 4.277499914169311523e-01 4.059999883174896240e-01 5.849999785423278809e-01 8.364999890327453613e-01 5.437631607055664062e-01 4.832853376865386963e-01 4.274319708347320557e-01 4.065044224262237549e-01 5.848588347434997559e-01 8.420013189315795898e-01
5.437499880790710449e-01 4.833333194255828857e-01 4.277499914169311523e-01 4.059999883174896240e-01 5.849999785423278809e-01 5.499999970197677612e-03 5.412052869796752930e-01 4.837740957736968994e-01 4.315706491470336914e-01 4.103431105613708496e-01 5.804332494735717773e-01 9.430917352437973022e-02
5.437499880790710449e-01 4.833333194255828857e-01 4.277499914169311523e-01 4.059999883174896240e-01 5.849999785423278809e-01 3.774999976158142090e-01 5.415794849395751953e-01 4.840800762176513672e-01 4.318161904811859131e-01 4.108715355396270752e-01 5.798397064208984375e-01 3.100177943706512451e-01
5.437499880790710449e-01 4.833333194255828857e-01 4.277499914169311523e-01 4.059999883174896240e-01 5.849999785423278809e-01 5.950000137090682983e-02 5.413950681686401367e-01 4.836085438728332520e-01 4.311950504779815674e-01 4.095908701419830322e-01 5.810909271240234375e-01 4.939196631312370300e-02
5.437499880790710449e-01 4.833333194255828857e-01 4.277499914169311523e-01 4.059999883174896240e-01 5.849999785423278809e-01 1.350000035017728806e-02 5.408890843391418457e-01 4.834123849868774414e-01 4.311880469322204590e-01 4.101483821868896484e-01 5.809121727943420410e-01 5.536662414669990540e-02
5.437499880790710449e-01 4.833333194255828857e-01 4.277499914169311523e-01 4.059999883174896240e-01 5.849999785423278809e-01 9.585000276565551758e-01 5.442148447036743164e-01 4.837107062339782715e-01 4.253429174423217773e-01 4.047234356403350830e-01 5.865936279296875000e-01 9.737293124198913574e-01
5.437499880790710449e-01 4.833333194255828857e-01 4.277499914169311523e-01 4.059999883174896240e-01 5.849999785423278809e-01 3.844999969005584717e-01 5.418556928634643555e-01 4.840936958789825439e-01 4.316812157630920410e-01 4.109240174293518066e-01 5.798032283782958984e-01 4.524224102497100830e-01
5.437499880790710449e-01 4.833333194255828857e-01 4.277499914169311523e-01 4.059999883174896240e-01 5.849999785423278809e-01 5.435000061988830566e-01 5.416179299354553223e-01 4.841514825820922852e-01 4.312230646610260010e-01 4.108187258243560791e-01 5.802526473999023438e-01 5.400897860527038574e-01
5.437499880790710449e-01 4.833333194255828857e-01 4.277499914169311523e-01 4.059999883174896240e-01 5.849999785423278809e-01 8.015000224113464355e-01 5.435121655464172363e-01 4.834054410457611084e-01 4.266282618045806885e-01 4.066800773143768311e-01 5.853126049041748047e-01 8.353571295738220215e-01
5.437499880790710449e-01 4.833333194255828857e-01 4.277499914169311523e-01 4.059999883174896240e-01 5.849999785423278809e-01 2.745000123977661133e-01 5.407332777976989746e-01 4.838396608829498291e-01 4.315606057643890381e-01 4.113769531250000000e-01 5.799011588096618652e-01 3.070797920227050781e-01
5.437499880790710449e-01 4.833333194255828857e-01 4.277499914169311523e-01 4.059999883174896240e-01 5.849999785423278809e-01 1.994999945163726807e-01 5.405504703521728516e-01 4.835980534553527832e-01 4.315220713615417480e-01 4.110179245471954346e-01 5.803075432777404785e-01 1.033737659454345703e-01
5.437499880790710449e-01 4.833333194255828857e-01 4.277499914169311523e-01 4.059999883174896240e-01 5.849999785423278809e-01 7.814999818801879883e-01 5.423586964607238770e-01 4.838829338550567627e-01 4.298966526985168457e-01 4.091753959655761719e-01 5.819918513298034668e-01 6.568851470947265625e-01
5.437499880790710449e-01 4.833333194255828857e-01 4.277499914169311523e-01 4.059999883174896240e-01 5.849999785423278809e-01 9.394999742507934570e-01 5.450949072837829590e-01 4.827432334423065186e-01 4.244487285614013672e-01 4.037940502166748047e-01 5.882180333137512207e-01 9.347683191299438477e-01
5.437499880790710449e-01 4.833333194255828857e-01 4.277499914169311523e-01 4.059999883174896240e-01 5.849999785423278809e-01 4.584999978542327881e-01 5.418109297752380371e-01 4.840885102748870850e-01 4.316637814044952393e-01 4.109172224998474121e-01 5.798797011375427246e-01 4.452091753482818604e-01
5.437499880790710449e-01 4.833333194255828857e-01 4.277499914169311523e-01 4.059999883174896240e-01 5.849999785423278809e-01 6.449999660253524780e-02 5.408495068550109863e-01 4.834980964660644531e-01 4.313149452209472656e-01 4.104699492454528809e-01 5.806463956832885742e-01 8.311961591243743896e-02
5.437499880790710449e-01 4.833333194255828857e-01 4.277499914169311523e-01 4.059999883174896240e-01 5.849999785423278809e-01 4.045000076293945312e-01 5.416424870491027832e-01 4.841373264789581299e-01 4.319538772106170654e-01 4.111945927143096924e-01 5.794595479965209961e-01 4.557070434093475342e-01
5.437499880790710449e-01 4.833333194255828857e-01 4.277499914169311523e-01 4.059999883174896240e-01 5.849999785423278809e-01 7.975000143051147461e-01 5.431909561157226562e-01 4.838612675666809082e-01 4.273926019668579102e-01 4.069422781467437744e-01 5.843326449394226074e-01 8.872908353805541992e-01
5.437499880790710449e-01 4.833333194255828857e-01 4.277499914169311523e-01 4.059999883174896240e-01 5.849999785423278809e-01 8.734999895095825195e-01 5.452791452407836914e-01 4.826814532279968262e-01 4.237478077411651611e-01 4.034352302551269531e-01 5.888924598693847656e-01 9.464552402496337891e-01
5.437499880790710449e-01 4.833333194255828857e-01 4.277499914169311523e-01 4.059999883174896240e-01 5.849999785423278809e-01 4.084999859333038330e-01 5.413720011711120605e-01 4.842057526111602783e-01 4.320995509624481201e-01 4.113855063915252686e-01 5.793841481208801270e-01 3.972681164741516113e-01
5.437499880790710449e-01 4.833333194255828857e-01 4.277499914169311523e-01 4.059999883174896240e-01 5.849999785423278809e-01 4.174999892711639404e-01 5.414606332778930664e-01 4.841979742050170898e-01 4.320604205131530762e-01 4.113599359989166260e-01 5.793787240982055664e-01 4.531540274620056152e-01
5.437499880790710449e-01 4.833333194255828857e-01 4.277499914169311523e-01 4.059999883174896240e-01 5.849999785423278809e-01 8.349999785423278809e-02 5.408115386962890625e-01 4.832973778247833252e-01 4.310482740402221680e-01 4.099084734916687012e-01 5.812159776687622070e-01 3.228882700204849243e-02
5.437499880790710449e-01 4.833333194255828857e-01 4.277499914169311523e-01 4.059999883174896240e-01 5.849999785423278809e-01 6.604999899864196777e-01 5.425660610198974609e-01 4.837851524353027344e-01 4.288000166416168213e-01 4.086594581604003906e-01 5.829190015792846680e-01 6.820932626724243164e-01
5.437499880790710449e-01 4.833333194255828857e-01 4.277499914169311523e-01 4.059999883174896240e-01 5.849999785423278809e-01 6.165000200271606445e-01 5.427704453468322754e-01 4.837233126163482666e-01 4.289695620536804199e-01 4.085198938846588135e-01 5.828537940979003906e-01 7.122359871864318848e-01
5.437499880790710449e-01 4.833333194255828857e-01 4.277499914169311523e-01 4.059999883174896240e-01 5.849999785423278809e-01 1.714999973773956299e-01 5.413872003555297852e-01 4.839665591716766357e-01 4.317373335361480713e-01 4.105885028839111328e-01 5.800733566284179688e-01 1.976058036088943481e-01
5.437499880790710449e-01 4.833333194255828857e-01 4.277499914169311523e-01 4.059999883174896240e-01 5.849999785423278809e-01 4.375000000000000000e-01 5.415540933609008789e-01 4.841562807559967041e-01 4.319980740547180176e-01 4.112880527973175049e-01 5.793992877006530762e-01 4.618039131164550781e-01
5.437499880790710449e-01 4.833333194255828857e-01 4.277499914169311523e-01 4.059999883174896240e-01 5.849999785423278809e-01 3.434999883174896240e-01 5.416031479835510254e-01 4.841181635856628418e-01 4.318589568138122559e-01 4.110527634620666504e-01 5.796905755996704102e-01 3.951128125190734863e-01
5.437499880790710449e-01 4.833333194255828857e-01 4.277499914169311523e-01 4.059999883174896240e-01 5.849999785423278809e-01 5.845000147819519043e-01 5.417605638504028320e-01 4.841505885124206543e-01 4.316053688526153564e-01 4.107365012168884277e-01 5.799785852432250977e-01 5.100978612899780273e-01
5.437499880790710449e-01 4.833333194255828857e-01 4.277499914169311523e-01 4.059999883174896240e-01 5.849999785423278809e-01 1.955000013113021851e-01 5.406265258789062500e-01 4.837805628776550293e-01 4.314404129981994629e-01 4.113973677158355713e-01 5.800172686576843262e-01 2.971655428409576416e-01
5.437499880790710449e-01 4.833333194255828857e-01 4.277499914169311523e-01 4.059999883174896240e-01 5.849999785423278809e-01 2.615000009536743164e-01 5.414289236068725586e-01 4.841192960739135742e-01 4.319194853305816650e-01 4.109508693218231201e-01 5.797597765922546387e-01 2.792412340641021729e-01
5.437499880790710449e-01 4.833333194255828857e-01 4.277499914169311523e-01 4.059999883174896240e-01 5.849999785423278809e-01 2.499999944120645523e-03 5.412435531616210938e-01 4.834390282630920410e-01 4.311286509037017822e-01 4.094295501708984375e-01 5.812771916389465332e-01 2.644557692110538483e-02
5.437499880790710449e-01 4.833333194255828857e-01 4.277499914169311523e-01 4.059999883174896240e-01 5.849999785423278809e-01 2.845000028610229492e-01 5.418316125869750977e-01 4.839551746845245361e-01 4.316168427467346191e-01 4.103189408779144287e-01 5.801827907562255859e-01 2.312142401933670044e-01
5.437499880790710449e-01 4.833333194255828857e-01 4.277499914169311523e-01 4.059999883174896240e-01 5.849999785423278809e-01 1.215000003576278687e-01 5.400879979133605957e-01 4.836123287677764893e-01 4.315757155418395996e-01 4.113415479660034180e-01 5.800561904907226562e-01 1.288779079914093018e-01
5.437499880790710449e-01 4.833333194255828857e-01 4.277499914169311523e-01 4.059999883174896240e-01 5.849999785423278809e-01 6.834999918937683105e-01 5.429481863975524902e-01 4.836364388465881348e-01 4.292340278625488281e-01 4.082754254341125488e-01 5.827503800392150879e-01 7.284305095672607422e-01
5.437499880790710449e-01 4.833333194255828857e-01 4.277499914169311523e-01 4.059999883174896240e-01 5.849999785423278809e-01 6.294999718666076660e-01 5.419822335243225098e-01 4.839700162410736084e-01 4.298318028450012207e-01 4.096081554889678955e-01 5.817462205886840820e-01 5.892859697341918945e-01
5.437499880790710449e-01 4.833333194255828857e-01 4.277499914169311523e-01 4.059999883174896240e-01 5.849999785423278809e-01 1.554999947547912598e-01 5.411455035209655762e-01 4.840201735496520996e-01 4.318318665027618408e-01 4.109753668308258057e-01 5.799168944358825684e-01 2.053227722644805908e-01
5.437499880790710449e-01 4.833333194255828857e-01 4.277499914169311523e-01 4.059999883174896240e-01 5.849999785423278809e-01 9.955000281333923340e-01 5.477496981620788574e-01 4.817007184028625488e-01 4.186268746852874756e-01 3.983616232872009277e-01 5.947126150131225586e-01 9.897435307502746582e-01
5.437499880790710449e-01 4.833333194255828857e-01 4.277499914169311523e-01 4.059999883174896240e-01 5.849999785423278809e-01 2.635000050067901611e-01 5.417889952659606934e-01 4.840189516544342041e-01 4.317349195480346680e-01 4.105621874332427979e-01 5.799747705459594727e-01 2.673276960849761963e-01
5.437499880790710449e-01 4.833333194255828857e-01 4.277499914169311523e-01 4.059999883174896240e-01 5.849999785423278809e-01 2.050000056624412537e-02 5.410740375518798828e-01 4.832659661769866943e-01 4.309211373329162598e-01 4.094878733158111572e-01 5.814065933227539062e-01 3.071438334882259369e-02
5.437499880790710449e-01 4.833333194255828857e-01 4.277499914169311523e-01 4.059999883174896240e-01 5.849999785423278809e-01 4.684999883174896240e-01 5.416648387908935547e-01 4.841846227645874023e-01 4.318358004093170166e-01 4.111491441726684570e-01 5.796133875846862793e-01 4.783228933811187744e-01
5.437499880790710449e-01 4.833333194255828857e-01 4.277499914169311523e-01 4.059999883174896240e-01 5.849999785423278809e-01 5.615000128746032715e-01 5.420314669609069824e-01 4.840584993362426758e-01 4.310320913791656494e-01 4.101467430591583252e-01 5.806942582130432129e-01 5.477447509765625000e-01
5.437499880790710449e-01 4.833333194255828857e-01 4.277499914169311523e-01 4.059999883174896240e-01 5.849999785423278809e-01 5.295000076293945312e-01 5.418354272842407227e-01 4.841341674327850342e-01 4.313739240169525146e-01 4.106481075286865234e-01 5.802372097969055176e-01 5.241945981979370117e-01
5.437499880790710449e-01 4.833333194255828857e-01 4.277499914169311523e-01 4.059999883174896240e-01 5.849999785423278809e-01 3.634999990463256836e-01 5.425462722778320312e-01 4.839125275611877441e-01 4.310684800148010254e-01 4.097942411899566650e-01 5.807368159294128418e-01 3.738605380058288574e-01
5.437499880790710449e-01 4.833333194255828857e-01 4.277499914169311523e-01 4.059999883174896240e-01 5.849999785423278809e-01 6.154999732971191406e-01 5.426505804061889648e-01 4.838898479938507080e-01 4.292292892932891846e-01 4.086911678314208984e-01 5.825234651565551758e-01 6.387605071067810059e-01
5.437499880790710449e-01 4.833333194255828857e-01 4.277499914169311523e-01 4.059999883174896240e-01 5.849999785423278809e-01 5.000000237487256527e-04 5.399044752120971680e-01 4.831703305244445801e-01 4.311569333076477051e-01 4.110946357250213623e-01 5.806918144226074219e-01 5.415016785264015198e-02
5.437499880790710449e-01 4.833333194255828857e-01 4.277499914169311523e-01 4.059999883174896240e-01 5.849999785423278809e-01 8.500000461935997009e-03 5.414046645164489746e-01 4.838858842849731445e-01 4.316619634628295898e-01 4.104542434215545654e-01 5.802153944969177246e-01 1.554277092218399048e-01
5.437499880790710449e-01 4.833333194255828857e-01 4.277499914169311523e-01 4.059999883174896240e-01 5.849999785423278809e-01 5.504999756813049316e-01 5.420175790786743164e-01 4.840539693832397461e-01 4.310003519058227539e-01 4.100870490074157715e-01 5.807459950447082520e-01 5.783981084823608398e-01
5.437499880790710449e-01 4.833333194255828857e-01 4.277499914169311523e-01 4.059999883174896240e-01 5.849999785423278809e-01 9.325000047683715820e-01 5.446757674217224121e-01 4.828897416591644287e-01 4.252227842807769775e-01 4.045465588569641113e-01 5.873545408248901367e-01 9.152339696884155273e-01
5.437499880790710449e-01 4.833333194255828857e-01 4.277499914169311523e-01 4.059999883174896240e-01 5.849999785423278809e-01 1.574999988079071045e-01 5.415244102478027344e-01 4.836592972278594971e-01 4.313529133796691895e-01 4.098635315895080566e-01 5.807150006294250488e-01 9.022361785173416138e-02
