1.775000058114528656e-02 2.228333353996276855e-01 6.617500185966491699e-01 5.175000056624412537e-02 1.687500029802322388e-01 7.302500009536743164e-01 1.811002264730632305e-03 1.670654863119125366e-01 8.498960137367248535e-01 8.694387227296829224e-02 4.554001241922378540e-02 6.134280562400817871e-01
6.202499866485595703e-01 6.754999756813049316e-01 3.052499890327453613e-01 7.287499904632568359e-01 2.812500000000000000e-01 8.947499990463256836e-01 6.532320976257324219e-01 5.688726902008056641e-01 3.530033528804779053e-01 4.528427720069885254e-01 2.202093154191970825e-01 5.972842574119567871e-01
9.992499947547912598e-01 2.108333259820938110e-01 4.542500078678131104e-01 9.667500257492065430e-01 7.722499966621398926e-01 5.147500038146972656e-01 9.097939729690551758e-01 2.901130616664886475e-01 7.433233857154846191e-01 9.678636789321899414e-01 8.363157510757446289e-01 4.339563846588134766e-01
7.137500047683715820e-01 4.058333337306976318e-01 9.047499895095825195e-01 5.977500081062316895e-01 2.067500054836273193e-01 6.487500071525573730e-01 7.107398509979248047e-01 3.945015072822570801e-01 6.854026913642883301e-01 9.510203599929809570e-01 2.362513840198516846e-01 6.398642063140869141e-01
1.832499951124191284e-01 1.901666671037673950e-01 9.902499914169311523e-01 3.447499871253967285e-01 4.292500019073486328e-01 1.432500034570693970e-01 2.615829408168792725e-01 4.087465703487396240e-01 6.949904561042785645e-01 5.201901197433471680e-01 4.446577131748199463e-01 4.273348152637481689e-01
5.857499837875366211e-01 5.264999866485595703e-01 9.624999761581420898e-02 1.667499989271163940e-01 6.437500119209289551e-01 8.047500252723693848e-01 5.547840595245361328e-01 5.624081492424011230e-01 1.592619270086288452e-01 2.350055575370788574e-01 7.087256312370300293e-01 7.694454193115234375e-01
9.250000119209289551e-03 6.671666502952575684e-01 8.472499847412109375e-01 4.362500011920928955e-01 1.627500057220458984e-01 2.147500067949295044e-01 1.499274093657732010e-02 5.946744680404663086e-01 8.067362308502197266e-01 2.632896304130554199e-01 1.688571870326995850e-01 2.510322332382202148e-01
7.037500143051147461e-01 2.081666737794876099e-01 5.124999955296516418e-02 8.377500176429748535e-01 9.057499766349792480e-01 5.697500109672546387e-01 6.744961738586425781e-01 2.896531224250793457e-01 2.936257123947143555e-01 7.974984645843505859e-01 8.558990955352783203e-01 6.333125829696655273e-01
9.367499947547912598e-01 3.151666522026062012e-01 9.037500023841857910e-01 7.222499847412109375e-01 3.497500121593475342e-01 3.747499883174896240e-01 8.434262871742248535e-01 3.645612299442291260e-01 8.578517436981201172e-01 9.990949630737304688e-01 4.132024347782135010e-01 4.541972875595092773e-01
8.942499756813049316e-01 6.038333177566528320e-01 5.497499704360961914e-01 4.132499992847442627e-01 4.922499954700469971e-01 4.357500076293945312e-01 8.470049500465393066e-01 5.125687122344970703e-01 5.152996182441711426e-01 3.586216568946838379e-01 5.012217164039611816e-01 3.824366033077239990e-01
2.087499946355819702e-01 8.308333158493041992e-01 8.952500224113464355e-01 2.347500026226043701e-01 1.957499980926513672e-01 4.662500023841857910e-01 2.235217094421386719e-01 5.959010720252990723e-01 5.807282328605651855e-01 3.204987943172454834e-01 2.690480351448059082e-01 2.843588888645172119e-01
8.002499938011169434e-01 3.785000145435333252e-01 3.072499930858612061e-01 7.832499742507934570e-01 1.722500026226043701e-01 9.412500262260437012e-01 7.451424598693847656e-01 4.952538609504699707e-01 4.850983619689941406e-01 7.817735075950622559e-01 1.283377707004547119e-01 6.299599409103393555e-01
8.162500262260437012e-01 6.061666607856750488e-01 4.707500040531158447e-01 2.437500059604644775e-01 1.947499960660934448e-01 3.232499957084655762e-01 7.676922082901000977e-01 6.487424373626708984e-01 3.969825804233551025e-01 4.269476532936096191e-01 1.535406857728958130e-01 3.677063286304473877e-01
5.922499895095825195e-01 3.555000126361846924e-01 8.552500009536743164e-01 7.402499914169311523e-01 2.752499878406524658e-01 4.337500035762786865e-01 6.752297282218933105e-01 4.055387377738952637e-01 6.847051978111267090e-01 9.606935381889343262e-01 2.878667116165161133e-01 5.996333360671997070e-01
7.925000041723251343e-02 4.868333339691162109e-01 4.742499887943267822e-01 2.274999953806400299e-02 9.662500023841857910e-01 8.462499976158142090e-01 1.038349419832229614e-01 5.480976700782775879e-01 6.578700542449951172e-01 1.985278911888599396e-02 8.270334601402282715e-01 6.312431693077087402e-01
6.927499771118164062e-01 6.318333148956298828e-01 3.787499964237213135e-01 6.617500185966491699e-01 3.747499883174896240e-01 4.137499928474426270e-01 6.583092212677001953e-01 6.971695423126220703e-01 3.699272572994232178e-01 6.825141310691833496e-01 3.156442940235137939e-01 3.408028781414031982e-01
2.542499899864196777e-01 5.245000123977661133e-01 5.952500104904174805e-01 8.477500081062316895e-01 5.725000053644180298e-02 4.232499897480010986e-01 2.799201309680938721e-01 3.047993779182434082e-01 5.399483442306518555e-01 7.742168903350830078e-01 8.093254268169403076e-02 4.396437108516693115e-01
7.262499928474426270e-01 3.008333444595336914e-01 2.924999967217445374e-02 6.517500281333923340e-01 3.974999859929084778e-02 5.482500195503234863e-01 6.008952260017395020e-01 4.029557108879089355e-01 3.134492933750152588e-01 7.527296543121337891e-01 4.640132188796997070e-02 5.295044779777526855e-01
2.172500044107437134e-01 6.765000224113464355e-01 9.674999862909317017e-02 9.392499923706054688e-01 9.047499895095825195e-01 6.832500100135803223e-01 1.987105160951614380e-01 7.132890820503234863e-01 1.544547677040100098e-01 8.309051394462585449e-01 7.492191195487976074e-01 6.335026621818542480e-01
9.327499866485595703e-01 1.961666643619537354e-01 5.502499938011169434e-01 5.617499947547912598e-01 1.867499947547912598e-01 6.222500205039978027e-01 8.537292480468750000e-01 5.133010745048522949e-01 5.805595517158508301e-01 9.749646186828613281e-01 1.869462877511978149e-01 6.762756705284118652e-01
1.724999956786632538e-02 2.105000019073486328e-01 3.075000084936618805e-02 3.967500030994415283e-01 8.824999630451202393e-02 2.392500042915344238e-01 3.605103492736816406e-02 3.499366939067840576e-01 1.551252454519271851e-01 2.110365778207778931e-01 1.110156252980232239e-02 3.109402060508728027e-01
3.992500007152557373e-01 4.884999990463256836e-01 2.152500003576278687e-01 9.512500166893005371e-01 1.624999940395355225e-02 1.362500041723251343e-01 6.827671527862548828e-01 4.618060588836669922e-01 3.188658058643341064e-01 7.632958889007568359e-01 3.804931417107582092e-02 4.886291921138763428e-01
1.992499977350234985e-01 3.591666519641876221e-01 9.657499790191650391e-01 3.250000067055225372e-03 8.375000208616256714e-02 1.747500002384185791e-01 1.567648053169250488e-01 4.096386432647705078e-01 6.216676235198974609e-01 3.217128515243530273e-01 1.404504626989364624e-01 3.205044269561767578e-01
3.842499852180480957e-01 7.928333282470703125e-01 6.317499876022338867e-01 7.692499756813049316e-01 8.192499876022338867e-01 7.407500147819519043e-01 3.884518444538116455e-01 5.717181563377380371e-01 4.919607639312744141e-01 7.186014652252197266e-01 8.387598395347595215e-01 4.417650699615478516e-01
9.607499837875366211e-01 1.688333302736282349e-01 9.202499985694885254e-01 7.357500195503234863e-01 8.472499847412109375e-01 3.482500016689300537e-01 8.929616808891296387e-01 3.400418162345886230e-01 8.877173662185668945e-01 9.557756781578063965e-01 8.019148707389831543e-01 2.604880034923553467e-01
3.167499899864196777e-01 7.714999914169311523e-01 3.377499878406524658e-01 3.597500026226043701e-01 8.707500100135803223e-01 7.347499728202819824e-01 3.140714764595031738e-01 6.175571680068969727e-01 1.538424789905548096e-01 3.867037296295166016e-01 9.030217528343200684e-01 8.216471076011657715e-01
5.967500209808349609e-01 5.328333377838134766e-01 5.092499852180480957e-01 5.947499871253967285e-01 3.992500007152557373e-01 3.677499890327453613e-01 5.712873339653015137e-01 5.094062685966491699e-01 4.951571524143218994e-01 6.313517689704895020e-01 4.072836637496948242e-01 4.858995079994201660e-01
2.225000038743019104e-02 6.468333601951599121e-01 7.072499990463256836e-01 3.307499885559082031e-01 7.882500290870666504e-01 4.342499971389770508e-01 3.058325126767158508e-02 7.378734946250915527e-01 8.045769929885864258e-01 2.027551829814910889e-01 7.482425570487976074e-01 3.708101212978363037e-01
5.237500071525573730e-01 5.421666502952575684e-01 4.572499990463256836e-01 7.225000113248825073e-02 6.075000017881393433e-02 4.832499921321868896e-01 5.287435650825500488e-01 4.521045386791229248e-01 3.731743097305297852e-01 2.638584077358245850e-01 1.275378763675689697e-01 5.662972331047058105e-01
1.967500001192092896e-01 5.351666808128356934e-01 5.907499790191650391e-01 6.075000017881393433e-02 9.127500057220458984e-01 9.517499804496765137e-01 2.166751921176910400e-01 5.393016934394836426e-01 5.125648975372314453e-01 8.051353693008422852e-02 9.245060086250305176e-01 8.440430760383605957e-01
8.425000309944152832e-02 3.655000030994415283e-01 1.875000074505805969e-02 4.672499895095825195e-01 2.232500016689300537e-01 3.777500092983245850e-01 1.018871441483497620e-01 5.683071613311767578e-01 1.667117923498153687e-01 4.113620221614837646e-01 7.036518305540084839e-02 6.280109882354736328e-01
2.367500066757202148e-01 5.378333330154418945e-01 3.197500109672546387e-01 2.102500051259994507e-01 3.602499961853027344e-01 9.782500267028808594e-01 1.961216926574707031e-01 5.801063179969787598e-01 1.919650733470916748e-01 2.555566728115081787e-01 4.087641537189483643e-01 8.354014754295349121e-01
7.152500152587890625e-01 2.968333363533020020e-01 3.749999916180968285e-03 2.847500145435333252e-01 3.277499973773956299e-01 7.597500085830688477e-01 5.766268372535705566e-01 3.316399753093719482e-01 2.562851607799530029e-01 3.156966567039489746e-01 3.376652896404266357e-01 7.295396924018859863e-01
5.397499799728393555e-01 4.061666727066040039e-01 6.297500133514404297e-01 3.267500102519989014e-01 3.487499952316284180e-01 5.725000053644180298e-02 4.378554821014404297e-01 4.263220131397247314e-01 6.406441926956176758e-01 5.066752433776855469e-01 4.019632935523986816e-01 3.351423144340515137e-01
6.872500181198120117e-01 1.895000040531158447e-01 7.222499847412109375e-01 8.382499814033508301e-01 9.427499771118164062e-01 2.312500029802322388e-01 7.491627931594848633e-01 2.790917158126831055e-01 8.327504992485046387e-01 8.476281762123107910e-01 8.775383830070495605e-01 3.237849175930023193e-01
9.422500133514404297e-01 5.985000133514404297e-01 2.437500059604644775e-01 3.787499964237213135e-01 7.767500281333923340e-01 7.297499775886535645e-01 9.294374585151672363e-01 5.891628265380859375e-01 1.185751557350158691e-01 4.327824413776397705e-01 8.280487060546875000e-01 6.998071670532226562e-01
6.227499842643737793e-01 5.504999756813049316e-01 9.182500243186950684e-01 2.882499992847442627e-01 4.312500059604644775e-01 7.077500224113464355e-01 6.283565759658813477e-01 3.807106316089630127e-01 5.930040478706359863e-01 2.900741994380950928e-01 4.923398196697235107e-01 4.856113493442535400e-01
6.677500009536743164e-01 6.388333439826965332e-01 2.257499992847442627e-01 1.757500022649765015e-01 1.952500045299530029e-01 1.592500060796737671e-01 6.877787113189697266e-01 7.723833918571472168e-01 1.996085345745086670e-01 2.691105008125305176e-01 1.788466423749923706e-01 3.082091212272644043e-01
4.192500114440917969e-01 8.331666588783264160e-01 2.402500063180923462e-01 3.272500038146972656e-01 2.727499902248382568e-01 9.457499980926513672e-01 3.178369998931884766e-01 7.141288518905639648e-01 1.058102920651435852e-01 4.234898090362548828e-01 2.895677685737609863e-01 6.762778162956237793e-01
4.422500133514404297e-01 1.764999926090240479e-01 4.402500092983245850e-01 1.772499978542327881e-01 7.625000178813934326e-02 4.262500107288360596e-01 5.434032082557678223e-01 2.601196169853210449e-01 3.728704452514648438e-01 1.967441737651824951e-01 1.235484108328819275e-01 5.983644127845764160e-01
8.725000172853469849e-02 5.738333463668823242e-01 8.117499947547912598e-01 8.967499732971191406e-01 4.697499871253967285e-01 8.602499961853027344e-01 5.820121243596076965e-02 5.222706794738769531e-01 7.795965075492858887e-01 8.549321293830871582e-01 4.177300631999969482e-01 6.808606982231140137e-01
2.562499940395355225e-01 6.324999928474426270e-01 7.047500014305114746e-01 3.497500121593475342e-01 2.192499935626983643e-01 1.677500009536743164e-01 3.374850153923034668e-01 5.123630166053771973e-01 5.748000144958496094e-01 4.049459695816040039e-01 2.784303724765777588e-01 3.700971305370330811e-01
1.117499992251396179e-01 3.808333277702331543e-01 1.052500009536743164e-01 5.272499918937683105e-01 7.074999809265136719e-02 1.727499961853027344e-01 1.480618715286254883e-01 3.827864825725555420e-01 4.095584452152252197e-01 2.760002315044403076e-01 4.756021499633789062e-02 2.318979501724243164e-01
1.197500005364418030e-01 7.655000090599060059e-01 3.937500119209289551e-01 4.627499878406524658e-01 2.425000071525573730e-02 7.352499961853027344e-01 8.911389857530593872e-02 5.673878192901611328e-01 2.249233424663543701e-01 2.531360089778900146e-01 5.756562203168869019e-02 4.550060629844665527e-01
1.502500027418136597e-01 6.945000290870666504e-01 7.067499756813049316e-01 2.177499979734420776e-01 9.425000101327896118e-02 7.327499985694885254e-01 1.144823357462882996e-01 5.032184720039367676e-01 4.817063510417938232e-01 2.261968106031417847e-01 1.387387812137603760e-01 5.007008314132690430e-01
9.477499723434448242e-01 2.308333367109298706e-01 1.042499989271163940e-01 3.242500126361846924e-01 1.475000008940696716e-02 7.307500243186950684e-01 6.630060672760009766e-01 4.842547178268432617e-01 3.114352822303771973e-01 6.231626272201538086e-01 4.702634736895561218e-02 4.591320157051086426e-01
8.624999970197677612e-02 7.328333258628845215e-01 8.352500200271606445e-01 5.232499837875366211e-01 8.042500019073486328e-01 1.337500065565109253e-01 5.869501456618309021e-02 6.801633238792419434e-01 8.729797005653381348e-01 3.428813219070434570e-01 8.634415864944458008e-01 3.404091298580169678e-01
2.907499969005584717e-01 4.438333213329315186e-01 6.312500238418579102e-01 9.792500138282775879e-01 9.562500119209289551e-01 8.197500109672546387e-01 3.086782693862915039e-01 3.980060815811157227e-01 7.489634156227111816e-01 7.987375855445861816e-01 8.367880582809448242e-01 5.922783017158508301e-01
6.287500262260437012e-01 3.498333394527435303e-01 2.857500016689300537e-01 3.732500076293945312e-01 4.812499880790710449e-01 6.352499723434448242e-01 5.109758973121643066e-01 4.546159505844116211e-01 4.743773937225341797e-01 4.617651700973510742e-01 4.775331914424896240e-01 5.341325998306274414e-01
3.402499854564666748e-01 7.441666722297668457e-01 1.987500041723251343e-01 1.917500048875808716e-01 2.012500017881393433e-01 2.897500097751617432e-01 4.080159962177276611e-01 7.114802598953247070e-01 2.217376828193664551e-01 1.717708557844161987e-01 1.693916916847229004e-01 4.154609143733978271e-01
4.032500088214874268e-01 2.255000025033950806e-01 6.592500209808349609e-01 9.312499761581420898e-01 5.867499709129333496e-01 9.574999660253524780e-02 4.228092730045318604e-01 3.349332809448242188e-01 8.075307011604309082e-01 7.915363907814025879e-01 5.386255979537963867e-01 2.810242176055908203e-01
9.942499995231628418e-01 2.911666631698608398e-01 8.725000172853469849e-02 9.897500276565551758e-01 3.057500123977661133e-01 6.042500138282775879e-01 8.155544400215148926e-01 4.348208010196685791e-01 3.185320198535919189e-01 9.903835654258728027e-01 3.380851149559020996e-01 7.517511844635009766e-01
6.424999982118606567e-02 3.221666812896728516e-01 1.432500034570693970e-01 9.674999862909317017e-02 7.162500023841857910e-01 4.102500081062316895e-01 1.036825329065322876e-01 6.516585946083068848e-01 4.119325280189514160e-01 1.210594177246093750e-01 4.506750702857971191e-01 5.581361651420593262e-01
5.992500185966491699e-01 7.551666498184204102e-01 8.052499890327453613e-01 4.177500009536743164e-01 7.957500219345092773e-01 1.612499952316284180e-01 6.681327223777770996e-01 5.567107796669006348e-01 5.310498476028442383e-01 6.087165474891662598e-01 8.538992404937744141e-01 3.396298289299011230e-01
2.687500119209289551e-01 6.104999780654907227e-01 4.147500097751617432e-01 2.887499928474426270e-01 8.177499771118164062e-01 2.337500005960464478e-01 2.286516427993774414e-01 6.723108887672424316e-01 3.973584771156311035e-01 3.557956814765930176e-01 8.829516768455505371e-01 3.558139204978942871e-01
8.474999666213989258e-02 4.178333282470703125e-01 2.502500116825103760e-01 3.462499976158142090e-01 1.792500019073486328e-01 7.874999940395355225e-02 1.253135502338409424e-01 5.194223523139953613e-01 5.863953232765197754e-01 2.095496207475662231e-01 1.342094242572784424e-01 2.009156793355941772e-01
3.617500066757202148e-01 1.958333402872085571e-01 1.767500042915344238e-01 4.187499880790710449e-01 8.402500152587890625e-01 6.582499742507934570e-01 3.786878287792205811e-01 4.942789673805236816e-01 3.742227852344512939e-01 4.344065189361572266e-01 7.714785337448120117e-01 6.818422079086303711e-01
1.492500007152557373e-01 5.341666936874389648e-01 2.392500042915344238e-01 5.562499761581420898e-01 3.927499949932098389e-01 8.967499732971191406e-01 1.752490103244781494e-01 5.153275132179260254e-01 6.566570699214935303e-02 5.183699131011962891e-01 2.917087078094482422e-01 9.063767790794372559e-01
3.097499907016754150e-01 5.391666889190673828e-01 8.897500038146972656e-01 1.025000028312206268e-02 7.647500038146972656e-01 5.742499828338623047e-01 3.065381050109863281e-01 4.281191527843475342e-01 6.847708821296691895e-01 8.557668328285217285e-02 8.875470161437988281e-01 6.619820594787597656e-01
9.197499752044677734e-01 7.251666784286499023e-01 5.852500200271606445e-01 9.272500276565551758e-01 1.032499969005584717e-01 7.707499861717224121e-01 9.226203560829162598e-01 5.214298963546752930e-01 5.457617640495300293e-01 9.868940114974975586e-01 1.038836315274238586e-01 7.188204526901245117e-01
5.137500166893005371e-01 6.348333358764648438e-01 5.807499885559082031e-01 9.202499985694885254e-01 1.557500064373016357e-01 5.582500100135803223e-01 5.769096016883850098e-01 4.057633280754089355e-01 6.115514039993286133e-01 7.355762124061584473e-01 1.402265131473541260e-01 5.870118141174316406e-01
1.062500029802322388e-01 4.724999964237213135e-01 6.117500066757202148e-01 7.057499885559082031e-01 7.172499895095825195e-01 2.262499928474426270e-01 1.406645625829696655e-01 4.950021803379058838e-01 7.949780225753784180e-01 6.325548887252807617e-01 6.339280605316162109e-01 4.119278788566589355e-01
4.147500097751617432e-01 2.754999995231628418e-01 9.357500076293945312e-01 5.447499752044677734e-01 4.547500014305114746e-01 2.727499902248382568e-01 3.860738277435302734e-01 3.010803759098052979e-01 7.796018719673156738e-01 6.357609033584594727e-01 5.171306133270263672e-01 3.769837021827697754e-01
3.557499945163726807e-01 4.548333287239074707e-01 2.712500095367431641e-01 3.907499909400939941e-01 8.172500133514404297e-01 9.425000101327896118e-02 3.032063543796539307e-01 6.113568544387817383e-01 4.053303301334381104e-01 3.715615868568420410e-01 8.151655793190002441e-01 2.873073816299438477e-01
4.962500035762786865e-01 5.658333301544189453e-01 8.657500147819519043e-01 8.772500157356262207e-01 2.282499969005584717e-01 8.112499713897705078e-01 6.124149560928344727e-01 4.355153739452362061e-01 6.346115469932556152e-01 8.607887029647827148e-01 2.137739956378936768e-01 6.451526880264282227e-01
3.957499861717224121e-01 2.851666808128356934e-01 4.972499907016754150e-01 6.037499904632568359e-01 7.942500114440917969e-01 1.222499981522560120e-01 4.000328779220581055e-01 3.684893846511840820e-01 7.186487913131713867e-01 4.636584520339965820e-01 7.216980457305908203e-01 3.265562951564788818e-01
5.147500038146972656e-01 7.461666464805603027e-01 4.427500069141387939e-01 2.087499946355819702e-01 4.997499883174896240e-01 3.462499976158142090e-01 4.575174450874328613e-01 6.679973602294921875e-01 3.549872338771820068e-01 3.389563560485839844e-01 6.095816493034362793e-01 3.930650055408477783e-01
3.857499957084655762e-01 8.264999985694885254e-01 8.447499871253967285e-01 1.167500019073486328e-01 1.217499971389770508e-01 5.342500209808349609e-01 5.032047033309936523e-01 5.267935991287231445e-01 3.994201421737670898e-01 2.234402894973754883e-01 1.701221764087677002e-01 5.450038909912109375e-01
6.597499847412109375e-01 2.834999859333038330e-01 8.867499828338623047e-01 8.802499771118164062e-01 9.377499818801879883e-01 3.167499899864196777e-01 8.601946830749511719e-01 2.281273603439331055e-01 7.762787342071533203e-01 9.212102890014648438e-01 9.244152307510375977e-01 3.842045366764068604e-01
7.067499756813049316e-01 2.685000002384185791e-01 5.397499799728393555e-01 7.762500047683715820e-01 7.002500295639038086e-01 1.207500025629997253e-01 7.471600770950317383e-01 3.180499672889709473e-01 7.635596394538879395e-01 7.334717512130737305e-01 7.244156002998352051e-01 3.523432016372680664e-01
5.182499885559082031e-01 2.278333306312561035e-01 1.567499935626983643e-01 8.647500276565551758e-01 6.932500004768371582e-01 1.417499929666519165e-01 5.816118717193603516e-01 4.430860579013824463e-01 5.705286860466003418e-01 5.860424041748046875e-01 6.008799672126770020e-01 3.514836728572845459e-01
3.762499988079071045e-01 2.175000011920928955e-01 1.457500010728836060e-01 2.972500026226043701e-01 3.892500102519989014e-01 4.632500112056732178e-01 5.154809355735778809e-01 3.926996588706970215e-01 2.216781973838806152e-01 3.312661051750183105e-01 3.102942407131195068e-01 7.141941189765930176e-01
9.192500114440917969e-01 4.514999985694885254e-01 6.262500286102294922e-01 7.275000214576721191e-02 7.157499790191650391e-01 9.662500023841857910e-01 8.859960436820983887e-01 5.452829599380493164e-01 4.461438953876495361e-01 1.230620443820953369e-01 6.915160417556762695e-01 5.108826160430908203e-01
4.174999892711639404e-02 7.754999995231628418e-01 2.872500121593475342e-01 9.377499818801879883e-01 2.587499916553497314e-01 1.472499966621398926e-01 8.516490459442138672e-02 7.939944863319396973e-01 4.386332333087921143e-01 8.528662919998168945e-01 2.529909908771514893e-01 3.042410016059875488e-01
1.617500036954879761e-01 3.955000042915344238e-01 7.982500195503234863e-01 6.612499952316284180e-01 5.727499723434448242e-01 7.487499713897705078e-01 1.590872853994369507e-01 4.579814374446868896e-01 7.212089896202087402e-01 7.062868475914001465e-01 5.000212788581848145e-01 5.417725443840026855e-01
8.012499809265136719e-01 2.465000003576278687e-01 1.237500011920928955e-01 8.877500295639038086e-01 9.302499890327453613e-01 4.457499980926513672e-01 8.675660490989685059e-01 4.913521707057952881e-01 2.986885011196136475e-01 9.137868285179138184e-01 8.983744382858276367e-01 6.528322696685791016e-01
5.567499995231628418e-01 4.368333220481872559e-01 8.874999731779098511e-02 9.472500085830688477e-01 8.372499942779541016e-01 5.387499928474426270e-01 6.116673350334167480e-01 5.241223573684692383e-01 1.730419546365737915e-01 8.189366459846496582e-01 7.580144405364990234e-01 6.507133841514587402e-01
3.424999862909317017e-02 4.754999876022338867e-01 7.697499990463256836e-01 2.577500045299530029e-01 8.107500076293945312e-01 5.792499780654907227e-01 2.860875241458415985e-02 5.517833828926086426e-01 8.937413692474365234e-01 3.763338625431060791e-01 7.852604985237121582e-01 6.020842194557189941e-01
4.982500076293945312e-01 3.598333299160003662e-01 6.932500004768371582e-01 8.737499713897705078e-01 3.422499895095825195e-01 8.537499904632568359e-01 5.469278097152709961e-01 4.170869588851928711e-01 6.104999184608459473e-01 7.548097968101501465e-01 3.020299077033996582e-01 6.118239164352416992e-01
8.697500228881835938e-01 5.304999947547912598e-01 9.707499742507934570e-01 6.927499771118164062e-01 5.352500081062316895e-01 5.874999985098838806e-02 8.890492320060729980e-01 4.215250313282012939e-01 8.282256126403808594e-01 9.802242517471313477e-01 6.440786719322204590e-01 3.537977039813995361e-01
6.132500171661376953e-01 4.048333466053009033e-01 4.632500112056732178e-01 7.622500061988830566e-01 1.612499952316284180e-01 7.892500162124633789e-01 6.867120265960693359e-01 4.706427156925201416e-01 4.829435646533966064e-01 6.692070364952087402e-01 1.183049976825714111e-01 5.854359269142150879e-01
6.862499713897705078e-01 1.848333328962326050e-01 1.072499975562095642e-01 1.247500032186508179e-01 1.492500007152557373e-01 7.677500247955322266e-01 6.422358155250549316e-01 3.547987639904022217e-01 2.529834210872650146e-01 1.972051560878753662e-01 1.658989489078521729e-01 7.045930027961730957e-01
6.177499890327453613e-01 6.188333630561828613e-01 4.407500028610229492e-01 3.187499940395355225e-01 5.037500262260437012e-01 1.127500012516975403e-01 6.606386899948120117e-01 5.731926560401916504e-01 4.728741645812988281e-01 3.067266941070556641e-01 5.314725637435913086e-01 2.841784954071044922e-01
1.562500000000000000e-01 2.598333358764648438e-01 1.867499947547912598e-01 7.337499856948852539e-01 2.272499948740005493e-01 7.625000178813934326e-02 2.450109422206878662e-01 3.819788992404937744e-01 6.135074496269226074e-01 5.499442815780639648e-01 2.058964818716049194e-01 4.338986575603485107e-01
5.707499980926513672e-01 2.768333256244659424e-01 2.472500056028366089e-01 4.202499985694885254e-01 6.162499785423278809e-01 5.925000086426734924e-02 5.477183461189270020e-01 4.691287875175476074e-01 5.688959360122680664e-01 3.743781149387359619e-01 6.198295354843139648e-01 2.947905957698822021e-01
9.547500014305114746e-01 3.425000011920928955e-01 2.362499982118606567e-01 2.532500028610229492e-01 3.957499861717224121e-01 3.624999895691871643e-02 8.220208287239074707e-01 6.329217553138732910e-01 4.563713371753692627e-01 3.015219867229461670e-01 3.463135063648223877e-01 1.905617266893386841e-01
7.922499775886535645e-01 2.451666593551635742e-01 2.677499949932098389e-01 3.075000084936618805e-02 9.747499823570251465e-01 6.012499928474426270e-01 8.699316382408142090e-01 3.886352181434631348e-01 1.243495270609855652e-01 1.308863312005996704e-01 9.271610379219055176e-01 6.936125755310058594e-01
7.737500071525573730e-01 4.474999904632568359e-01 6.207500100135803223e-01 8.602499961853027344e-01 5.787500143051147461e-01 4.107500016689300537e-01 8.312769532203674316e-01 4.661198556423187256e-01 6.358692646026611328e-01 9.732646346092224121e-01 7.156931757926940918e-01 5.077795982360839844e-01
9.242500066757202148e-01 5.005000233650207520e-01 6.162499785423278809e-01 5.257499814033508301e-01 7.982500195503234863e-01 2.792499959468841553e-01 9.147715568542480469e-01 3.646601140499114990e-01 6.392557621002197266e-01 5.864437222480773926e-01 8.953969478607177734e-01 5.530915856361389160e-01
9.525000303983688354e-02 5.774999856948852539e-01 1.882500052452087402e-01 4.282500147819519043e-01 5.407500267028808594e-01 2.332500070333480835e-01 1.717686802148818970e-01 6.852563619613647461e-01 4.831036031246185303e-01 3.366754949092864990e-01 4.863936901092529297e-01 3.145799040794372559e-01
2.517499923706054688e-01 6.198333501815795898e-01 4.977500140666961670e-01 7.227500081062316895e-01 5.952500104904174805e-01 5.182499885559082031e-01 2.770620286464691162e-01 6.364217996597290039e-01 6.293662190437316895e-01 6.400896906852722168e-01 5.232335329055786133e-01 3.412771224975585938e-01
2.152500003576278687e-01 8.138333559036254883e-01 9.817500114440917969e-01 6.437500119209289551e-01 5.357499718666076660e-01 7.532500028610229492e-01 2.190878689289093018e-01 6.665593385696411133e-01 7.084559202194213867e-01 6.621682643890380859e-01 5.117369294166564941e-01 2.952705919742584229e-01
8.577499985694885254e-01 2.168333381414413452e-01 2.547500133514404297e-01 3.422499895095825195e-01 2.307499945163726807e-01 5.277500152587890625e-01 6.053174138069152832e-01 4.295840561389923096e-01 5.692217946052551270e-01 5.505538582801818848e-01 2.187908589839935303e-01 5.959744453430175781e-01
8.177499771118164062e-01 5.158333182334899902e-01 9.177500009536743164e-01 6.962500214576721191e-01 9.737499952316284180e-01 9.702500104904174805e-01 8.257085084915161133e-01 4.990029036998748779e-01 6.544197797775268555e-01 9.212716817855834961e-01 8.840106725692749023e-01 4.882336556911468506e-01
8.997499942779541016e-01 3.171666562557220459e-01 7.972499728202819824e-01 1.452499926090240479e-01 7.557500004768371582e-01 7.992500066757202148e-01 7.958307266235351562e-01 3.741065859794616699e-01 6.610453128814697266e-01 3.165139257907867432e-01 8.051076531410217285e-01 5.036849379539489746e-01
8.477500081062316895e-01 6.428333520889282227e-01 2.902500033378601074e-01 9.562500119209289551e-01 7.402499914169311523e-01 1.697500050067901611e-01 9.396134614944458008e-01 6.226811408996582031e-01 4.482143819332122803e-01 8.042537569999694824e-01 7.528731822967529297e-01 3.835526406764984131e-01
1.782499998807907104e-01 5.178333520889282227e-01 6.672499775886535645e-01 5.974999815225601196e-02 6.962500214576721191e-01 1.482499986886978149e-01 1.529894322156906128e-01 4.689312577247619629e-01 7.675572633743286133e-01 1.031021848320960999e-01 8.757564425468444824e-01 4.747218787670135498e-01
4.377500116825103760e-01 3.538333475589752197e-01 5.725000053644180298e-02 3.642500042915344238e-01 2.675000019371509552e-02 4.397499859333038330e-01 4.560631215572357178e-01 4.412253499031066895e-01 1.479842066764831543e-01 3.870836496353149414e-01 5.227471143007278442e-02 5.605621933937072754e-01
2.522499859333038330e-01 2.831666767597198486e-01 6.997500061988830566e-01 4.477500021457672119e-01 3.902499973773956299e-01 6.952499747276306152e-01 2.443503439426422119e-01 3.503116667270660400e-01 6.656817197799682617e-01 4.633967876434326172e-01 3.604560792446136475e-01 4.727405905723571777e-01
3.567500114440917969e-01 3.388333320617675781e-01 5.867499709129333496e-01 6.472499966621398926e-01 5.577499866485595703e-01 3.337500095367431641e-01 4.023990631103515625e-01 3.718473911285400391e-01 6.571980118751525879e-01 5.635250806808471680e-01 5.516449809074401855e-01 4.393079876899719238e-01
