2.044575065374374390e-01 6.246816515922546387e-01 3.054497539997100830e-01 6.257774829864501953e-01 8.180882334709167480e-01 8.765958249568939209e-02 9.826537370681762695e-01 2.217629104852676392e-01 5.602860450744628906e-01 3.027681410312652588e-01 6.060308218002319336e-01 6.546282768249511719e-01 4.254861176013946533e-01 6.120970845222473145e-01
9.764050245285034180e-01 7.269231677055358887e-01 2.711445093154907227e-01 3.747839927673339844e-01 6.142227649688720703e-01 8.628149628639221191e-01 3.085440099239349365e-01 8.498020172119140625e-01 5.856217145919799805e-01 3.005746603012084961e-01 2.621331214904785156e-01 6.357337832450866699e-01 4.973088800907135010e-01 4.050103425979614258e-01
6.971150040626525879e-01 3.702096641063690186e-01 2.406907528638839722e-01 5.957549810409545898e-01 4.728960096836090088e-01 5.884084105491638184e-01 6.735448837280273438e-01 6.313487887382507324e-01 5.264563560485839844e-01 4.751768112182617188e-01 5.953931808471679688e-01 4.317078292369842529e-01 4.826062619686126709e-01 5.250139832496643066e-01
9.855474829673767090e-01 2.033886611461639404e-01 9.584337472915649414e-01 7.117875218391418457e-01 6.930927634239196777e-01 5.881259441375732422e-01 3.790040016174316406e-01 9.349155426025390625e-01 2.910131216049194336e-01 8.091256618499755859e-01 8.176669478416442871e-01 7.942638397216796875e-01 5.185910463333129883e-01 5.091060996055603027e-01
3.783524930477142334e-01 4.758246541023254395e-01 2.805329859256744385e-01 9.298049807548522949e-01 4.370642602443695068e-01 8.164232373237609863e-01 5.689759850502014160e-01 3.140325248241424561e-01 5.778691172599792480e-01 3.532544672489166260e-01 7.794107794761657715e-01 4.081016480922698975e-01 3.762286007404327393e-01 4.070092141628265381e-01
6.872249841690063477e-01 8.315606713294982910e-01 4.650804996490478516e-01 8.842549920082092285e-01 9.784927368164062500e-01 4.295774698257446289e-01 2.765719890594482422e-01 6.736894845962524414e-01 5.225994586944580078e-01 5.883548259735107422e-01 6.691212058067321777e-01 9.200812578201293945e-01 3.793374300003051758e-01 2.438031435012817383e-01
1.346125006675720215e-01 3.737258315086364746e-01 1.707367449998855591e-01 8.429499864578247070e-01 9.537982344627380371e-01 3.651761636137962341e-02 4.878459870815277100e-01 1.613020598888397217e-01 5.242648720741271973e-01 6.555596590042114258e-01 6.372100710868835449e-01 8.469107151031494141e-01 4.174788594245910645e-01 2.825063765048980713e-01
1.445074975490570068e-01 4.729340076446533203e-01 7.897175103425979614e-02 8.761600255966186523e-01 3.548862636089324951e-01 5.823444724082946777e-01 3.159376680850982666e-01 1.194697842001914978e-01 6.824572682380676270e-01 1.363651603460311890e-01 8.462536931037902832e-01 3.503825664520263672e-01 4.097268283367156982e-01 6.129751801490783691e-01
6.166499853134155273e-02 5.544776916503906250e-01 9.701694846153259277e-01 7.445949912071228027e-01 3.224112391471862793e-01 3.286957442760467529e-01 1.269143372774124146e-01 4.905568063259124756e-02 4.927257299423217773e-01 8.663123250007629395e-01 7.877568006515502930e-01 3.628959357738494873e-01 3.441297113895416260e-01 5.429529547691345215e-01
8.975899815559387207e-01 4.697036743164062500e-01 7.336025238037109375e-01 3.491324931383132935e-02 2.700837552547454834e-01 5.310596227645874023e-01 7.722600698471069336e-01 7.946004271507263184e-01 4.893683195114135742e-01 5.072020292282104492e-01 4.971967935562133789e-01 2.418127954006195068e-01 5.044891834259033203e-01 6.387083530426025391e-01
8.382124900817871094e-01 2.278251647949218750e-01 3.118360042572021484e-01 9.864724874496459961e-01 7.571529746055603027e-01 6.595295071601867676e-01 2.587586641311645508e-01 8.573966026306152344e-01 4.073422849178314209e-01 6.267729997634887695e-01 7.392323613166809082e-01 8.075156211853027344e-01 5.277220606803894043e-01 3.634957969188690186e-01
8.165749907493591309e-02 5.916183590888977051e-01 8.413150161504745483e-02 5.793750286102294922e-01 6.981599926948547363e-01 8.597926497459411621e-01 9.409117698669433594e-01 9.035053104162216187e-02 6.448593735694885254e-01 1.220086514949798584e-01 2.252682149410247803e-01 6.211468577384948730e-01 6.119304299354553223e-01 6.303382515907287598e-01
7.007849812507629395e-01 4.251696765422821045e-01 4.579209983348846436e-01 3.648525103926658630e-02 6.657435297966003418e-01 2.796197831630706787e-01 4.927276670932769775e-01 6.849563717842102051e-01 4.780538678169250488e-01 3.938544988632202148e-01 2.501261830329895020e-01 7.029864788055419922e-01 4.678849279880523682e-01 4.350054264068603516e-01
9.553149938583374023e-01 3.911499977111816406e-01 7.155485153198242188e-01 3.628087639808654785e-01 7.127962708473205566e-01 9.843708276748657227e-01 2.401273399591445923e-01 8.531730175018310547e-01 4.290798604488372803e-01 5.501248836517333984e-01 6.584227681159973145e-01 7.421953082084655762e-01 5.193148851394653320e-01 4.559512734413146973e-01
5.720275044441223145e-01 4.936041533946990967e-01 6.043180227279663086e-01 6.604175269603729248e-02 5.735285282135009766e-01 1.785506010055541992e-01 8.053066581487655640e-02 6.181666254997253418e-01 3.862617313861846924e-01 5.324152112007141113e-01 1.667114645242691040e-01 6.506388187408447266e-01 4.706791043281555176e-01 3.696081042289733887e-01
6.806275248527526855e-01 6.559263467788696289e-01 7.233687639236450195e-01 5.689550042152404785e-01 3.091317415237426758e-01 4.911198019981384277e-01 1.333433296531438828e-02 8.081162571907043457e-01 4.908367395401000977e-01 6.749249100685119629e-01 3.578665852546691895e-01 3.605335056781768799e-01 5.629840493202209473e-01 4.570515453815460205e-01
8.964675068855285645e-01 3.624795079231262207e-01 2.787545025348663330e-01 7.069125175476074219e-01 8.014817237854003906e-01 9.630825519561767578e-01 4.612233340740203857e-01 7.866665124893188477e-01 4.836018979549407959e-01 4.011167585849761963e-01 6.850990056991577148e-01 7.859750986099243164e-01 4.468368291854858398e-01 5.008288621902465820e-01
8.557350039482116699e-01 3.413478434085845947e-01 6.399185061454772949e-01 4.771282374858856201e-01 2.543214857578277588e-01 6.311722993850708008e-01 6.887222528457641602e-01 8.097338080406188965e-01 4.081300199031829834e-01 5.335782170295715332e-01 6.464775204658508301e-01 2.374243289232254028e-01 4.172866046428680420e-01 5.556973218917846680e-01
3.520975112915039062e-01 3.082848191261291504e-01 7.619307637214660645e-01 2.474567443132400513e-01 8.176295161247253418e-01 9.469219446182250977e-01 7.358211278915405273e-01 3.349170684814453125e-01 3.408211767673492432e-01 6.046660542488098145e-01 3.057636022567749023e-01 8.009901642799377441e-01 4.936452209949493408e-01 5.469337105751037598e-01
4.960150122642517090e-01 6.019331812858581543e-01 9.009832739830017090e-01 5.664924979209899902e-01 1.700827479362487793e-01 3.835171759128570557e-01 8.645050525665283203e-01 6.096585392951965332e-01 3.903452754020690918e-01 5.852900743484497070e-01 5.955598354339599609e-01 1.821251213550567627e-01 5.330808162689208984e-01 6.693160533905029297e-01
9.115700125694274902e-01 2.014214992523193359e-01 1.227905005216598511e-01 1.231812536716461182e-01 8.804874867200851440e-02 3.731257617473602295e-01 8.967713117599487305e-01 6.626527905464172363e-01 4.226694107055664062e-01 4.017854928970336914e-01 4.729328155517578125e-01 7.112618535757064819e-02 5.086886286735534668e-01 6.088793277740478516e-01
9.908249974250793457e-02 3.643186688423156738e-01 3.800162374973297119e-01 4.586944878101348877e-01 9.990582466125488281e-01 2.283266633749008179e-01 8.083066344261169434e-02 1.115141734480857849e-01 4.858787953853607178e-01 7.634505033493041992e-01 5.068750381469726562e-01 9.124266505241394043e-01 5.217328071594238281e-01 2.704294025897979736e-01
2.780900001525878906e-01 1.792176663875579834e-01 9.288704991340637207e-01 6.176350116729736328e-01 9.227149933576583862e-02 5.913984775543212891e-01 9.506603479385375977e-01 3.986539840698242188e-01 2.544203996658325195e-01 5.860632658004760742e-01 7.296741008758544922e-01 8.490876853466033936e-02 5.345205664634704590e-01 8.110038042068481445e-01
3.339149951934814453e-01 4.823488295078277588e-01 9.623647332191467285e-01 4.525727629661560059e-01 6.711884737014770508e-01 8.217902779579162598e-01 1.188416630029678345e-01 3.164924383163452148e-01 3.557492792606353760e-01 6.941107511520385742e-01 4.248450398445129395e-01 7.299631834030151367e-01 4.695418775081634521e-01 2.722683250904083252e-01
3.870750069618225098e-01 3.357258439064025879e-01 8.364717364311218262e-01 7.109050154685974121e-01 2.765842378139495850e-01 1.620801985263824463e-01 7.706966996192932129e-02 3.805328607559204102e-01 3.216074109077453613e-01 7.451738715171813965e-01 6.718375682830810547e-01 3.124923706054687500e-01 3.844333887100219727e-01 3.948416411876678467e-01
1.092374995350837708e-01 1.833164989948272705e-01 7.579747438430786133e-01 8.804849982261657715e-01 9.208365082740783691e-01 6.374710202217102051e-01 3.775483369827270508e-01 1.468418091535568237e-01 3.007079660892486572e-01 8.242457509040832520e-01 7.116075754165649414e-01 8.759453296661376953e-01 5.199751257896423340e-01 5.521959066390991211e-01
5.437625050544738770e-01 4.533329904079437256e-01 3.228259980678558350e-01 2.969120144844055176e-01 2.515499945729970932e-03 9.912050366401672363e-01 1.553283333778381348e-01 4.297331273555755615e-01 5.088780522346496582e-01 4.212010502815246582e-01 3.028635382652282715e-01 5.873428285121917725e-02 6.703909039497375488e-01 4.394959509372711182e-01
9.798499941825866699e-02 5.884426832199096680e-01 5.140967369079589844e-01 3.001849949359893799e-01 8.603529930114746094e-01 3.957545459270477295e-01 1.522736698389053345e-01 9.948921948671340942e-02 6.228400468826293945e-01 5.884634852409362793e-01 4.230770766735076904e-01 8.847058415412902832e-01 4.992176592350006104e-01 2.696026265621185303e-01
6.814774870872497559e-01 3.800818324089050293e-01 3.593422472476959229e-01 6.565399765968322754e-01 4.243335127830505371e-01 1.351579725742340088e-01 1.919530034065246582e-01 8.016647100448608398e-01 5.350874662399291992e-01 5.289342403411865234e-01 4.438907206058502197e-01 4.203764200210571289e-01 4.341525137424468994e-01 3.486069142818450928e-01
1.477124989032745361e-01 7.612910270690917969e-01 7.669077515602111816e-01 8.615375310182571411e-02 2.658597528934478760e-01 6.681354641914367676e-01 5.808043479919433594e-01 1.110864132642745972e-01 6.693706512451171875e-01 6.369382739067077637e-01 1.935420036315917969e-01 2.666030824184417725e-01 5.955172777175903320e-01 4.029329419136047363e-01
5.235400199890136719e-01 1.799228340387344360e-01 2.585499882698059082e-01 4.634810090065002441e-01 3.276025131344795227e-02 5.215286612510681152e-01 3.986496627330780029e-01 4.574953913688659668e-01 3.816456794738769531e-01 4.069184064865112305e-01 5.980333685874938965e-01 7.940359413623809814e-02 4.931308925151824951e-01 5.595649480819702148e-01
1.682250015437602997e-02 4.826410114765167236e-01 3.107782602310180664e-01 8.287500143051147461e-01 2.228614985942840576e-01 3.730318248271942139e-01 3.581836521625518799e-01 2.643939107656478882e-02 6.048091650009155273e-01 6.532558798789978027e-01 8.718184828758239746e-01 1.472190320491790771e-01 3.885612189769744873e-01 5.298621058464050293e-01
6.945325136184692383e-01 2.884384989738464355e-01 8.377732634544372559e-01 6.146925091743469238e-01 7.425462603569030762e-01 8.704830408096313477e-01 3.987466543912887573e-02 7.881917357444763184e-01 3.143487274646759033e-01 7.520828247070312500e-01 5.577082633972167969e-01 7.940683364868164062e-01 5.539873242378234863e-01 1.848269104957580566e-01
4.256824851036071777e-01 2.939333319664001465e-01 1.245462521910667419e-01 2.713499963283538818e-01 7.041749954223632812e-01 4.688818156719207764e-01 8.423999883234500885e-03 4.529560208320617676e-01 4.539782404899597168e-01 3.387191891670227051e-01 2.235783487558364868e-01 7.780950665473937988e-01 5.078125596046447754e-01 4.568329453468322754e-01
2.720350027084350586e-01 8.071784973144531250e-01 8.371084928512573242e-01 4.278457462787628174e-01 8.059327602386474609e-01 8.791138529777526855e-01 5.675200223922729492e-01 2.226565778255462646e-01 5.345621109008789062e-01 4.917091429233551025e-01 3.229743540287017822e-01 8.174565434455871582e-01 4.995872676372528076e-01 3.669791221618652344e-01
4.182874858379364014e-01 4.612033367156982422e-01 7.349099963903427124e-02 7.383800148963928223e-01 1.558504998683929443e-01 5.213742256164550781e-01 8.444640040397644043e-01 4.399022161960601807e-01 5.666263103485107422e-01 2.047815173864364624e-01 6.545521020889282227e-01 1.377732753753662109e-01 5.236201882362365723e-01 6.449010372161865234e-01
4.984774887561798096e-01 7.421206831932067871e-01 8.284729719161987305e-01 3.709172606468200684e-01 8.933074772357940674e-02 1.202331297099590302e-02 1.692630052566528320e-01 6.404272317886352539e-01 5.789136290550231934e-01 3.635736405849456787e-01 4.636864960193634033e-01 1.404176652431488037e-01 4.172945320606231689e-01 3.791134953498840332e-01
9.378799796104431152e-01 2.468235045671463013e-01 8.417827486991882324e-01 2.632252573966979980e-01 5.194742679595947266e-01 5.607881546020507812e-01 8.390653729438781738e-01 8.592103123664855957e-01 4.177305996417999268e-01 6.347976922988891602e-01 6.974864602088928223e-01 4.968040585517883301e-01 4.874488115310668945e-01 6.975207924842834473e-01
3.586100041866302490e-01 7.043098211288452148e-01 5.855717658996582031e-01 1.687217503786087036e-01 6.629977226257324219e-01 5.079816281795501709e-02 9.374176859855651855e-01 3.628065288066864014e-01 5.259123444557189941e-01 3.263506591320037842e-01 3.096973598003387451e-01 6.319237947463989258e-01 3.866463601589202881e-01 5.958283543586730957e-01
3.434999883174896240e-01 5.211371779441833496e-01 8.041267395019531250e-01 5.010049939155578613e-01 4.457629919052124023e-01 6.407568454742431641e-01 4.862506687641143799e-01 2.816944718360900879e-01 4.020282328128814697e-01 7.123468518257141113e-01 5.069907307624816895e-01 4.708110392093658447e-01 4.137839972972869873e-01 3.834015429019927979e-01
6.880224943161010742e-01 7.261505126953125000e-01 5.024064779281616211e-01 5.359575152397155762e-01 7.773067355155944824e-01 1.318297982215881348e-01 3.498750030994415283e-01 7.516195774078369141e-01 5.332521796226501465e-01 3.770496845245361328e-01 5.551891326904296875e-01 8.489347696304321289e-01 3.867401182651519775e-01 4.350953102111816406e-01
9.668574929237365723e-01 1.919428259134292603e-01 6.263830065727233887e-01 8.953624963760375977e-01 9.742457270622253418e-01 7.615771889686584473e-01 1.582150012254714966e-01 8.859463930130004883e-01 3.169195353984832764e-01 8.194872736930847168e-01 7.847881317138671875e-01 9.126366376876831055e-01 5.633858442306518555e-01 2.297857403755187988e-01
6.050000083632767200e-04 7.626801729202270508e-01 1.937910020351409912e-01 3.050400018692016602e-01 6.250527501106262207e-01 2.081033401191234589e-02 1.950639933347702026e-01 7.379180192947387695e-02 7.508229017257690430e-01 1.834842711687088013e-01 3.965972363948822021e-01 7.636263370513916016e-01 4.273354113101959229e-01 4.036605656147003174e-01
2.262825071811676025e-01 3.520023226737976074e-01 2.302384972572326660e-01 2.541489899158477783e-01 6.097245216369628906e-01 9.378677010536193848e-01 1.245416700839996338e-01 2.229755073785781860e-01 4.491771161556243896e-01 4.032540321350097656e-01 1.112940013408660889e-01 6.703991293907165527e-01 6.305881142616271973e-01 4.775923490524291992e-01
2.710725069046020508e-01 5.734021663665771484e-01 3.155847489833831787e-01 5.611975193023681641e-01 6.579167246818542480e-01 1.268856525421142578e-01 2.591633424162864685e-02 2.876433730125427246e-01 5.880151987075805664e-01 3.271794021129608154e-01 6.236215233802795410e-01 7.166690826416015625e-01 3.177154362201690674e-01 3.965673148632049561e-01
2.172224968671798706e-01 5.670261383056640625e-01 8.740835189819335938e-01 9.835324883460998535e-01 9.697797298431396484e-01 9.299288988113403320e-01 4.750596582889556885e-01 2.008965760469436646e-01 4.188167452812194824e-01 8.161942958831787109e-01 7.706155776977539062e-01 9.279966354370117188e-01 5.640130043029785156e-01 2.902612984180450439e-01
7.612250000238418579e-02 6.363673210144042969e-01 3.854382634162902832e-01 1.954012513160705566e-01 8.093104958534240723e-01 5.679041147232055664e-01 5.694033205509185791e-02 6.424035131931304932e-02 6.266486048698425293e-01 5.288285017013549805e-01 3.670363724231719971e-01 8.663780093193054199e-01 5.563552975654602051e-01 3.028913438320159912e-01
1.412000041455030441e-02 5.109578371047973633e-01 8.534232378005981445e-01 2.960324883460998535e-01 4.027594923973083496e-01 3.013576865196228027e-01 5.926493406295776367e-01 4.403396323323249817e-02 5.572683811187744141e-01 8.488784432411193848e-01 3.346795737743377686e-01 3.641268312931060791e-01 4.124440252780914307e-01 4.608408212661743164e-01
5.481150150299072266e-01 6.148309707641601562e-01 2.334485054016113281e-01 4.371657371520996094e-01 8.387942314147949219e-01 6.195420026779174805e-01 3.453060090541839600e-01 5.417626500129699707e-01 5.266039371490478516e-01 3.290627300739288330e-01 3.329226970672607422e-01 8.474976420402526855e-01 4.544975161552429199e-01 4.100899398326873779e-01
6.267899870872497559e-01 7.339239716529846191e-01 7.689437270164489746e-01 3.005647361278533936e-01 9.013969898223876953e-01 5.489408373832702637e-01 4.495436549186706543e-01 6.149164438247680664e-01 5.072302818298339844e-01 5.046375989913940430e-01 4.445186853408813477e-01 8.951991796493530273e-01 4.532205760478973389e-01 3.260220885276794434e-01
4.109925031661987305e-01 6.649144887924194336e-01 8.350780010223388672e-01 9.475824832916259766e-01 4.614642560482025146e-01 5.095159411430358887e-01 3.747733309864997864e-02 3.939365446567535400e-01 4.866890907287597656e-01 5.743674635887145996e-01 8.468785285949707031e-01 5.314117074012756348e-01 3.654237091541290283e-01 3.705973625183105469e-01
1.802050024271011353e-01 4.150078296661376953e-01 3.737749904394149780e-02 1.352314949035644531e-01 7.568194866180419922e-01 6.386690586805343628e-02 7.936084270477294922e-01 2.384428381919860840e-01 5.744698047637939453e-01 2.016331404447555542e-01 2.943387031555175781e-01 7.064360976219177246e-01 4.641180038452148438e-01 6.421882510185241699e-01
4.539249837398529053e-02 6.400160193443298340e-01 1.193045005202293396e-01 2.625067532062530518e-01 2.417974919080734253e-02 8.794419169425964355e-01 3.599239885807037354e-01 7.838992774486541748e-02 6.973202824592590332e-01 1.887872368097305298e-01 1.298240572214126587e-02 7.664393633604049683e-02 9.047005772590637207e-01 3.737741708755493164e-01
6.271250247955322266e-01 1.996716707944869995e-01 8.539312481880187988e-01 7.863399982452392578e-01 3.019177615642547607e-01 6.361659765243530273e-01 9.492045044898986816e-01 6.954433917999267578e-01 2.555017471313476562e-01 6.690670251846313477e-01 8.253320455551147461e-01 2.345206886529922485e-01 5.034074783325195312e-01 7.945183515548706055e-01
3.401150107383728027e-01 4.098608195781707764e-01 8.265535235404968262e-01 2.340075001120567322e-02 8.499457240104675293e-01 5.403444170951843262e-01 9.904894232749938965e-01 3.316015303134918213e-01 3.874081075191497803e-01 5.882227420806884766e-01 1.634399592876434326e-01 6.845524311065673828e-01 5.214031338691711426e-01 4.921853244304656982e-01
8.085849881172180176e-01 5.551509857177734375e-01 3.423945009708404541e-01 3.365197479724884033e-01 3.025574982166290283e-01 2.764036357402801514e-01 7.077468037605285645e-01 7.649229168891906738e-01 5.797109007835388184e-01 4.335383474826812744e-01 4.531942903995513916e-01 2.725514173507690430e-01 4.317913353443145752e-01 5.010151267051696777e-01
1.988250017166137695e-02 6.619135141372680664e-01 8.983749747276306152e-01 4.854847490787506104e-01 7.887985110282897949e-01 8.180000782012939453e-01 7.332437634468078613e-01 4.982387647032737732e-02 6.042059659957885742e-01 5.828316211700439453e-01 4.251865744590759277e-01 8.501833081245422363e-01 5.660728216171264648e-01 3.824154138565063477e-01
1.640650033950805664e-01 2.728306651115417480e-01 5.832762718200683594e-01 5.042325258255004883e-01 4.812425076961517334e-01 8.335813879966735840e-02 5.751573443412780762e-01 1.733888834714889526e-01 3.919907212257385254e-01 8.145571947097778320e-01 3.970876336097717285e-01 4.687696099281311035e-01 3.971020579338073730e-01 4.527885019779205322e-01
1.794025003910064697e-01 4.401108324527740479e-01 5.952695012092590332e-01 4.741952419281005859e-01 9.085032343864440918e-01 9.068393111228942871e-01 2.860616743564605713e-01 1.422977149486541748e-01 4.664778709411621094e-01 6.817007064819335938e-01 4.551132321357727051e-01 8.681215047836303711e-01 5.661067366600036621e-01 3.459582328796386719e-01
6.951050162315368652e-01 5.479220151901245117e-01 3.075642585754394531e-01 9.796925187110900879e-01 4.516704976558685303e-01 1.952718198299407959e-01 1.101979985833168030e-01 7.759414911270141602e-01 5.222048163414001465e-01 4.369091689586639404e-01 7.827537655830383301e-01 4.938224852085113525e-01 2.864442765712738037e-01 3.357535302639007568e-01
1.083974987268447876e-01 7.824605107307434082e-01 1.283230036497116089e-01 8.469774723052978516e-01 7.821302413940429688e-01 9.846647381782531738e-01 3.239319920539855957e-01 7.078438997268676758e-02 6.617015004158020020e-01 2.433797866106033325e-01 8.330143243074417114e-02 8.861163258552551270e-01 7.009549140930175781e-01 1.895534992218017578e-01
7.619249820709228516e-01 5.623946785926818848e-01 7.566737532615661621e-01 5.573624968528747559e-01 1.388995051383972168e-01 9.981855750083923340e-01 3.868726789951324463e-01 8.218646645545959473e-01 4.544320702552795410e-01 5.638579130172729492e-01 4.619314074516296387e-01 1.813956946134567261e-01 5.408804416656494141e-01 6.126012206077575684e-01
5.745649933815002441e-01 1.831691712141036987e-01 6.563194990158081055e-01 8.714874982833862305e-01 6.856409907341003418e-01 2.989600896835327148e-01 8.851518630981445312e-01 7.043975591659545898e-01 3.337973654270172119e-01 7.182021141052246094e-01 8.001727461814880371e-01 6.652900576591491699e-01 4.538654983043670654e-01 6.813766360282897949e-01
8.833774924278259277e-01 3.062469959259033203e-01 7.148334980010986328e-01 9.394775032997131348e-01 8.379694819450378418e-01 4.785756468772888184e-01 1.238410025835037231e-01 8.853952288627624512e-01 3.271524012088775635e-01 8.108804821968078613e-01 8.434062600135803223e-01 8.841304183006286621e-01 5.167958140373229980e-01 3.548666238784790039e-01
8.570424914360046387e-01 2.230241596698760986e-01 8.506785035133361816e-01 1.406340003013610840e-01 6.842997670173645020e-01 6.881133466958999634e-02 5.785366892814636230e-01 8.618584871292114258e-01 4.013184905052185059e-01 6.167364716529846191e-01 5.249193310737609863e-01 6.576811671257019043e-01 4.888303279876708984e-01 3.947814702987670898e-01
1.987649947404861450e-01 2.743841707706451416e-01 9.119752645492553711e-01 9.380350112915039062e-01 6.959974765777587891e-01 3.948940336704254150e-01 7.560707330703735352e-01 2.765912711620330811e-01 3.681597411632537842e-01 7.065843343734741211e-01 8.748881816864013672e-01 7.208653688430786133e-01 4.338488578796386719e-01 6.008596420288085938e-01
6.325374841690063477e-01 4.777173399925231934e-01 9.069085121154785156e-01 2.631149999797344208e-02 4.379667639732360840e-01 7.652301192283630371e-01 1.946966722607612610e-02 6.932827830314636230e-01 4.392883777618408203e-01 5.362539291381835938e-01 1.811901181936264038e-01 4.697380661964416504e-01 4.985473155975341797e-01 2.785069644451141357e-01
8.591175079345703125e-01 5.583998560905456543e-01 7.405387759208679199e-01 9.984325170516967773e-01 9.162707328796386719e-01 5.616476535797119141e-01 1.942483335733413696e-01 8.737575411796569824e-01 3.891744315624237061e-01 7.422318458557128906e-01 8.585342168807983398e-01 9.059944152832031250e-01 5.306786894798278809e-01 2.975763976573944092e-01
5.113499760627746582e-01 2.378431707620620728e-01 3.455624878406524658e-01 2.148524969816207886e-01 8.313295245170593262e-01 2.577446401119232178e-01 6.638646721839904785e-01 5.714285969734191895e-01 4.271675944328308105e-01 4.114186763763427734e-01 3.189629018306732178e-01 8.156942725181579590e-01 4.472546577453613281e-01 4.537716209888458252e-01
5.701324939727783203e-01 5.879386663436889648e-01 9.124447703361511230e-01 4.478504955768585205e-01 5.956705212593078613e-01 5.426297187805175781e-01 6.436336636543273926e-01 5.522386431694030762e-01 4.345405101776123047e-01 5.094559192657470703e-01 7.835410833358764648e-01 6.394528746604919434e-01 4.576252102851867676e-01 6.197572946548461914e-01
2.356700003147125244e-01 5.783045291900634766e-01 5.420337319374084473e-01 6.593250036239624023e-01 6.885660290718078613e-01 7.283633351325988770e-01 1.879143267869949341e-01 2.475366145372390747e-01 4.277677536010742188e-01 5.746322274208068848e-01 4.405318200588226318e-01 7.522505521774291992e-01 5.263063907623291016e-01 3.963272273540496826e-01
3.900099992752075195e-01 2.739291787147521973e-01 3.150264918804168701e-01 3.430207371711730957e-01 1.287014931440353394e-01 9.063737392425537109e-01 5.168513059616088867e-01 2.968121170997619629e-01 4.912791848182678223e-01 4.547338485717773438e-01 3.902015686035156250e-01 8.920446038246154785e-02 6.697429418563842773e-01 4.475180804729461670e-01
6.495425105094909668e-01 7.412800192832946777e-01 3.043000027537345886e-02 7.792050242424011230e-01 7.509437203407287598e-01 3.816798925399780273e-01 9.246689081192016602e-01 7.314610481262207031e-01 5.666536688804626465e-01 1.966562569141387939e-01 4.808883070945739746e-01 7.716299891471862793e-01 4.415577948093414307e-01 7.394022941589355469e-01
2.943474948406219482e-01 6.059141755104064941e-01 3.404900133609771729e-01 5.019899830222129822e-02 9.364472627639770508e-01 3.801256418228149414e-01 3.225743472576141357e-01 2.664815485477447510e-01 5.587157607078552246e-01 4.165112376213073730e-01 2.364595234394073486e-01 8.805940747261047363e-01 5.443689823150634766e-01 2.808260619640350342e-01
4.699699878692626953e-01 2.541689872741699219e-01 2.573255002498626709e-01 7.542175054550170898e-01 2.843067646026611328e-01 6.752315908670425415e-02 9.036083221435546875e-01 4.401509463787078857e-01 3.532053828239440918e-01 4.817864894866943359e-01 8.022265434265136719e-01 2.204585224390029907e-01 4.273296296596527100e-01 7.107540369033813477e-01
9.969300031661987305e-01 1.853153407573699951e-01 5.946162343025207520e-01 3.194234967231750488e-01 6.363099813461303711e-02 1.232825219631195068e-01 3.152573406696319580e-01 9.000752568244934082e-01 3.491696417331695557e-01 5.385273098945617676e-01 6.225289106369018555e-01 1.297105550765991211e-01 4.473383724689483643e-01 6.315713524818420410e-01
3.104799985885620117e-01 7.479196786880493164e-01 7.965440154075622559e-01 6.848474740982055664e-01 3.328649997711181641e-01 3.916097879409790039e-01 4.102066531777381897e-02 3.563136756420135498e-01 5.793082118034362793e-01 4.091432988643646240e-01 7.326244711875915527e-01 3.917660117149353027e-01 4.080380499362945557e-01 3.827806711196899414e-01
3.643549978733062744e-01 8.031976819038391113e-01 6.656810045242309570e-01 1.120777502655982971e-01 2.856124937534332275e-02 5.675760507583618164e-01 7.655128836631774902e-01 3.435871303081512451e-01 5.575965046882629395e-01 3.865409493446350098e-01 2.731522619724273682e-01 5.714877322316169739e-02 7.094753384590148926e-01 4.382973611354827881e-01
6.341400146484375000e-01 2.281313389539718628e-01 1.487150043249130249e-02 1.323725003749132156e-02 7.149450182914733887e-01 5.451665520668029785e-01 6.353093385696411133e-01 5.860814452171325684e-01 4.046745002269744873e-01 3.258165121078491211e-01 1.017904505133628845e-01 7.484833598136901855e-01 5.598431229591369629e-01 4.945599436759948730e-01
3.882024884223937988e-01 2.249021679162979126e-01 6.726797223091125488e-01 9.212700128555297852e-01 6.600842475891113281e-01 5.994726419448852539e-01 2.185086607933044434e-01 4.712662994861602783e-01 3.195576071739196777e-01 7.106829881668090820e-01 7.257588505744934082e-01 7.124549746513366699e-01 4.942543804645538330e-01 3.896082937717437744e-01
8.526775240898132324e-01 5.115010142326354980e-01 3.768150135874748230e-02 8.213700056076049805e-01 6.952049732208251953e-01 1.856072694063186646e-01 3.137840032577514648e-01 8.612344861030578613e-01 5.194740295410156250e-01 3.273099064826965332e-01 5.911934375762939453e-01 7.803340554237365723e-01 4.407439827919006348e-01 4.919608831405639648e-01
9.990050196647644043e-01 5.127146840095520020e-01 9.860417246818542480e-01 5.404725074768066406e-01 3.357677459716796875e-01 5.072447657585144043e-01 9.573369026184082031e-01 9.040679931640625000e-01 3.265580832958221436e-01 6.950848698616027832e-01 7.462316751480102539e-01 3.073695600032806396e-01 5.194611549377441406e-01 7.828941941261291504e-01
4.618175029754638672e-01 8.308724761009216309e-01 6.438454985618591309e-01 4.836890101432800293e-01 1.742827445268630981e-01 6.004298105835914612e-02 5.046179890632629395e-01 5.761917233467102051e-01 6.086369156837463379e-01 3.769901394844055176e-01 5.094363689422607422e-01 2.285327464342117310e-01 4.813347756862640381e-01 4.836741387844085693e-01
1.979175060987472534e-01 6.752796769142150879e-01 4.547674953937530518e-02 7.874624729156494141e-01 5.690722465515136719e-01 2.273631244897842407e-01 9.522694349288940430e-01 2.318047583103179932e-01 6.704737544059753418e-01 7.434543967247009277e-02 8.042603731155395508e-01 6.035612225532531738e-01 3.012512028217315674e-01 7.804400920867919922e-01
9.722474813461303711e-01 8.184563517570495605e-01 5.392625182867050171e-02 8.052600026130676270e-01 3.060939908027648926e-01 5.404233187437057495e-02 6.121023297309875488e-01 8.135167360305786133e-01 4.551856815814971924e-01 5.477690100669860840e-01 6.176797747611999512e-01 2.941911220550537109e-01 4.708203375339508057e-01 5.199659466743469238e-01
3.080675005912780762e-01 7.010611891746520996e-01 4.994640052318572998e-01 5.099800229072570801e-01 5.613575130701065063e-02 7.657982707023620605e-01 4.196510016918182373e-01 2.870754003524780273e-01 5.360180735588073730e-01 2.938156723976135254e-01 4.873404204845428467e-01 9.668789058923721313e-02 6.452881693840026855e-01 4.980017244815826416e-01
3.660899996757507324e-01 2.527939975261688232e-01 7.037402391433715820e-01 5.978599786758422852e-01 6.748697757720947266e-01 7.463386654853820801e-01 2.581023275852203369e-01 3.648442327976226807e-01 2.874642312526702881e-01 7.267541289329528809e-01 4.459557235240936279e-01 7.439249753952026367e-01 4.997793138027191162e-01 4.095310568809509277e-01
3.538450002670288086e-01 1.902383267879486084e-01 2.484862506389617920e-01 5.129550099372863770e-01 3.490292429924011230e-01 5.120608806610107422e-01 6.247966736555099487e-02 3.271483182907104492e-01 4.647031724452972412e-01 5.997862219810485840e-01 4.837971925735473633e-01 3.165691196918487549e-01 4.647589921951293945e-01 3.666274249553680420e-01
8.080250024795532227e-02 3.573994934558868408e-01 9.662290215492248535e-01 6.792899966239929199e-01 5.672724843025207520e-01 5.125874876976013184e-01 7.600963115692138672e-01 1.045254915952682495e-01 3.471173942089080811e-01 8.368211388587951660e-01 6.969013810157775879e-01 6.420191526412963867e-01 3.893846869468688965e-01 7.341795563697814941e-01
1.382649987936019897e-01 4.242379963397979736e-01 3.870057463645935059e-01 2.739222645759582520e-01 1.535300016403198242e-01 8.454275727272033691e-01 6.823347806930541992e-01 1.000358313322067261e-01 5.992106199264526367e-01 4.993406832218170166e-01 2.924525737762451172e-01 7.181120663881301880e-02 7.172320485115051270e-01 4.643688499927520752e-01
1.074424982070922852e-01 3.771494925022125244e-01 7.191944718360900879e-01 7.471150159835815430e-01 2.170749939978122711e-02 7.507810741662979126e-02 2.692546546459197998e-01 1.392634660005569458e-01 3.634304106235504150e-01 7.529433369636535645e-01 6.835516095161437988e-01 7.581549882888793945e-02 4.971709251403808594e-01 5.694667696952819824e-01
5.996025204658508301e-01 2.187239974737167358e-01 2.859387397766113281e-01 6.319125294685363770e-01 7.379267215728759766e-01 7.215978503227233887e-01 7.927479743957519531e-01 5.881353616714477539e-01 3.980200290679931641e-01 4.791614711284637451e-01 4.959959089756011963e-01 7.093963623046875000e-01 4.609462618827819824e-01 6.146806478500366211e-01
9.865124821662902832e-01 4.368748366832733154e-01 4.525982439517974854e-01 3.285277485847473145e-01 8.410974740982055664e-01 3.436492979526519775e-01 9.645522236824035645e-01 8.263187408447265625e-01 4.852050840854644775e-01 4.191195070743560791e-01 5.862239599227905273e-01 7.018824219703674316e-01 4.053011834621429443e-01 5.104383230209350586e-01
6.312825083732604980e-01 2.546228468418121338e-01 5.712372660636901855e-01 3.460980057716369629e-01 6.178572773933410645e-01 4.528657495975494385e-01 1.277023404836654663e-01 7.919173836708068848e-01 3.715816140174865723e-01 5.581654310226440430e-01 1.806522160768508911e-01 6.410988569259643555e-01 5.591322183609008789e-01 2.345745116472244263e-01
7.961149811744689941e-01 7.080058455467224121e-01 5.146562457084655762e-01 3.924799859523773193e-01 1.429699957370758057e-01 5.741235613822937012e-01 2.478723376989364624e-01 7.488213777542114258e-01 5.693543553352355957e-01 3.922299444675445557e-01 5.097236633300781250e-01 1.794475764036178589e-01 4.595756232738494873e-01 5.592001080513000488e-01
8.442950248718261719e-01 5.838288068771362305e-01 1.733697503805160522e-01 6.421350240707397461e-01 7.646177411079406738e-01 4.676388800144195557e-01 7.017969489097595215e-01 7.929794788360595703e-01 5.062043070793151855e-01 3.613477349281311035e-01 5.292091369628906250e-01 7.712664604187011719e-01 4.574503898620605469e-01 5.201746225357055664e-01
4.681299924850463867e-01 1.851781606674194336e-01 9.461502432823181152e-01 4.364475011825561523e-01 3.299537599086761475e-01 9.383332133293151855e-01 8.224333524703979492e-01 5.491448640823364258e-01 3.617765307426452637e-01 6.207965612411499023e-01 6.139227747917175293e-01 2.722158133983612061e-01 5.366925001144409180e-01 5.904223322868347168e-01
4.709349870681762695e-01 3.548451662063598633e-01 7.789080142974853516e-01 1.375962495803833008e-01 1.834249943494796753e-01 8.134646415710449219e-01 4.403123259544372559e-01 5.115626454353332520e-01 4.811281561851501465e-01 6.035178899765014648e-01 2.583613693714141846e-01 1.442123055458068848e-01 5.835719704627990723e-01 3.057856559753417969e-01
7.293300032615661621e-01 2.239926606416702271e-01 4.996367394924163818e-01 4.466232359409332275e-01 4.925682544708251953e-01 9.836612939834594727e-01 9.378047585487365723e-01 5.848239064216613770e-01 4.212490916252136230e-01 5.637954473495483398e-01 5.902921557426452637e-01 3.326482474803924561e-01 4.506593346595764160e-01 4.825749397277832031e-01
8.214499950408935547e-01 6.396030187606811523e-01 8.020964860916137695e-01 8.544650077819824219e-01 8.157207369804382324e-01 5.137507319450378418e-01 6.084013581275939941e-01 9.003111124038696289e-01 4.667744934558868408e-01 5.334862470626831055e-01 8.096245527267456055e-01 8.660199046134948730e-01 4.310172498226165771e-01 5.704903006553649902e-01
4.176250100135803223e-02 2.605246603488922119e-01 8.082550168037414551e-01 7.088400125503540039e-01 9.726099669933319092e-02 8.720312118530273438e-01 5.954156517982482910e-01 9.070045500993728638e-02 3.753055036067962646e-01 7.541718482971191406e-01 5.933448672294616699e-01 6.521525233983993530e-02 7.236510515213012695e-01 6.916092634201049805e-01
7.883725166320800781e-01 6.593629717826843262e-01 8.596755266189575195e-01 2.987412512302398682e-01 7.223179936408996582e-01 4.795535206794738770e-01 9.717208743095397949e-01 8.121471405029296875e-01 5.271467566490173340e-01 4.597550928592681885e-01 4.895064830780029297e-01 6.134411692619323730e-01 4.468041658401489258e-01 6.296926736831665039e-01
7.084274888038635254e-01 4.328461587429046631e-01 7.115697264671325684e-01 5.112199783325195312e-01 5.491034984588623047e-01 6.666193008422851562e-01 8.808780908584594727e-01 7.351183295249938965e-01 4.645171165466308594e-01 6.008651852607727051e-01 6.096367835998535156e-01 4.965878427028656006e-01 5.165438055992126465e-01 6.077255010604858398e-01
1.180450022220611572e-01 5.258161425590515137e-01 3.197174891829490662e-02 3.379600048065185547e-01 1.635382473468780518e-01 3.489731252193450928e-01 4.183226525783538818e-01 1.427578479051589966e-01 6.636813879013061523e-01 1.379843354225158691e-01 4.747424423694610596e-01 1.384783536195755005e-01 6.508411765098571777e-01 6.230772137641906738e-01
9.918649792671203613e-01 2.399043291807174683e-01 2.555755078792572021e-01 6.090649962425231934e-01 9.141659736633300781e-01 2.139394879341125488e-01 3.539999946951866150e-03 9.054238200187683105e-01 3.707187175750732422e-01 6.245155930519104004e-01 4.998143315315246582e-01 9.043880701065063477e-01 5.807740688323974609e-01 3.166088461875915527e-01
1.284125000238418579e-01 1.719155013561248779e-01 5.350260138511657715e-01 2.646502554416656494e-01 8.763049840927124023e-01 5.629256367683410645e-01 3.499099984765052795e-02 1.696311980485916138e-01 3.724043071269989014e-01 7.105572819709777832e-01 3.661350607872009277e-01 8.637522459030151367e-01 6.325665712356567383e-01 3.936922848224639893e-01
7.266225218772888184e-01 2.745763361454010010e-01 5.135664939880371094e-01 8.061174750328063965e-01 9.611989855766296387e-01 5.417202115058898926e-01 2.644590139389038086e-01 7.552317976951599121e-01 3.794470131397247314e-01 7.235001921653747559e-01 6.856721639633178711e-01 8.998936414718627930e-01 4.803027808666229248e-01 2.665502727031707764e-01
1.500625014305114746e-01 5.123521685600280762e-01 1.863054931163787842e-01 7.742224633693695068e-02 5.120747685432434082e-01 8.886257410049438477e-01 1.990929991006851196e-01 1.228917241096496582e-01 5.688444375991821289e-01 2.472253143787384033e-01 1.383149921894073486e-01 5.849553942680358887e-01 6.405252814292907715e-01 5.149288177490234375e-01
9.917999804019927979e-02 8.105639815330505371e-01 9.747987389564514160e-01 7.417950034141540527e-02 1.971040070056915283e-01 8.333922028541564941e-01 1.052133366465568542e-02 7.716356217861175537e-02 6.665240526199340820e-01 7.206314206123352051e-01 1.007386893033981323e-01 2.542577385902404785e-01 6.243909001350402832e-01 3.650475740432739258e-01
1.999824941158294678e-01 4.529278278350830078e-01 1.536564975976943970e-01 5.150550007820129395e-01 2.908100001513957977e-02 4.583289027214050293e-01 5.162556767463684082e-01 1.938006281852722168e-01 5.379266738891601562e-01 2.054458260536193848e-01 5.776571631431579590e-01 5.060208588838577271e-02 7.170238494873046875e-01 5.738420486450195312e-01
4.052499774843454361e-03 4.715193212032318115e-01 8.828007578849792480e-01 7.200124859809875488e-01 7.454494833946228027e-01 2.316546440124511719e-01 9.594941139221191406e-01 3.430549427866935730e-02 3.327324986457824707e-01 9.230316877365112305e-01 7.578548192977905273e-01 7.169199585914611816e-01 3.872410356998443604e-01 6.010177731513977051e-01
8.265799880027770996e-01 7.946988344192504883e-01 1.353474985808134079e-02 6.612499952316284180e-01 3.967007398605346680e-01 5.772690176963806152e-01 8.687244057655334473e-01 6.864184737205505371e-01 6.381181478500366211e-01 3.231154084205627441e-01 6.417682766914367676e-01 3.863828480243682861e-01 5.203121304512023926e-01 7.181744575500488281e-01
2.698175013065338135e-01 6.942576766014099121e-01 1.674434989690780640e-01 8.185899853706359863e-01 2.747847437858581543e-01 5.642480850219726562e-01 1.363613307476043701e-01 2.490299344062805176e-01 6.338686943054199219e-01 2.041875123977661133e-01 6.914742588996887207e-01 3.335711359977722168e-01 4.959313869476318359e-01 5.470531582832336426e-01
4.601399898529052734e-01 4.738574922084808350e-01 6.792887449264526367e-01 2.801632583141326904e-01 7.813665270805358887e-01 9.392333030700683594e-02 8.295833319425582886e-02 6.137766242027282715e-01 5.313757658004760742e-01 3.775927424430847168e-01 3.060131371021270752e-01 8.078870773315429688e-01 4.004606604576110840e-01 3.191371262073516846e-01
8.739100098609924316e-01 6.439178586006164551e-01 3.565104901790618896e-01 8.655250072479248047e-03 7.428217530250549316e-01 2.297111153602600098e-01 3.042726814746856689e-01 8.085952997207641602e-01 4.566913843154907227e-01 3.499526977539062500e-01 2.246103286743164062e-01 8.286207318305969238e-01 5.411747694015502930e-01 5.197994112968444824e-01
8.372499942779541016e-01 4.964953362941741943e-01 7.864217758178710938e-01 1.196952536702156067e-01 6.558899879455566406e-01 4.126114249229431152e-01 8.352743983268737793e-01 8.571156263351440430e-01 4.326894283294677734e-01 6.004759669303894043e-01 3.119105994701385498e-01 6.390306353569030762e-01 5.404401421546936035e-01 4.621762633323669434e-01
7.994899749755859375e-01 2.026771605014801025e-01 9.166177511215209961e-01 2.795712351799011230e-01 9.473620057106018066e-01 9.447643160820007324e-01 2.532186806201934814e-01 8.613862991333007812e-01 3.081138134002685547e-01 7.314487695693969727e-01 3.336787521839141846e-01 9.113272428512573242e-01 6.356019973754882812e-01 2.641810476779937744e-01
7.468674778938293457e-01 4.677500128746032715e-01 3.403122425079345703e-01 9.844074845314025879e-01 6.249527335166931152e-01 3.694692850112915039e-01 7.887266874313354492e-01 8.527227640151977539e-01 4.696222245693206787e-01 4.940972924232482910e-01 7.486767768859863281e-01 6.721985340118408203e-01 4.475595057010650635e-01 6.425662040710449219e-01
7.805600166320800781e-01 3.048731684684753418e-01 2.625592648983001709e-01 6.585775017738342285e-01 1.974067538976669312e-01 8.314639329910278320e-01 7.302883267402648926e-01 7.637789845466613770e-01 4.765382707118988037e-01 5.290976166725158691e-01 4.101707935333251953e-01 1.763672530651092529e-01 5.145359039306640625e-01 5.633651018142700195e-01
3.022249974310398102e-02 8.012443184852600098e-01 2.762752473354339600e-01 9.072750210762023926e-01 8.655869960784912109e-01 2.819007039070129395e-01 8.110892772674560547e-01 5.383028090000152588e-02 7.815976142883300781e-01 4.316433966159820557e-01 8.200700283050537109e-01 8.928111195564270020e-01 3.214909434318542480e-01 4.107227623462677002e-01
5.246300101280212402e-01 7.891093492507934570e-01 6.284675002098083496e-01 3.088797628879547119e-01 1.713967472314834595e-01 8.540242314338684082e-01 3.292213380336761475e-01 5.398273468017578125e-01 6.089397668838500977e-01 4.254717528820037842e-01 2.984240353107452393e-01 1.748800724744796753e-01 5.323560237884521484e-01 3.557336628437042236e-01
5.287899971008300781e-01 6.729981899261474609e-01 9.072967767715454102e-01 8.702225089073181152e-01 9.707217216491699219e-01 4.525095969438552856e-02 5.235880017280578613e-01 6.181107163429260254e-01 4.723654687404632568e-01 6.619746088981628418e-01 8.588551282882690430e-01 9.231047034263610840e-01 4.329763352870941162e-01 4.138544201850891113e-01
4.578525125980377197e-01 5.847293138504028320e-01 7.017765045166015625e-01 7.578824758529663086e-01 3.888577520847320557e-01 2.122800052165985107e-01 5.813996791839599609e-01 4.610535800457000732e-01 4.566458463668823242e-01 5.740139484405517578e-01 7.616773843765258789e-01 4.078954458236694336e-01 3.558921813964843750e-01 4.198122620582580566e-01
2.096750028431415558e-02 3.860625028610229492e-01 2.796250022947788239e-02 2.733870148658752441e-01 9.157245159149169922e-01 5.558437108993530273e-01 5.390610098838806152e-01 7.365718483924865723e-02 5.808809995651245117e-01 2.669332921504974365e-01 8.523780852556228638e-02 8.476752638816833496e-01 7.297886610031127930e-01 2.947670817375183105e-01
1.374125033617019653e-01 5.233963131904602051e-01 5.068612694740295410e-01 4.987154901027679443e-01 1.879700087010860443e-02 5.285377502441406250e-01 6.129043102264404297e-01 1.151735931634902954e-01 4.834919273853302002e-01 5.857376456260681152e-01 5.454483628273010254e-01 5.091862380504608154e-02 6.651694774627685547e-01 5.197316408157348633e-01
3.923675119876861572e-01 5.075591802597045898e-01 7.471457719802856445e-01 5.862674713134765625e-01 5.657017230987548828e-01 2.904629409313201904e-01 4.223130047321319580e-01 4.443781971931457520e-01 3.902195692062377930e-01 5.756657123565673828e-01 5.577084422111511230e-01 6.526958942413330078e-01 4.051777720451354980e-01 5.290930867195129395e-01
1.679424941539764404e-01 8.274276852607727051e-01 5.432714819908142090e-01 1.820649951696395874e-02 8.153262734413146973e-01 2.306262552738189697e-01 7.360599935054779053e-02 1.507555395364761353e-01 5.701915025711059570e-01 4.819957613945007324e-01 2.419870793819427490e-01 8.791184425354003906e-01 5.622286200523376465e-01 3.000930249691009521e-01
3.933550119400024414e-01 7.792611718177795410e-01 2.256225049495697021e-01 4.539837539196014404e-01 9.645607471466064453e-01 5.436675548553466797e-01 9.842261672019958496e-01 4.471285045146942139e-01 6.184982061386108398e-01 1.084597781300544739e-01 2.915617227554321289e-01 8.184305429458618164e-01 4.548206329345703125e-01 6.631568670272827148e-01
4.449824988842010498e-01 1.730004996061325073e-01 1.919837445020675659e-01 8.914049863815307617e-01 4.474482536315917969e-01 1.133459582924842834e-01 3.014020025730133057e-01 4.845561087131500244e-01 4.349913001060485840e-01 4.929820299148559570e-01 7.716953158378601074e-01 4.508583843708038330e-01 3.704900741577148438e-01 4.889572858810424805e-01
2.291425019502639771e-01 7.988243103027343750e-01 8.099225163459777832e-01 7.555599808692932129e-01 9.395350217819213867e-01 5.867105126380920410e-01 2.200309932231903076e-01 1.826293617486953735e-01 5.725413560867309570e-01 6.639072895050048828e-01 6.737982034683227539e-01 9.228228926658630371e-01 4.724410176277160645e-01 3.226377367973327637e-01
1.693174988031387329e-01 7.909858226776123047e-01 2.466634958982467651e-01 1.619444936513900757e-01 5.461649894714355469e-01 6.064682602882385254e-01 4.500993192195892334e-01 1.557801365852355957e-01 5.960707068443298340e-01 2.103358954191207886e-01 2.271244525909423828e-01 6.826260685920715332e-01 5.620228648185729980e-01 5.425683856010437012e-01
4.319350123405456543e-01 2.201023399829864502e-01 2.271544933319091797e-01 2.004617452621459961e-01 7.734645009040832520e-01 1.259227246046066284e-01 8.821533918380737305e-01 4.482869803905487061e-01 3.705430328845977783e-01 5.075213909149169922e-01 2.221977859735488892e-01 6.910644769668579102e-01 4.656745791435241699e-01 4.285102784633636475e-01
7.328374981880187988e-01 5.203235149383544922e-01 6.857187747955322266e-01 5.158724784851074219e-01 3.781472444534301758e-01 7.726946473121643066e-01 2.045466601848602295e-01 7.660535573959350586e-01 5.826523303985595703e-01 4.650289416313171387e-01 5.955000519752502441e-01 3.739027678966522217e-01 4.241649806499481201e-01 4.469990134239196777e-01
8.718374967575073242e-01 3.035014867782592773e-01 2.463639974594116211e-01 8.503274917602539062e-01 9.827795028686523438e-01 6.430036425590515137e-01 9.072946906089782715e-01 8.124393224716186523e-01 4.160233736038208008e-01 5.075431466102600098e-01 7.299185395240783691e-01 8.765674233436584473e-01 5.032110214233398438e-01 6.129409074783325195e-01
2.229599952697753906e-01 5.477301478385925293e-01 1.433512568473815918e-01 7.683675289154052734e-01 2.172455042600631714e-01 8.682365417480468750e-01 6.173650026321411133e-01 1.920647919178009033e-01 6.126853227615356445e-01 1.907899975776672363e-01 5.709978938102722168e-01 1.611698120832443237e-01 6.316327452659606934e-01 5.378478765487670898e-01
3.096500039100646973e-01 4.260173439979553223e-01 3.249287605285644531e-01 7.842350006103515625e-01 5.957267284393310547e-01 5.445885062217712402e-01 1.113356649875640869e-01 2.700770795345306396e-01 4.382800459861755371e-01 5.345336198806762695e-01 5.924651622772216797e-01 6.770913004875183105e-01 3.715256452560424805e-01 5.337347984313964844e-01
8.471350073814392090e-01 4.721638262271881104e-01 1.958574950695037842e-01 1.323132514953613281e-01 4.070807397365570068e-01 3.512502014636993408e-01 1.963299959897994995e-01 7.263627052307128906e-01 5.506483912467956543e-01 5.002341866493225098e-01 2.076368033885955811e-01 3.946113884449005127e-01 5.173229575157165527e-01 3.551056385040283203e-01
3.992750123143196106e-02 6.035388112068176270e-01 6.669340133666992188e-01 4.333457648754119873e-01 3.646380007266998291e-01 2.555052638053894043e-01 2.414180040359497070e-01 4.972597584128379822e-02 5.667555332183837891e-01 7.985377311706542969e-01 4.090995788574218750e-01 4.356142580509185791e-01 3.927558362483978271e-01 4.429607391357421875e-01
2.522799968719482422e-01 6.224631667137145996e-01 8.469499647617340088e-03 3.744035065174102783e-01 6.552180051803588867e-01 2.078589946031570435e-01 1.057523339986801147e-01 2.984924316406250000e-01 6.431097388267517090e-01 1.383423060178756714e-01 4.090350866317749023e-01 7.505282759666442871e-01 3.852519392967224121e-01 6.257380247116088867e-01
5.189650058746337891e-01 2.451331615447998047e-01 6.070244908332824707e-01 7.364624738693237305e-01 9.460164904594421387e-01 6.749446392059326172e-01 2.121790051460266113e-01 5.764001011848449707e-01 3.890606462955474854e-01 7.218824625015258789e-01 5.377289652824401855e-01 8.978493213653564453e-01 5.129283070564270020e-01 2.171256393194198608e-01
5.774924755096435547e-01 4.571650028228759766e-01 1.816727519035339355e-01 2.390747517347335815e-01 7.880027294158935547e-01 5.546672940254211426e-01 4.587976634502410889e-01 6.235839128494262695e-01 4.935896694660186768e-01 2.400183230638504028e-01 1.996552497148513794e-01 8.275989890098571777e-01 4.908691346645355225e-01 4.678823351860046387e-01
2.817200124263763428e-01 2.428318262100219727e-01 6.349735260009765625e-01 5.497174859046936035e-01 5.123487710952758789e-01 2.889033406972885132e-02 4.576143324375152588e-01 2.873104512691497803e-01 3.639571666717529297e-01 7.225385904312133789e-01 5.511745214462280273e-01 5.099477171897888184e-01 3.855935037136077881e-01 4.730556011199951172e-01
2.768650054931640625e-01 3.343124985694885254e-01 1.403087526559829712e-01 9.292724728584289551e-01 6.357747316360473633e-01 5.279412865638732910e-01 7.147667407989501953e-01 3.091383278369903564e-01 5.338644385337829590e-01 2.587620913982391357e-01 7.794697284698486328e-01 6.489367485046386719e-01 3.636143505573272705e-01 6.787368059158325195e-01
9.314125180244445801e-01 2.637443244457244873e-01 5.814767479896545410e-01 2.277624979615211487e-02 8.870834708213806152e-01 3.887223303318023682e-01 6.581820249557495117e-01 8.316884040832519531e-01 3.818731606006622314e-01 5.621078014373779297e-01 3.651732504367828369e-01 8.366211652755737305e-01 5.525320768356323242e-01 3.647093772888183594e-01
6.716700196266174316e-01 3.031946718692779541e-01 4.493922591209411621e-01 1.494902521371841431e-01 5.518347620964050293e-01 5.307163596153259277e-01 3.457366675138473511e-02 7.332205772399902344e-01 4.827435612678527832e-01 4.194897115230560303e-01 1.990151107311248779e-01 5.612828731536865234e-01 5.145182013511657715e-01 2.878644466400146484e-01
1.733749918639659882e-02 6.821466684341430664e-01 8.410032391548156738e-01 7.020475268363952637e-01 9.559684991836547852e-01 6.888074874877929688e-01 3.034853339195251465e-01 5.533629655838012695e-02 6.592828631401062012e-01 6.100314259529113770e-01 4.024883508682250977e-01 9.492719769477844238e-01 6.255959272384643555e-01 2.553663253784179688e-01
1.661400049924850464e-01 6.121063232421875000e-01 9.414732456207275391e-01 3.537087440490722656e-01 2.443282455205917358e-01 5.430192947387695312e-01 2.133366614580154419e-01 1.310774683952331543e-01 5.458648204803466797e-01 7.900359630584716797e-01 3.636561632156372070e-01 2.520705163478851318e-01 5.439842939376831055e-01 3.344981074333190918e-01
9.970824718475341797e-01 3.792193233966827393e-01 8.835369944572448730e-01 6.201500073075294495e-02 9.941319823265075684e-01 6.856448650360107422e-01 4.570056796073913574e-01 8.459138870239257812e-01 3.927636444568634033e-01 6.463543772697448730e-01 4.818836748600006104e-01 9.069796204566955566e-01 5.181663632392883301e-01 3.162166178226470947e-01
4.364775121212005615e-01 5.137766599655151367e-01 9.151265025138854980e-01 7.698475122451782227e-01 8.470377326011657715e-01 1.177074760198593140e-01 1.468826681375503540e-01 4.535902440547943115e-01 3.657449781894683838e-01 7.669281363487243652e-01 7.675056457519531250e-01 8.821831345558166504e-01 4.623048305511474609e-01 3.228058218955993652e-01
8.352324962615966797e-01 5.909068584442138672e-01 7.283250093460083008e-01 4.879472553730010986e-01 6.768722534179687500e-01 8.085382580757141113e-01 3.966679871082305908e-01 8.100301027297973633e-01 3.816573917865753174e-01 6.150374412536621094e-01 5.726626515388488770e-01 7.327656149864196777e-01 5.423938035964965820e-01 3.911352753639221191e-01
9.506275057792663574e-01 6.128249764442443848e-01 1.361224949359893799e-01 7.617350220680236816e-01 9.079587459564208984e-01 9.126816391944885254e-01 9.433433413505554199e-01 8.289406895637512207e-01 4.634255170822143555e-01 3.562660515308380127e-01 4.090102016925811768e-01 8.154289722442626953e-01 5.346015095710754395e-01 6.106114983558654785e-01
8.015725016593933105e-01 5.923038125038146973e-01 7.747370004653930664e-01 5.414500087499618530e-02 3.919857442378997803e-01 7.450779676437377930e-01 2.157640010118484497e-01 7.624312043190002441e-01 5.332447290420532227e-01 5.045130252838134766e-01 2.767768204212188721e-01 3.606116771697998047e-01 4.798331260681152344e-01 2.838048040866851807e-01
2.656599879264831543e-01 7.706983089447021484e-01 3.846769928932189941e-01 2.513934969902038574e-01 5.829137563705444336e-01 2.549786865711212158e-01 9.400420188903808594e-01 3.084215819835662842e-01 6.148576736450195312e-01 1.818742007017135620e-01 2.911144196987152100e-01 5.824986100196838379e-01 4.317365884780883789e-01 6.243875622749328613e-01
8.795400261878967285e-01 4.430179893970489502e-01 6.310387253761291504e-01 2.864712476730346680e-01 5.999267697334289551e-01 2.638386785984039307e-01 4.022533446550369263e-02 8.521996140480041504e-01 4.348247051239013672e-01 6.025744676589965820e-01 4.765233695507049561e-01 6.324373483657836914e-01 5.037440061569213867e-01 3.787634074687957764e-01
5.692874789237976074e-01 3.641664981842041016e-01 4.404575005173683167e-02 2.932477593421936035e-01 7.343674898147583008e-01 8.351206779479980469e-01 5.881213545799255371e-01 4.867663383483886719e-01 4.906644821166992188e-01 2.253994345664978027e-01 2.187862545251846313e-01 7.479940652847290039e-01 4.585106372833251953e-01 5.646354556083679199e-01
2.270675003528594971e-01 4.621528387069702148e-01 6.680135130882263184e-01 1.053114980459213257e-01 7.079409956932067871e-01 3.282281756401062012e-02 6.169936656951904297e-01 2.439823448657989502e-01 3.909763991832733154e-01 6.370186209678649902e-01 2.629487216472625732e-01 7.267441153526306152e-01 4.954090118408203125e-01 4.453145861625671387e-01
5.574300289154052734e-01 1.967226713895797729e-01 4.778167605400085449e-01 7.591174840927124023e-01 8.798952698707580566e-01 3.475827276706695557e-01 1.180666685104370117e-01 5.865098834037780762e-01 4.030020236968994141e-01 6.533288955688476562e-01 7.731358408927917480e-01 8.793801665306091309e-01 4.717970490455627441e-01 3.880843222141265869e-01
6.259425282478332520e-01 3.014331758022308350e-01 1.485912501811981201e-01 4.580957591533660889e-01 7.705637216567993164e-01 8.267338275909423828e-01 2.553633451461791992e-01 6.169791817665100098e-01 4.963446557521820068e-01 2.407104223966598511e-01 2.716655135154724121e-01 7.829725146293640137e-01 4.329653382301330566e-01 5.410634279251098633e-01
9.728350043296813965e-01 1.728146672248840332e-01 3.561397492885589600e-01 8.527474999427795410e-01 2.137182503938674927e-01 9.482091665267944336e-01 8.089429736137390137e-01 8.220608234405517578e-01 3.112106025218963623e-01 5.643481612205505371e-01 8.265684247016906738e-01 2.266833633184432983e-01 5.300438404083251953e-01 8.386077284812927246e-01
7.788749933242797852e-01 1.939969956874847412e-01 7.486305236816406250e-01 8.033400028944015503e-02 7.285297513008117676e-01 6.470609307289123535e-01 3.644200041890144348e-02 8.021038174629211426e-01 3.594915270805358887e-01 6.451971530914306641e-01 3.448770344257354736e-01 7.832463979721069336e-01 5.945626497268676758e-01 3.375194966793060303e-01
6.403974890708923340e-01 1.812776625156402588e-01 7.186290025711059570e-01 1.826110035181045532e-01 9.235674738883972168e-01 1.713234335184097290e-01 7.629056572914123535e-01 5.940707325935363770e-01 3.651750981807708740e-01 6.549645662307739258e-01 5.431587696075439453e-01 8.453342914581298828e-01 4.529804885387420654e-01 3.156652152538299561e-01
8.034999668598175049e-02 8.062493205070495605e-01 4.360064864158630371e-01 7.908400297164916992e-01 3.615710139274597168e-01 4.221536219120025635e-01 8.304058909416198730e-01 5.571980029344558716e-02 6.750828623771667480e-01 3.982009589672088623e-01 8.064143657684326172e-01 3.955509066581726074e-01 3.101390600204467773e-01 5.618978142738342285e-01
1.945874989032745361e-01 6.939941644668579102e-01 4.014810025691986084e-01 1.812302470207214355e-01 1.896084994077682495e-01 7.000187039375305176e-01 7.596010565757751465e-01 1.626924276351928711e-01 6.065163612365722656e-01 3.774086534976959229e-01 2.474128603935241699e-01 1.423897594213485718e-01 7.346936464309692383e-01 5.240456461906433105e-01
8.996000289916992188e-01 6.043524742126464844e-01 7.848539948463439941e-01 4.169670045375823975e-01 3.107174932956695557e-01 1.276740431785583496e-01 4.606069922447204590e-01 9.090051054954528809e-01 4.989750683307647705e-01 6.111631393432617188e-01 4.533950388431549072e-01 3.514065742492675781e-01 4.823068678379058838e-01 5.663086771965026855e-01
8.288250118494033813e-02 7.698554992675781250e-01 8.580407500267028809e-01 9.049124717712402344e-01 3.087849915027618408e-02 7.982417941093444824e-01 7.089091539382934570e-01 3.305751085281372070e-02 5.580098032951354980e-01 7.245733737945556641e-01 8.290901184082031250e-01 8.236324042081832886e-02 4.977027177810668945e-01 5.353959798812866211e-01
6.151000037789344788e-02 6.728168129920959473e-01 5.089524984359741211e-01 8.778125047683715820e-01 7.372587323188781738e-01 8.913036584854125977e-01 1.647300086915493011e-02 6.994954496622085571e-02 6.751884818077087402e-01 4.593440890312194824e-01 4.924800693988800049e-01 8.831500411033630371e-01 5.488507151603698730e-01 3.473168611526489258e-01
6.573550105094909668e-01 3.867893218994140625e-01 5.973952412605285645e-01 1.390857547521591187e-01 2.904852628707885742e-01 8.112040162086486816e-01 6.816638708114624023e-01 5.836683511734008789e-01 5.176421403884887695e-01 5.175769329071044922e-01 4.136115908622741699e-01 2.496233880519866943e-01 4.458172917366027832e-01 4.357123672962188721e-01
6.583349704742431641e-01 3.264728188514709473e-01 1.187812536954879761e-01 7.566974759101867676e-01 1.733645051717758179e-01 5.806132405996322632e-02 2.242893278598785400e-01 7.796069383621215820e-01 5.902456045150756836e-01 2.947016656398773193e-01 5.711065530776977539e-01 1.958996504545211792e-01 3.300015330314636230e-01 4.853847622871398926e-01
4.651749879121780396e-02 7.589908242225646973e-01 3.930207490921020508e-01 1.136192530393600464e-01 9.063389897346496582e-01 3.170475661754608154e-01 4.703536629676818848e-01 6.325413286685943604e-02 6.979308128356933594e-01 5.030542016029357910e-01 3.583081662654876709e-01 9.429374337196350098e-01 5.548598170280456543e-01 2.266008108854293823e-01
3.915224969387054443e-01 4.399886727333068848e-01 3.655945062637329102e-01 6.860575079917907715e-01 7.004935145378112793e-01 8.386942744255065918e-02 3.685076534748077393e-01 4.357781708240509033e-01 4.830595254898071289e-01 4.738998711109161377e-01 5.890220403671264648e-01 7.112275958061218262e-01 3.558630347251892090e-01 2.729139029979705811e-01
4.019599854946136475e-01 4.681201577186584473e-01 5.185887217521667480e-01 3.967222571372985840e-01 2.856342494487762451e-01 2.351643443107604980e-01 5.484333261847496033e-02 3.940534293651580811e-01 5.142413377761840820e-01 5.536841750144958496e-01 4.412045478820800781e-01 2.924585342407226562e-01 4.172683656215667725e-01 2.687761783599853516e-01
5.146424770355224609e-01 7.400485277175903320e-01 9.453434944152832031e-01 6.225699782371520996e-01 1.413842439651489258e-01 8.122097849845886230e-01 2.889286577701568604e-01 6.062688827514648438e-01 4.852630198001861572e-01 5.297657847404479980e-01 5.465862751007080078e-01 2.049257308244705200e-01 5.099111795425415039e-01 5.058014392852783203e-01
7.798550128936767578e-01 4.261656701564788818e-01 2.231547534465789795e-01 9.638224840164184570e-01 8.622482419013977051e-01 3.938568830490112305e-01 6.200990080833435059e-01 8.224461078643798828e-01 4.326577782630920410e-01 5.050386190414428711e-01 7.636775970458984375e-01 8.822132945060729980e-01 4.832394719123840332e-01 5.627837181091308594e-01
7.809500098228454590e-01 5.252936482429504395e-01 8.591882586479187012e-01 8.087325096130371094e-01 9.970407485961914062e-01 2.341383844614028931e-01 6.756131649017333984e-01 8.994556665420532227e-01 4.275790154933929443e-01 6.625428199768066406e-01 7.867241501808166504e-01 9.315606951713562012e-01 5.076856613159179688e-01 3.435898423194885254e-01
4.543924927711486816e-01 7.378360033035278320e-01 5.042652487754821777e-01 5.452425032854080200e-02 3.704949915409088135e-01 3.414631187915802002e-01 3.860243260860443115e-01 5.100158452987670898e-01 5.537425875663757324e-01 4.225170910358428955e-01 1.550200432538986206e-01 4.073969423770904541e-01 5.418964028358459473e-01 3.677642941474914551e-01
