4.176250100135803223e-02 2.605246603488922119e-01 8.082550168037414551e-01 7.088400125503540039e-01 9.726099669933319092e-02 8.720312118530273438e-01 5.954156517982482910e-01 5.487346090376377106e-03 2.500965297222137451e-01 8.708932995796203613e-01 7.355451583862304688e-01 2.749797888100147247e-02 8.954553008079528809e-01 6.753043532371520996e-01
6.814774870872497559e-01 3.800818324089050293e-01 3.593422472476959229e-01 6.565399765968322754e-01 4.243335127830505371e-01 1.351579725742340088e-01 1.919530034065246582e-01 6.423296332359313965e-01 4.099600017070770264e-01 4.038411676883697510e-01 6.588073372840881348e-01 4.236981272697448730e-01 3.152819275856018066e-01 2.007274627685546875e-01
6.312825083732604980e-01 2.546228468418121338e-01 5.712372660636901855e-01 3.460980057716369629e-01 6.178572773933410645e-01 4.528657495975494385e-01 1.277023404836654663e-01 6.738714575767517090e-01 2.958268225193023682e-01 4.983571171760559082e-01 4.954358637332916260e-01 6.240800619125366211e-01 4.482781887054443359e-01 2.845848798751831055e-01
2.044575065374374390e-01 6.246816515922546387e-01 3.054497539997100830e-01 6.257774829864501953e-01 8.180882334709167480e-01 8.765958249568939209e-02 9.826537370681762695e-01 2.114231139421463013e-01 6.180499792098999023e-01 2.746669352054595947e-01 5.927689671516418457e-01 7.104366421699523926e-01 3.174878954887390137e-01 6.611291766166687012e-01
2.780900001525878906e-01 1.792176663875579834e-01 9.288704991340637207e-01 6.176350116729736328e-01 9.227149933576583862e-02 5.913984775543212891e-01 9.506603479385375977e-01 3.001579642295837402e-01 2.539726495742797852e-01 7.924695611000061035e-01 6.133108139038085938e-01 1.523677539080381393e-02 7.497286796569824219e-01 8.586808443069458008e-01
4.319350123405456543e-01 2.201023399829864502e-01 2.271544933319091797e-01 2.004617452621459961e-01 7.734645009040832520e-01 1.259227246046066284e-01 8.821533918380737305e-01 4.697804749011993408e-01 4.170092046260833740e-01 3.250508904457092285e-01 3.715188801288604736e-01 6.879429817199707031e-01 4.707123339176177979e-01 6.282857060432434082e-01
4.019599854946136475e-01 4.681201577186584473e-01 5.185887217521667480e-01 3.967222571372985840e-01 2.856342494487762451e-01 2.351643443107604980e-01 5.484333261847496033e-02 4.106741547584533691e-01 4.567588269710540771e-01 3.937472999095916748e-01 6.143646240234375000e-01 2.974085807800292969e-01 3.705402314662933350e-01 2.319156974554061890e-01
4.539249837398529053e-02 6.400160193443298340e-01 1.193045005202293396e-01 2.625067532062530518e-01 2.417974919080734253e-02 8.794419169425964355e-01 3.599239885807037354e-01 6.384090986102819443e-03 6.647003293037414551e-01 1.789442636072635651e-02 1.493515968322753906e-01 3.483649343252182007e-02 8.561276197433471680e-01 4.284543395042419434e-01
7.619249820709228516e-01 5.623946785926818848e-01 7.566737532615661621e-01 5.573624968528747559e-01 1.388995051383972168e-01 9.981855750083923340e-01 3.868726789951324463e-01 8.290857672691345215e-01 3.950637876987457275e-01 6.189562082290649414e-01 5.765939950942993164e-01 1.464007794857025146e-01 6.599296331405639648e-01 5.296286940574645996e-01
6.583349704742431641e-01 3.264728188514709473e-01 1.187812536954879761e-01 7.566974759101867676e-01 1.733645051717758179e-01 5.806132405996322632e-02 2.242893278598785400e-01 7.252795100212097168e-01 3.934465646743774414e-01 4.157995581626892090e-01 5.320562720298767090e-01 1.715167760848999023e-01 4.823606610298156738e-01 3.985103666782379150e-01
1.180450022220611572e-01 5.258161425590515137e-01 3.197174891829490662e-02 3.379600048065185547e-01 1.635382473468780518e-01 3.489731252193450928e-01 4.183226525783538818e-01 1.084225699305534363e-01 5.527320504188537598e-01 9.375100582838058472e-02 3.463918864727020264e-01 2.833360731601715088e-01 4.160937368869781494e-01 6.918921470642089844e-01
9.668574929237365723e-01 1.919428259134292603e-01 6.263830065727233887e-01 8.953624963760375977e-01 9.742457270622253418e-01 7.615771889686584473e-01 1.582150012254714966e-01 8.474678397178649902e-01 3.038793504238128662e-01 7.060557007789611816e-01 7.400351762771606445e-01 9.014455676078796387e-01 5.828865170478820801e-01 1.628594398498535156e-01
3.882024884223937988e-01 2.249021679162979126e-01 6.726797223091125488e-01 9.212700128555297852e-01 6.600842475891113281e-01 5.994726419448852539e-01 2.185086607933044434e-01 3.988882899284362793e-01 2.460345774888992310e-01 8.842777609825134277e-01 8.041599988937377930e-01 7.210960984230041504e-01 7.631040811538696289e-01 2.727223634719848633e-01
8.557350039482116699e-01 3.413478434085845947e-01 6.399185061454772949e-01 4.771282374858856201e-01 2.543214857578277588e-01 6.311722993850708008e-01 6.887222528457641602e-01 8.263704776763916016e-01 3.595711588859558105e-01 6.351836323738098145e-01 6.275488138198852539e-01 2.337798476219177246e-01 5.978361964225769043e-01 4.223179519176483154e-01
6.259425282478332520e-01 3.014331758022308350e-01 1.485912501811981201e-01 4.580957591533660889e-01 7.705637216567993164e-01 8.267338275909423828e-01 2.553633451461791992e-01 5.115240216255187988e-01 5.218470692634582520e-01 1.571006476879119873e-01 4.103003144264221191e-01 7.948740720748901367e-01 4.696088433265686035e-01 6.604769825935363770e-01
1.999824941158294678e-01 4.529278278350830078e-01 1.536564975976943970e-01 5.150550007820129395e-01 2.908100001513957977e-02 4.583289027214050293e-01 5.162556767463684082e-01 1.624991893768310547e-01 4.864563643932342529e-01 3.243955969810485840e-01 5.284336805343627930e-01 6.531970947980880737e-02 5.052244663238525391e-01 4.363098740577697754e-01
2.096750028431415558e-02 3.860625028610229492e-01 2.796250022947788239e-02 2.733870148658752441e-01 9.157245159149169922e-01 5.558437108993530273e-01 5.390610098838806152e-01 4.351686686277389526e-02 4.477351307868957520e-01 7.195277512073516846e-02 2.494050115346908569e-01 9.066959023475646973e-01 6.585205793380737305e-01 3.955929875373840332e-01
3.339149951934814453e-01 4.823488295078277588e-01 9.623647332191467285e-01 4.525727629661560059e-01 6.711884737014770508e-01 8.217902779579162598e-01 1.188416630029678345e-01 3.775295913219451904e-01 3.471392095088958740e-01 6.993054151535034180e-01 6.006592512130737305e-01 7.382523417472839355e-01 5.561963319778442383e-01 3.297785520553588867e-01
4.449824988842010498e-01 1.730004996061325073e-01 1.919837445020675659e-01 8.914049863815307617e-01 4.474482536315917969e-01 1.133459582924842834e-01 3.014020025730133057e-01 4.689875245094299316e-01 3.304507136344909668e-01 6.038592457771301270e-01 6.442906856536865234e-01 4.411228001117706299e-01 4.237339198589324951e-01 2.737898826599121094e-01
1.382649987936019897e-01 4.242379963397979736e-01 3.870057463645935059e-01 2.739222645759582520e-01 1.535300016403198242e-01 8.454275727272033691e-01 6.823347806930541992e-01 9.302589297294616699e-02 4.406113922595977783e-01 3.836374878883361816e-01 4.501771926879882812e-01 1.348798274993896484e-01 5.857762098312377930e-01 5.027840733528137207e-01
4.109925031661987305e-01 6.649144887924194336e-01 8.350780010223388672e-01 9.475824832916259766e-01 4.614642560482025146e-01 5.095159411430358887e-01 3.747733309864997864e-02 3.936723768711090088e-01 5.214850306510925293e-01 6.183835864067077637e-01 7.600148916244506836e-01 5.226074457168579102e-01 3.188254535198211670e-01 2.346945405006408691e-01
9.506275057792663574e-01 6.128249764442443848e-01 1.361224949359893799e-01 7.617350220680236816e-01 9.079587459564208984e-01 9.126816391944885254e-01 9.433433413505554199e-01 7.904537320137023926e-01 4.451044201850891113e-01 3.115862309932708740e-01 4.096598625183105469e-01 8.670015931129455566e-01 6.905372738838195801e-01 8.052211403846740723e-01
9.314125180244445801e-01 2.637443244457244873e-01 5.814767479896545410e-01 2.277624979615211487e-02 8.870834708213806152e-01 3.887223303318023682e-01 6.581820249557495117e-01 8.212671279907226562e-01 3.425480723381042480e-01 4.589588642120361328e-01 3.673247396945953369e-01 8.771008253097534180e-01 6.677810549736022949e-01 5.983881950378417969e-01
3.900099992752075195e-01 2.739291787147521973e-01 3.150264918804168701e-01 3.430207371711730957e-01 1.287014931440353394e-01 9.063737392425537109e-01 5.168513059616088867e-01 3.138580024242401123e-01 3.862323462963104248e-01 2.942383885383605957e-01 4.281692504882812500e-01 1.038462296128273010e-01 5.311964750289916992e-01 4.083313941955566406e-01
3.933550119400024414e-01 7.792611718177795410e-01 2.256225049495697021e-01 4.539837539196014404e-01 9.645607471466064453e-01 5.436675548553466797e-01 9.842261672019958496e-01 3.074475526809692383e-01 7.198883295059204102e-01 7.114636152982711792e-02 4.865932166576385498e-01 9.283480644226074219e-01 4.940690696239471436e-01 8.783810734748840332e-01
