5.287899971008300781e-01 6.729981899261474609e-01 9.072967767715454102e-01 8.702225089073181152e-01 9.707217216491699219e-01 4.525095969438552856e-02 5.235880017280578613e-01 5.488340854644775391e-01 5.557137131690979004e-01 7.411252260208129883e-01 8.648246526718139648e-01 9.159032106399536133e-01 3.047274649143218994e-01 3.922003209590911865e-01
5.246300101280212402e-01 7.891093492507934570e-01 6.284675002098083496e-01 3.088797628879547119e-01 1.713967472314834595e-01 8.540242314338684082e-01 3.292213380336761475e-01 5.438598990440368652e-01 5.947649478912353516e-01 4.161157906055450439e-01 2.529764175415039062e-01 2.103965729475021362e-01 5.631574988365173340e-01 3.816962242126464844e-01
8.591175079345703125e-01 5.583998560905456543e-01 7.405387759208679199e-01 9.984325170516967773e-01 9.162707328796386719e-01 5.616476535797119141e-01 1.942483335733413696e-01 8.357556462287902832e-01 4.562805891036987305e-01 7.677681446075439453e-01 8.122524619102478027e-01 8.913881778717041016e-01 4.106788337230682373e-01 3.644435107707977295e-01
7.293300032615661621e-01 2.239926606416702271e-01 4.996367394924163818e-01 4.466232359409332275e-01 4.925682544708251953e-01 9.836612939834594727e-01 9.378047585487365723e-01 5.926312804222106934e-01 3.400075435638427734e-01 6.008485555648803711e-01 3.948602080345153809e-01 3.835712671279907227e-01 5.231816768646240234e-01 4.635526239871978760e-01
7.619249820709228516e-01 5.623946785926818848e-01 7.566737532615661621e-01 5.573624968528747559e-01 1.388995051383972168e-01 9.981855750083923340e-01 3.868726789951324463e-01 9.017996788024902344e-01 4.610853195190429688e-01 5.687959790229797363e-01 5.114119052886962891e-01 1.590089499950408936e-01 5.269928574562072754e-01 5.497993230819702148e-01
5.189650058746337891e-01 2.451331615447998047e-01 6.070244908332824707e-01 7.364624738693237305e-01 9.460164904594421387e-01 6.749446392059326172e-01 2.121790051460266113e-01 6.321305632591247559e-01 3.513163626194000244e-01 5.635116100311279297e-01 4.978495836257934570e-01 9.151697754859924316e-01 5.928186774253845215e-01 3.872061073780059814e-01
8.739100098609924316e-01 6.439178586006164551e-01 3.565104901790618896e-01 8.655250072479248047e-03 7.428217530250549316e-01 2.297111153602600098e-01 3.042726814746856689e-01 7.565394043922424316e-01 5.580187439918518066e-01 2.020716220140457153e-01 3.165412247180938721e-01 7.572902441024780273e-01 4.534851908683776855e-01 5.443382263183593750e-01
1.979175060987472534e-01 6.752796769142150879e-01 4.547674953937530518e-02 7.874624729156494141e-01 5.690722465515136719e-01 2.273631244897842407e-01 9.522694349288940430e-01 1.717443466186523438e-01 7.448487877845764160e-01 5.175597220659255981e-02 8.906901478767395020e-01 4.776264131069183350e-01 3.015099167823791504e-01 7.816493511199951172e-01
1.987649947404861450e-01 2.743841707706451416e-01 9.119752645492553711e-01 9.380350112915039062e-01 6.959974765777587891e-01 3.948940336704254150e-01 7.560707330703735352e-01 2.647316753864288330e-01 1.777084320783615112e-01 7.989259958267211914e-01 7.708104848861694336e-01 7.551855444908142090e-01 6.023257970809936523e-01 5.627808570861816406e-01
2.656599879264831543e-01 7.706983089447021484e-01 3.846769928932189941e-01 2.513934969902038574e-01 5.829137563705444336e-01 2.549786865711212158e-01 9.400420188903808594e-01 3.579905033111572266e-01 5.627249479293823242e-01 1.582624167203903198e-01 3.591693937778472900e-01 5.558476448059082031e-01 4.916841685771942139e-01 5.792086124420166016e-01
1.640650033950805664e-01 2.728306651115417480e-01 5.832762718200683594e-01 5.042325258255004883e-01 4.812425076961517334e-01 8.335813879966735840e-02 5.751573443412780762e-01 2.103701233863830566e-01 3.474314808845520020e-01 7.176616787910461426e-01 4.986570179462432861e-01 4.682837724685668945e-01 4.471184909343719482e-01 4.210860133171081543e-01
8.288250118494033813e-02 7.698554992675781250e-01 8.580407500267028809e-01 9.049124717712402344e-01 3.087849915027618408e-02 7.982417941093444824e-01 7.089091539382934570e-01 3.596282750368118286e-02 6.227700710296630859e-01 6.659807562828063965e-01 6.588316559791564941e-01 1.400544792413711548e-01 4.843958318233489990e-01 6.330925226211547852e-01
2.768650054931640625e-01 3.343124985694885254e-01 1.403087526559829712e-01 9.292724728584289551e-01 6.357747316360473633e-01 5.279412865638732910e-01 7.147667407989501953e-01 3.150788247585296631e-01 5.004078149795532227e-01 3.137270510196685791e-01 8.006247878074645996e-01 6.121959686279296875e-01 3.911615610122680664e-01 6.464532613754272461e-01
8.352324962615966797e-01 5.909068584442138672e-01 7.283250093460083008e-01 4.879472553730010986e-01 6.768722534179687500e-01 8.085382580757141113e-01 3.966679871082305908e-01 7.947723269462585449e-01 3.745138943195343018e-01 5.831564664840698242e-01 3.794787824153900146e-01 7.113513350486755371e-01 5.088999867439270020e-01 3.868840932846069336e-01
9.728350043296813965e-01 1.728146672248840332e-01 3.561397492885589600e-01 8.527474999427795410e-01 2.137182503938674927e-01 9.482091665267944336e-01 8.089429736137390137e-01 8.191494941711425781e-01 2.116220444440841675e-01 7.000114321708679199e-01 7.358772754669189453e-01 1.691431850194931030e-01 5.624123811721801758e-01 7.290726900100708008e-01
1.945874989032745361e-01 6.939941644668579102e-01 4.014810025691986084e-01 1.812302470207214355e-01 1.896084994077682495e-01 7.000187039375305176e-01 7.596010565757751465e-01 1.647505313158035278e-01 5.166476368904113770e-01 3.689235746860504150e-01 2.498369663953781128e-01 2.033218443393707275e-01 6.800941228866577148e-01 6.010346412658691406e-01
8.372499942779541016e-01 4.964953362941741943e-01 7.864217758178710938e-01 1.196952536702156067e-01 6.558899879455566406e-01 4.126114249229431152e-01 8.352743983268737793e-01 7.215079665184020996e-01 4.687737226486206055e-01 5.994319915771484375e-01 4.465332627296447754e-01 5.583094954490661621e-01 4.256586432456970215e-01 3.646889925003051758e-01
3.900099992752075195e-01 2.739291787147521973e-01 3.150264918804168701e-01 3.430207371711730957e-01 1.287014931440353394e-01 9.063737392425537109e-01 5.168513059616088867e-01 3.662919700145721436e-01 4.899845421314239502e-01 4.942399561405181885e-01 3.256092071533203125e-01 1.323044896125793457e-01 5.848163962364196777e-01 4.894654154777526855e-01
6.050000083632767200e-04 7.626801729202270508e-01 1.937910020351409912e-01 3.050400018692016602e-01 6.250527501106262207e-01 2.081033401191234589e-02 1.950639933347702026e-01 2.723067253828048706e-02 7.455790042877197266e-01 2.863961160182952881e-01 3.656530082225799561e-01 7.851054668426513672e-01 4.480453431606292725e-01 3.623129129409790039e-01
4.681299924850463867e-01 1.851781606674194336e-01 9.461502432823181152e-01 4.364475011825561523e-01 3.299537599086761475e-01 9.383332133293151855e-01 8.224333524703979492e-01 4.794255197048187256e-01 2.622036635875701904e-01 6.903327107429504395e-01 4.418763816356658936e-01 3.046897947788238525e-01 5.747988224029541016e-01 5.315291285514831543e-01
3.339149951934814453e-01 4.823488295078277588e-01 9.623647332191467285e-01 4.525727629661560059e-01 6.711884737014770508e-01 8.217902779579162598e-01 1.188416630029678345e-01 3.036229908466339111e-01 3.454296886920928955e-01 6.950471997261047363e-01 5.465838313102722168e-01 6.716514229774475098e-01 4.600962400436401367e-01 3.550979495048522949e-01
8.034999668598175049e-02 8.062493205070495605e-01 4.360064864158630371e-01 7.908400297164916992e-01 3.615710139274597168e-01 4.221536219120025635e-01 8.304058909416198730e-01 6.362127512693405151e-02 6.262804269790649414e-01 3.345346152782440186e-01 7.448079586029052734e-01 4.505977034568786621e-01 3.888918161392211914e-01 6.774345040321350098e-01
8.718374967575073242e-01 3.035014867782592773e-01 2.463639974594116211e-01 8.503274917602539062e-01 9.827795028686523438e-01 6.430036425590515137e-01 9.072946906089782715e-01 7.522537708282470703e-01 4.542424082756042480e-01 4.933266341686248779e-01 7.032005190849304199e-01 8.176848292350769043e-01 4.307163655757904053e-01 5.193004012107849121e-01
1.083974987268447876e-01 7.824605107307434082e-01 1.283230036497116089e-01 8.469774723052978516e-01 7.821302413940429688e-01 9.846647381782531738e-01 3.239319920539855957e-01 1.556810270994901657e-02 6.052706241607666016e-01 4.992830380797386169e-02 4.013633355498313904e-03 9.443511366844177246e-01 9.055244326591491699e-01 1.685318350791931152e-01
4.019599854946136475e-01 4.681201577186584473e-01 5.185887217521667480e-01 3.967222571372985840e-01 2.856342494487762451e-01 2.351643443107604980e-01 5.484333261847496033e-02 4.483776092529296875e-01 4.891296625137329102e-01 5.110083222389221191e-01 4.072331190109252930e-01 3.934323191642761230e-01 4.338091313838958740e-01 4.166256785392761230e-01
7.798550128936767578e-01 4.261656701564788818e-01 2.231547534465789795e-01 9.638224840164184570e-01 8.622482419013977051e-01 3.938568830490112305e-01 6.200990080833435059e-01 7.774242162704467773e-01 4.960050582885742188e-01 4.762734472751617432e-01 7.116361260414123535e-01 8.269652128219604492e-01 3.939509093761444092e-01 5.267388224601745605e-01
6.271250247955322266e-01 1.996716707944869995e-01 8.539312481880187988e-01 7.863399982452392578e-01 3.019177615642547607e-01 6.361659765243530273e-01 9.492045044898986816e-01 7.241679430007934570e-01 2.116214483976364136e-01 6.552022099494934082e-01 7.214499711990356445e-01 2.250464856624603271e-01 5.789711475372314453e-01 7.307233810424804688e-01
2.356700003147125244e-01 5.783045291900634766e-01 5.420337319374084473e-01 6.593250036239624023e-01 6.885660290718078613e-01 7.283633351325988770e-01 1.879143267869949341e-01 2.623164951801300049e-01 5.052855014801025391e-01 5.761702060699462891e-01 4.993171393871307373e-01 7.132294178009033203e-01 3.948484063148498535e-01 4.180679917335510254e-01
6.312825083732604980e-01 2.546228468418121338e-01 5.712372660636901855e-01 3.460980057716369629e-01 6.178572773933410645e-01 4.528657495975494385e-01 1.277023404836654663e-01 7.174956798553466797e-01 3.336389958858489990e-01 5.321178436279296875e-01 2.838097810745239258e-01 7.057344317436218262e-01 5.448073148727416992e-01 4.115189909934997559e-01
4.176250100135803223e-02 2.605246603488922119e-01 8.082550168037414551e-01 7.088400125503540039e-01 9.726099669933319092e-02 8.720312118530273438e-01 5.954156517982482910e-01 1.868386403657495975e-03 3.098800182342529297e-01 9.659422039985656738e-01 8.513148427009582520e-01 1.457311864942312241e-02 5.776355862617492676e-01 4.730432331562042236e-01
3.882024884223937988e-01 2.249021679162979126e-01 6.726797223091125488e-01 9.212700128555297852e-01 6.600842475891113281e-01 5.994726419448852539e-01 2.185086607933044434e-01 3.374135494232177734e-01 1.961779743432998657e-01 8.274395465850830078e-01 7.676910161972045898e-01 7.106205224990844727e-01 5.770446062088012695e-01 4.298991262912750244e-01
4.601399898529052734e-01 4.738574922084808350e-01 6.792887449264526367e-01 2.801632583141326904e-01 7.813665270805358887e-01 9.392333030700683594e-02 8.295833319425582886e-02 5.494990944862365723e-01 5.398128032684326172e-01 5.062810778617858887e-01 4.919720888137817383e-01 7.615615129470825195e-01 3.553837239742279053e-01 4.125461876392364502e-01
3.538450002670288086e-01 1.902383267879486084e-01 2.484862506389617920e-01 5.129550099372863770e-01 3.490292429924011230e-01 5.120608806610107422e-01 6.247966736555099487e-02 3.890257775783538818e-01 3.920055329799652100e-01 5.333562493324279785e-01 4.186170399188995361e-01 3.895764648914337158e-01 4.595488309860229492e-01 4.273288846015930176e-01
1.661400049924850464e-01 6.121063232421875000e-01 9.414732456207275391e-01 3.537087440490722656e-01 2.443282455205917358e-01 5.430192947387695312e-01 2.133366614580154419e-01 1.706887185573577881e-01 4.287382066249847412e-01 6.902058124542236328e-01 3.592110574245452881e-01 3.344268798828125000e-01 5.013911724090576172e-01 4.108162820339202881e-01
4.618175029754638672e-01 8.308724761009216309e-01 6.438454985618591309e-01 4.836890101432800293e-01 1.742827445268630981e-01 6.004298105835914612e-02 5.046179890632629395e-01 5.164711475372314453e-01 5.857118368148803711e-01 4.506777822971343994e-01 4.516699612140655518e-01 2.227874249219894409e-01 4.245484173297882080e-01 4.363413751125335693e-01
5.774924755096435547e-01 4.571650028228759766e-01 1.816727519035339355e-01 2.390747517347335815e-01 7.880027294158935547e-01 5.546672940254211426e-01 4.587976634502410889e-01 6.477881073951721191e-01 5.384823679924011230e-01 1.190798804163932800e-01 3.305705785751342773e-01 8.477134704589843750e-01 5.442084670066833496e-01 6.178244352340698242e-01
5.720275044441223145e-01 4.936041533946990967e-01 6.043180227279663086e-01 6.604175269603729248e-02 5.735285282135009766e-01 1.785506010055541992e-01 8.053066581487655640e-02 5.333868861198425293e-01 3.906041383743286133e-01 5.612219572067260742e-01 3.120113611221313477e-01 5.912822484970092773e-01 4.862430095672607422e-01 3.607851862907409668e-01
3.586100041866302490e-01 7.043098211288452148e-01 5.855717658996582031e-01 1.687217503786087036e-01 6.629977226257324219e-01 5.079816281795501709e-02 9.374176859855651855e-01 4.440547525882720947e-01 4.998317360877990723e-01 3.129931092262268066e-01 3.953241705894470215e-01 5.984980463981628418e-01 4.321188926696777344e-01 5.348268747329711914e-01
1.999824941158294678e-01 4.529278278350830078e-01 1.536564975976943970e-01 5.150550007820129395e-01 2.908100001513957977e-02 4.583289027214050293e-01 5.162556767463684082e-01 2.389929592609405518e-01 5.078232884407043457e-01 3.636377751827239990e-01 6.017533540725708008e-01 6.966744363307952881e-02 5.413702130317687988e-01 6.572085618972778320e-01
8.265799880027770996e-01 7.946988344192504883e-01 1.353474985808134079e-02 6.612499952316284180e-01 3.967007398605346680e-01 5.772690176963806152e-01 8.687244057655334473e-01 9.288876652717590332e-01 7.914651632308959961e-01 4.110936447978019714e-02 6.338671445846557617e-01 4.817368984222412109e-01 4.378000497817993164e-01 7.449514865875244141e-01
6.267899870872497559e-01 7.339239716529846191e-01 7.689437270164489746e-01 3.005647361278533936e-01 9.013969898223876953e-01 5.489408373832702637e-01 4.495436549186706543e-01 6.367838978767395020e-01 4.955208599567413330e-01 4.874668419361114502e-01 5.821920037269592285e-01 8.945943713188171387e-01 4.588249325752258301e-01 4.539982974529266357e-01
1.412000041455030441e-02 5.109578371047973633e-01 8.534232378005981445e-01 2.960324883460998535e-01 4.027594923973083496e-01 3.013576865196228027e-01 5.926493406295776367e-01 2.614522166550159454e-02 6.052305698394775391e-01 7.962870001792907715e-01 3.685397803783416748e-01 2.786005735397338867e-01 5.311202406883239746e-01 5.112178921699523926e-01
4.182874858379364014e-01 4.612033367156982422e-01 7.349099963903427124e-02 7.383800148963928223e-01 1.558504998683929443e-01 5.213742256164550781e-01 8.444640040397644043e-01 4.351487457752227783e-01 5.844594836235046387e-01 2.868707776069641113e-01 6.625028252601623535e-01 1.115904077887535095e-01 4.317654073238372803e-01 6.251035928726196289e-01
1.445074975490570068e-01 4.729340076446533203e-01 7.897175103425979614e-02 8.761600255966186523e-01 3.548862636089324951e-01 5.823444724082946777e-01 3.159376680850982666e-01 2.045021206140518188e-01 6.009445786476135254e-01 9.360396862030029297e-02 7.886663079261779785e-01 3.608058094978332520e-01 5.748144984245300293e-01 7.106560468673706055e-01
8.557350039482116699e-01 3.413478434085845947e-01 6.399185061454772949e-01 4.771282374858856201e-01 2.543214857578277588e-01 6.311722993850708008e-01 6.887222528457641602e-01 8.772588372230529785e-01 4.308272600173950195e-01 6.248439550399780273e-01 5.343092083930969238e-01 2.365829795598983765e-01 4.989431798458099365e-01 5.139389634132385254e-01
5.692874789237976074e-01 3.641664981842041016e-01 4.404575005173683167e-02 2.932477593421936035e-01 7.343674898147583008e-01 8.351206779479980469e-01 5.881213545799255371e-01 5.230312347412109375e-01 4.879283607006072998e-01 2.117883563041687012e-01 2.755930423736572266e-01 7.360814809799194336e-01 5.103703737258911133e-01 5.519100427627563477e-01
4.319350123405456543e-01 2.201023399829864502e-01 2.271544933319091797e-01 2.004617452621459961e-01 7.734645009040832520e-01 1.259227246046066284e-01 8.821533918380737305e-01 4.724971055984497070e-01 4.028007686138153076e-01 4.594044089317321777e-01 3.304527401924133301e-01 6.643509864807128906e-01 4.893079698085784912e-01 4.732511639595031738e-01
2.710725069046020508e-01 5.734021663665771484e-01 3.155847489833831787e-01 5.611975193023681641e-01 6.579167246818542480e-01 1.268856525421142578e-01 2.591633424162864685e-02 3.215755224227905273e-01 5.918400287628173828e-01 4.589653015136718750e-01 6.565663218498229980e-01 6.981795430183410645e-01 2.744185030460357666e-01 4.947999715805053711e-01
3.643549978733062744e-01 8.031976819038391113e-01 6.656810045242309570e-01 1.120777502655982971e-01 2.856124937534332275e-02 5.675760507583618164e-01 7.655128836631774902e-01 3.010603785514831543e-01 6.096841096878051758e-01 4.969672858715057373e-01 2.811329662799835205e-01 5.442144721746444702e-02 6.255347728729248047e-01 4.352841377258300781e-01
4.449824988842010498e-01 1.730004996061325073e-01 1.919837445020675659e-01 8.914049863815307617e-01 4.474482536315917969e-01 1.133459582924842834e-01 3.014020025730133057e-01 5.104223489761352539e-01 3.577540814876556396e-01 5.533013343811035156e-01 4.777395725250244141e-01 4.935660958290100098e-01 4.462914168834686279e-01 4.438477158546447754e-01
1.477124989032745361e-01 7.612910270690917969e-01 7.669077515602111816e-01 8.615375310182571411e-02 2.658597528934478760e-01 6.681354641914367676e-01 5.808043479919433594e-01 1.496602743864059448e-01 5.102415680885314941e-01 5.491226911544799805e-01 1.927728205919265747e-01 3.368401527404785156e-01 6.315034031867980957e-01 4.709191918373107910e-01
6.259425282478332520e-01 3.014331758022308350e-01 1.485912501811981201e-01 4.580957591533660889e-01 7.705637216567993164e-01 8.267338275909423828e-01 2.553633451461791992e-01 5.906352400779724121e-01 5.094750523567199707e-01 2.224310487508773804e-01 3.083905875682830811e-01 7.565899491310119629e-01 4.745082855224609375e-01 5.435675978660583496e-01
8.996000289916992188e-01 6.043524742126464844e-01 7.848539948463439941e-01 4.169670045375823975e-01 3.107174932956695557e-01 1.276740431785583496e-01 4.606069922447204590e-01 9.664399623870849609e-01 5.844322443008422852e-01 6.061689853668212891e-01 5.384685993194580078e-01 3.091174066066741943e-01 4.292601943016052246e-01 4.359976053237915039e-01
1.382649987936019897e-01 4.242379963397979736e-01 3.870057463645935059e-01 2.739222645759582520e-01 1.535300016403198242e-01 8.454275727272033691e-01 6.823347806930541992e-01 1.140792891383171082e-01 5.598913431167602539e-01 5.944936275482177734e-01 3.168265223503112793e-01 1.307137757539749146e-01 6.308192610740661621e-01 5.140903592109680176e-01
7.084274888038635254e-01 4.328461587429046631e-01 7.115697264671325684e-01 5.112199783325195312e-01 5.491034984588623047e-01 6.666193008422851562e-01 8.808780908584594727e-01 6.557887196540832520e-01 4.777127802371978760e-01 5.076016187667846680e-01 5.481547117233276367e-01 4.979115128517150879e-01 3.827701210975646973e-01 4.725373685359954834e-01
2.172224968671798706e-01 5.670261383056640625e-01 8.740835189819335938e-01 9.835324883460998535e-01 9.697797298431396484e-01 9.299288988113403320e-01 4.750596582889556885e-01 1.592890471220016479e-01 4.478200078010559082e-01 8.049656152725219727e-01 7.971089482307434082e-01 9.627467393875122070e-01 5.417672395706176758e-01 3.558954596519470215e-01
4.709349870681762695e-01 3.548451662063598633e-01 7.789080142974853516e-01 1.375962495803833008e-01 1.834249943494796753e-01 8.134646415710449219e-01 4.403123259544372559e-01 4.781745374202728271e-01 3.749887049198150635e-01 6.129305958747863770e-01 2.728848159313201904e-01 2.124238163232803345e-01 6.347689628601074219e-01 4.570678472518920898e-01
6.151000037789344788e-02 6.728168129920959473e-01 5.089524984359741211e-01 8.778125047683715820e-01 7.372587323188781738e-01 8.913036584854125977e-01 1.647300086915493011e-02 2.527860365808010101e-02 6.765288114547729492e-01 3.045642971992492676e-01 3.124322295188903809e-01 9.147036075592041016e-01 5.601351857185363770e-01 3.505092561244964600e-01
2.044575065374374390e-01 6.246816515922546387e-01 3.054497539997100830e-01 6.257774829864501953e-01 8.180882334709167480e-01 8.765958249568939209e-02 9.826537370681762695e-01 2.083424329757690430e-01 5.914073586463928223e-01 3.827278614044189453e-01 7.246480584144592285e-01 6.231068968772888184e-01 2.863377928733825684e-01 5.904626846313476562e-01
4.699699878692626953e-01 2.541689872741699219e-01 2.573255002498626709e-01 7.542175054550170898e-01 2.843067646026611328e-01 6.752315908670425415e-02 9.036083221435546875e-01 4.981624782085418701e-01 3.358494937419891357e-01 5.554724335670471191e-01 5.665848851203918457e-01 2.283821552991867065e-01 5.054197907447814941e-01 5.911270380020141602e-01
6.806275248527526855e-01 6.559263467788696289e-01 7.233687639236450195e-01 5.689550042152404785e-01 3.091317415237426758e-01 4.911198019981384277e-01 1.333433296531438828e-02 8.363910317420959473e-01 5.454214215278625488e-01 5.896449685096740723e-01 4.098189175128936768e-01 3.504298031330108643e-01 4.447471797466278076e-01 3.510377109050750732e-01
9.722474813461303711e-01 8.184563517570495605e-01 5.392625182867050171e-02 8.052600026130676270e-01 3.060939908027648926e-01 5.404233187437057495e-02 6.121023297309875488e-01 9.632017612457275391e-01 5.575611591339111328e-01 4.127603471279144287e-01 5.083577036857604980e-01 4.255114793777465820e-01 4.693162143230438232e-01 5.170861482620239258e-01
1.988250017166137695e-02 6.619135141372680664e-01 8.983749747276306152e-01 4.854847490787506104e-01 7.887985110282897949e-01 8.180000782012939453e-01 7.332437634468078613e-01 1.498195622116327286e-02 6.620658040046691895e-01 5.855024456977844238e-01 3.718916475772857666e-01 8.067269921302795410e-01 5.401766300201416016e-01 3.823159635066986084e-01
7.612250000238418579e-02 6.363673210144042969e-01 3.854382634162902832e-01 1.954012513160705566e-01 8.093104958534240723e-01 5.679041147232055664e-01 5.694033205509185791e-02 2.409726940095424652e-02 6.468635201454162598e-01 4.687000513076782227e-01 3.206743896007537842e-01 8.770693540573120117e-01 5.643506050109863281e-01 3.240999579429626465e-01
7.788749933242797852e-01 1.939969956874847412e-01 7.486305236816406250e-01 8.033400028944015503e-02 7.285297513008117676e-01 6.470609307289123535e-01 3.644200041890144348e-02 7.439930438995361328e-01 3.862480223178863525e-01 5.234029293060302734e-01 3.731579184532165527e-01 7.421289086341857910e-01 5.060880780220031738e-01 4.170142114162445068e-01
4.651749879121780396e-02 7.589908242225646973e-01 3.930207490921020508e-01 1.136192530393600464e-01 9.063389897346496582e-01 3.170475661754608154e-01 4.703536629676818848e-01 1.672984845936298370e-02 7.110666036605834961e-01 4.196006655693054199e-01 3.154655098915100098e-01 9.596453905105590820e-01 5.434144735336303711e-01 2.133791297674179077e-01
6.341400146484375000e-01 2.281313389539718628e-01 1.487150043249130249e-02 1.323725003749132156e-02 7.149450182914733887e-01 5.451665520668029785e-01 6.353093385696411133e-01 5.301247835159301758e-01 3.793089985847473145e-01 2.401129156351089478e-01 2.142913639545440674e-01 7.935737967491149902e-01 6.041657924652099609e-01 6.006485819816589355e-01
1.500625014305114746e-01 5.123521685600280762e-01 1.863054931163787842e-01 7.742224633693695068e-02 5.120747685432434082e-01 8.886257410049438477e-01 1.990929991006851196e-01 1.219280511140823364e-01 5.800443291664123535e-01 3.235206604003906250e-01 2.011650353670120239e-01 5.216530561447143555e-01 6.117453575134277344e-01 4.407175779342651367e-01
6.872249841690063477e-01 8.315606713294982910e-01 4.650804996490478516e-01 8.842549920082092285e-01 9.784927368164062500e-01 4.295774698257446289e-01 2.765719890594482422e-01 7.644245028495788574e-01 5.757238268852233887e-01 5.926217436790466309e-01 7.083802223205566406e-01 9.391426444053649902e-01 3.938934206962585449e-01 4.067995250225067139e-01
1.074424982070922852e-01 3.771494925022125244e-01 7.191944718360900879e-01 7.471150159835815430e-01 2.170749939978122711e-02 7.507810741662979126e-02 2.692546546459197998e-01 1.206787973642349243e-01 3.290333747863769531e-01 7.601293325424194336e-01 5.951491594314575195e-01 6.743089854717254639e-02 5.283285379409790039e-01 4.725541174411773682e-01
2.780900001525878906e-01 1.792176663875579834e-01 9.288704991340637207e-01 6.176350116729736328e-01 9.227149933576583862e-02 5.913984775543212891e-01 9.506603479385375977e-01 4.145911335945129395e-01 2.557933032512664795e-01 5.592095255851745605e-01 7.521464228630065918e-01 3.548924252390861511e-02 5.792250037193298340e-01 8.061280250549316406e-01
3.401150107383728027e-01 4.098608195781707764e-01 8.265535235404968262e-01 2.340075001120567322e-02 8.499457240104675293e-01 5.403444170951843262e-01 9.904894232749938965e-01 3.083514273166656494e-01 3.307333290576934814e-01 5.517522096633911133e-01 2.529200017452239990e-01 7.075880765914916992e-01 5.445855855941772461e-01 5.179921984672546387e-01
4.364775121212005615e-01 5.137766599655151367e-01 9.151265025138854980e-01 7.698475122451782227e-01 8.470377326011657715e-01 1.177074760198593140e-01 1.468826681375503540e-01 4.607065618038177490e-01 4.392693340778350830e-01 7.262331843376159668e-01 7.924088239669799805e-01 8.693450689315795898e-01 3.944090902805328369e-01 3.793393373489379883e-01
2.817200124263763428e-01 2.428318262100219727e-01 6.349735260009765625e-01 5.497174859046936035e-01 5.123487710952758789e-01 2.889033406972885132e-02 4.576143324375152588e-01 3.555625379085540771e-01 2.753068208694458008e-01 7.056201100349426270e-01 5.297558307647705078e-01 5.353015065193176270e-01 5.003048181533813477e-01 4.243941009044647217e-01
3.915224969387054443e-01 4.399886727333068848e-01 3.655945062637329102e-01 6.860575079917907715e-01 7.004935145378112793e-01 8.386942744255065918e-02 3.685076534748077393e-01 4.526220262050628662e-01 4.980064630508422852e-01 5.746695399284362793e-01 6.231195926666259766e-01 6.843669414520263672e-01 3.222471177577972412e-01 4.253236055374145508e-01
9.506275057792663574e-01 6.128249764442443848e-01 1.361224949359893799e-01 7.617350220680236816e-01 9.079587459564208984e-01 9.126816391944885254e-01 9.433433413505554199e-01 8.578364849090576172e-01 5.368162989616394043e-01 7.984276860952377319e-02 6.136940717697143555e-01 8.082703351974487305e-01 6.213646531105041504e-01 7.486339807510375977e-01
9.917999804019927979e-02 8.105639815330505371e-01 9.747987389564514160e-01 7.417950034141540527e-02 1.971040070056915283e-01 8.333922028541564941e-01 1.052133366465568542e-02 9.195780009031295776e-02 5.977221131324768066e-01 6.586620211601257324e-01 2.069175541400909424e-01 2.592340111732482910e-01 6.374660134315490723e-01 3.782826364040374756e-01
4.052499774843454361e-03 4.715193212032318115e-01 8.828007578849792480e-01 7.200124859809875488e-01 7.454494833946228027e-01 2.316546440124511719e-01 9.594941139221191406e-01 7.612862158566713333e-03 4.661253392696380615e-01 8.878698945045471191e-01 8.071222305297851562e-01 6.437920331954956055e-01 3.834288120269775391e-01 7.087685465812683105e-01
9.970824718475341797e-01 3.792193233966827393e-01 8.835369944572448730e-01 6.201500073075294495e-02 9.941319823265075684e-01 6.856448650360107422e-01 4.570056796073913574e-01 8.235775232315063477e-01 3.993877768516540527e-01 6.746838092803955078e-01 4.415577352046966553e-01 8.815906047821044922e-01 5.206171274185180664e-01 3.096299171447753906e-01
7.883725166320800781e-01 6.593629717826843262e-01 8.596755266189575195e-01 2.987412512302398682e-01 7.223179936408996582e-01 4.795535206794738770e-01 9.717208743095397949e-01 7.113378047943115234e-01 5.299782156944274902e-01 4.821318387985229492e-01 5.090864300727844238e-01 5.523121953010559082e-01 3.705438077449798584e-01 4.524759054183959961e-01
4.539249837398529053e-02 6.400160193443298340e-01 1.193045005202293396e-01 2.625067532062530518e-01 2.417974919080734253e-02 8.794419169425964355e-01 3.599239885807037354e-01 1.876910962164402008e-02 7.382574677467346191e-01 4.260333627462387085e-02 6.634805351495742798e-03 9.178897738456726074e-02 9.535976648330688477e-01 3.595477938652038574e-01
6.951050162315368652e-01 5.479220151901245117e-01 3.075642585754394531e-01 9.796925187110900879e-01 4.516704976558685303e-01 1.952718198299407959e-01 1.101979985833168030e-01 7.801485657691955566e-01 5.151649713516235352e-01 5.933573246002197266e-01 5.664970874786376953e-01 5.328714847564697266e-01 3.793376088142395020e-01 3.974624872207641602e-01
2.270675003528594971e-01 4.621528387069702148e-01 6.680135130882263184e-01 1.053114980459213257e-01 7.079409956932067871e-01 3.282281756401062012e-02 6.169936656951904297e-01 2.646959424018859863e-01 4.220801293849945068e-01 6.164142489433288574e-01 3.309893012046813965e-01 6.734117865562438965e-01 4.813903868198394775e-01 3.844169974327087402e-01
2.698175013065338135e-01 6.942576766014099121e-01 1.674434989690780640e-01 8.185899853706359863e-01 2.747847437858581543e-01 5.642480850219726562e-01 1.363613307476043701e-01 3.095298111438751221e-01 5.943109989166259766e-01 1.441181749105453491e-01 6.293619275093078613e-01 3.710288703441619873e-01 4.670727550983428955e-01 6.434252858161926270e-01
3.022249974310398102e-02 8.012443184852600098e-01 2.762752473354339600e-01 9.072750210762023926e-01 8.655869960784912109e-01 2.819007039070129395e-01 8.110892772674560547e-01 1.511489134281873703e-02 8.250512480735778809e-01 3.049266934394836426e-01 8.339337706565856934e-01 9.475399255752563477e-01 3.062504827976226807e-01 5.599000453948974609e-01
9.969300031661987305e-01 1.853153407573699951e-01 5.946162343025207520e-01 3.194234967231750488e-01 6.363099813461303711e-02 1.232825219631195068e-01 3.152573406696319580e-01 9.133022427558898926e-01 1.861127465963363647e-01 7.696905732154846191e-01 6.117218136787414551e-01 8.699332177639007568e-02 6.060934066772460938e-01 7.225973606109619141e-01
9.855474829673767090e-01 2.033886611461639404e-01 9.584337472915649414e-01 7.117875218391418457e-01 6.930927634239196777e-01 5.881259441375732422e-01 3.790040016174316406e-01 9.491708874702453613e-01 2.838000953197479248e-01 8.548956513404846191e-01 7.229560613632202148e-01 7.686549425125122070e-01 5.144066214561462402e-01 3.734015524387359619e-01
8.471350073814392090e-01 4.721638262271881104e-01 1.958574950695037842e-01 1.323132514953613281e-01 4.070807397365570068e-01 3.512502014636993408e-01 1.963299959897994995e-01 7.613301277160644531e-01 5.089815258979797363e-01 4.709612429141998291e-01 2.691864967346191406e-01 4.781349897384643555e-01 4.904986619949340820e-01 3.737367093563079834e-01
6.583349704742431641e-01 3.264728188514709473e-01 1.187812536954879761e-01 7.566974759101867676e-01 1.733645051717758179e-01 5.806132405996322632e-02 2.242893278598785400e-01 7.422955632209777832e-01 5.503472089767456055e-01 4.875572621822357178e-01 5.082696080207824707e-01 1.855828166007995605e-01 4.663551449775695801e-01 4.463753998279571533e-01
5.996025204658508301e-01 2.187239974737167358e-01 2.859387397766113281e-01 6.319125294685363770e-01 7.379267215728759766e-01 7.215978503227233887e-01 7.927479743957519531e-01 5.564969778060913086e-01 4.116513431072235107e-01 4.830866158008575439e-01 4.687015116214752197e-01 6.453782320022583008e-01 4.344080984592437744e-01 4.738302826881408691e-01
2.262825071811676025e-01 3.520023226737976074e-01 2.302384972572326660e-01 2.541489899158477783e-01 6.097245216369628906e-01 9.378677010536193848e-01 1.245416700839996338e-01 2.285007983446121216e-01 4.546113014221191406e-01 4.190763533115386963e-01 1.576305925846099854e-01 6.644564270973205566e-01 5.913917422294616699e-01 4.389370381832122803e-01
5.113499760627746582e-01 2.378431707620620728e-01 3.455624878406524658e-01 2.148524969816207886e-01 8.313295245170593262e-01 2.577446401119232178e-01 6.638646721839904785e-01 5.586578249931335449e-01 3.952664136886596680e-01 4.674401581287384033e-01 3.783371448516845703e-01 7.951982021331787109e-01 5.115252733230590820e-01 4.529730677604675293e-01
6.495425105094909668e-01 7.412800192832946777e-01 3.043000027537345886e-02 7.792050242424011230e-01 7.509437203407287598e-01 3.816798925399780273e-01 9.246689081192016602e-01 6.744909882545471191e-01 7.091658711433410645e-01 3.780019283294677734e-02 7.222257256507873535e-01 7.192252874374389648e-01 4.386581480503082275e-01 7.649479508399963379e-01
9.378799796104431152e-01 2.468235045671463013e-01 8.417827486991882324e-01 2.632252573966979980e-01 5.194742679595947266e-01 5.607881546020507812e-01 8.390653729438781738e-01 9.217171072959899902e-01 2.733519375324249268e-01 7.252253293991088867e-01 5.045272111892700195e-01 5.685421824455261230e-01 5.426431894302368164e-01 4.968268275260925293e-01
9.764050245285034180e-01 7.269231677055358887e-01 2.711445093154907227e-01 3.747839927673339844e-01 6.142227649688720703e-01 8.628149628639221191e-01 3.085440099239349365e-01 8.496398329734802246e-01 7.241438031196594238e-01 3.152067661285400391e-01 4.588036537170410156e-01 5.192340612411499023e-01 3.612845242023468018e-01 4.302789866924285889e-01
3.434999883174896240e-01 5.211371779441833496e-01 8.041267395019531250e-01 5.010049939155578613e-01 4.457629919052124023e-01 6.407568454742431641e-01 4.862506687641143799e-01 3.765976727008819580e-01 3.160600662231445312e-01 6.158715486526489258e-01 4.626738429069519043e-01 5.535604357719421387e-01 4.811656773090362549e-01 4.769800603389739990e-01
8.165749907493591309e-02 5.916183590888977051e-01 8.413150161504745483e-02 5.793750286102294922e-01 6.981599926948547363e-01 8.597926497459411621e-01 9.409117698669433594e-01 6.517017632722854614e-02 6.899563074111938477e-01 8.145052194595336914e-02 2.710391581058502197e-01 6.428080797195434570e-01 5.689090490341186523e-01 5.781754851341247559e-01
4.109925031661987305e-01 6.649144887924194336e-01 8.350780010223388672e-01 9.475824832916259766e-01 4.614642560482025146e-01 5.095159411430358887e-01 3.747733309864997864e-02 4.266605377197265625e-01 4.837798476219177246e-01 5.296257138252258301e-01 8.392906188964843750e-01 6.052683591842651367e-01 2.921509444713592529e-01 5.354053378105163574e-01
1.180450022220611572e-01 5.258161425590515137e-01 3.197174891829490662e-02 3.379600048065185547e-01 1.635382473468780518e-01 3.489731252193450928e-01 4.183226525783538818e-01 1.950471848249435425e-01 6.159582138061523438e-01 1.363954544067382812e-01 3.605306446552276611e-01 1.974687576293945312e-01 6.468383073806762695e-01 6.078112721443176270e-01
6.814774870872497559e-01 3.800818324089050293e-01 3.593422472476959229e-01 6.565399765968322754e-01 4.243335127830505371e-01 1.351579725742340088e-01 1.919530034065246582e-01 6.753383874893188477e-01 5.059002637863159180e-01 5.702672004699707031e-01 4.916818141937255859e-01 4.565161168575286865e-01 3.990544080734252930e-01 3.824064135551452637e-01
2.522799968719482422e-01 6.224631667137145996e-01 8.469499647617340088e-03 3.744035065174102783e-01 6.552180051803588867e-01 2.078589946031570435e-01 1.057523339986801147e-01 2.767971754074096680e-01 6.776920557022094727e-01 7.375882565975189209e-02 5.367580056190490723e-01 7.786810398101806641e-01 3.563441634178161621e-01 6.642996072769165039e-01
8.015725016593933105e-01 5.923038125038146973e-01 7.747370004653930664e-01 5.414500087499618530e-02 3.919857442378997803e-01 7.450779676437377930e-01 2.157640010118484497e-01 7.743682861328125000e-01 5.451030731201171875e-01 5.398635864257812500e-01 3.190979659557342529e-01 4.337519407272338867e-01 4.652896225452423096e-01 3.329454362392425537e-01
2.943474948406219482e-01 6.059141755104064941e-01 3.404900133609771729e-01 5.019899830222129822e-02 9.364472627639770508e-01 3.801256418228149414e-01 3.225743472576141357e-01 2.291055023670196533e-01 5.198168754577636719e-01 3.309851586818695068e-01 1.964594125747680664e-01 9.346672892570495605e-01 5.604813098907470703e-01 3.494791984558105469e-01
9.668574929237365723e-01 1.919428259134292603e-01 6.263830065727233887e-01 8.953624963760375977e-01 9.742457270622253418e-01 7.615771889686584473e-01 1.582150012254714966e-01 8.821936249732971191e-01 3.115386962890625000e-01 7.803415656089782715e-01 6.508208513259887695e-01 9.049455523490905762e-01 5.780130624771118164e-01 3.081494867801666260e-01
3.992750123143196106e-02 6.035388112068176270e-01 6.669340133666992188e-01 4.333457648754119873e-01 3.646380007266998291e-01 2.555052638053894043e-01 2.414180040359497070e-01 4.676869884133338928e-02 5.989795327186584473e-01 7.041833996772766113e-01 4.514257907867431641e-01 3.596976399421691895e-01 4.738815724849700928e-01 5.211494565010070801e-01
6.403974890708923340e-01 1.812776625156402588e-01 7.186290025711059570e-01 1.826110035181045532e-01 9.235674738883972168e-01 1.713234335184097290e-01 7.629056572914123535e-01 5.935043096542358398e-01 4.141116738319396973e-01 6.347093582153320312e-01 6.411609649658203125e-01 7.984735965728759766e-01 4.252482652664184570e-01 4.087299406528472900e-01
3.933550119400024414e-01 7.792611718177795410e-01 2.256225049495697021e-01 4.539837539196014404e-01 9.645607471466064453e-01 5.436675548553466797e-01 9.842261672019958496e-01 5.214915275573730469e-01 6.218435764312744141e-01 4.413944482803344727e-02 4.012436270713806152e-01 8.666085004806518555e-01 5.632249712944030762e-01 6.980225443840026855e-01
1.802050024271011353e-01 4.150078296661376953e-01 3.737749904394149780e-02 1.352314949035644531e-01 7.568194866180419922e-01 6.386690586805343628e-02 7.936084270477294922e-01 2.641155123710632324e-01 5.684360265731811523e-01 1.539982408285140991e-01 3.298960626125335693e-01 7.273277640342712402e-01 4.714992344379425049e-01 5.667915344238281250e-01
3.660899996757507324e-01 2.527939975261688232e-01 7.037402391433715820e-01 5.978599786758422852e-01 6.748697757720947266e-01 7.463386654853820801e-01 2.581023275852203369e-01 2.965960204601287842e-01 2.932403683662414551e-01 7.424657940864562988e-01 5.871402621269226074e-01 6.885824799537658691e-01 5.053253173828125000e-01 3.901337683200836182e-01
7.805600166320800781e-01 3.048731684684753418e-01 2.625592648983001709e-01 6.585775017738342285e-01 1.974067538976669312e-01 8.314639329910278320e-01 7.302883267402648926e-01 7.504466176033020020e-01 4.962308704853057861e-01 5.071620941162109375e-01 4.647634327411651611e-01 1.380204409360885620e-01 5.390821099281311035e-01 4.906230270862579346e-01
9.990050196647644043e-01 5.127146840095520020e-01 9.860417246818542480e-01 5.404725074768066406e-01 3.357677459716796875e-01 5.072447657585144043e-01 9.573369026184082031e-01 9.340765476226806641e-01 2.634564936161041260e-01 7.696287035942077637e-01 7.184798121452331543e-01 2.570475637912750244e-01 5.455588698387145996e-01 6.488965749740600586e-01
3.520975112915039062e-01 3.082848191261291504e-01 7.619307637214660645e-01 2.474567443132400513e-01 8.176295161247253418e-01 9.469219446182250977e-01 7.358211278915405273e-01 2.950056791305541992e-01 3.265817165374755859e-01 6.906666755676269531e-01 4.926564395427703857e-01 7.999938726425170898e-01 5.429998040199279785e-01 4.295084774494171143e-01
1.679424941539764404e-01 8.274276852607727051e-01 5.432714819908142090e-01 1.820649951696395874e-02 8.153262734413146973e-01 2.306262552738189697e-01 7.360599935054779053e-02 1.273186951875686646e-01 5.162880420684814453e-01 3.085687756538391113e-01 1.421950310468673706e-01 9.549199342727661133e-01 6.086040735244750977e-01 3.404459655284881592e-01
2.096750028431415558e-02 3.860625028610229492e-01 2.796250022947788239e-02 2.733870148658752441e-01 9.157245159149169922e-01 5.558437108993530273e-01 5.390610098838806152e-01 1.978237181901931763e-02 4.955451488494873047e-01 4.166459664702415466e-02 6.186076439917087555e-03 9.578135013580322266e-01 8.571674227714538574e-01 3.100504875183105469e-01
2.720350027084350586e-01 8.071784973144531250e-01 8.371084928512573242e-01 4.278457462787628174e-01 8.059327602386474609e-01 8.791138529777526855e-01 5.675200223922729492e-01 2.356949597597122192e-01 5.167669653892517090e-01 5.107437372207641602e-01 3.950647711753845215e-01 8.597577214241027832e-01 4.792928397655487061e-01 3.907426297664642334e-01
8.795400261878967285e-01 4.430179893970489502e-01 6.310387253761291504e-01 2.864712476730346680e-01 5.999267697334289551e-01 2.638386785984039307e-01 4.022533446550369263e-02 9.011130332946777344e-01 4.841145873069763184e-01 6.043562889099121094e-01 4.195346534252166748e-01 6.637157797813415527e-01 4.429061114788055420e-01 3.688097894191741943e-01
8.382124900817871094e-01 2.278251647949218750e-01 3.118360042572021484e-01 9.864724874496459961e-01 7.571529746055603027e-01 6.595295071601867676e-01 2.587586641311645508e-01 8.642250895500183105e-01 3.596775233745574951e-01 5.205809473991394043e-01 5.507924556732177734e-01 7.862914204597473145e-01 5.597809553146362305e-01 4.522910714149475098e-01
1.374125033617019653e-01 5.233963131904602051e-01 5.068612694740295410e-01 4.987154901027679443e-01 1.879700087010860443e-02 5.285377502441406250e-01 6.129043102264404297e-01 1.000961661338806152e-01 4.723528623580932617e-01 6.545289754867553711e-01 5.824724435806274414e-01 6.370498239994049072e-02 5.358819961547851562e-01 5.589317083358764648e-01
8.442950248718261719e-01 5.838288068771362305e-01 1.733697503805160522e-01 6.421350240707397461e-01 7.646177411079406738e-01 4.676388800144195557e-01 7.017969489097595215e-01 8.299356698989868164e-01 6.010446548461914062e-01 9.493099898099899292e-02 5.682814121246337891e-01 7.767542004585266113e-01 4.966829717159271240e-01 7.081282734870910645e-01
7.809500098228454590e-01 5.252936482429504395e-01 8.591882586479187012e-01 8.087325096130371094e-01 9.970407485961914062e-01 2.341383844614028931e-01 6.756131649017333984e-01 8.716241121292114258e-01 5.820196270942687988e-01 6.463511586189270020e-01 8.560257554054260254e-01 9.280057549476623535e-01 3.393354415893554688e-01 4.419358968734741211e-01
1.284125000238418579e-01 1.719155013561248779e-01 5.350260138511657715e-01 2.646502554416656494e-01 8.763049840927124023e-01 5.629256367683410645e-01 3.499099984765052795e-02 9.564667940139770508e-02 3.280330598354339600e-01 7.922600507736206055e-01 2.713340222835540771e-01 9.083744287490844727e-01 6.162436604499816895e-01 3.760791420936584473e-01
2.229599952697753906e-01 5.477301478385925293e-01 1.433512568473815918e-01 7.683675289154052734e-01 2.172455042600631714e-01 8.682365417480468750e-01 6.173650026321411133e-01 2.662717401981353760e-01 5.668119192123413086e-01 1.537834405899047852e-01 5.008252859115600586e-01 2.164131850004196167e-01 6.302990913391113281e-01 6.515777707099914551e-01
9.314125180244445801e-01 2.637443244457244873e-01 5.814767479896545410e-01 2.277624979615211487e-02 8.870834708213806152e-01 3.887223303318023682e-01 6.581820249557495117e-01 8.269345760345458984e-01 4.104237258434295654e-01 4.200034439563751221e-01 2.923614382743835449e-01 8.172417283058166504e-01 5.333157181739807129e-01 4.391601085662841797e-01
9.908249974250793457e-02 3.643186688423156738e-01 3.800162374973297119e-01 4.586944878101348877e-01 9.990582466125488281e-01 2.283266633749008179e-01 8.083066344261169434e-02 6.112489104270935059e-02 5.819170475006103516e-01 7.052872776985168457e-01 6.609538197517395020e-01 9.411905407905578613e-01 4.725094735622406006e-01 3.673858642578125000e-01
3.096500039100646973e-01 4.260173439979553223e-01 3.249287605285644531e-01 7.842350006103515625e-01 5.957267284393310547e-01 5.445885062217712402e-01 1.113356649875640869e-01 4.166044890880584717e-01 3.700088262557983398e-01 4.084079265594482422e-01 7.210786342620849609e-01 7.217042446136474609e-01 5.519638061523437500e-01 5.942655205726623535e-01
