4.162499904632568359e-01 3.471666574478149414e-01 4.787499904632568359e-01 3.037500083446502686e-01 8.972499966621398926e-01 8.075000345706939697e-02 3.914875090122222900e-01 4.920960664749145508e-01 5.943812727928161621e-01 3.941066563129425049e-01 7.610618472099304199e-01 3.638018965721130371e-01
4.982500076293945312e-01 3.598333299160003662e-01 6.932500004768371582e-01 8.737499713897705078e-01 3.422499895095825195e-01 8.537499904632568359e-01 4.720772504806518555e-01 4.025248289108276367e-01 7.164261341094970703e-01 7.416402101516723633e-01 3.946325182914733887e-01 4.491211771965026855e-01
7.152500152587890625e-01 2.968333363533020020e-01 3.749999916180968285e-03 2.847500145435333252e-01 3.277499973773956299e-01 7.597500085830688477e-01 6.749033927917480469e-01 3.617631196975708008e-01 1.071742102503776550e-01 1.093030050396919250e-01 3.531801700592041016e-01 7.354167699813842773e-01
5.967500209808349609e-01 5.328333377838134766e-01 5.092499852180480957e-01 5.947499871253967285e-01 3.992500007152557373e-01 3.677499890327453613e-01 7.129925489425659180e-01 5.151794552803039551e-01 5.118823647499084473e-01 4.451551735401153564e-01 4.126600623130798340e-01 4.373635351657867432e-01
9.792500138282775879e-01 2.138333320617675781e-01 2.775000035762786865e-02 8.262500166893005371e-01 7.302500009536743164e-01 2.907499969005584717e-01 9.351930618286132812e-01 4.174547493457794189e-01 3.318119943141937256e-01 6.497270464897155762e-01 7.250387668609619141e-01 5.212503075599670410e-01
4.962500035762786865e-01 5.658333301544189453e-01 8.657500147819519043e-01 8.772500157356262207e-01 2.282499969005584717e-01 8.112499713897705078e-01 5.367305278778076172e-01 5.256394743919372559e-01 7.142120599746704102e-01 8.727044463157653809e-01 2.604682743549346924e-01 4.836967587471008301e-01
1.152499988675117493e-01 6.201666593551635742e-01 2.342499941587448120e-01 6.475000083446502686e-02 4.577499926090240479e-01 2.692500054836273193e-01 1.431722044944763184e-01 6.573001742362976074e-01 3.262160420417785645e-01 2.096355855464935303e-01 5.274736285209655762e-01 5.446104407310485840e-01
1.322499960660934448e-01 3.851666748523712158e-01 7.032499909400939941e-01 9.197499752044677734e-01 3.627499938011169434e-01 7.225000113248825073e-02 1.824657768011093140e-01 4.293860197067260742e-01 7.909268140792846680e-01 7.091554999351501465e-01 3.872796893119812012e-01 3.493548631668090820e-01
9.992499947547912598e-01 2.108333259820938110e-01 4.542500078678131104e-01 9.667500257492065430e-01 7.722499966621398926e-01 5.147500038146972656e-01 9.188072085380554199e-01 3.179998695850372314e-01 7.821805477142333984e-01 7.487043142318725586e-01 7.415046095848083496e-01 4.280141890048980713e-01
5.507500171661376953e-01 3.238333463668823242e-01 8.967499732971191406e-01 2.862499952316284180e-01 4.297499954700469971e-01 5.047500133514404297e-01 5.112524628639221191e-01 3.419122099876403809e-01 7.763987183570861816e-01 3.923574984073638916e-01 4.474740326404571533e-01 3.649424612522125244e-01
2.687500119209289551e-01 6.104999780654907227e-01 4.147500097751617432e-01 2.887499928474426270e-01 8.177499771118164062e-01 2.337500005960464478e-01 3.097390532493591309e-01 6.468402743339538574e-01 4.245375096797943115e-01 4.032098352909088135e-01 7.531183958053588867e-01 3.473486900329589844e-01
7.037500143051147461e-01 2.081666737794876099e-01 5.124999955296516418e-02 8.377500176429748535e-01 9.057499766349792480e-01 5.697500109672546387e-01 6.267387270927429199e-01 3.236522078514099121e-01 3.794709444046020508e-01 6.289837360382080078e-01 8.666869997978210449e-01 5.216370224952697754e-01
6.182500123977661133e-01 3.758333325386047363e-01 4.675000160932540894e-02 1.125000044703483582e-02 5.502499938011169434e-01 6.407499909400939941e-01 4.811197817325592041e-01 3.826729655265808105e-01 2.837684750556945801e-01 1.587108969688415527e-01 5.506541132926940918e-01 6.673707365989685059e-01
3.957499861717224121e-01 2.851666808128356934e-01 4.972499907016754150e-01 6.037499904632568359e-01 7.942500114440917969e-01 1.222499981522560120e-01 4.422235786914825439e-01 4.302432239055633545e-01 5.507915616035461426e-01 6.485186219215393066e-01 7.602398395538330078e-01 5.045644044876098633e-01
2.225000038743019104e-02 6.468333601951599121e-01 7.072499990463256836e-01 3.307499885559082031e-01 7.882500290870666504e-01 4.342499971389770508e-01 2.086080238223075867e-02 6.229558587074279785e-01 6.706990003585815430e-01 3.664134442806243896e-01 9.900126457214355469e-01 4.921377599239349365e-01
7.812500000000000000e-01 1.751666665077209473e-01 3.517499864101409912e-01 4.552499949932098389e-01 5.249999929219484329e-03 9.752500057220458984e-01 7.909069061279296875e-01 2.968597114086151123e-01 4.881764948368072510e-01 3.026529550552368164e-01 4.516925290226936340e-02 5.720419883728027344e-01
6.307500004768371582e-01 5.088333487510681152e-01 6.697499752044677734e-01 6.702499985694885254e-01 6.762499809265136719e-01 4.177500009536743164e-01 6.202510595321655273e-01 5.122712850570678711e-01 6.132751703262329102e-01 7.782595157623291016e-01 6.310858130455017090e-01 4.394322633743286133e-01
8.042500019073486328e-01 3.201666772365570068e-01 9.007499814033508301e-01 2.692500054836273193e-01 5.424999818205833435e-02 4.552499949932098389e-01 9.202167987823486328e-01 3.448703587055206299e-01 6.754907965660095215e-01 3.547750711441040039e-01 6.880919635295867920e-02 4.464301466941833496e-01
2.967500090599060059e-01 7.678333520889282227e-01 5.277500152587890625e-01 8.107500076293945312e-01 8.812500238418579102e-01 1.997500061988830566e-01 3.261745572090148926e-01 6.023418307304382324e-01 4.506383836269378662e-01 8.989674448966979980e-01 9.224935173988342285e-01 4.657680690288543701e-01
5.922499895095825195e-01 3.555000126361846924e-01 8.552500009536743164e-01 7.402499914169311523e-01 2.752499878406524658e-01 4.337500035762786865e-01 6.726827621459960938e-01 3.597021400928497314e-01 7.708957195281982422e-01 6.582255959510803223e-01 3.128640055656433105e-01 4.648959338665008545e-01
3.992500007152557373e-01 4.884999990463256836e-01 2.152500003576278687e-01 9.512500166893005371e-01 1.624999940395355225e-02 1.362500041723251343e-01 5.030600428581237793e-01 4.696772694587707520e-01 3.992176651954650879e-01 8.047154545783996582e-01 5.511614680290222168e-02 5.156470537185668945e-01
5.182499885559082031e-01 2.278333306312561035e-01 1.567499935626983643e-01 8.647500276565551758e-01 6.932500004768371582e-01 1.417499929666519165e-01 5.316220521926879883e-01 2.824274897575378418e-01 2.986202239990234375e-01 6.328411102294921875e-01 6.858828067779541016e-01 5.073546767234802246e-01
3.242500126361846924e-01 4.478333294391632080e-01 5.707499980926513672e-01 1.307500004768371582e-01 1.082499995827674866e-01 5.767499804496765137e-01 3.135048151016235352e-01 4.205432534217834473e-01 5.899447798728942871e-01 1.979478895664215088e-01 1.299746930599212646e-01 4.664584100246429443e-01
5.992500185966491699e-01 7.551666498184204102e-01 8.052499890327453613e-01 4.177500009536743164e-01 7.957500219345092773e-01 1.612499952316284180e-01 6.494092941284179688e-01 5.672164559364318848e-01 4.272854924201965332e-01 5.991460680961608887e-01 7.717341184616088867e-01 4.312890470027923584e-01
4.192500114440917969e-01 8.331666588783264160e-01 2.402500063180923462e-01 3.272500038146972656e-01 2.727499902248382568e-01 9.457499980926513672e-01 4.532791972160339355e-01 6.220694184303283691e-01 1.824317574501037598e-01 2.549545466899871826e-01 3.634985685348510742e-01 6.339628696441650391e-01
9.397500157356262207e-01 6.438333392143249512e-01 5.912500023841857910e-01 3.247500061988830566e-01 5.752500295639038086e-01 5.012500286102294922e-01 9.375231862068176270e-01 4.072700440883636475e-01 4.479316174983978271e-01 3.643233478069305420e-01 5.902777910232543945e-01 4.138754606246948242e-01
4.222500026226043701e-01 3.244999945163726807e-01 6.075000017881393433e-02 5.477499961853027344e-01 8.737499713897705078e-01 9.267500042915344238e-01 3.707763254642486572e-01 5.856497287750244141e-01 2.676026821136474609e-01 5.326899886131286621e-01 8.500701785087585449e-01 6.028351187705993652e-01
4.377500116825103760e-01 3.538333475589752197e-01 5.725000053644180298e-02 3.642500042915344238e-01 2.675000019371509552e-02 4.397499859333038330e-01 5.459725856781005859e-01 3.595683574676513672e-01 1.065373495221138000e-01 4.234590232372283936e-01 5.396221578121185303e-02 6.401357650756835938e-01
1.775000058114528656e-02 2.228333353996276855e-01 6.617500185966491699e-01 5.175000056624412537e-02 1.687500029802322388e-01 7.302500009536743164e-01 5.155718419700860977e-03 3.260009288787841797e-01 8.210328817367553711e-01 1.073905229568481445e-01 1.127547249197959900e-01 6.340926885604858398e-01
5.882499814033508301e-01 7.901666760444641113e-01 9.967499971389770508e-01 7.422500252723693848e-01 2.624999918043613434e-02 1.942500025033950806e-01 7.250084280967712402e-01 5.793550610542297363e-01 6.684655547142028809e-01 7.583333253860473633e-01 5.768110230565071106e-02 5.292437076568603516e-01
9.367499947547912598e-01 3.151666522026062012e-01 9.037500023841857910e-01 7.222499847412109375e-01 3.497500121593475342e-01 3.747499883174896240e-01 9.154983758926391602e-01 2.482626736164093018e-01 8.811327219009399414e-01 7.321369051933288574e-01 4.054260551929473877e-01 4.068062305450439453e-01
9.322500228881835938e-01 6.085000038146972656e-01 8.602499961853027344e-01 9.147499799728393555e-01 2.832500040531158447e-01 8.952500224113464355e-01 9.658470749855041504e-01 4.728025794029235840e-01 6.964669823646545410e-01 8.259851932525634766e-01 2.972803115844726562e-01 5.267997980117797852e-01
5.432500243186950684e-01 4.318333268165588379e-01 2.807500064373016357e-01 1.127500012516975403e-01 6.707500219345092773e-01 2.037499994039535522e-01 5.078069567680358887e-01 4.923751354217529297e-01 4.593637585639953613e-01 2.110560387372970581e-01 6.501604318618774414e-01 4.420529007911682129e-01
7.657499909400939941e-01 6.545000076293945312e-01 7.587500214576721191e-01 7.607499957084655762e-01 2.025000005960464478e-02 8.997499942779541016e-01 8.227764964103698730e-01 4.344266355037689209e-01 6.571565270423889160e-01 5.767802596092224121e-01 6.647703796625137329e-02 5.766710042953491211e-01
2.607499957084655762e-01 3.608333468437194824e-01 9.957500100135803223e-01 7.667499780654907227e-01 4.282500147819519043e-01 1.707500070333480835e-01 2.716389298439025879e-01 2.449806034564971924e-01 8.917695879936218262e-01 6.045026183128356934e-01 4.741360247135162354e-01 3.227371573448181152e-01
9.157500267028808594e-01 3.728333413600921631e-01 5.482500195503234863e-01 9.407500028610229492e-01 3.007499873638153076e-01 1.907500028610229492e-01 9.767946600914001465e-01 4.119171202182769775e-01 7.371991872787475586e-01 6.205376386642456055e-01 2.858307063579559326e-01 3.572433292865753174e-01
6.862499713897705078e-01 1.848333328962326050e-01 1.072499975562095642e-01 1.247500032186508179e-01 1.492500007152557373e-01 7.677500247955322266e-01 6.441981792449951172e-01 3.200415074825286865e-01 1.499206572771072388e-01 1.529779285192489624e-01 1.526521891355514526e-01 7.154418230056762695e-01
5.397499799728393555e-01 4.061666727066040039e-01 6.297500133514404297e-01 3.267500102519989014e-01 3.487499952316284180e-01 5.725000053644180298e-02 4.833584129810333252e-01 3.601598441600799561e-01 7.851216793060302734e-01 2.385124862194061279e-01 3.441172242164611816e-01 3.357915580272674561e-01
1.612499952316284180e-01 5.575000047683715820e-01 7.357500195503234863e-01 9.762499928474426270e-01 4.097500145435333252e-01 1.532499939203262329e-01 1.941361278295516968e-01 5.383903384208679199e-01 7.549379467964172363e-01 9.322389960289001465e-01 4.054049253463745117e-01 3.358299732208251953e-01
2.732500135898590088e-01 6.215000152587890625e-01 2.217500060796737671e-01 8.912500143051147461e-01 7.947499752044677734e-01 2.242500036954879761e-01 3.425268232822418213e-01 7.107823491096496582e-01 3.469190895557403564e-01 9.526561498641967773e-01 7.720765471458435059e-01 4.206261634826660156e-01
3.277499973773956299e-01 7.845000028610229492e-01 3.562499880790710449e-01 7.802500128746032715e-01 2.642500102519989014e-01 4.797500073909759521e-01 4.073141813278198242e-01 7.232868075370788574e-01 3.766505122184753418e-01 8.483358025550842285e-01 3.067287206649780273e-01 4.224693179130554199e-01
6.177499890327453613e-01 6.188333630561828613e-01 4.407500028610229492e-01 3.187499940395355225e-01 5.037500262260437012e-01 1.127500012516975403e-01 6.895774006843566895e-01 5.549263358116149902e-01 4.393415451049804688e-01 2.552018463611602783e-01 4.806743860244750977e-01 3.764826953411102295e-01
3.377499878406524658e-01 3.161666691303253174e-01 6.292499899864196777e-01 8.542500138282775879e-01 1.362500041723251343e-01 3.424999862909317017e-02 3.430872857570648193e-01 2.803879678249359131e-01 7.721532583236694336e-01 6.670437455177307129e-01 1.746567338705062866e-01 4.006207883358001709e-01
3.367500007152557373e-01 6.825000047683715820e-01 3.542500138282775879e-01 8.167499899864196777e-01 7.225000113248825073e-02 7.824999839067459106e-02 4.854084849357604980e-01 6.346843838691711426e-01 3.914087414741516113e-01 7.683067321777343750e-01 9.796869754791259766e-02 4.875640571117401123e-01
8.997499942779541016e-01 3.171666562557220459e-01 7.972499728202819824e-01 1.452499926090240479e-01 7.557500004768371582e-01 7.992500066757202148e-01 9.017875194549560547e-01 3.980308175086975098e-01 5.544574260711669922e-01 2.819147109985351562e-01 7.153383493423461914e-01 3.865588307380676270e-01
1.062500029802322388e-01 4.724999964237213135e-01 6.117500066757202148e-01 7.057499885559082031e-01 7.172499895095825195e-01 2.262499928474426270e-01 1.206407099962234497e-01 4.954123198986053467e-01 6.715398430824279785e-01 7.423118352890014648e-01 6.684466004371643066e-01 5.221756696701049805e-01
1.317500025033950806e-01 3.211666643619537354e-01 9.142500162124633789e-01 2.262499928474426270e-01 9.742500185966491699e-01 8.707500100135803223e-01 5.593924969434738159e-02 2.532880306243896484e-01 9.067620635032653809e-01 8.844866603612899780e-02 9.474727511405944824e-01 6.311654448509216309e-01
3.424999862909317017e-02 4.754999876022338867e-01 7.697499990463256836e-01 2.577500045299530029e-01 8.107500076293945312e-01 5.792499780654907227e-01 2.636348642408847809e-02 5.386692285537719727e-01 7.666288614273071289e-01 3.087520897388458252e-01 7.755719423294067383e-01 4.621698260307312012e-01
5.517500042915344238e-01 6.575000286102294922e-01 1.012500002980232239e-01 8.642500042915344238e-01 5.892500281333923340e-01 6.257500052452087402e-01 6.004850268363952637e-01 6.632459163665771484e-01 1.643950492143630981e-01 8.933044075965881348e-01 5.512194037437438965e-01 6.546503305435180664e-01
2.172500044107437134e-01 6.765000224113464355e-01 9.674999862909317017e-02 9.392499923706054688e-01 9.047499895095825195e-01 6.832500100135803223e-01 2.474504560232162476e-01 7.853127121925354004e-01 1.477311700582504272e-01 9.301682710647583008e-01 9.942293167114257812e-01 5.439748764038085938e-01
8.567500114440917969e-01 6.978333592414855957e-01 5.562499761581420898e-01 3.017500042915344238e-01 1.562500000000000000e-01 1.132500022649765015e-01 9.225401878356933594e-01 4.668392837047576904e-01 5.033803582191467285e-01 2.735195159912109375e-01 1.673663705587387085e-01 3.206579089164733887e-01
2.562499940395355225e-01 6.324999928474426270e-01 7.047500014305114746e-01 3.497500121593475342e-01 2.192499935626983643e-01 1.677500009536743164e-01 3.164006769657135010e-01 6.037667989730834961e-01 6.323583722114562988e-01 5.127957463264465332e-01 2.211424708366394043e-01 2.957189381122589111e-01
1.724999956786632538e-02 2.105000019073486328e-01 3.075000084936618805e-02 3.967500030994415283e-01 8.824999630451202393e-02 2.392500042915344238e-01 6.961301714181900024e-02 3.076647818088531494e-01 1.477430313825607300e-01 5.233734846115112305e-01 2.732332050800323486e-02 4.932679235935211182e-01
6.872500181198120117e-01 1.895000040531158447e-01 7.222499847412109375e-01 8.382499814033508301e-01 9.427499771118164062e-01 2.312500029802322388e-01 7.977272868156433105e-01 3.006793260574340820e-01 7.644715905189514160e-01 6.585204601287841797e-01 8.793730735778808594e-01 4.365692436695098877e-01
6.927499771118164062e-01 6.318333148956298828e-01 3.787499964237213135e-01 6.617500185966491699e-01 3.747499883174896240e-01 4.137499928474426270e-01 7.848911881446838379e-01 6.028828024864196777e-01 4.256502091884613037e-01 6.170387864112854004e-01 3.743354678153991699e-01 4.819780290126800537e-01
5.652499794960021973e-01 6.051666736602783203e-01 2.692500054836273193e-01 4.037500023841857910e-01 1.512500047683715820e-01 5.232499837875366211e-01 5.869751572608947754e-01 6.012670397758483887e-01 3.520215153694152832e-01 4.920339882373809814e-01 1.673504859209060669e-01 5.289875864982604980e-01
3.842499852180480957e-01 7.928333282470703125e-01 6.317499876022338867e-01 7.692499756813049316e-01 8.192499876022338867e-01 7.407500147819519043e-01 4.191844761371612549e-01 6.028566360473632812e-01 4.445475041866302490e-01 6.406243443489074707e-01 8.312207460403442383e-01 4.291273057460784912e-01
8.177499771118164062e-01 5.158333182334899902e-01 9.177500009536743164e-01 6.962500214576721191e-01 9.737499952316284180e-01 9.702500104904174805e-01 8.373567461967468262e-01 4.138326942920684814e-01 6.256992816925048828e-01 7.475289702415466309e-01 9.564514160156250000e-01 5.192024707794189453e-01
4.147500097751617432e-01 2.754999995231628418e-01 9.357500076293945312e-01 5.447499752044677734e-01 4.547500014305114746e-01 2.727499902248382568e-01 4.195826351642608643e-01 2.566081285476684570e-01 8.657606840133666992e-01 4.731279611587524414e-01 4.799489974975585938e-01 3.371619284152984619e-01
6.422500014305114746e-01 5.651666522026062012e-01 7.967500090599060059e-01 4.024999961256980896e-02 5.324999988079071045e-02 3.187499940395355225e-01 6.872898936271667480e-01 3.887078762054443359e-01 6.270177364349365234e-01 1.245292350649833679e-01 7.128183543682098389e-02 4.469257593154907227e-01
6.202499866485595703e-01 6.754999756813049316e-01 3.052499890327453613e-01 7.287499904632568359e-01 2.812500000000000000e-01 8.947499990463256836e-01 5.907908678054809570e-01 6.848853230476379395e-01 3.566234111785888672e-01 7.061423659324645996e-01 2.980773448944091797e-01 5.031536221504211426e-01
9.212499856948852539e-01 5.285000205039978027e-01 5.617499947547912598e-01 9.492499828338623047e-01 5.022500157356262207e-01 6.872500181198120117e-01 9.287862777709960938e-01 4.750748872756958008e-01 6.386419534683227539e-01 8.113802671432495117e-01 5.105286240577697754e-01 5.266478061676025391e-01
5.582500100135803223e-01 3.838333189487457275e-01 3.772499859333038330e-01 4.975000023841857910e-02 5.062500238418579102e-01 7.472500205039978027e-01 5.268570780754089355e-01 4.480396211147308350e-01 3.519425392150878906e-01 1.030897870659828186e-01 5.198790431022644043e-01 5.940690040588378906e-01
3.557499945163726807e-01 4.548333287239074707e-01 2.712500095367431641e-01 3.907499909400939941e-01 8.172500133514404297e-01 9.425000101327896118e-02 4.278770387172698975e-01 5.028705596923828125e-01 4.134849011898040771e-01 4.046634733676910400e-01 7.418243885040283203e-01 5.249505043029785156e-01
7.232499718666076660e-01 4.351666569709777832e-01 1.682499945163726807e-01 6.122499704360961914e-01 1.682499945163726807e-01 6.467499732971191406e-01 8.398472666740417480e-01 3.872365653514862061e-01 1.017483174800872803e-01 4.405764937400817871e-01 1.873253583908081055e-01 6.744109988212585449e-01
8.002499938011169434e-01 3.785000145435333252e-01 3.072499930858612061e-01 7.832499742507934570e-01 1.722500026226043701e-01 9.412500262260437012e-01 7.448070049285888672e-01 5.016601085662841797e-01 5.351021885871887207e-01 6.473817229270935059e-01 1.777477413415908813e-01 5.594830513000488281e-01
1.992499977350234985e-01 3.591666519641876221e-01 9.657499790191650391e-01 3.250000067055225372e-03 8.375000208616256714e-02 1.747500002384185791e-01 1.828282773494720459e-01 3.683647215366363525e-01 7.696266770362854004e-01 4.478231072425842285e-02 7.392108440399169922e-02 4.768275618553161621e-01
8.874999731779098511e-02 5.541666746139526367e-01 6.437500119209289551e-01 8.057500123977661133e-01 3.427500128746032715e-01 7.642499804496765137e-01 4.978106915950775146e-02 5.129000544548034668e-01 6.945024728775024414e-01 7.868018150329589844e-01 4.563162624835968018e-01 5.596756339073181152e-01
6.132500171661376953e-01 4.048333466053009033e-01 4.632500112056732178e-01 7.622500061988830566e-01 1.612499952316284180e-01 7.892500162124633789e-01 6.425375342369079590e-01 5.390689969062805176e-01 5.875921845436096191e-01 6.055778861045837402e-01 1.483578681945800781e-01 5.151509642601013184e-01
4.422500133514404297e-01 1.764999926090240479e-01 4.402500092983245850e-01 1.772499978542327881e-01 7.625000178813934326e-02 4.262500107288360596e-01 4.449959099292755127e-01 2.744520604610443115e-01 6.663630008697509766e-01 9.975945204496383667e-02 8.255121856927871704e-02 5.335948467254638672e-01
3.522500097751617432e-01 2.885000109672546387e-01 7.817500233650207520e-01 1.324999984353780746e-02 4.882499873638153076e-01 7.057499885559082031e-01 3.526442348957061768e-01 3.781228959560394287e-01 6.445655822753906250e-01 1.593031883239746094e-01 5.375577211380004883e-01 5.082257986068725586e-01
8.425000309944152832e-02 3.655000030994415283e-01 1.875000074505805969e-02 4.672499895095825195e-01 2.232500016689300537e-01 3.777500092983245850e-01 1.303768455982208252e-01 5.276558995246887207e-01 1.962213218212127686e-01 5.502328276634216309e-01 2.824836969375610352e-01 6.432671546936035156e-01
7.925000041723251343e-02 4.868333339691162109e-01 4.742499887943267822e-01 2.274999953806400299e-02 9.662500023841857910e-01 8.462499976158142090e-01 8.313459157943725586e-02 5.323628783226013184e-01 4.857251942157745361e-01 2.988768368959426880e-02 9.993569254875183105e-01 8.016342520713806152e-01
4.032500088214874268e-01 2.255000025033950806e-01 6.592500209808349609e-01 9.312499761581420898e-01 5.867499709129333496e-01 9.574999660253524780e-02 4.342958629131317139e-01 3.595060706138610840e-01 8.034083843231201172e-01 8.357908725738525391e-01 5.503799915313720703e-01 3.923391401767730713e-01
8.474999666213989258e-02 4.178333282470703125e-01 2.502500116825103760e-01 3.462499976158142090e-01 1.792500019073486328e-01 7.874999940395355225e-02 1.186557188630104065e-01 6.070290207862854004e-01 5.708262324333190918e-01 4.398559927940368652e-01 1.624631732702255249e-01 3.097228407859802246e-01
9.002500176429748535e-01 4.108333289623260498e-01 2.167499959468841553e-01 6.967499852180480957e-01 1.177499964833259583e-01 7.002500295639038086e-01 9.150639176368713379e-01 5.525735616683959961e-01 3.363925814628601074e-01 6.822652816772460938e-01 1.078327074646949768e-01 6.093063950538635254e-01
9.197499752044677734e-01 7.251666784286499023e-01 5.852500200271606445e-01 9.272500276565551758e-01 1.032499969005584717e-01 7.707499861717224121e-01 9.392045736312866211e-01 5.510533452033996582e-01 6.389543414115905762e-01 8.763610720634460449e-01 9.919399023056030273e-02 6.300450563430786133e-01
8.012499809265136719e-01 2.465000003576278687e-01 1.237500011920928955e-01 8.877500295639038086e-01 9.302499890327453613e-01 4.457499980926513672e-01 7.686921954154968262e-01 5.660918354988098145e-01 4.096990227699279785e-01 8.681203722953796387e-01 8.728336691856384277e-01 4.936015307903289795e-01
1.782499998807907104e-01 5.178333520889282227e-01 6.672499775886535645e-01 5.974999815225601196e-02 6.962500214576721191e-01 1.482499986886978149e-01 2.084761261940002441e-01 4.561955630779266357e-01 6.437365412712097168e-01 1.325926482677459717e-01 6.902314424514770508e-01 4.993511438369750977e-01
6.597499847412109375e-01 2.834999859333038330e-01 8.867499828338623047e-01 8.802499771118164062e-01 9.377499818801879883e-01 3.167499899864196777e-01 7.301493287086486816e-01 2.943749427795410156e-01 8.016911745071411133e-01 9.005141258239746094e-01 9.437044858932495117e-01 4.851934611797332764e-01
6.227499842643737793e-01 5.504999756813049316e-01 9.182500243186950684e-01 2.882499992847442627e-01 4.312500059604644775e-01 7.077500224113464355e-01 6.265439987182617188e-01 3.523366153240203857e-01 7.367708683013916016e-01 2.464753687381744385e-01 4.492019712924957275e-01 3.548065721988677979e-01
7.552499771118164062e-01 8.301666378974914551e-01 2.422499954700469971e-01 5.624999850988388062e-02 4.752500057220458984e-01 4.487499892711639404e-01 7.155930399894714355e-01 5.323008298873901367e-01 1.676575392484664917e-01 1.327649503946304321e-01 4.903645813465118408e-01 6.038178801536560059e-01
9.192500114440917969e-01 4.514999985694885254e-01 6.262500286102294922e-01 7.275000214576721191e-02 7.157499790191650391e-01 9.662500023841857910e-01 9.099179506301879883e-01 4.335371851921081543e-01 3.365474939346313477e-01 2.039922028779983521e-01 7.128055691719055176e-01 4.883428514003753662e-01
9.392499923706054688e-01 3.638333380222320557e-01 9.022499918937683105e-01 4.647499918937683105e-01 7.072499990463256836e-01 7.712500095367431641e-01 9.288353919982910156e-01 3.975248634815216064e-01 6.750839352607727051e-01 5.483232140541076660e-01 6.666537523269653320e-01 4.089468717575073242e-01
9.942499995231628418e-01 2.911666631698608398e-01 8.725000172853469849e-02 9.897500276565551758e-01 3.057500123977661133e-01 6.042500138282775879e-01 9.431400299072265625e-01 4.305808544158935547e-01 3.478294014930725098e-01 7.275053262710571289e-01 3.388858437538146973e-01 5.748686194419860840e-01
8.725000172853469849e-02 5.738333463668823242e-01 8.117499947547912598e-01 8.967499732971191406e-01 4.697499871253967285e-01 8.602499961853027344e-01 4.932158067822456360e-02 5.308668017387390137e-01 7.370002269744873047e-01 8.081472516059875488e-01 4.759972393512725830e-01 4.986021816730499268e-01
7.222499847412109375e-01 1.968333274126052856e-01 7.652500271797180176e-01 6.532499790191650391e-01 3.502500057220458984e-01 9.597499966621398926e-01 8.093016743659973145e-01 3.278189599514007568e-01 7.380499243736267090e-01 4.842807650566101074e-01 3.857025504112243652e-01 4.010324776172637939e-01
7.922499775886535645e-01 2.451666593551635742e-01 2.677499949932098389e-01 3.075000084936618805e-02 9.747499823570251465e-01 6.012499928474426270e-01 7.673433423042297363e-01 5.598958134651184082e-01 2.360880076885223389e-01 2.480948269367218018e-01 9.281719923019409180e-01 4.588607251644134521e-01
8.332499861717224121e-01 3.888333439826965332e-01 5.274999886751174927e-02 4.912500083446502686e-01 2.452500015497207642e-01 1.102500036358833313e-01 8.741127252578735352e-01 4.871844053268432617e-01 4.132132828235626221e-01 2.899552285671234131e-01 2.517727613449096680e-01 3.741576969623565674e-01
9.382500052452087402e-01 3.701666593551635742e-01 8.425000309944152832e-02 3.137499988079071045e-01 5.662500262260437012e-01 3.982500135898590088e-01 8.886036872863769531e-01 4.485273659229278564e-01 2.036961466073989868e-01 3.385615348815917969e-01 5.302300453186035156e-01 5.171715617179870605e-01
3.897500038146972656e-01 7.645000219345092773e-01 2.977499961853027344e-01 9.697499871253967285e-01 2.027499973773956299e-01 3.512499928474426270e-01 5.404289364814758301e-01 7.223442196846008301e-01 3.317531645298004150e-01 8.967005610466003418e-01 2.402222007513046265e-01 5.052163600921630859e-01
9.525000303983688354e-02 5.774999856948852539e-01 1.882500052452087402e-01 4.282500147819519043e-01 5.407500267028808594e-01 2.332500070333480835e-01 1.453155726194381714e-01 6.734648346900939941e-01 4.134029746055603027e-01 4.213589727878570557e-01 5.586794614791870117e-01 4.099135100841522217e-01
6.424999982118606567e-02 3.221666812896728516e-01 1.432500034570693970e-01 9.674999862909317017e-02 7.162500023841857910e-01 4.102500081062316895e-01 8.943478018045425415e-02 6.458143591880798340e-01 3.709209263324737549e-01 2.358814328908920288e-01 6.224080920219421387e-01 5.762506127357482910e-01
5.707499980926513672e-01 2.768333256244659424e-01 2.472500056028366089e-01 4.202499985694885254e-01 6.162499785423278809e-01 5.925000086426734924e-02 5.484300851821899414e-01 4.915997982025146484e-01 5.240740180015563965e-01 3.707778155803680420e-01 5.863704085350036621e-01 4.123413562774658203e-01
6.567500233650207520e-01 6.668333411216735840e-01 1.217499971389770508e-01 8.567500114440917969e-01 1.202500015497207642e-01 8.427500128746032715e-01 6.884794831275939941e-01 6.743552088737487793e-01 2.066065222024917603e-01 8.140265345573425293e-01 1.487657874822616577e-01 6.359806656837463379e-01
2.517499923706054688e-01 6.198333501815795898e-01 4.977500140666961670e-01 7.227500081062316895e-01 5.952500104904174805e-01 5.182499885559082031e-01 2.993834316730499268e-01 5.405388474464416504e-01 4.909666478633880615e-01 7.654809355735778809e-01 5.846131443977355957e-01 5.372664332389831543e-01
5.147500038146972656e-01 7.461666464805603027e-01 4.427500069141387939e-01 2.087499946355819702e-01 4.997499883174896240e-01 3.462499976158142090e-01 5.364571809768676758e-01 6.489725112915039062e-01 3.317284882068634033e-01 3.714939355850219727e-01 5.013828873634338379e-01 4.093051850795745850e-01
1.117499992251396179e-01 3.808333277702331543e-01 1.052500009536743164e-01 5.272499918937683105e-01 7.074999809265136719e-02 1.727499961853027344e-01 2.230154871940612793e-01 4.249663650989532471e-01 2.816202044486999512e-01 6.129412651062011719e-01 6.472457200288772583e-02 4.284672439098358154e-01
3.097499907016754150e-01 5.391666889190673828e-01 8.897500038146972656e-01 1.025000028312206268e-02 7.647500038146972656e-01 5.742499828338623047e-01 3.115414381027221680e-01 3.749382495880126953e-01 5.527504086494445801e-01 1.860200762748718262e-01 7.792378664016723633e-01 6.322168111801147461e-01
5.802500247955322266e-01 2.501666545867919922e-01 4.724999889731407166e-02 3.677499890327453613e-01 6.427500247955322266e-01 2.027499973773956299e-01 5.885019302368164062e-01 4.593288898468017578e-01 4.119599163532257080e-01 2.626043856143951416e-01 6.071269512176513672e-01 4.784606099128723145e-01
6.842499971389770508e-01 2.198333293199539185e-01 5.412499904632568359e-01 3.177500069141387939e-01 4.387499988079071045e-01 1.007499992847442627e-01 9.180550575256347656e-01 2.766377329826354980e-01 4.543529748916625977e-01 2.084633409976959229e-01 4.745148420333862305e-01 4.221844077110290527e-01
9.607499837875366211e-01 1.688333302736282349e-01 9.202499985694885254e-01 7.357500195503234863e-01 8.472499847412109375e-01 3.482500016689300537e-01 9.337756633758544922e-01 2.408110350370407104e-01 8.723642826080322266e-01 8.031689524650573730e-01 8.082720041275024414e-01 3.959470689296722412e-01
4.324999824166297913e-02 3.465000092983245850e-01 9.724999964237213135e-02 9.907500147819519043e-01 2.837499976158142090e-01 4.697499871253967285e-01 3.561960905790328979e-02 5.619947314262390137e-01 2.102075964212417603e-01 9.241290688514709473e-01 3.192770779132843018e-01 5.727627873420715332e-01
9.502500295639038086e-01 4.421666562557220459e-01 6.302499771118164062e-01 3.707500100135803223e-01 3.777500092983245850e-01 6.525000184774398804e-02 9.441626071929931641e-01 3.977743089199066162e-01 7.256204485893249512e-01 3.400531709194183350e-01 3.314111232757568359e-01 2.308358997106552124e-01
7.462499737739562988e-01 4.435000121593475342e-01 5.262500047683715820e-01 9.722499847412109375e-01 5.317500233650207520e-01 2.937499880790710449e-01 7.298089265823364258e-01 4.843970537185668945e-01 6.927502751350402832e-01 8.815008401870727539e-01 5.151124000549316406e-01 5.016729831695556641e-01
1.492500007152557373e-01 5.341666936874389648e-01 2.392500042915344238e-01 5.562499761581420898e-01 3.927499949932098389e-01 8.967499732971191406e-01 1.694954484701156616e-01 5.834013819694519043e-01 2.143385708332061768e-01 4.159109592437744141e-01 4.570900499820709229e-01 6.930029988288879395e-01
7.777500152587890625e-01 5.548333525657653809e-01 2.002499997615814209e-01 6.624999642372131348e-02 9.717500209808349609e-01 1.587499976158142090e-01 7.242614626884460449e-01 5.716724395751953125e-01 3.145735561847686768e-01 1.950863003730773926e-01 9.283321499824523926e-01 3.967390060424804688e-01
3.167499899864196777e-01 7.714999914169311523e-01 3.377499878406524658e-01 3.597500026226043701e-01 8.707500100135803223e-01 7.347499728202819824e-01 3.300318419933319092e-01 6.370647549629211426e-01 2.085676640272140503e-01 1.650383770465850830e-01 9.369963407516479492e-01 6.436894536018371582e-01
6.697499752044677734e-01 2.458333373069763184e-01 1.750000054016709328e-03 1.677500009536743164e-01 2.412499934434890747e-01 8.547499775886535645e-01 5.919365286827087402e-01 4.691635668277740479e-01 7.306291162967681885e-02 2.065372169017791748e-01 2.561711072921752930e-01 7.561134696006774902e-01
8.942499756813049316e-01 6.038333177566528320e-01 5.497499704360961914e-01 4.132499992847442627e-01 4.922499954700469971e-01 4.357500076293945312e-01 9.347556233406066895e-01 4.825653433799743652e-01 5.293450355529785156e-01 3.083367049694061279e-01 4.678446352481842041e-01 2.899603843688964844e-01
8.624999970197677612e-02 7.328333258628845215e-01 8.352500200271606445e-01 5.232499837875366211e-01 8.042500019073486328e-01 1.337500065565109253e-01 8.150696009397506714e-02 5.860918760299682617e-01 6.224409937858581543e-01 4.164675772190093994e-01 8.767552375793457031e-01 4.405427873134613037e-01
2.907499969005584717e-01 4.438333213329315186e-01 6.312500238418579102e-01 9.792500138282775879e-01 9.562500119209289551e-01 8.197500109672546387e-01 2.719213962554931641e-01 4.602598249912261963e-01 6.716156005859375000e-01 9.107806682586669922e-01 9.265107512474060059e-01 4.996326267719268799e-01
8.067499995231628418e-01 7.524999976158142090e-01 9.367499947547912598e-01 5.612499713897705078e-01 4.272499978542327881e-01 8.757500052452087402e-01 8.358818292617797852e-01 4.778389930725097656e-01 6.049320101737976074e-01 5.848755240440368652e-01 4.643646478652954102e-01 4.503264427185058594e-01
4.477500021457672119e-01 7.591666579246520996e-01 2.657499909400939941e-01 2.142499983310699463e-01 6.982499957084655762e-01 1.277499943971633911e-01 5.023779273033142090e-01 6.919684410095214844e-01 2.122889906167984009e-01 4.559902250766754150e-01 6.498376727104187012e-01 4.915212988853454590e-01
3.857499957084655762e-01 8.264999985694885254e-01 8.447499871253967285e-01 1.167500019073486328e-01 1.217499971389770508e-01 5.342500209808349609e-01 4.517198801040649414e-01 5.761538147926330566e-01 5.209192633628845215e-01 2.872152030467987061e-01 1.789807677268981934e-01 4.274153709411621094e-01
7.357500195503234863e-01 6.741666793823242188e-01 3.927499949932098389e-01 8.432499766349792480e-01 2.797499895095825195e-01 8.092499971389770508e-01 7.905064225196838379e-01 6.366528272628784180e-01 3.956952095031738281e-01 7.896761298179626465e-01 3.042395114898681641e-01 5.564535856246948242e-01
8.377500176429748535e-01 7.304999828338623047e-01 8.007500171661376953e-01 3.725000098347663879e-02 3.237499892711639404e-01 1.352500021457672119e-01 9.372109770774841309e-01 5.041944384574890137e-01 4.745416641235351562e-01 1.674016267061233521e-01 3.239929676055908203e-01 2.306195199489593506e-01
3.182500004768371582e-01 1.988333314657211304e-01 7.272499799728393555e-01 1.267500072717666626e-01 9.882500171661376953e-01 7.675000280141830444e-02 2.772690057754516602e-01 3.046393394470214844e-01 7.640388011932373047e-01 3.005568683147430420e-01 8.990960121154785156e-01 5.166583061218261719e-01
7.537500262260437012e-01 7.048333287239074707e-01 1.892500072717666626e-01 9.274999797344207764e-02 6.372500061988830566e-01 8.222500085830688477e-01 6.756684780120849609e-01 7.313262820243835449e-01 9.080561995506286621e-02 3.966252505779266357e-01 5.670197010040283203e-01 5.621559619903564453e-01
1.197500005364418030e-01 7.655000090599060059e-01 3.937500119209289551e-01 4.627499878406524658e-01 2.425000071525573730e-02 7.352499961853027344e-01 1.009752601385116577e-01 5.680873394012451172e-01 3.226675093173980713e-01 3.650639057159423828e-01 2.297605425119400024e-01 6.240643262863159180e-01
1.967500001192092896e-01 5.351666808128356934e-01 5.907499790191650391e-01 6.075000017881393433e-02 9.127500057220458984e-01 9.517499804496765137e-01 1.378681212663650513e-01 4.658415317535400391e-01 4.539474248886108398e-01 7.386031746864318848e-02 9.947263598442077637e-01 8.059654235839843750e-01
2.542499899864196777e-01 5.245000123977661133e-01 5.952500104904174805e-01 8.477500081062316895e-01 5.725000053644180298e-02 4.232499897480010986e-01 3.065575063228607178e-01 4.646781682968139648e-01 6.315849423408508301e-01 8.547405004501342773e-01 9.391802549362182617e-02 4.302516579627990723e-01
9.242500066757202148e-01 5.005000233650207520e-01 6.162499785423278809e-01 5.257499814033508301e-01 7.982500195503234863e-01 2.792499959468841553e-01 9.336624741554260254e-01 3.299392461776733398e-01 6.412470340728759766e-01 4.241699874401092529e-01 7.766143679618835449e-01 3.693585991859436035e-01
4.392499923706054688e-01 7.818333506584167480e-01 6.822500228881835938e-01 7.642499804496765137e-01 5.087500214576721191e-01 1.137500032782554626e-01 5.112800598144531250e-01 5.879856348037719727e-01 5.359696149826049805e-01 6.984033584594726562e-01 5.106106996536254883e-01 4.166672229766845703e-01
1.912499964237213135e-01 2.818333208560943604e-01 2.477499991655349731e-01 2.682499885559082031e-01 9.972500205039978027e-01 6.417499780654907227e-01 1.703927665948867798e-01 4.303819537162780762e-01 5.111243128776550293e-01 2.205132246017456055e-01 9.786329865455627441e-01 7.171409130096435547e-01
3.627499938011169434e-01 5.935000181198120117e-01 5.862500071525573730e-01 1.075000036507844925e-02 5.074999853968620300e-02 5.107499957084655762e-01 3.768737018108367920e-01 4.698889553546905518e-01 5.389404892921447754e-01 9.732040017843246460e-02 8.597988635301589966e-02 5.150264501571655273e-01
1.562500000000000000e-01 2.598333358764648438e-01 1.867499947547912598e-01 7.337499856948852539e-01 2.272499948740005493e-01 7.625000178813934326e-02 2.675651013851165771e-01 5.194319486618041992e-01 5.779967308044433594e-01 5.807462334632873535e-01 1.807954609394073486e-01 3.824869692325592041e-01
9.972500205039978027e-01 4.148333370685577393e-01 4.582499861717224121e-01 3.007499873638153076e-01 2.467499971389770508e-01 1.374999992549419403e-02 9.623001217842102051e-01 4.807582199573516846e-01 5.343104004859924316e-01 3.140720725059509277e-01 2.260821014642715454e-01 2.816892564296722412e-01
4.137499928474426270e-01 6.748333573341369629e-01 6.282500028610229492e-01 5.052499771118164062e-01 7.272499799728393555e-01 6.477500200271606445e-01 4.442690312862396240e-01 5.139641165733337402e-01 4.017336964607238770e-01 6.053627133369445801e-01 7.219642400741577148e-01 5.529536008834838867e-01
8.777499794960021973e-01 4.665000140666961670e-01 8.137500286102294922e-01 7.487499713897705078e-01 5.057500004768371582e-01 6.837499737739562988e-01 9.171251654624938965e-01 3.654923737049102783e-01 7.379387021064758301e-01 6.536703705787658691e-01 5.153757333755493164e-01 4.116579592227935791e-01
7.432500123977661133e-01 3.411666750907897949e-01 5.337499976158142090e-01 6.142500042915344238e-01 6.477500200271606445e-01 8.992499709129333496e-01 6.722198128700256348e-01 3.961637020111083984e-01 6.344188451766967773e-01 5.480099916458129883e-01 6.574205160140991211e-01 4.552669525146484375e-01
6.287500262260437012e-01 3.498333394527435303e-01 2.857500016689300537e-01 3.732500076293945312e-01 4.812499880790710449e-01 6.352499723434448242e-01 5.362278223037719727e-01 5.457240343093872070e-01 4.884710013866424561e-01 4.448451101779937744e-01 4.861624240875244141e-01 4.325298368930816650e-01
5.137500166893005371e-01 6.348333358764648438e-01 5.807499885559082031e-01 9.202499985694885254e-01 1.557500064373016357e-01 5.582500100135803223e-01 5.627938508987426758e-01 4.855091571807861328e-01 5.854671597480773926e-01 7.837423682212829590e-01 2.162475585937500000e-01 5.336875319480895996e-01
7.067499756813049316e-01 2.685000002384185791e-01 5.397499799728393555e-01 7.762500047683715820e-01 7.002500295639038086e-01 1.207500025629997253e-01 7.596771717071533203e-01 3.560961186885833740e-01 7.252157330513000488e-01 5.867218971252441406e-01 6.688491106033325195e-01 4.282283484935760498e-01
8.632500171661376953e-01 4.165000021457672119e-01 4.027499854564666748e-01 8.617500066757202148e-01 4.562500119209289551e-01 8.847500085830688477e-01 8.955252766609191895e-01 5.076309442520141602e-01 5.754321813583374023e-01 6.802026033401489258e-01 4.556566476821899414e-01 4.788786470890045166e-01
3.567500114440917969e-01 3.388333320617675781e-01 5.867499709129333496e-01 6.472499966621398926e-01 5.577499866485595703e-01 3.337500095367431641e-01 3.884741067886352539e-01 3.593382537364959717e-01 6.391240358352661133e-01 5.554049015045166016e-01 5.636720657348632812e-01 4.500574469566345215e-01
2.152500003576278687e-01 8.138333559036254883e-01 9.817500114440917969e-01 6.437500119209289551e-01 5.357499718666076660e-01 7.532500028610229492e-01 2.164684981107711792e-01 5.816912651062011719e-01 5.659314393997192383e-01 7.919108867645263672e-01 5.445598959922790527e-01 4.486815631389617920e-01
3.762499988079071045e-01 2.175000011920928955e-01 1.457500010728836060e-01 2.972500026226043701e-01 3.892500102519989014e-01 4.632500112056732178e-01 4.319709539413452148e-01 3.801487982273101807e-01 3.180274665355682373e-01 3.206737041473388672e-01 4.102694988250732422e-01 6.043505072593688965e-01
3.872500061988830566e-01 4.365000128746032715e-01 9.387500286102294922e-01 8.342499732971191406e-01 6.622499823570251465e-01 1.447499990463256836e-01 3.705327510833740234e-01 3.210596144199371338e-01 8.209434747695922852e-01 7.106530070304870605e-01 6.295413374900817871e-01 3.606331050395965576e-01
3.617500066757202148e-01 1.958333402872085571e-01 1.767500042915344238e-01 4.187499880790710449e-01 8.402500152587890625e-01 6.582499742507934570e-01 3.142381310462951660e-01 3.953501880168914795e-01 3.481634855270385742e-01 5.185754299163818359e-01 7.927123904228210449e-01 6.116283535957336426e-01
1.017500013113021851e-01 8.181666731834411621e-01 4.687500000000000000e-01 5.482500195503234863e-01 1.012500002980232239e-01 6.250000093132257462e-03 1.134423837065696716e-01 7.709739208221435547e-01 4.511344134807586670e-01 5.795323848724365234e-01 1.424880474805831909e-01 2.199100106954574585e-01
7.262499928474426270e-01 3.008333444595336914e-01 2.924999967217445374e-02 6.517500281333923340e-01 3.974999859929084778e-02 5.482500195503234863e-01 8.131607770919799805e-01 3.545781075954437256e-01 1.555208563804626465e-01 5.238389968872070312e-01 5.840545892715454102e-02 6.461412310600280762e-01
9.250000119209289551e-03 6.671666502952575684e-01 8.472499847412109375e-01 4.362500011920928955e-01 1.627500057220458984e-01 2.147500067949295044e-01 1.491907052695751190e-02 6.590023636817932129e-01 7.347677946090698242e-01 4.311808645725250244e-01 2.476943731307983398e-01 2.680916786193847656e-01
6.075000017881393433e-02 1.908333301544189453e-01 2.627499997615814209e-01 1.117499992251396179e-01 8.874999731779098511e-02 7.127500176429748535e-01 1.796858385205268860e-02 2.266716659069061279e-01 3.549867570400238037e-01 1.199332326650619507e-01 6.121020019054412842e-02 7.380522489547729492e-01
5.452499985694885254e-01 3.055000007152557373e-01 9.522500038146972656e-01 7.967500090599060059e-01 7.602499723434448242e-01 7.032499909400939941e-01 5.431225895881652832e-01 3.270624577999114990e-01 7.880073785781860352e-01 8.471112251281738281e-01 7.591874599456787109e-01 4.465495347976684570e-01
6.492499709129333496e-01 7.601666450500488281e-01 4.250000230967998505e-03 4.437499940395355225e-01 9.767500162124633789e-01 4.572499990463256836e-01 6.249823570251464844e-01 6.958512663841247559e-01 1.103515401482582092e-01 4.949235618114471436e-01 9.831693172454833984e-01 5.373547673225402832e-01
2.742500007152557373e-01 2.431666702032089233e-01 6.825000047683715820e-02 1.872500032186508179e-01 7.892500162124633789e-01 7.912499904632568359e-01 2.388328164815902710e-01 5.416150093078613281e-01 3.198803365230560303e-01 1.432400196790695190e-01 7.344623804092407227e-01 6.837779283523559570e-01
1.832499951124191284e-01 1.901666671037673950e-01 9.902499914169311523e-01 3.447499871253967285e-01 4.292500019073486328e-01 1.432500034570693970e-01 2.238837778568267822e-01 2.858356535434722900e-01 8.484875559806823730e-01 2.103012204170227051e-01 4.104308784008026123e-01 3.775292336940765381e-01
5.857499837875366211e-01 5.264999866485595703e-01 9.624999761581420898e-02 1.667499989271163940e-01 6.437500119209289551e-01 8.047500252723693848e-01 4.855222105979919434e-01 4.607685208320617676e-01 2.822816371917724609e-01 1.778424531221389771e-01 6.285065412521362305e-01 6.419758200645446777e-01
7.507500052452087402e-01 7.124999761581420898e-01 6.712499856948852539e-01 7.547500133514404297e-01 1.647499948740005493e-01 3.532499969005584717e-01 8.640016317367553711e-01 4.996649026870727539e-01 5.805634856224060059e-01 7.506168484687805176e-01 1.855364292860031128e-01 5.851926803588867188e-01
1.687500029802322388e-01 6.371666789054870605e-01 9.317499995231628418e-01 7.975000143051147461e-02 8.197500109672546387e-01 5.082499980926513672e-01 1.167485341429710388e-01 4.672676324844360352e-01 6.586699485778808594e-01 1.313406378030776978e-01 8.623338937759399414e-01 6.145397424697875977e-01
1.502500027418136597e-01 6.945000290870666504e-01 7.067499756813049316e-01 2.177499979734420776e-01 9.425000101327896118e-02 7.327499985694885254e-01 1.301345825195312500e-01 5.700989365577697754e-01 5.666458010673522949e-01 3.094085454940795898e-01 1.992285698652267456e-01 3.845001757144927979e-01
9.812499880790710449e-01 5.708333253860473633e-01 7.732499837875366211e-01 2.982499897480010986e-01 1.337500065565109253e-01 6.247500181198120117e-01 9.361801147460937500e-01 4.103848934173583984e-01 6.471255421638488770e-01 4.350668787956237793e-01 1.340000331401824951e-01 4.171403050422668457e-01
7.137500047683715820e-01 4.058333337306976318e-01 9.047499895095825195e-01 5.977500081062316895e-01 2.067500054836273193e-01 6.487500071525573730e-01 8.086341619491577148e-01 3.390238583087921143e-01 7.560106515884399414e-01 4.923628270626068115e-01 2.123298943042755127e-01 4.322654008865356445e-01
8.772500157356262207e-01 2.208333313465118408e-01 2.672500014305114746e-01 1.457500010728836060e-01 7.042499780654907227e-01 9.747499823570251465e-01 7.368880510330200195e-01 4.450259804725646973e-01 4.267968237400054932e-01 1.749389022588729858e-01 6.808149814605712891e-01 4.777826070785522461e-01
9.422500133514404297e-01 5.985000133514404297e-01 2.437500059604644775e-01 3.787499964237213135e-01 7.767500281333923340e-01 7.297499775886535645e-01 8.658528327941894531e-01 5.488499402999877930e-01 1.729152500629425049e-01 4.342317581176757812e-01 7.131881713867187500e-01 5.300030112266540527e-01
5.567499995231628418e-01 4.368333220481872559e-01 8.874999731779098511e-02 9.472500085830688477e-01 8.372499942779541016e-01 5.387499928474426270e-01 5.871825814247131348e-01 6.288001537322998047e-01 2.934606671333312988e-01 8.926234245300292969e-01 7.854661941528320312e-01 5.784649848937988281e-01
6.107500195503234863e-01 8.118333220481872559e-01 5.537499785423278809e-01 1.437499970197677612e-01 7.262499928474426270e-01 7.087500095367431641e-01 5.544657111167907715e-01 6.010590195655822754e-01 3.913944959640502930e-01 2.872601449489593506e-01 6.734150052070617676e-01 3.890905082225799561e-01
9.324999898672103882e-02 5.198333263397216797e-01 2.852500081062316895e-01 6.117500066757202148e-01 8.752499818801879883e-01 9.907500147819519043e-01 1.111054345965385437e-01 6.207138895988464355e-01 3.013374209403991699e-01 9.569648653268814087e-03 9.854909181594848633e-01 7.919881939888000488e-01
9.982500076293945312e-01 3.438333272933959961e-01 5.212500095367431641e-01 3.122499883174896240e-01 3.732500076293945312e-01 3.824999928474426270e-02 9.609969854354858398e-01 3.030635118484497070e-01 7.003212571144104004e-01 3.027267456054687500e-01 3.739651441574096680e-01 2.449282705783843994e-01
5.562499761581420898e-01 3.861666619777679443e-01 6.532499790191650391e-01 4.712499976158142090e-01 6.737499833106994629e-01 8.522499799728393555e-01 5.383463501930236816e-01 4.062427878379821777e-01 4.970144629478454590e-01 4.676264524459838867e-01 6.303574442863464355e-01 4.983486533164978027e-01
9.947500228881835938e-01 4.358333349227905273e-01 7.782499790191650391e-01 2.212499976158142090e-01 7.252500057220458984e-01 2.912499904632568359e-01 9.501534104347229004e-01 4.326395392417907715e-01 5.566746592521667480e-01 4.059104621410369873e-01 6.910535693168640137e-01 3.822107911109924316e-01
5.572500228881835938e-01 6.501666903495788574e-01 5.007500052452087402e-01 8.547499775886535645e-01 7.812500000000000000e-01 9.452499747276306152e-01 5.742539167404174805e-01 6.016547083854675293e-01 3.801576793193817139e-01 9.358020424842834473e-01 7.851756811141967773e-01 5.800717473030090332e-01
6.557499766349792480e-01 3.031666576862335205e-01 8.272500038146972656e-01 2.447499930858612061e-01 3.577499985694885254e-01 2.302500009536743164e-01 6.270434856414794922e-01 4.148295223712921143e-01 7.468724846839904785e-01 4.134017527103424072e-01 3.399964570999145508e-01 3.291962146759033203e-01
9.022499918937683105e-01 2.164999991655349731e-01 8.612499833106994629e-01 5.582500100135803223e-01 6.122499704360961914e-01 6.552500128746032715e-01 8.422977924346923828e-01 3.033310770988464355e-01 8.546203374862670898e-01 6.745724678039550781e-01 5.559266209602355957e-01 3.707809150218963623e-01
8.477500081062316895e-01 6.428333520889282227e-01 2.902500033378601074e-01 9.562500119209289551e-01 7.402499914169311523e-01 1.697500050067901611e-01 8.874495625495910645e-01 6.698738336563110352e-01 2.792366743087768555e-01 9.094803333282470703e-01 6.991627216339111328e-01 5.024033784866333008e-01
6.677500009536743164e-01 6.388333439826965332e-01 2.257499992847442627e-01 1.757500022649765015e-01 1.952500045299530029e-01 1.592500060796737671e-01 7.625937461853027344e-01 6.602101922035217285e-01 2.168540358543395996e-01 2.126917839050292969e-01 1.947958767414093018e-01 4.487803280353546143e-01
7.422500252723693848e-01 3.138333261013031006e-01 2.622500061988830566e-01 7.897499799728393555e-01 4.324999824166297913e-02 7.582499980926513672e-01 7.210963964462280273e-01 5.148712992668151855e-01 4.666684865951538086e-01 7.998771667480468750e-01 5.822604894638061523e-02 6.026151180267333984e-01
3.402499854564666748e-01 7.441666722297668457e-01 1.987500041723251343e-01 1.917500048875808716e-01 2.012500017881393433e-01 2.897500097751617432e-01 4.307564198970794678e-01 6.935425400733947754e-01 2.574086487293243408e-01 2.556279301643371582e-01 2.577372789382934570e-01 4.711967408657073975e-01
8.892499804496765137e-01 1.675000041723251343e-01 8.642500042915344238e-01 4.102500081062316895e-01 7.222499847412109375e-01 8.562499880790710449e-01 6.911517381668090820e-01 2.588744461536407471e-01 8.361926078796386719e-01 6.456900835037231445e-01 6.928547024726867676e-01 4.009054005146026611e-01
2.367500066757202148e-01 5.378333330154418945e-01 3.197500109672546387e-01 2.102500051259994507e-01 3.602499961853027344e-01 9.782500267028808594e-01 1.574561446905136108e-01 3.911659121513366699e-01 3.102379441261291504e-01 1.430602222681045532e-01 4.693993628025054932e-01 7.709853053092956543e-01
8.577499985694885254e-01 2.168333381414413452e-01 2.547500133514404297e-01 3.422499895095825195e-01 2.307499945163726807e-01 5.277500152587890625e-01 8.181269168853759766e-01 3.205218911170959473e-01 4.930128753185272217e-01 3.302533030509948730e-01 2.622345685958862305e-01 4.750362932682037354e-01
4.172500073909759521e-01 1.711666733026504517e-01 4.412499964237213135e-01 2.187500000000000000e-01 1.757500022649765015e-01 5.157499909400939941e-01 4.406499862670898438e-01 3.792505562305450439e-01 5.745086073875427246e-01 2.643181085586547852e-01 1.943074911832809448e-01 4.942381381988525391e-01
9.917500019073486328e-01 1.704999953508377075e-01 3.627499938011169434e-01 4.262500107288360596e-01 4.727500081062316895e-01 2.197500020265579224e-01 9.699768424034118652e-01 3.888788223266601562e-01 6.093313097953796387e-01 2.749144732952117920e-01 4.269331395626068115e-01 2.141750454902648926e-01
8.207499980926513672e-01 3.451666533946990967e-01 3.482500016689300537e-01 8.142499923706054688e-01 9.872499704360961914e-01 8.472499847412109375e-01 7.992731332778930664e-01 3.287839591503143311e-01 5.157780647277832031e-01 6.636202335357666016e-01 9.756297469139099121e-01 5.622339248657226562e-01
2.087499946355819702e-01 8.308333158493041992e-01 8.952500224113464355e-01 2.347500026226043701e-01 1.957499980926513672e-01 4.662500023841857910e-01 2.383235394954681396e-01 6.056287884712219238e-01 5.972967147827148438e-01 3.630712032318115234e-01 2.758942842483520508e-01 3.002105057239532471e-01
6.397500038146972656e-01 7.154999971389770508e-01 5.697500109672546387e-01 5.147500038146972656e-01 6.047499775886535645e-01 2.947500050067901611e-01 6.923017501831054688e-01 5.303541421890258789e-01 4.352195560932159424e-01 4.725852906703948975e-01 6.061221361160278320e-01 4.475795626640319824e-01
9.682499766349792480e-01 3.831666707992553711e-01 5.927500128746032715e-01 7.587500214576721191e-01 1.567499935626983643e-01 6.412500143051147461e-01 9.587893486022949219e-01 5.145632028579711914e-01 6.787296533584594727e-01 7.449986338615417480e-01 1.127499863505363464e-01 5.188022255897521973e-01
5.237500071525573730e-01 5.421666502952575684e-01 4.572499990463256836e-01 7.225000113248825073e-02 6.075000017881393433e-02 4.832499921321868896e-01 5.200989246368408203e-01 5.130338072776794434e-01 4.688719213008880615e-01 1.205137297511100769e-01 6.334635615348815918e-02 5.121770501136779785e-01
1.617500036954879761e-01 3.955000042915344238e-01 7.982500195503234863e-01 6.612499952316284180e-01 5.727499723434448242e-01 7.487499713897705078e-01 1.257037818431854248e-01 4.142984747886657715e-01 7.064132690429687500e-01 7.927744984626770020e-01 5.527267456054687500e-01 5.490010976791381836e-01
2.522499859333038330e-01 2.831666767597198486e-01 6.997500061988830566e-01 4.477500021457672119e-01 3.902499973773956299e-01 6.952499747276306152e-01 2.386347800493240356e-01 3.977912366390228271e-01 7.545862197875976562e-01 5.681316256523132324e-01 4.304236769676208496e-01 3.906489610671997070e-01
5.807499885559082031e-01 3.148333430290222168e-01 5.957499742507934570e-01 1.624999940395355225e-02 9.624999761581420898e-02 6.322500109672546387e-01 5.236669778823852539e-01 3.608930408954620361e-01 6.465584635734558105e-01 1.035527810454368591e-01 9.799209982156753540e-02 4.832206964492797852e-01
9.662500023841857910e-01 2.314999997615814209e-01 1.092500016093254089e-01 8.524999767541885376e-02 3.177500069141387939e-01 6.677500009536743164e-01 8.752943873405456543e-01 4.536436498165130615e-01 2.056517302989959717e-01 2.199385166168212891e-01 3.393877744674682617e-01 5.296390056610107422e-01
4.174999892711639404e-02 7.754999995231628418e-01 2.872500121593475342e-01 9.377499818801879883e-01 2.587499916553497314e-01 1.472499966621398926e-01 4.178820550441741943e-02 7.952063679695129395e-01 3.458927571773529053e-01 9.476279020309448242e-01 3.218164741992950439e-01 3.287825882434844971e-01
9.952499866485595703e-01 6.638333201408386230e-01 9.117500185966491699e-01 1.942500025033950806e-01 2.500000118743628263e-04 1.842499971389770508e-01 9.415988326072692871e-01 5.134411454200744629e-01 5.184401869773864746e-01 6.302297115325927734e-01 4.346215724945068359e-02 5.755549073219299316e-01
1.597499996423721313e-01 2.758333384990692139e-01 2.612499892711639404e-01 7.782499790191650391e-01 6.602500081062316895e-01 3.822500109672546387e-01 1.560132950544357300e-01 3.940963149070739746e-01 4.792006015777587891e-01 6.564646959304809570e-01 5.832015872001647949e-01 5.588479042053222656e-01
9.112499952316284180e-01 2.748333215713500977e-01 8.147500157356262207e-01 7.077500224113464355e-01 8.597499728202819824e-01 8.862500190734863281e-01 9.137214422225952148e-01 4.047496318817138672e-01 6.590406298637390137e-01 7.518544197082519531e-01 8.328651785850524902e-01 4.995758533477783203e-01
8.697500228881835938e-01 5.304999947547912598e-01 9.707499742507934570e-01 6.927499771118164062e-01 5.352500081062316895e-01 5.874999985098838806e-02 9.599282145500183105e-01 3.565956652164459229e-01 7.654888629913330078e-01 6.448538899421691895e-01 5.144670605659484863e-01 3.687063455581665039e-01
8.675000071525573730e-02 2.471666634082794189e-01 7.547500133514404297e-01 2.772499918937683105e-01 6.777499914169311523e-01 7.237499952316284180e-01 3.727525100111961365e-02 2.999388873577117920e-01 8.608462810516357422e-01 1.773999631404876709e-01 6.503782868385314941e-01 6.294485926628112793e-01
7.447500228881835938e-01 5.211666822433471680e-01 3.624999895691871643e-02 1.832499951124191284e-01 9.457499980926513672e-01 1.867499947547912598e-01 7.845234274864196777e-01 5.830577611923217773e-01 1.861988008022308350e-01 2.607705891132354736e-01 9.288054704666137695e-01 4.669165611267089844e-01
9.317499995231628418e-01 4.221666753292083740e-01 9.857500195503234863e-01 7.962499856948852539e-01 7.422500252723693848e-01 5.202500224113464355e-01 9.312013387680053711e-01 2.369870543479919434e-01 8.426438570022583008e-01 7.532379627227783203e-01 7.753897309303283691e-01 3.974131643772125244e-01
7.249999791383743286e-03 5.961666703224182129e-01 8.457499742507934570e-01 3.867500126361846924e-01 4.352500140666961670e-01 6.575000286102294922e-02 2.034944295883178711e-02 5.740872621536254883e-01 7.506201267242431641e-01 3.355060219764709473e-01 4.245684444904327393e-01 3.923214673995971680e-01
9.547500014305114746e-01 3.425000011920928955e-01 2.362499982118606567e-01 2.532500028610229492e-01 3.957499861717224121e-01 3.624999895691871643e-02 9.442766308784484863e-01 5.095229148864746094e-01 4.701302349567413330e-01 2.147639989852905273e-01 3.536887168884277344e-01 2.439870834350585938e-01
7.737500071525573730e-01 4.474999904632568359e-01 6.207500100135803223e-01 8.602499961853027344e-01 5.787500143051147461e-01 4.107500016689300537e-01 8.370143175125122070e-01 5.329048037528991699e-01 6.057367920875549316e-01 8.892390131950378418e-01 5.337582230567932129e-01 5.313732624053955078e-01
9.477499723434448242e-01 2.308333367109298706e-01 1.042499989271163940e-01 3.242500126361846924e-01 1.475000008940696716e-02 7.307500243186950684e-01 9.145328402519226074e-01 3.254204392433166504e-01 1.662039905786514282e-01 2.872806489467620850e-01 4.771485552191734314e-02 6.096475720405578613e-01
5.352500081062316895e-01 2.551666796207427979e-01 8.397499918937683105e-01 2.217500060796737671e-01 1.412499994039535522e-01 5.712500214576721191e-01 5.004090666770935059e-01 2.767919003963470459e-01 7.973012328147888184e-01 2.322601824998855591e-01 1.524952203035354614e-01 4.215109348297119141e-01
9.232500195503234863e-01 2.728333473205566406e-01 2.137500047683715820e-01 5.667499899864196777e-01 4.237500131130218506e-01 1.477500051259994507e-01 9.458298087120056152e-01 4.833754599094390869e-01 4.866326153278350830e-01 4.187293946743011475e-01 4.256989955902099609e-01 3.630802333354949951e-01
8.162500262260437012e-01 6.061666607856750488e-01 4.707500040531158447e-01 2.437500059604644775e-01 1.947499960660934448e-01 3.232499957084655762e-01 8.794885277748107910e-01 5.608883500099182129e-01 4.468785822391510010e-01 2.252676784992218018e-01 1.663318127393722534e-01 3.019205331802368164e-01
9.327499866485595703e-01 1.961666643619537354e-01 5.502499938011169434e-01 5.617499947547912598e-01 1.867499947547912598e-01 6.222500205039978027e-01 9.121301174163818359e-01 3.806095123291015625e-01 7.272348999977111816e-01 4.973834753036499023e-01 1.471697539091110229e-01 4.250634312629699707e-01
3.122499883174896240e-01 2.651666700839996338e-01 5.387499928474426270e-01 6.875000149011611938e-02 8.587499856948852539e-01 9.777500033378601074e-01 2.181921899318695068e-01 3.870436251163482666e-01 6.278659701347351074e-01 1.472155302762985229e-01 8.012467026710510254e-01 6.408065557479858398e-01
