3.315024971961975098e-01 4.459505081176757812e-01 2.594454884529113770e-01 3.673065006732940674e-01 1.338000059127807617e+00 4.459691047668457031e-01 4.980776607990264893e-01 2.734132707118988037e-01 5.484390854835510254e-01 3.314593732357025146e-01 5.084621310234069824e-01 9.988650083541870117e-01 4.146493971347808838e-01 5.290455818176269531e-01
3.734500110149383545e-01 7.899904847145080566e-01 4.501907527446746826e-01 8.383675217628479004e-01 1.387500047683715820e+00 7.188629508018493652e-01 5.767223238945007324e-01 3.496102690696716309e-01 5.921784043312072754e-01 2.933121025562286377e-01 6.010583043098449707e-01 9.994223117828369141e-01 4.144357144832611084e-01 5.263275504112243652e-01
3.412050008773803711e-01 6.443816423416137695e-01 1.925417482852935791e-01 2.354967445135116577e-01 1.277250051498413086e+00 8.338576555252075195e-01 8.119279742240905762e-01 2.680108547210693359e-01 6.129021644592285156e-01 1.713059395551681519e-01 3.829035162925720215e-01 9.982916712760925293e-01 5.276300907135009766e-01 6.360725164413452148e-01
5.182600021362304688e-01 3.556966781616210938e-01 8.806502223014831543e-01 8.854550123214721680e-01 4.120000004768371582e-01 1.123079806566238403e-01 7.073566317558288574e-02 7.297240495681762695e-01 4.219047725200653076e-01 6.358354687690734863e-01 8.466897010803222656e-01 3.791635036468505859e-01 4.004117548465728760e-01 3.516839444637298584e-01
6.042975187301635742e-01 2.646606564521789551e-01 8.466997742652893066e-01 9.775199890136718750e-01 9.495000243186950684e-01 2.530161738395690918e-01 2.847173213958740234e-01 7.624061107635498047e-01 3.869348466396331787e-01 7.649763822555541992e-01 9.144700169563293457e-01 8.886223435401916504e-01 3.843236565589904785e-01 3.700754940509796143e-01
3.825000021606683731e-04 3.970823287963867188e-01 6.615085005760192871e-01 1.622094959020614624e-01 7.722499966621398926e-01 9.159163832664489746e-01 1.559963375329971313e-01 4.194499552249908447e-02 5.030343532562255859e-01 6.132060289382934570e-01 1.237274780869483948e-01 8.917616009712219238e-01 7.459076046943664551e-01 3.796221017837524414e-01
3.483799993991851807e-01 4.424490034580230713e-01 8.299782276153564453e-01 5.256174802780151367e-01 9.477499723434448242e-01 7.944409251213073730e-01 6.627043485641479492e-01 3.465698063373565674e-01 3.932083547115325928e-01 6.689525842666625977e-01 5.317785143852233887e-01 9.477108716964721680e-01 5.421349406242370605e-01 5.850950479507446289e-01
5.148000121116638184e-01 5.276113152503967285e-01 5.315815210342407227e-01 7.549625039100646973e-01 1.169000029563903809e+00 4.996017217636108398e-01 4.286783337593078613e-01 5.473004579544067383e-01 4.697977006435394287e-01 4.848080277442932129e-01 7.075031399726867676e-01 9.963812232017517090e-01 4.927560389041900635e-01 5.382455587387084961e-01
8.877524733543395996e-01 3.704864978790283203e-01 5.168349742889404297e-01 2.478089928627014160e-01 1.122499942779541016e+00 1.083711087703704834e-01 9.128556847572326660e-01 9.046210646629333496e-01 5.220695734024047852e-01 4.485424160957336426e-01 3.405804336071014404e-01 9.868626594543457031e-01 2.923804819583892822e-01 6.810950040817260742e-01
4.913350045680999756e-01 3.438214957714080811e-01 4.105004966259002686e-01 3.096257448196411133e-01 8.985000252723693848e-01 7.033312320709228516e-01 8.697639107704162598e-01 4.588933587074279785e-01 4.166933000087738037e-01 3.413132727146148682e-01 5.562062263488769531e-01 9.266979694366455078e-01 5.903599262237548828e-01 7.717511653900146484e-01
6.768724918365478516e-01 6.323341727256774902e-01 8.293092250823974609e-01 4.622355103492736816e-01 1.340250015258789062e+00 9.559648633003234863e-01 1.986576616764068604e-01 6.615778803825378418e-01 4.319444298744201660e-01 6.479192376136779785e-01 5.085402727127075195e-01 9.995160102844238281e-01 5.987475514411926270e-01 3.113099038600921631e-01
8.657900094985961914e-01 6.814615130424499512e-01 1.793574914336204529e-02 1.648710072040557861e-01 3.485000133514404297e-01 8.240299224853515625e-01 5.403280258178710938e-01 7.705894708633422852e-01 6.464157104492187500e-01 1.031588613986968994e-01 2.479280531406402588e-01 3.624680340290069580e-01 7.205200195312500000e-01 4.451095759868621826e-01
7.135249972343444824e-01 7.833511829376220703e-01 7.465762495994567871e-01 7.449474930763244629e-01 7.017499804496765137e-01 7.419763803482055664e-01 4.592796564102172852e-01 7.641670703887939453e-01 5.644867420196533203e-01 5.316848754882812500e-01 6.602499485015869141e-01 6.819485425949096680e-01 4.504337906837463379e-01 5.264450311660766602e-01
5.884999874979257584e-03 8.094981908798217773e-01 5.221369862556457520e-01 3.898167610168457031e-01 1.322250008583068848e+00 6.448975801467895508e-01 3.125283420085906982e-01 3.570648375898599625e-03 8.915608525276184082e-01 4.939738214015960693e-01 5.383610259741544724e-03 9.999998807907104492e-01 8.799187541007995605e-01 5.056681036949157715e-01
2.908399999141693115e-01 3.161363303661346436e-01 5.284600257873535156e-01 9.789450168609619141e-01 1.357750058174133301e+00 3.723373711109161377e-01 5.892779827117919922e-01 2.923181951045989990e-01 3.601803183555603027e-01 5.879729986190795898e-01 8.622574806213378906e-01 9.993159770965576172e-01 3.902429640293121338e-01 4.637138545513153076e-01
2.262825071811676025e-01 3.520023226737976074e-01 2.302384972572326660e-01 2.541489899158477783e-01 9.992499947547912598e-01 9.378677010536193848e-01 1.245416700839996338e-01 1.781250089406967163e-01 4.844351112842559814e-01 3.690454363822937012e-01 1.770830899477005005e-01 9.753721356391906738e-01 6.465026140213012695e-01 5.295837521553039551e-01
5.996025204658508301e-01 2.187239974737167358e-01 2.859387397766113281e-01 6.319125294685363770e-01 1.017500042915344238e+00 7.215978503227233887e-01 7.927479743957519531e-01 6.619247794151306152e-01 4.191295504570007324e-01 3.771137893199920654e-01 5.712131261825561523e-01 9.603761434555053711e-01 4.748038351535797119e-01 7.602150440216064453e-01
4.440249875187873840e-02 7.399014830589294434e-01 5.939354896545410156e-01 6.293699741363525391e-01 6.387500166893005371e-01 1.262980848550796509e-01 7.960428595542907715e-01 3.327130898833274841e-02 6.829466819763183594e-01 5.417736172676086426e-01 7.250169515609741211e-01 7.511271238327026367e-01 1.804934442043304443e-01 5.923389196395874023e-01
7.619249820709228516e-01 5.623946785926818848e-01 7.566737532615661621e-01 5.573624968528747559e-01 3.955000042915344238e-01 9.981855750083923340e-01 3.868726789951324463e-01 8.150500059127807617e-01 5.641584396362304688e-01 4.728459119796752930e-01 5.690459012985229492e-01 3.271922171115875244e-01 5.283370614051818848e-01 5.113472342491149902e-01
6.838924884796142578e-01 2.765153348445892334e-01 4.113427400588989258e-01 4.058037400245666504e-01 5.417500138282775879e-01 2.642276883125305176e-01 7.779418826103210449e-01 6.414675116539001465e-01 5.063177943229675293e-01 4.760484695434570312e-01 5.983405709266662598e-01 4.351936280727386475e-01 5.365772247314453125e-01 5.338487625122070312e-01
2.835524976253509521e-01 5.806431770324707031e-01 7.767390012741088867e-01 3.403862416744232178e-01 1.076249957084655762e+00 5.984021425247192383e-01 8.145532608032226562e-01 2.444853782653808594e-01 5.155063867568969727e-01 4.489841163158416748e-01 5.182478427886962891e-01 9.875043034553527832e-01 4.411988556385040283e-01 5.222807526588439941e-01
2.242050021886825562e-01 6.794016957283020020e-01 3.697065114974975586e-01 6.038550138473510742e-01 1.195749998092651367e+00 4.308721125125885010e-01 7.275583148002624512e-01 2.376223206520080566e-01 5.571107268333435059e-01 2.833499908447265625e-01 6.069865226745605469e-01 9.982750415802001953e-01 4.147911965847015381e-01 5.677404403686523438e-01
6.467749923467636108e-02 3.298083245754241943e-01 4.203302562236785889e-01 5.636600032448768616e-02 4.375000000000000000e-01 5.242853760719299316e-01 6.035423278808593750e-01 4.923003911972045898e-02 4.266540706157684326e-01 5.205920338630676270e-01 1.800992041826248169e-01 4.404141008853912354e-01 4.776349067687988281e-01 5.068464875221252441e-01
6.951050162315368652e-01 5.479220151901245117e-01 3.075642585754394531e-01 9.796925187110900879e-01 7.879999876022338867e-01 1.952718198299407959e-01 1.101979985833168030e-01 7.085694074630737305e-01 4.733582139015197754e-01 6.183305978775024414e-01 7.387856841087341309e-01 7.697909474372863770e-01 3.799434900283813477e-01 3.431774079799652100e-01
8.515924811363220215e-01 4.543575048446655273e-01 9.197707772254943848e-01 9.216524958610534668e-01 8.964999914169311523e-01 4.399455487728118896e-01 3.832719922065734863e-01 9.495746493339538574e-01 3.840191364288330078e-01 7.482078075408935547e-01 8.487363457679748535e-01 9.261295199394226074e-01 5.499005317687988281e-01 3.613033890724182129e-01
3.616650104522705078e-01 6.272389888763427734e-01 3.917714953422546387e-01 4.347034990787506104e-01 1.047999978065490723e+00 5.041260719299316406e-01 5.248439908027648926e-01 3.200876116752624512e-01 5.216456651687622070e-01 3.799902200698852539e-01 5.015628337860107422e-01 9.872224926948547363e-01 4.752471446990966797e-01 6.162725090980529785e-01
4.364775121212005615e-01 5.137766599655151367e-01 9.151265025138854980e-01 7.698475122451782227e-01 1.286749958992004395e+00 1.177074760198593140e-01 1.468826681375503540e-01 4.798538386821746826e-01 3.822371363639831543e-01 6.343371868133544922e-01 8.365443348884582520e-01 9.991651773452758789e-01 4.279681444168090820e-01 4.664883315563201904e-01
5.189650058746337891e-01 2.451331615447998047e-01 6.070244908332824707e-01 7.364624738693237305e-01 1.384500026702880859e+00 6.749446392059326172e-01 2.121790051460266113e-01 5.416850447654724121e-01 3.757868409156799316e-01 6.143546104431152344e-01 6.798205971717834473e-01 9.995701909065246582e-01 4.814745485782623291e-01 4.137611389160156250e-01
5.272325277328491211e-01 7.093918323516845703e-01 3.611157536506652832e-01 9.496300220489501953e-01 8.587499856948852539e-01 6.713600158691406250e-01 9.058790206909179688e-01 5.706534385681152344e-01 5.903366804122924805e-01 2.640669047832489014e-01 8.446741104125976562e-01 9.197336435317993164e-01 5.768279433250427246e-01 7.965235710144042969e-01
3.387499973177909851e-02 3.929776549339294434e-01 5.673059821128845215e-01 6.150774955749511719e-01 9.062500000000000000e-01 2.148547470569610596e-01 3.744366765022277832e-01 3.773858398199081421e-02 2.946639657020568848e-01 6.554269194602966309e-01 6.807781457901000977e-01 9.638033509254455566e-01 2.394365817308425903e-01 4.607392549514770508e-01
2.333025038242340088e-01 7.495660185813903809e-01 5.310167670249938965e-01 3.153112530708312988e-01 3.067499995231628418e-01 2.774419188499450684e-01 9.145193696022033691e-01 2.039126008749008179e-01 5.965378880500793457e-01 3.239115774631500244e-01 4.709111750125885010e-01 3.501966595649719238e-01 4.427648186683654785e-01 7.330869436264038086e-01
6.105775237083435059e-01 3.569253385066986084e-01 6.145767569541931152e-01 5.765874981880187988e-01 1.228749990463256836e+00 4.238437414169311523e-01 2.526226639747619629e-01 6.218507885932922363e-01 4.156712293624877930e-01 6.801110506057739258e-01 6.206975579261779785e-01 9.973599314689636230e-01 4.614429473876953125e-01 3.483913242816925049e-01
1.346125006675720215e-01 3.737258315086364746e-01 1.707367449998855591e-01 8.429499864578247070e-01 1.400500059127807617e+00 3.651761636137962341e-02 4.878459870815277100e-01 1.700250059366226196e-01 5.074687600135803223e-01 4.713813960552215576e-01 6.523238420486450195e-01 9.992473125457763672e-01 2.888800501823425293e-01 3.583098649978637695e-01
5.038325190544128418e-01 4.419876635074615479e-01 2.987650036811828613e-02 1.211445033550262451e-01 5.575000047683715820e-01 6.631819009780883789e-01 4.307436645030975342e-01 4.864157736301422119e-01 5.301977992057800293e-01 7.255731523036956787e-02 1.474988311529159546e-01 6.148478984832763672e-01 7.499709725379943848e-01 3.638309836387634277e-01
8.561974763870239258e-01 8.325968384742736816e-01 2.307952493429183960e-01 1.160359978675842285e-01 8.019999861717224121e-01 3.075893819332122803e-01 6.496703624725341797e-01 9.064249992370605469e-01 6.961366534233093262e-01 1.406073123216629028e-01 1.469064801931381226e-01 8.728473782539367676e-01 4.550317227840423584e-01 5.865668654441833496e-01
5.798950195312500000e-01 6.780031919479370117e-01 7.554242610931396484e-01 9.880625009536743164e-01 7.752500176429748535e-01 1.862406134605407715e-01 6.142453551292419434e-01 7.028382420539855957e-01 5.209947824478149414e-01 5.822417736053466797e-01 8.563883900642395020e-01 7.565065026283264160e-01 4.705229401588439941e-01 5.471094250679016113e-01
2.932550013065338135e-01 3.404181599617004395e-01 7.108334898948669434e-01 2.087062448263168335e-01 1.202999949455261230e+00 2.438409030437469482e-01 3.783883452415466309e-01 2.775210738182067871e-01 3.239435851573944092e-01 5.706540346145629883e-01 3.488637208938598633e-01 9.981360435485839844e-01 4.181139767169952393e-01 5.256893038749694824e-01
4.459049999713897705e-01 3.026011586189270020e-01 6.282929778099060059e-01 7.491675019264221191e-01 6.044999957084655762e-01 8.964112997055053711e-01 8.094801902770996094e-01 4.124981760978698730e-01 4.844119250774383545e-01 6.735240221023559570e-01 7.829812765121459961e-01 5.273492336273193359e-01 5.021029114723205566e-01 5.110027790069580078e-01
6.157000064849853516e-01 2.024600058794021606e-01 3.260167539119720459e-01 8.765075206756591797e-01 7.152500152587890625e-01 4.873624145984649658e-01 1.976666599512100220e-02 6.885309219360351562e-01 4.964007139205932617e-01 5.402553677558898926e-01 5.691921114921569824e-01 6.217806339263916016e-01 4.339897036552429199e-01 4.376461207866668701e-01
5.852950215339660645e-01 7.248946428298950195e-01 4.583427608013153076e-01 8.171049952507019043e-01 2.017499953508377075e-01 5.621131062507629395e-01 9.875683188438415527e-01 6.596388816833496094e-01 6.549618840217590332e-01 3.702858388423919678e-01 6.345214247703552246e-01 2.017011642456054688e-01 6.558461785316467285e-01 6.708022952079772949e-01
9.728350043296813965e-01 1.728146672248840332e-01 3.561397492885589600e-01 8.527474999427795410e-01 4.020000100135803223e-01 9.482091665267944336e-01 8.089429736137390137e-01 8.424674272537231445e-01 4.413900971412658691e-01 5.324830412864685059e-01 8.467565774917602539e-01 2.950847148895263672e-01 5.811858177185058594e-01 5.960286259651184082e-01
5.892574787139892578e-01 5.256671905517578125e-01 3.833220005035400391e-01 4.100677371025085449e-01 6.097499728202819824e-01 7.145943641662597656e-01 9.107893109321594238e-01 5.638743638992309570e-01 5.487633347511291504e-01 3.276191651821136475e-01 4.163583517074584961e-01 5.545330643653869629e-01 5.773594379425048828e-01 4.772242605686187744e-01
5.403999984264373779e-02 7.656933069229125977e-01 6.545142531394958496e-01 5.883499979972839355e-01 1.045500040054321289e+00 7.347508072853088379e-01 9.054458141326904297e-01 9.084960073232650757e-02 6.412021517753601074e-01 3.538621366024017334e-01 5.750358700752258301e-01 9.995100498199462891e-01 4.608234465122222900e-01 5.616256594657897949e-01
8.747624754905700684e-01 4.096686542034149170e-01 7.249632477760314941e-01 2.324704974889755249e-01 9.147499799728393555e-01 3.981615006923675537e-01 4.987636804580688477e-01 8.877218365669250488e-01 5.559544563293457031e-01 5.141393542289733887e-01 4.328562915325164795e-01 9.251579642295837402e-01 3.339437544345855713e-01 5.945564508438110352e-01
2.432900071144104004e-01 7.838180065155029297e-01 8.322992324829101562e-01 5.030875205993652344e-01 2.942500114440917969e-01 3.214684724807739258e-01 9.674847722053527832e-01 2.321063131093978882e-01 6.192119717597961426e-01 4.962300360202789307e-01 5.797256231307983398e-01 3.300162553787231445e-01 4.330598413944244385e-01 7.464542388916015625e-01
1.142899990081787109e-01 5.022076964378356934e-01 3.956967592239379883e-01 6.932150125503540039e-01 9.095000028610229492e-01 8.138171434402465820e-01 3.540943264961242676e-01 9.956926852464675903e-02 5.356549620628356934e-01 3.959115147590637207e-01 6.141095757484436035e-01 9.460535645484924316e-01 4.929070770740509033e-01 5.841519236564636230e-01
7.382525205612182617e-01 3.483273386955261230e-01 7.770492434501647949e-01 6.561325192451477051e-01 1.077000021934509277e+00 6.520156860351562500e-01 2.968033254146575928e-01 8.627003431320190430e-01 4.273078739643096924e-01 6.508022546768188477e-01 6.476652026176452637e-01 9.829398393630981445e-01 4.910433888435363770e-01 5.251315832138061523e-01
8.460274934768676758e-01 5.816666483879089355e-01 8.161755204200744629e-01 9.538800269365310669e-02 5.907499790191650391e-01 2.649264596402645111e-02 1.313333341386169195e-04 8.682388663291931152e-01 6.199702024459838867e-01 4.819305837154388428e-01 4.082232713699340820e-01 5.034305453300476074e-01 4.147675037384033203e-01 3.668077290058135986e-01
2.619799971580505371e-01 4.668925106525421143e-01 4.415662586688995361e-01 2.405797541141510010e-01 1.003499984741210938e+00 5.719378590583801270e-01 6.690992116928100586e-01 2.350804209709167480e-01 4.425535500049591064e-01 4.562332928180694580e-01 3.168015480041503906e-01 9.823847413063049316e-01 5.049119591712951660e-01 5.559642910957336426e-01
1.406275033950805664e-01 5.856565237045288086e-01 4.085149988532066345e-02 3.983109891414642334e-01 1.233500003814697266e+00 7.315694093704223633e-01 8.165760040283203125e-01 9.337238222360610962e-02 6.968439221382141113e-01 2.213250696659088135e-01 2.642787396907806396e-01 9.998716115951538086e-01 6.522277593612670898e-01 6.629055142402648926e-01
2.208774983882904053e-01 3.254215121269226074e-01 3.224100172519683838e-02 5.585650205612182617e-01 8.504999876022338867e-01 5.669824481010437012e-01 9.136523008346557617e-01 2.239314466714859009e-01 5.318934917449951172e-01 1.273294985294342041e-01 6.654849648475646973e-01 8.572036623954772949e-01 5.656910538673400879e-01 7.799824476242065430e-01
1.987649947404861450e-01 2.743841707706451416e-01 9.119752645492553711e-01 9.380350112915039062e-01 1.044000029563903809e+00 3.948940336704254150e-01 7.560707330703735352e-01 3.060233294963836670e-01 3.083315491676330566e-01 6.792755722999572754e-01 8.906748294830322266e-01 9.820452332496643066e-01 5.034607648849487305e-01 7.277575135231018066e-01
2.923999913036823273e-02 5.689176917076110840e-01 7.509677410125732422e-01 4.075599834322929382e-02 1.116750001907348633e+00 5.365704298019409180e-01 3.448640108108520508e-01 4.487945139408111572e-02 5.808036923408508301e-01 5.266396403312683105e-01 3.403942286968231201e-01 9.995561242103576660e-01 4.289843142032623291e-01 4.537868201732635498e-01
9.022625088691711426e-01 5.611860156059265137e-01 2.050337493419647217e-01 8.387150168418884277e-01 1.040750026702880859e+00 3.195825219154357910e-01 7.745700478553771973e-01 9.229434132575988770e-01 5.079214572906494141e-01 3.622426986694335938e-01 6.632366776466369629e-01 9.854957461357116699e-01 3.492016196250915527e-01 8.360828161239624023e-01
1.164999976754188538e-02 8.330911397933959961e-01 9.093310236930847168e-01 5.164949893951416016e-01 6.660000085830688477e-01 1.722430288791656494e-01 3.816379904747009277e-01 5.153939872980117798e-02 5.846493244171142578e-01 5.112592577934265137e-01 5.573660135269165039e-01 9.905405044555664062e-01 3.704094290733337402e-01 4.543951153755187988e-01
7.455474734306335449e-01 5.300335288047790527e-01 7.741000037640333176e-03 9.078674912452697754e-01 1.238000035285949707e+00 6.327807903289794922e-01 6.027470231056213379e-01 7.777890563011169434e-01 5.547206401824951172e-01 1.704415380954742432e-01 5.189041495323181152e-01 9.979792237281799316e-01 4.865502417087554932e-01 6.341364383697509766e-01
7.982999831438064575e-02 2.523464858531951904e-01 4.447687566280364990e-01 3.116492629051208496e-01 1.430500030517578125e+00 2.590162754058837891e-01 3.339713215827941895e-01 1.027604937553405762e-01 3.955889642238616943e-01 4.735975563526153564e-01 5.866777896881103516e-01 9.996048808097839355e-01 3.725987076759338379e-01 4.279284477233886719e-01
7.612850069999694824e-01 4.580128192901611328e-01 5.910754799842834473e-01 6.046025156974792480e-01 6.635000109672546387e-01 3.440373810008168221e-03 1.901593357324600220e-01 7.835388779640197754e-01 4.735079407691955566e-01 5.922835469245910645e-01 6.560580134391784668e-01 6.282964348793029785e-01 3.844651877880096436e-01 3.372273147106170654e-01
2.683824896812438965e-01 7.307756543159484863e-01 6.207747459411621094e-01 9.856424927711486816e-01 4.202499985694885254e-01 1.883753538131713867e-01 2.618253231048583984e-01 3.097088336944580078e-01 5.957563519477844238e-01 6.331846714019775391e-01 7.588058114051818848e-01 4.306741356849670410e-01 4.634538888931274414e-01 6.566345095634460449e-01
2.476525008678436279e-01 4.927043318748474121e-01 2.128574997186660767e-02 4.631282389163970947e-01 5.049999952316284180e-01 4.231821298599243164e-01 2.026943266391754150e-01 2.898721992969512939e-01 5.004141330718994141e-01 8.173737674951553345e-02 3.956681191921234131e-01 5.122441053390502930e-01 6.088747978210449219e-01 5.119051933288574219e-01
9.245175123214721680e-01 3.292813301086425781e-01 3.029485046863555908e-01 8.124200105667114258e-01 1.877499967813491821e-01 2.921219170093536377e-01 9.692711830139160156e-01 8.481993079185485840e-01 4.651815593242645264e-01 5.151374340057373047e-01 8.520858287811279297e-01 1.662093698978424072e-01 6.328031420707702637e-01 6.772581934928894043e-01
7.203574776649475098e-01 2.010683268308639526e-01 6.513299942016601562e-01 7.206425070762634277e-01 8.067499995231628418e-01 8.226770758628845215e-01 6.262099742889404297e-01 7.804070711135864258e-01 4.473884999752044678e-01 6.210181117057800293e-01 7.170293331146240234e-01 7.301011085510253906e-01 4.343939721584320068e-01 4.469512104988098145e-01
7.447825074195861816e-01 7.428346872329711914e-01 4.840840101242065430e-01 7.121524810791015625e-01 2.290000021457672119e-01 7.014413923025131226e-02 7.422983050346374512e-01 8.221709728240966797e-01 5.985121130943298340e-01 4.315071105957031250e-01 6.438007950782775879e-01 2.452733069658279419e-01 5.560958981513977051e-01 5.181328654289245605e-01
4.052524864673614502e-01 6.373226642608642578e-01 1.824792474508285522e-01 8.044400215148925781e-01 9.344999790191650391e-01 6.958741545677185059e-01 9.299014210700988770e-01 4.277352094650268555e-01 5.117910504341125488e-01 1.737340688705444336e-01 7.291077971458435059e-01 9.566502571105957031e-01 5.485574007034301758e-01 8.478724956512451172e-01
9.136749804019927979e-02 4.983879923820495605e-01 4.010132551193237305e-01 9.614225029945373535e-01 1.156999945640563965e+00 4.815657436847686768e-01 2.520613372325897217e-01 7.920020073652267456e-02 4.005477130413055420e-01 4.771458208560943604e-01 8.704547286033630371e-01 9.976624250411987305e-01 3.639431893825531006e-01 4.447118341922760010e-01
4.309675097465515137e-01 4.931598305702209473e-01 7.368220090866088867e-01 8.183075189590454102e-01 9.894999861717224121e-01 8.800421953201293945e-01 4.618873298168182373e-01 3.730309605598449707e-01 3.436885178089141846e-01 7.138817906379699707e-01 7.203432917594909668e-01 9.726391434669494629e-01 4.917188286781311035e-01 5.687473416328430176e-01
5.394625067710876465e-01 8.329550027847290039e-01 5.108607411384582520e-01 7.276574969291687012e-01 2.894999980926513672e-01 7.641900181770324707e-01 8.888747096061706543e-01 6.290743947029113770e-01 6.789711117744445801e-01 2.885358929634094238e-01 6.466895341873168945e-01 2.923297882080078125e-01 6.578586101531982422e-01 6.756717562675476074e-01
9.162600040435791016e-01 3.203613460063934326e-01 5.570862293243408203e-01 2.673735022544860840e-01 5.019999742507934570e-01 6.561607122421264648e-01 4.043039977550506592e-01 8.057843446731567383e-01 5.090421438217163086e-01 5.523214936256408691e-01 5.027195215225219727e-01 4.254409968852996826e-01 4.253440499305725098e-01 3.768763244152069092e-01
3.776499927043914795e-01 2.500051558017730713e-01 2.413135021924972534e-01 6.880224943161010742e-01 8.009999990463256836e-01 3.790282905101776123e-01 7.104877233505249023e-01 3.260095119476318359e-01 4.160456061363220215e-01 5.110592246055603027e-01 7.572263479232788086e-01 7.929391264915466309e-01 5.164574980735778809e-01 6.659489870071411133e-01
9.927750229835510254e-01 2.767311632633209229e-01 8.149319887161254883e-01 7.502725124359130859e-01 1.081500053405761719e+00 8.075518012046813965e-01 5.116379857063293457e-01 9.604108929634094238e-01 4.042696356773376465e-01 6.937353014945983887e-01 7.932143211364746094e-01 9.841443300247192383e-01 5.796028971672058105e-01 5.697930455207824707e-01
8.281549811363220215e-01 7.665309906005859375e-01 4.543867409229278564e-01 5.889175087213516235e-02 3.445000052452087402e-01 8.700953722000122070e-01 1.256183385848999023e-01 8.049373030662536621e-01 6.708009839057922363e-01 2.265475541353225708e-01 2.413248419761657715e-01 3.213651776313781738e-01 6.571478247642517090e-01 4.050019979476928711e-01
8.397249877452850342e-02 2.019488364458084106e-01 2.245479971170425415e-01 8.676224946975708008e-01 4.390000104904174805e-01 5.760824084281921387e-01 5.280936956405639648e-01 8.224033564329147339e-02 3.402525484561920166e-01 4.358082413673400879e-01 7.721385955810546875e-01 3.682001233100891113e-01 4.613511264324188232e-01 8.328768014907836914e-01
2.899875044822692871e-01 7.173541784286499023e-01 3.968850076198577881e-01 7.623299956321716309e-01 1.191249966621398926e+00 1.742414198815822601e-03 6.428356766700744629e-01 2.940852344036102295e-01 5.592545270919799805e-01 4.002769887447357178e-01 6.728137731552124023e-01 9.962133765220642090e-01 3.864818215370178223e-01 4.937221407890319824e-01
1.554650068283081055e-01 5.591648221015930176e-01 6.075322628021240234e-01 2.424000054597854614e-01 1.272500038146972656e+00 2.625606060028076172e-01 3.246103227138519287e-01 1.500225961208343506e-01 5.196221470832824707e-01 4.266690909862518311e-01 5.070064067840576172e-01 9.992349147796630859e-01 3.611012995243072510e-01 4.329581856727600098e-01
1.092374995350837708e-01 1.833164989948272705e-01 7.579747438430786133e-01 8.804849982261657715e-01 1.399500012397766113e+00 6.374710202217102051e-01 3.775483369827270508e-01 1.710811108350753784e-01 2.555820941925048828e-01 5.583087801933288574e-01 8.360189199447631836e-01 9.993576407432556152e-01 4.387134313583374023e-01 6.812761425971984863e-01
5.504124760627746582e-01 5.506671667098999023e-01 7.786015272140502930e-01 8.276724815368652344e-01 5.529999732971191406e-01 9.370933175086975098e-01 9.209836125373840332e-01 5.982896685600280762e-01 5.075141191482543945e-01 5.447077751159667969e-01 8.085501194000244141e-01 4.822562336921691895e-01 6.017165184020996094e-01 6.694987416267395020e-01
9.774324893951416016e-01 7.538981437683105469e-01 8.305014967918395996e-01 1.580124907195568085e-02 9.340000152587890625e-01 1.430432349443435669e-01 8.005074858665466309e-01 9.245255589485168457e-01 5.547369718551635742e-01 5.079607367515563965e-01 2.737386524677276611e-01 9.587073922157287598e-01 2.555152177810668945e-01 6.724968552589416504e-01
6.395549774169921875e-01 7.905266880989074707e-01 3.326947391033172607e-01 9.002000093460083008e-02 9.827499985694885254e-01 4.569154679775238037e-01 9.415280818939208984e-01 7.048325538635253906e-01 5.836583375930786133e-01 1.408246457576751709e-01 2.461710721254348755e-01 9.716914892196655273e-01 5.085869431495666504e-01 7.545032501220703125e-01
5.564450025558471680e-01 4.227069914340972900e-01 9.876197576522827148e-01 1.268357485532760620e-01 8.410000205039978027e-01 5.998098850250244141e-01 5.383769869804382324e-01 5.315420031547546387e-01 4.657380878925323486e-01 7.029969692230224609e-01 3.318364918231964111e-01 8.710863590240478516e-01 4.704588651657104492e-01 3.869631886482238770e-01
1.481750011444091797e-01 3.982923328876495361e-01 3.615852594375610352e-01 4.438435137271881104e-01 8.912500143051147461e-01 2.661170661449432373e-01 5.104866623878479004e-01 1.070637106895446777e-01 4.212610721588134766e-01 4.963825643062591553e-01 6.410349607467651367e-01 9.226602911949157715e-01 3.561054468154907227e-01 5.532109141349792480e-01
9.970824718475341797e-01 3.792193233966827393e-01 8.835369944572448730e-01 6.201500073075294495e-02 1.339499950408935547e+00 6.856448650360107422e-01 4.570056796073913574e-01 9.055601954460144043e-01 4.213736355304718018e-01 6.209505796432495117e-01 4.218541979789733887e-01 9.989928603172302246e-01 4.869145154953002930e-01 4.848560392856597900e-01
9.873800277709960938e-01 5.359823107719421387e-01 5.666212439537048340e-01 4.284430146217346191e-01 1.230250000953674316e+00 3.458921238780021667e-02 7.681704163551330566e-01 9.305399060249328613e-01 4.383141994476318359e-01 5.675387382507324219e-01 5.331658720970153809e-01 9.975033402442932129e-01 3.339690566062927246e-01 6.868124604225158691e-01
6.690074801445007324e-01 1.953310072422027588e-01 5.609505176544189453e-01 6.027324795722961426e-01 2.230000048875808716e-01 9.634103775024414062e-01 7.323263287544250488e-01 6.795390844345092773e-01 4.811425209045410156e-01 5.156129002571105957e-01 7.441880702972412109e-01 1.937266886234283447e-01 6.438804864883422852e-01 7.156304717063903809e-01
4.356024861335754395e-01 3.175255060195922852e-01 4.472874999046325684e-01 6.348450183868408203e-01 3.714999854564666748e-01 9.415397047996520996e-01 2.015806734561920166e-01 4.629064798355102539e-01 5.408143997192382812e-01 4.261963069438934326e-01 4.903198778629302979e-01 3.241212368011474609e-01 6.022968292236328125e-01 5.827965736389160156e-01
3.528625071048736572e-01 4.188469946384429932e-01 7.230585217475891113e-01 3.808110058307647705e-01 5.264999866485595703e-01 2.592834234237670898e-01 5.940573215484619141e-01 4.885068237781524658e-01 4.528129398822784424e-01 4.157575070858001709e-01 3.550413846969604492e-01 5.167800188064575195e-01 5.517756342887878418e-01 4.889372885227203369e-01
9.350824952125549316e-01 1.879670023918151855e-01 8.612677454948425293e-01 5.781375169754028320e-01 4.342499971389770508e-01 6.981131434440612793e-01 4.773043394088745117e-01 9.090697169303894043e-01 3.773450255393981934e-01 6.187530159950256348e-01 9.079904556274414062e-01 3.199630081653594971e-01 5.467372536659240723e-01 4.762797653675079346e-01
9.668574929237365723e-01 1.919428259134292603e-01 6.263830065727233887e-01 8.953624963760375977e-01 1.371250033378601074e+00 7.615771889686584473e-01 1.582150012254714966e-01 9.351009130477905273e-01 3.410201072692871094e-01 7.826758623123168945e-01 7.830660343170166016e-01 9.991244673728942871e-01 6.538332700729370117e-01 3.571208119392395020e-01
8.192225098609924316e-01 3.317416608333587646e-01 7.671032547950744629e-01 9.017000198364257812e-01 4.970000088214874268e-01 5.813072919845581055e-01 6.180299818515777588e-02 9.015630483627319336e-01 3.944865763187408447e-01 6.036058664321899414e-01 9.102266430854797363e-01 4.110710918903350830e-01 4.930095076560974121e-01 4.098402261734008789e-01
8.824725151062011719e-01 1.764834970235824585e-01 1.525472551584243774e-01 6.698600053787231445e-01 1.329499959945678711e+00 5.116714239120483398e-01 6.158253550529479980e-01 7.976823449134826660e-01 4.665076434612274170e-01 5.142993330955505371e-01 6.312581896781921387e-01 9.977814555168151855e-01 4.569360911846160889e-01 5.556023120880126953e-01
5.113499760627746582e-01 2.378431707620620728e-01 3.455624878406524658e-01 2.148524969816207886e-01 1.159999966621398926e+00 2.577446401119232178e-01 6.638646721839904785e-01 5.728201270103454590e-01 4.460841417312622070e-01 3.269059062004089355e-01 3.831217885017395020e-01 9.930486679077148438e-01 4.747203290462493896e-01 6.734811663627624512e-01
5.100324749946594238e-01 3.694968223571777344e-01 1.342995017766952515e-01 4.107219874858856201e-01 4.909999966621398926e-01 9.451075792312622070e-01 5.536180138587951660e-01 4.199646413326263428e-01 5.218928456306457520e-01 2.286269962787628174e-01 3.290359973907470703e-01 4.617579877376556396e-01 6.100025773048400879e-01 4.889697134494781494e-01
4.725574851036071777e-01 2.472868263721466064e-01 7.400092482566833496e-01 4.887087643146514893e-01 1.144749999046325684e+00 3.758261501789093018e-01 3.318283259868621826e-01 4.871087074279785156e-01 4.521096944808959961e-01 6.724341511726379395e-01 7.023436427116394043e-01 9.907200336456298828e-01 4.201526343822479248e-01 4.370982646942138672e-01
2.828449904918670654e-01 3.633689880371093750e-01 8.461017608642578125e-01 8.227499723434448242e-01 7.907500267028808594e-01 7.164959311485290527e-01 3.180670142173767090e-01 3.192318379878997803e-01 3.941806852817535400e-01 6.578807234764099121e-01 8.031998276710510254e-01 7.925208210945129395e-01 5.033912062644958496e-01 6.288475990295410156e-01
1.771824955940246582e-01 3.917259871959686279e-01 3.943290114402770996e-01 7.711874842643737793e-01 4.977500140666961670e-01 5.990224480628967285e-01 9.789307713508605957e-01 1.660631448030471802e-01 4.890882074832916260e-01 4.108638763427734375e-01 7.112382054328918457e-01 4.761203229427337646e-01 4.869509637355804443e-01 7.820688486099243164e-01
3.107500076293945312e-02 2.337059974670410156e-01 6.422512531280517578e-01 8.201799988746643066e-01 1.105499982833862305e+00 8.998229354619979858e-02 9.918475151062011719e-01 8.826766163110733032e-02 1.638471186161041260e-01 6.650276780128479004e-01 7.604376077651977539e-01 9.939143061637878418e-01 3.835669755935668945e-01 8.042160272598266602e-01
1.733749918639659882e-02 6.821466684341430664e-01 8.410032391548156738e-01 7.020475268363952637e-01 1.399250030517578125e+00 6.888074874877929688e-01 3.034853339195251465e-01 4.611743986606597900e-02 6.814600229263305664e-01 4.929090440273284912e-01 4.467184245586395264e-01 9.999948740005493164e-01 5.833286046981811523e-01 5.049139857292175293e-01
2.419849932193756104e-01 5.314916372299194336e-01 2.459137439727783203e-01 5.198600292205810547e-01 1.354750037193298340e+00 1.025059595704078674e-01 3.201486766338348389e-01 2.942976057529449463e-01 5.426692962646484375e-01 3.121013641357421875e-01 4.824729263782501221e-01 9.995008707046508789e-01 4.426628053188323975e-01 5.054700970649719238e-01
5.865474939346313477e-01 4.079183340072631836e-01 4.858877360820770264e-01 9.268550276756286621e-01 1.151999950408935547e+00 5.964813232421875000e-01 4.092276692390441895e-01 6.935617327690124512e-01 4.605512619018554688e-01 5.761028528213500977e-01 6.334266066551208496e-01 9.942557215690612793e-01 4.609020352363586426e-01 5.088021159172058105e-01
8.478624820709228516e-01 2.968550026416778564e-01 9.844135046005249023e-01 3.209049999713897705e-01 1.213500022888183594e+00 2.877391874790191650e-01 4.683556556701660156e-01 8.679780960083007812e-01 3.476199209690093994e-01 7.455765008926391602e-01 7.072647809982299805e-01 9.970207810401916504e-01 4.981411993503570557e-01 4.131143093109130859e-01
7.690449953079223633e-01 7.244601845741271973e-01 7.989400029182434082e-01 4.643335044384002686e-01 9.667500257492065430e-01 1.161939371377229691e-02 7.228509187698364258e-01 8.883576989173889160e-01 5.226486921310424805e-01 5.248116850852966309e-01 4.668990969657897949e-01 9.777487516403198242e-01 3.864269554615020752e-01 5.920866131782531738e-01
6.194300055503845215e-01 3.807933330535888672e-01 2.656442523002624512e-01 3.504222631454467773e-01 4.737499952316284180e-01 2.726254463195800781e-01 6.627366691827774048e-02 6.354312896728515625e-01 5.932490229606628418e-01 3.520700037479400635e-01 4.502258598804473877e-01 4.074043035507202148e-01 5.791615843772888184e-01 5.057933926582336426e-01
3.808274865150451660e-01 4.288845062255859375e-01 9.527517557144165039e-01 7.650700211524963379e-01 3.695000112056732178e-01 4.425476789474487305e-01 9.385688900947570801e-01 5.114613771438598633e-01 5.028400421142578125e-01 6.071617007255554199e-01 8.198727965354919434e-01 3.331396877765655518e-01 6.327190399169921875e-01 7.421050071716308594e-01
7.414575219154357910e-01 7.189055085182189941e-01 8.813100308179855347e-02 3.192994892597198486e-01 9.509999752044677734e-01 5.974871516227722168e-01 5.613646507263183594e-01 7.887853384017944336e-01 6.910839676856994629e-01 8.057391643524169922e-02 2.839933037757873535e-01 9.391763806343078613e-01 5.285246968269348145e-01 6.899390816688537598e-01
3.340624868869781494e-01 6.153156757354736328e-01 9.067350029945373535e-01 9.625174999237060547e-01 2.489999979734420776e-01 9.852980971336364746e-01 6.231413483619689941e-01 4.451349377632141113e-01 5.007151961326599121e-01 5.559142231941223145e-01 7.017922997474670410e-01 2.790656685829162598e-01 6.238017082214355469e-01 7.392546534538269043e-01
1.110275015234947205e-01 2.111788392066955566e-01 7.077494859695434570e-01 2.781272530555725098e-01 9.362499713897705078e-01 9.307897090911865234e-01 6.207766532897949219e-01 1.437158733606338501e-01 2.579421997070312500e-01 5.680717229843139648e-01 2.080696970224380493e-01 9.686939716339111328e-01 6.765436530113220215e-01 6.173836588859558105e-01
4.404950141906738281e-01 5.511078238487243652e-01 8.799842596054077148e-01 7.212749868631362915e-02 7.247499823570251465e-01 1.371206045150756836e-01 5.367199778556823730e-01 4.984922707080841064e-01 4.386301040649414062e-01 5.259400010108947754e-01 2.443125098943710327e-01 7.999382615089416504e-01 5.353928804397583008e-01 5.062079429626464844e-01
1.120124980807304382e-01 4.812506735324859619e-01 2.018055021762847900e-01 6.449974775314331055e-01 1.426499962806701660e+00 1.845426261425018311e-01 3.518233448266983032e-02 1.271970421075820923e-01 5.300309658050537109e-01 3.876581788063049316e-01 6.617763042449951172e-01 9.997809529304504395e-01 3.134993314743041992e-01 4.128922224044799805e-01
8.495999872684478760e-02 4.279706776142120361e-01 7.499607205390930176e-01 2.351325005292892456e-01 6.104999780654907227e-01 3.204980790615081787e-01 6.585200130939483643e-02 6.090833619236946106e-02 3.623613715171813965e-01 6.425040364265441895e-01 2.640399634838104248e-01 6.500440835952758789e-01 4.649333357810974121e-01 3.158059716224670410e-01
4.465425014495849609e-01 4.232286810874938965e-01 8.544987440109252930e-01 8.825225234031677246e-01 9.384999871253967285e-01 3.337733447551727295e-01 9.196926951408386230e-01 5.260965824127197266e-01 4.098089039325714111e-01 6.755843758583068848e-01 8.733521699905395508e-01 9.427834153175354004e-01 4.651075899600982666e-01 5.928972363471984863e-01
8.863199949264526367e-01 4.069229960441589355e-01 1.893579959869384766e-01 7.294400036334991455e-02 9.810000061988830566e-01 7.342206835746765137e-01 5.326923131942749023e-01 8.083574175834655762e-01 5.333091020584106445e-01 1.805844753980636597e-01 1.579836308956146240e-01 9.622538685798645020e-01 5.650022625923156738e-01 6.296219229698181152e-01
7.672150135040283203e-01 3.905594944953918457e-01 6.594647765159606934e-01 6.768699884414672852e-01 1.376250028610229492e+00 6.120114326477050781e-01 1.120069995522499084e-01 8.145371079444885254e-01 4.211784601211547852e-01 6.647531986236572266e-01 6.025957465171813965e-01 9.992631077766418457e-01 5.671315193176269531e-01 3.472870588302612305e-01
8.265799880027770996e-01 7.946988344192504883e-01 1.353474985808134079e-02 6.612499952316284180e-01 5.795000195503234863e-01 5.772690176963806152e-01 8.687244057655334473e-01 8.362045288085937500e-01 7.065109014511108398e-01 1.254771202802658081e-01 5.357598066329956055e-01 5.464619994163513184e-01 5.791278481483459473e-01 6.962872147560119629e-01
4.590350091457366943e-01 5.830655097961425781e-01 3.094287514686584473e-01 4.923832416534423828e-01 1.348250031471252441e+00 2.779681682586669922e-01 1.541589945554733276e-01 4.619887173175811768e-01 5.284990072250366211e-01 2.928743362426757812e-01 5.335261225700378418e-01 9.993009567260742188e-01 4.163260161876678467e-01 5.463943481445312500e-01
9.844375252723693848e-01 7.605218291282653809e-01 9.192675352096557617e-02 5.606024861335754395e-01 8.715000152587890625e-01 7.877938151359558105e-01 3.253839910030364990e-01 8.345593810081481934e-01 6.257429122924804688e-01 2.630417346954345703e-01 2.556286752223968506e-01 9.034612774848937988e-01 5.271567106246948242e-01 4.781244695186614990e-01
8.648175001144409180e-01 6.157734990119934082e-01 5.080857276916503906e-01 7.816349864006042480e-01 5.557500123977661133e-01 7.625701278448104858e-02 1.160963326692581177e-01 9.152871966361999512e-01 4.951421916484832764e-01 5.996110439300537109e-01 6.704713702201843262e-01 5.050834417343139648e-01 3.687068521976470947e-01 3.512951135635375977e-01
7.851099967956542969e-01 2.838208377361297607e-01 4.859574884176254272e-02 7.275325059890747070e-01 9.902499914169311523e-01 2.689580917358398438e-01 2.365169972181320190e-01 8.411383628845214844e-01 5.621225833892822266e-01 3.194149434566497803e-01 5.610486268997192383e-01 9.537590146064758301e-01 3.957244455814361572e-01 7.128472924232482910e-01
5.610024929046630859e-01 5.684013366699218750e-01 6.648139953613281250e-01 2.033732533454895020e-01 1.275750041007995605e+00 4.019358456134796143e-01 8.533829450607299805e-01 5.830113291740417480e-01 5.097681879997253418e-01 2.711461484432220459e-01 4.393110573291778564e-01 9.987968206405639648e-01 4.780945181846618652e-01 5.831903219223022461e-01
2.349025011062622070e-01 6.891918182373046875e-01 9.407504796981811523e-01 9.645400047302246094e-01 7.472500205039978027e-01 4.100188985466957092e-02 7.937300205230712891e-02 2.066398561000823975e-01 6.090694069862365723e-01 7.932782173156738281e-01 8.952360749244689941e-01 7.897434830665588379e-01 2.306679189205169678e-01 3.687861859798431396e-01
8.809249848127365112e-02 5.194123387336730957e-01 1.886775046586990356e-01 8.846399784088134766e-01 1.201249957084655762e+00 5.163500905036926270e-01 7.475700229406356812e-02 1.205727383494377136e-01 5.522099137306213379e-01 3.211463093757629395e-01 7.305347323417663574e-01 9.984410405158996582e-01 3.984288871288299561e-01 5.161181092262268066e-01
9.676750004291534424e-02 7.637516856193542480e-01 3.036330044269561768e-01 2.466042488813400269e-01 7.247499823570251465e-01 4.573194086551666260e-01 3.881823420524597168e-01 1.228350475430488586e-01 6.759113073348999023e-01 2.574679553508758545e-01 4.351367354393005371e-01 9.740598201751708984e-01 5.393436551094055176e-01 6.570023894309997559e-01
8.507875204086303711e-01 3.962140083312988281e-01 4.785777628421783447e-01 6.876674890518188477e-01 9.532499909400939941e-01 5.346573591232299805e-01 8.751931786537170410e-01 7.699683904647827148e-01 4.184734225273132324e-01 5.999944806098937988e-01 7.880801558494567871e-01 9.514790177345275879e-01 4.487324357032775879e-01 6.913260221481323242e-01
4.256824851036071777e-01 2.939333319664001465e-01 1.245462521910667419e-01 2.713499963283538818e-01 1.103250026702880859e+00 4.688818156719207764e-01 8.423999883234500885e-03 3.993346095085144043e-01 5.035217404365539551e-01 2.587804794311523438e-01 2.758011519908905029e-01 9.858616590499877930e-01 5.482251048088073730e-01 6.060750484466552734e-01
6.789500117301940918e-01 2.945163249969482422e-01 6.878719925880432129e-01 6.789075136184692383e-01 9.912499785423278809e-01 4.177189767360687256e-01 5.917283296585083008e-01 7.560014724731445312e-01 4.377026855945587158e-01 6.599526405334472656e-01 6.427838802337646484e-01 9.621357917785644531e-01 4.057566523551940918e-01 4.252532124519348145e-01
3.423950076103210449e-01 4.220213294029235840e-01 1.837185025215148926e-01 7.264075279235839844e-01 6.437500119209289551e-01 9.811261892318725586e-01 3.054330050945281982e-01 2.939027547836303711e-01 4.707396030426025391e-01 2.303503006696701050e-01 4.088129699230194092e-01 6.007580161094665527e-01 5.492278933525085449e-01 5.317487120628356934e-01
2.998274862766265869e-01 6.662678122520446777e-01 1.252427548170089722e-01 6.662275195121765137e-01 8.809999823570251465e-01 1.727082878351211548e-01 6.751709580421447754e-01 3.923608064651489258e-01 6.386515498161315918e-01 8.290520310401916504e-02 6.731592416763305664e-01 9.392690062522888184e-01 4.622784256935119629e-01 7.848346829414367676e-01
2.630900144577026367e-01 5.660283565521240234e-01 5.775312781333923340e-01 1.615449972450733185e-02 8.734999895095825195e-01 8.018983602523803711e-01 5.976583361625671387e-01 2.414728403091430664e-01 4.606661498546600342e-01 3.144352734088897705e-01 1.440090239048004150e-01 9.440388083457946777e-01 6.930950284004211426e-01 5.477739572525024414e-01
3.063200116157531738e-01 7.977858185768127441e-01 5.129082202911376953e-01 2.442390024662017822e-01 7.630000114440917969e-01 7.088058590888977051e-01 8.468981385231018066e-01 2.470746040344238281e-01 5.739135146141052246e-01 2.964809834957122803e-01 2.996868789196014404e-01 8.940460681915283203e-01 5.692218542098999023e-01 6.075052618980407715e-01
1.477124989032745361e-01 7.612910270690917969e-01 7.669077515602111816e-01 8.615375310182571411e-02 5.414999723434448242e-01 6.681354641914367676e-01 5.808043479919433594e-01 8.441838622093200684e-02 6.092727184295654297e-01 5.873056054115295410e-01 1.887198537588119507e-01 6.463886499404907227e-01 5.352210998535156250e-01 5.049651265144348145e-01
6.835550069808959961e-01 7.141448259353637695e-01 2.486595064401626587e-01 4.513367414474487305e-01 3.944999873638153076e-01 7.374885678291320801e-01 5.801303386688232422e-01 6.897076964378356934e-01 6.709603667259216309e-01 1.647178232669830322e-01 4.448027610778808594e-01 3.837936222553253174e-01 6.579238176345825195e-01 5.056697130203247070e-01
5.741025209426879883e-01 8.288126587867736816e-01 9.956269860267639160e-01 7.947049736976623535e-01 1.177000045776367188e+00 7.026486992835998535e-01 6.923380494117736816e-01 6.196260452270507812e-01 4.972742497920989990e-01 5.387315154075622559e-01 8.283247351646423340e-01 9.976898431777954102e-01 4.874980449676513672e-01 5.637646317481994629e-01
9.125425219535827637e-01 4.284253418445587158e-01 6.012215018272399902e-01 9.908000230789184570e-01 7.289999723434448242e-01 6.208976507186889648e-01 4.471476674079895020e-01 9.001309871673583984e-01 4.182804226875305176e-01 6.577650308609008789e-01 9.198921918869018555e-01 6.894844770431518555e-01 5.184059143066406250e-01 4.315727353096008301e-01
8.896124958992004395e-01 5.709164738655090332e-01 6.017615199089050293e-01 7.296774983406066895e-01 5.124999880790710449e-01 2.104885876178741455e-01 4.076339900493621826e-01 9.190613031387329102e-01 4.994370043277740479e-01 5.583536028861999512e-01 7.341326475143432617e-01 4.421283900737762451e-01 4.146007299423217773e-01 3.882576227188110352e-01
4.346224963665008545e-01 3.755429983139038086e-01 9.532467722892761230e-01 2.525775134563446045e-01 7.465000152587890625e-01 1.894334405660629272e-01 6.423379778861999512e-01 5.385704636573791504e-01 4.370027184486389160e-01 6.091580986976623535e-01 3.942253887653350830e-01 7.566331028938293457e-01 4.888792634010314941e-01 5.106046199798583984e-01
9.495325088500976562e-01 3.365946710109710693e-01 7.501754760742187500e-01 9.793274998664855957e-01 1.073500037193298340e+00 7.129945158958435059e-01 7.625240683555603027e-01 9.481390118598937988e-01 4.481272995471954346e-01 6.973541378974914551e-01 8.952113986015319824e-01 9.815465807914733887e-01 6.365880370140075684e-01 5.124047994613647461e-01
4.988500103354454041e-02 6.964138150215148926e-01 9.342284798622131348e-01 2.847700007259845734e-02 4.045000076293945312e-01 4.264587759971618652e-01 2.090653330087661743e-01 2.818097919225692749e-02 6.378282904624938965e-01 7.488290667533874512e-01 1.135110482573509216e-01 5.254306197166442871e-01 4.160570204257965088e-01 3.539473116397857666e-01
1.884524971246719360e-01 2.979710102081298828e-01 1.880277544260025024e-01 2.267622500658035278e-01 5.715000033378601074e-01 2.982794046401977539e-01 5.696016550064086914e-01 1.842742413282394409e-01 5.066853761672973633e-01 4.140295088291168213e-01 2.743342518806457520e-01 5.453659892082214355e-01 4.209891557693481445e-01 5.330418944358825684e-01
5.448750257492065430e-01 5.104960203170776367e-01 6.893290281295776367e-01 4.598160088062286377e-01 4.307500123977661133e-01 6.351956725120544434e-01 8.413200080394744873e-02 6.300640106201171875e-01 5.807338953018188477e-01 4.028481245040893555e-01 5.433098077774047852e-01 3.770460188388824463e-01 5.756117105484008789e-01 5.331796407699584961e-01
4.249149858951568604e-01 5.324971675872802734e-01 5.279325246810913086e-01 1.363320052623748779e-01 8.314999938011169434e-01 5.903634428977966309e-01 7.874699681997299194e-02 4.247497916221618652e-01 4.556591808795928955e-01 4.479074478149414062e-01 1.545487940311431885e-01 8.843700289726257324e-01 6.282996535301208496e-01 4.384687244892120361e-01
4.331750050187110901e-02 3.074236810207366943e-01 4.799692630767822266e-01 5.963500142097473145e-01 3.919999897480010986e-01 4.979039430618286133e-01 9.746591448783874512e-01 5.178922042250633240e-02 2.827107608318328857e-01 3.872540891170501709e-01 7.355982065200805664e-01 4.012584388256072998e-01 4.666813313961029053e-01 8.258589506149291992e-01
5.964325070381164551e-01 3.940113186836242676e-01 5.276257395744323730e-01 8.212500214576721191e-01 2.752499878406524658e-01 6.600407361984252930e-01 5.598909854888916016e-01 6.857929229736328125e-01 4.791677594184875488e-01 5.048726201057434082e-01 6.806734204292297363e-01 2.470763027667999268e-01 5.676222443580627441e-01 5.541935563087463379e-01
