8.442950248718261719e-01 5.838288068771362305e-01 1.733697503805160522e-01 6.421350240707397461e-01 7.646177411079406738e-01 4.676388800144195557e-01 7.017969489097595215e-01 6.933676600456237793e-01 4.406580328941345215e-01 4.855833649635314941e-01 5.894703865051269531e-01 7.585262656211853027e-01 4.781928360462188721e-01 4.825198054313659668e-01
8.718374967575073242e-01 3.035014867782592773e-01 2.463639974594116211e-01 8.503274917602539062e-01 9.827795028686523438e-01 6.430036425590515137e-01 9.072946906089782715e-01 7.760504484176635742e-01 4.209845960140228271e-01 5.177544951438903809e-01 7.123560309410095215e-01 8.564906120300292969e-01 4.602484107017517090e-01 5.447086095809936523e-01
4.539249837398529053e-02 6.400160193443298340e-01 1.193045005202293396e-01 2.625067532062530518e-01 2.417974919080734253e-02 8.794419169425964355e-01 3.599239885807037354e-01 7.825911790132522583e-02 7.745086550712585449e-01 8.375228941440582275e-02 2.575582452118396759e-02 5.889450386166572571e-02 8.783447742462158203e-01 3.481271266937255859e-01
1.374125033617019653e-01 5.233963131904602051e-01 5.068612694740295410e-01 4.987154901027679443e-01 1.879700087010860443e-02 5.285377502441406250e-01 6.129043102264404297e-01 9.681607037782669067e-02 4.256366193294525146e-01 7.121156454086303711e-01 4.930455982685089111e-01 3.757590055465698242e-02 5.754160284996032715e-01 4.836448431015014648e-01
2.229599952697753906e-01 5.477301478385925293e-01 1.433512568473815918e-01 7.683675289154052734e-01 2.172455042600631714e-01 8.682365417480468750e-01 6.173650026321411133e-01 1.919071227312088013e-01 6.117537021636962891e-01 1.950000077486038208e-01 5.294620394706726074e-01 1.398092806339263916e-01 5.465918779373168945e-01 4.895540773868560791e-01
1.500625014305114746e-01 5.123521685600280762e-01 1.863054931163787842e-01 7.742224633693695068e-02 5.120747685432434082e-01 8.886257410049438477e-01 1.990929991006851196e-01 7.162047177553176880e-02 6.611539125442504883e-01 2.583669126033782959e-01 2.362549006938934326e-01 6.019236445426940918e-01 5.606024265289306641e-01 5.028881430625915527e-01
1.979175060987472534e-01 6.752796769142150879e-01 4.547674953937530518e-02 7.874624729156494141e-01 5.690722465515136719e-01 2.273631244897842407e-01 9.522694349288940430e-01 2.480411231517791748e-01 5.768139958381652832e-01 7.925309240818023682e-02 7.518848180770874023e-01 5.465312600135803223e-01 3.499408960342407227e-01 6.870312690734863281e-01
3.933550119400024414e-01 7.792611718177795410e-01 2.256225049495697021e-01 4.539837539196014404e-01 9.645607471466064453e-01 5.436675548553466797e-01 9.842261672019958496e-01 3.243891596794128418e-01 5.572500824928283691e-01 1.796480119228363037e-01 3.823862671852111816e-01 8.204917311668395996e-01 4.710510969161987305e-01 5.788596868515014648e-01
1.661400049924850464e-01 6.121063232421875000e-01 9.414732456207275391e-01 3.537087440490722656e-01 2.443282455205917358e-01 5.430192947387695312e-01 2.133366614580154419e-01 1.798261106014251709e-01 4.621164798736572266e-01 7.605094909667968750e-01 3.835917413234710693e-01 2.817413806915283203e-01 5.375220179557800293e-01 3.961960673332214355e-01
5.287899971008300781e-01 6.729981899261474609e-01 9.072967767715454102e-01 8.702225089073181152e-01 9.707217216491699219e-01 4.525095969438552856e-02 5.235880017280578613e-01 6.135733723640441895e-01 4.708399474620819092e-01 6.182947754859924316e-01 8.405176401138305664e-01 9.209397435188293457e-01 3.835647702217102051e-01 4.925882220268249512e-01
4.319350123405456543e-01 2.201023399829864502e-01 2.271544933319091797e-01 2.004617452621459961e-01 7.734645009040832520e-01 1.259227246046066284e-01 8.821533918380737305e-01 3.962143659591674805e-01 4.313353300094604492e-01 5.011451840400695801e-01 3.996374011039733887e-01 6.773371100425720215e-01 4.552465081214904785e-01 4.891794025897979736e-01
3.339149951934814453e-01 4.823488295078277588e-01 9.623647332191467285e-01 4.525727629661560059e-01 6.711884737014770508e-01 8.217902779579162598e-01 1.188416630029678345e-01 2.699087858200073242e-01 4.566377103328704834e-01 7.136493921279907227e-01 5.220664739608764648e-01 7.241105437278747559e-01 4.326303005218505859e-01 3.964256644248962402e-01
9.314125180244445801e-01 2.637443244457244873e-01 5.814767479896545410e-01 2.277624979615211487e-02 8.870834708213806152e-01 3.887223303318023682e-01 6.581820249557495117e-01 7.648361325263977051e-01 4.349174499511718750e-01 6.132705807685852051e-01 5.405526757240295410e-01 8.326811194419860840e-01 5.223107337951660156e-01 4.470638632774353027e-01
4.601399898529052734e-01 4.738574922084808350e-01 6.792887449264526367e-01 2.801632583141326904e-01 7.813665270805358887e-01 9.392333030700683594e-02 8.295833319425582886e-02 5.281758904457092285e-01 4.902623891830444336e-01 4.364072382450103760e-01 4.519726932048797607e-01 8.276606202125549316e-01 4.526354670524597168e-01 4.599336385726928711e-01
3.538450002670288086e-01 1.902383267879486084e-01 2.484862506389617920e-01 5.129550099372863770e-01 3.490292429924011230e-01 5.120608806610107422e-01 6.247966736555099487e-02 3.799944221973419189e-01 4.211172163486480713e-01 4.768306016921997070e-01 4.745230078697204590e-01 3.447916805744171143e-01 4.341101050376892090e-01 4.492697715759277344e-01
3.915224969387054443e-01 4.399886727333068848e-01 3.655945062637329102e-01 6.860575079917907715e-01 7.004935145378112793e-01 8.386942744255065918e-02 3.685076534748077393e-01 4.119153320789337158e-01 4.786331057548522949e-01 4.804808795452117920e-01 6.485886573791503906e-01 7.377981543540954590e-01 3.828406035900115967e-01 4.215629100799560547e-01
2.356700003147125244e-01 5.783045291900634766e-01 5.420337319374084473e-01 6.593250036239624023e-01 6.885660290718078613e-01 7.283633351325988770e-01 1.879143267869949341e-01 1.911499649286270142e-01 5.076212882995605469e-01 5.598070025444030762e-01 5.260500311851501465e-01 7.654589414596557617e-01 4.646721780300140381e-01 4.903081059455871582e-01
1.412000041455030441e-02 5.109578371047973633e-01 8.534232378005981445e-01 2.960324883460998535e-01 4.027594923973083496e-01 3.013576865196228027e-01 5.926493406295776367e-01 4.048948734998703003e-02 4.755056500434875488e-01 8.494145870208740234e-01 4.575687944889068604e-01 4.053601920604705811e-01 4.209954142570495605e-01 5.269922018051147461e-01
9.969300031661987305e-01 1.853153407573699951e-01 5.946162343025207520e-01 3.194234967231750488e-01 6.363099813461303711e-02 1.232825219631195068e-01 3.152573406696319580e-01 9.182797670364379883e-01 2.926620543003082275e-01 6.040511727333068848e-01 6.597170233726501465e-01 1.117591857910156250e-01 4.835333824157714844e-01 4.679501950740814209e-01
7.798550128936767578e-01 4.261656701564788818e-01 2.231547534465789795e-01 9.638224840164184570e-01 8.622482419013977051e-01 3.938568830490112305e-01 6.200990080833435059e-01 7.851397395133972168e-01 4.194276034832000732e-01 5.417678952217102051e-01 7.301257848739624023e-01 8.661649227142333984e-01 4.570407271385192871e-01 5.126737952232360840e-01
4.449824988842010498e-01 1.730004996061325073e-01 1.919837445020675659e-01 8.914049863815307617e-01 4.474482536315917969e-01 1.133459582924842834e-01 3.014020025730133057e-01 5.277746319770812988e-01 3.991927504539489746e-01 4.223501086235046387e-01 7.036626338958740234e-01 4.743954241275787354e-01 3.721355795860290527e-01 4.997162520885467529e-01
7.612250000238418579e-02 6.363673210144042969e-01 3.854382634162902832e-01 1.954012513160705566e-01 8.093104958534240723e-01 5.679041147232055664e-01 5.694033205509185791e-02 2.494763582944869995e-02 6.813039779663085938e-01 5.342366099357604980e-01 4.518396854400634766e-01 9.032959938049316406e-01 4.995903670787811279e-01 4.112829566001892090e-01
6.814774870872497559e-01 3.800818324089050293e-01 3.593422472476959229e-01 6.565399765968322754e-01 4.243335127830505371e-01 1.351579725742340088e-01 1.919530034065246582e-01 8.001625537872314453e-01 4.720613062381744385e-01 5.522022247314453125e-01 4.862432479858398438e-01 4.408039748668670654e-01 4.992063641548156738e-01 3.298142254352569580e-01
5.692874789237976074e-01 3.641664981842041016e-01 4.404575005173683167e-02 2.932477593421936035e-01 7.343674898147583008e-01 8.351206779479980469e-01 5.881213545799255371e-01 3.774677813053131104e-01 4.912326931953430176e-01 2.853941023349761963e-01 3.800960779190063477e-01 7.416114807128906250e-01 4.355858564376831055e-01 5.547096729278564453e-01
4.364775121212005615e-01 5.137766599655151367e-01 9.151265025138854980e-01 7.698475122451782227e-01 8.470377326011657715e-01 1.177074760198593140e-01 1.468826681375503540e-01 4.397045671939849854e-01 4.476491212844848633e-01 7.492716908454895020e-01 7.656850218772888184e-01 8.659301996231079102e-01 4.084557592868804932e-01 4.250658750534057617e-01
4.019599854946136475e-01 4.681201577186584473e-01 5.185887217521667480e-01 3.967222571372985840e-01 2.856342494487762451e-01 2.351643443107604980e-01 5.484333261847496033e-02 4.415661096572875977e-01 4.634875953197479248e-01 4.230113625526428223e-01 4.295066297054290771e-01 3.276647329330444336e-01 3.868794739246368408e-01 3.850542306900024414e-01
9.908249974250793457e-02 3.643186688423156738e-01 3.800162374973297119e-01 4.586944878101348877e-01 9.990582466125488281e-01 2.283266633749008179e-01 8.083066344261169434e-02 5.080858990550041199e-02 5.379079580307006836e-01 7.685400843620300293e-01 6.144475936889648438e-01 9.183682799339294434e-01 3.871757984161376953e-01 4.511971175670623779e-01
2.044575065374374390e-01 6.246816515922546387e-01 3.054497539997100830e-01 6.257774829864501953e-01 8.180882334709167480e-01 8.765958249568939209e-02 9.826537370681762695e-01 2.030462026596069336e-01 5.613983273506164551e-01 3.470828533172607422e-01 6.061017513275146484e-01 6.282576918601989746e-01 4.342908859252929688e-01 5.547514557838439941e-01
2.720350027084350586e-01 8.071784973144531250e-01 8.371084928512573242e-01 4.278457462787628174e-01 8.059327602386474609e-01 8.791138529777526855e-01 5.675200223922729492e-01 1.418353766202926636e-01 5.634893178939819336e-01 4.673155248165130615e-01 4.738708734512329102e-01 8.480415344238281250e-01 4.419104754924774170e-01 4.945355653762817383e-01
5.113499760627746582e-01 2.378431707620620728e-01 3.455624878406524658e-01 2.148524969816207886e-01 8.313295245170593262e-01 2.577446401119232178e-01 6.638646721839904785e-01 4.838632941246032715e-01 4.482726156711578369e-01 4.646514356136322021e-01 4.590910077095031738e-01 8.130193352699279785e-01 4.532132744789123535e-01 5.174117684364318848e-01
2.710725069046020508e-01 5.734021663665771484e-01 3.155847489833831787e-01 5.611975193023681641e-01 6.579167246818542480e-01 1.268856525421142578e-01 2.591633424162864685e-02 2.580456435680389404e-01 5.551549792289733887e-01 3.554934859275817871e-01 6.105616688728332520e-01 7.349023818969726562e-01 3.711183369159698486e-01 4.748047888278961182e-01
5.774924755096435547e-01 4.571650028228759766e-01 1.816727519035339355e-01 2.390747517347335815e-01 7.880027294158935547e-01 5.546672940254211426e-01 4.587976634502410889e-01 5.059607028961181641e-01 4.747957587242126465e-01 3.225099742412567139e-01 3.485984802246093750e-01 8.276376724243164062e-01 4.874215126037597656e-01 5.169557929039001465e-01
1.445074975490570068e-01 4.729340076446533203e-01 7.897175103425979614e-02 8.761600255966186523e-01 3.548862636089324951e-01 5.823444724082946777e-01 3.159376680850982666e-01 1.325097829103469849e-01 6.148894429206848145e-01 1.388494223356246948e-01 7.827196121215820312e-01 3.393720984458923340e-01 3.900019526481628418e-01 6.073752045631408691e-01
8.382124900817871094e-01 2.278251647949218750e-01 3.118360042572021484e-01 9.864724874496459961e-01 7.571529746055603027e-01 6.595295071601867676e-01 2.587586641311645508e-01 8.431934714317321777e-01 4.424548745155334473e-01 6.609976291656494141e-01 7.162118554115295410e-01 7.886912822723388672e-01 5.131176114082336426e-01 3.709672391414642334e-01
4.699699878692626953e-01 2.541689872741699219e-01 2.573255002498626709e-01 7.542175054550170898e-01 2.843067646026611328e-01 6.752315908670425415e-02 9.036083221435546875e-01 4.884778559207916260e-01 3.412896394729614258e-01 4.270623326301574707e-01 7.072044014930725098e-01 1.842631250619888306e-01 3.851740956306457520e-01 5.763294100761413574e-01
4.052499774843454361e-03 4.715193212032318115e-01 8.828007578849792480e-01 7.200124859809875488e-01 7.454494833946228027e-01 2.316546440124511719e-01 9.594941139221191406e-01 3.081113472580909729e-02 3.975267410278320312e-01 9.226509928703308105e-01 7.169973254203796387e-01 7.101043462753295898e-01 3.457206189632415771e-01 5.996586680412292480e-01
9.855474829673767090e-01 2.033886611461639404e-01 9.584337472915649414e-01 7.117875218391418457e-01 6.930927634239196777e-01 5.881259441375732422e-01 3.790040016174316406e-01 9.507240653038024902e-01 3.752181828022003174e-01 7.819806337356567383e-01 8.009213805198669434e-01 7.775061130523681641e-01 5.127007961273193359e-01 4.041555821895599365e-01
4.109925031661987305e-01 6.649144887924194336e-01 8.350780010223388672e-01 9.475824832916259766e-01 4.614642560482025146e-01 5.095159411430358887e-01 3.747733309864997864e-02 4.579748511314392090e-01 4.853742122650146484e-01 5.367071628570556641e-01 7.454958558082580566e-01 5.409439802169799805e-01 3.811253309249877930e-01 3.744454383850097656e-01
1.074424982070922852e-01 3.771494925022125244e-01 7.191944718360900879e-01 7.471150159835815430e-01 2.170749939978122711e-02 7.507810741662979126e-02 2.692546546459197998e-01 1.460861861705780029e-01 3.354929089546203613e-01 8.157943487167358398e-01 5.128215551376342773e-01 5.235860124230384827e-02 4.907930791378021240e-01 5.019523501396179199e-01
6.403974890708923340e-01 1.812776625156402588e-01 7.186290025711059570e-01 1.826110035181045532e-01 9.235674738883972168e-01 1.713234335184097290e-01 7.629056572914123535e-01 5.839259028434753418e-01 4.468108415603637695e-01 6.248663663864135742e-01 6.307381391525268555e-01 8.382673859596252441e-01 4.399941563606262207e-01 4.246425926685333252e-01
2.522799968719482422e-01 6.224631667137145996e-01 8.469499647617340088e-03 3.744035065174102783e-01 6.552180051803588867e-01 2.078589946031570435e-01 1.057523339986801147e-01 2.330043315887451172e-01 5.833438634872436523e-01 1.654216796159744263e-01 4.599939584732055664e-01 7.762925624847412109e-01 4.436755776405334473e-01 5.944799780845642090e-01
1.999824941158294678e-01 4.529278278350830078e-01 1.536564975976943970e-01 5.150550007820129395e-01 2.908100001513957977e-02 4.583289027214050293e-01 5.162556767463684082e-01 1.654149442911148071e-01 5.262285470962524414e-01 2.107907831668853760e-01 5.618364810943603516e-01 3.461820632219314575e-02 5.810551047325134277e-01 5.353045463562011719e-01
9.764050245285034180e-01 7.269231677055358887e-01 2.711445093154907227e-01 3.747839927673339844e-01 6.142227649688720703e-01 8.628149628639221191e-01 3.085440099239349365e-01 7.953220009803771973e-01 4.751687943935394287e-01 3.876996636390686035e-01 3.792895078659057617e-01 6.664325594902038574e-01 5.494020581245422363e-01 4.214262664318084717e-01
8.015725016593933105e-01 5.923038125038146973e-01 7.747370004653930664e-01 5.414500087499618530e-02 3.919857442378997803e-01 7.450779676437377930e-01 2.157640010118484497e-01 7.488743662834167480e-01 4.682604074478149414e-01 5.179432630538940430e-01 3.621541857719421387e-01 3.868749439716339111e-01 5.085591077804565430e-01 3.144323229789733887e-01
6.312825083732604980e-01 2.546228468418121338e-01 5.712372660636901855e-01 3.460980057716369629e-01 6.178572773933410645e-01 4.528657495975494385e-01 1.277023404836654663e-01 7.402074337005615234e-01 4.252373576164245605e-01 5.790427327156066895e-01 3.831237852573394775e-01 6.673633456230163574e-01 5.675703287124633789e-01 3.299537599086761475e-01
1.083974987268447876e-01 7.824605107307434082e-01 1.283230036497116089e-01 8.469774723052978516e-01 7.821302413940429688e-01 9.846647381782531738e-01 3.239319920539855957e-01 3.884400054812431335e-02 7.586572170257568359e-01 1.510472446680068970e-01 3.208274766802787781e-02 9.444824457168579102e-01 7.766237854957580566e-01 2.706975936889648438e-01
3.520975112915039062e-01 3.082848191261291504e-01 7.619307637214660645e-01 2.474567443132400513e-01 8.176295161247253418e-01 9.469219446182250977e-01 7.358211278915405273e-01 3.001489043235778809e-01 4.270033836364746094e-01 5.727232694625854492e-01 4.332788586616516113e-01 8.073063492774963379e-01 4.378492236137390137e-01 5.757529735565185547e-01
2.780900001525878906e-01 1.792176663875579834e-01 9.288704991340637207e-01 6.176350116729736328e-01 9.227149933576583862e-02 5.913984775543212891e-01 9.506603479385375977e-01 4.147107303142547607e-01 2.521716952323913574e-01 5.548411011695861816e-01 6.275104880332946777e-01 5.387550219893455505e-02 4.740319550037384033e-01 6.425350308418273926e-01
8.352324962615966797e-01 5.909068584442138672e-01 7.283250093460083008e-01 4.879472553730010986e-01 6.768722534179687500e-01 8.085382580757141113e-01 3.966679871082305908e-01 7.698022723197937012e-01 4.217618107795715332e-01 5.977850556373596191e-01 6.516920924186706543e-01 7.306209206581115723e-01 5.017104744911193848e-01 4.173629581928253174e-01
8.034999668598175049e-02 8.062493205070495605e-01 4.360064864158630371e-01 7.908400297164916992e-01 3.615710139274597168e-01 4.221536219120025635e-01 8.304058909416198730e-01 4.719968140125274658e-02 6.232156753540039062e-01 5.284104347229003906e-01 7.406075596809387207e-01 3.984616100788116455e-01 3.418928682804107666e-01 5.497566461563110352e-01
9.917999804019927979e-02 8.105639815330505371e-01 9.747987389564514160e-01 7.417950034141540527e-02 1.971040070056915283e-01 8.333922028541564941e-01 1.052133366465568542e-02 7.170278578996658325e-02 6.154460906982421875e-01 6.498082876205444336e-01 2.080971151590347290e-01 2.512354850769042969e-01 5.979806780815124512e-01 4.152891337871551514e-01
2.698175013065338135e-01 6.942576766014099121e-01 1.674434989690780640e-01 8.185899853706359863e-01 2.747847437858581543e-01 5.642480850219726562e-01 1.363613307476043701e-01 2.896910905838012695e-01 5.513188242912292480e-01 1.737426519393920898e-01 6.370597481727600098e-01 3.470035195350646973e-01 4.578342735767364502e-01 5.591459870338439941e-01
9.970824718475341797e-01 3.792193233966827393e-01 8.835369944572448730e-01 6.201500073075294495e-02 9.941319823265075684e-01 6.856448650360107422e-01 4.570056796073913574e-01 8.358169198036193848e-01 4.323087036609649658e-01 6.274836659431457520e-01 5.856738090515136719e-01 9.071042537689208984e-01 5.073760747909545898e-01 4.565128982067108154e-01
9.728350043296813965e-01 1.728146672248840332e-01 3.561397492885589600e-01 8.527474999427795410e-01 2.137182503938674927e-01 9.482091665267944336e-01 8.089429736137390137e-01 8.422046303749084473e-01 2.866770029067993164e-01 6.232159137725830078e-01 7.669360041618347168e-01 1.686418652534484863e-01 4.724063873291015625e-01 5.698326826095581055e-01
6.259425282478332520e-01 3.014331758022308350e-01 1.485912501811981201e-01 4.580957591533660889e-01 7.705637216567993164e-01 8.267338275909423828e-01 2.553633451461791992e-01 5.236666202545166016e-01 4.748316705226898193e-01 3.106356263160705566e-01 4.004451632499694824e-01 7.882744073867797852e-01 4.668866097927093506e-01 5.480405092239379883e-01
1.640650033950805664e-01 2.728306651115417480e-01 5.832762718200683594e-01 5.042325258255004883e-01 4.812425076961517334e-01 8.335813879966735840e-02 5.751573443412780762e-01 2.348545491695404053e-01 4.029298722743988037e-01 7.644628286361694336e-01 4.122834205627441406e-01 4.967109858989715576e-01 4.398948848247528076e-01 4.780628085136413574e-01
3.434999883174896240e-01 5.211371779441833496e-01 8.041267395019531250e-01 5.010049939155578613e-01 4.457629919052124023e-01 6.407568454742431641e-01 4.862506687641143799e-01 3.566163778305053711e-01 4.156372249126434326e-01 6.153071522712707520e-01 4.765029847621917725e-01 5.126182436943054199e-01 4.419049918651580811e-01 4.431025683879852295e-01
2.768650054931640625e-01 3.343124985694885254e-01 1.403087526559829712e-01 9.292724728584289551e-01 6.357747316360473633e-01 5.279412865638732910e-01 7.147667407989501953e-01 3.416298031806945801e-01 4.882582128047943115e-01 2.839892208576202393e-01 6.885551214218139648e-01 6.528076529502868652e-01 3.954642117023468018e-01 6.144300103187561035e-01
6.583349704742431641e-01 3.264728188514709473e-01 1.187812536954879761e-01 7.566974759101867676e-01 1.733645051717758179e-01 5.806132405996322632e-02 2.242893278598785400e-01 7.957367897033691406e-01 4.213822484016418457e-01 3.114019036293029785e-01 4.992032945156097412e-01 1.878500282764434814e-01 4.211171567440032959e-01 4.337909519672393799e-01
1.802050024271011353e-01 4.150078296661376953e-01 3.737749904394149780e-02 1.352314949035644531e-01 7.568194866180419922e-01 6.386690586805343628e-02 7.936084270477294922e-01 1.714823096990585327e-01 5.783469676971435547e-01 2.450992763042449951e-01 3.854203224182128906e-01 7.192674875259399414e-01 4.673627614974975586e-01 6.018525958061218262e-01
1.477124989032745361e-01 7.612910270690917969e-01 7.669077515602111816e-01 8.615375310182571411e-02 2.658597528934478760e-01 6.681354641914367676e-01 5.808043479919433594e-01 1.091390624642372131e-01 5.917862653732299805e-01 6.035276055335998535e-01 2.989924550056457520e-01 2.620916068553924561e-01 5.605139732360839844e-01 4.252219200134277344e-01
1.180450022220611572e-01 5.258161425590515137e-01 3.197174891829490662e-02 3.379600048065185547e-01 1.635382473468780518e-01 3.489731252193450928e-01 4.183226525783538818e-01 1.631194502115249634e-01 6.311231255531311035e-01 1.047477275133132935e-01 4.691156446933746338e-01 1.220723092555999756e-01 5.833979845046997070e-01 5.825053453445434570e-01
1.945874989032745361e-01 6.939941644668579102e-01 4.014810025691986084e-01 1.812302470207214355e-01 1.896084994077682495e-01 7.000187039375305176e-01 7.596010565757751465e-01 1.653159558773040771e-01 5.796030759811401367e-01 3.302814960479736328e-01 3.228919208049774170e-01 1.308239400386810303e-01 6.588576436042785645e-01 5.004315972328186035e-01
4.651749879121780396e-02 7.589908242225646973e-01 3.930207490921020508e-01 1.136192530393600464e-01 9.063389897346496582e-01 3.170475661754608154e-01 4.703536629676818848e-01 2.491612732410430908e-02 7.183133363723754883e-01 4.057804048061370850e-01 3.484671413898468018e-01 9.646230340003967285e-01 5.592067837715148926e-01 3.769457638263702393e-01
7.619249820709228516e-01 5.623946785926818848e-01 7.566737532615661621e-01 5.573624968528747559e-01 1.388995051383972168e-01 9.981855750083923340e-01 3.868726789951324463e-01 8.386987447738647461e-01 3.665182888507843018e-01 5.854676961898803711e-01 4.748681187629699707e-01 1.544121801853179932e-01 5.341107845306396484e-01 4.540352821350097656e-01
1.987649947404861450e-01 2.743841707706451416e-01 9.119752645492553711e-01 9.380350112915039062e-01 6.959974765777587891e-01 3.948940336704254150e-01 7.560707330703735352e-01 2.792712748050689697e-01 3.989977240562438965e-01 7.239624857902526855e-01 7.664070725440979004e-01 6.994304060935974121e-01 3.992666304111480713e-01 5.239773392677307129e-01
5.189650058746337891e-01 2.451331615447998047e-01 6.070244908332824707e-01 7.364624738693237305e-01 9.460164904594421387e-01 6.749446392059326172e-01 2.121790051460266113e-01 5.556519031524658203e-01 4.606778323650360107e-01 7.214533090591430664e-01 5.734259486198425293e-01 8.811832666397094727e-01 4.877688586711883545e-01 3.592205643653869629e-01
5.996025204658508301e-01 2.187239974737167358e-01 2.859387397766113281e-01 6.319125294685363770e-01 7.379267215728759766e-01 7.215978503227233887e-01 7.927479743957519531e-01 5.553303956985473633e-01 4.111921787261962891e-01 4.536513984203338623e-01 5.800388455390930176e-01 7.075976133346557617e-01 4.472153186798095703e-01 5.773533582687377930e-01
3.401150107383728027e-01 4.098608195781707764e-01 8.265535235404968262e-01 2.340075001120567322e-02 8.499457240104675293e-01 5.403444170951843262e-01 9.904894232749938965e-01 2.786653637886047363e-01 4.560041129589080811e-01 6.031817793846130371e-01 3.433925211429595947e-01 6.380687952041625977e-01 4.816609323024749756e-01 4.808780550956726074e-01
3.586100041866302490e-01 7.043098211288452148e-01 5.855717658996582031e-01 1.687217503786087036e-01 6.629977226257324219e-01 5.079816281795501709e-02 9.374176859855651855e-01 3.879835903644561768e-01 4.865756928920745850e-01 3.099036514759063721e-01 3.823606967926025391e-01 6.271800398826599121e-01 4.369193315505981445e-01 5.446131229400634766e-01
6.806275248527526855e-01 6.559263467788696289e-01 7.233687639236450195e-01 5.689550042152404785e-01 3.091317415237426758e-01 4.911198019981384277e-01 1.333433296531438828e-02 8.268926739692687988e-01 4.293711483478546143e-01 6.464633941650390625e-01 3.939807415008544922e-01 3.530513048171997070e-01 5.662009716033935547e-01 3.594066798686981201e-01
1.988250017166137695e-02 6.619135141372680664e-01 8.983749747276306152e-01 4.854847490787506104e-01 7.887985110282897949e-01 8.180000782012939453e-01 7.332437634468078613e-01 1.652889698743820190e-02 6.460963487625122070e-01 5.887967348098754883e-01 5.564525127410888672e-01 8.958603739738464355e-01 4.319012761116027832e-01 5.092645287513732910e-01
7.883725166320800781e-01 6.593629717826843262e-01 8.596755266189575195e-01 2.987412512302398682e-01 7.223179936408996582e-01 4.795535206794738770e-01 9.717208743095397949e-01 7.868202924728393555e-01 4.472679197788238525e-01 4.972987174987792969e-01 4.984579086303710938e-01 5.954662561416625977e-01 4.883970916271209717e-01 4.516419470310211182e-01
3.882024884223937988e-01 2.249021679162979126e-01 6.726797223091125488e-01 9.212700128555297852e-01 6.600842475891113281e-01 5.994726419448852539e-01 2.185086607933044434e-01 4.844221770763397217e-01 3.905036151409149170e-01 6.872431635856628418e-01 6.945043206214904785e-01 7.147908806800842285e-01 4.550338983535766602e-01 4.373460114002227783e-01
8.996000289916992188e-01 6.043524742126464844e-01 7.848539948463439941e-01 4.169670045375823975e-01 3.107174932956695557e-01 1.276740431785583496e-01 4.606069922447204590e-01 9.121028184890747070e-01 3.859600126743316650e-01 6.463720798492431641e-01 5.280210971832275391e-01 3.379962742328643799e-01 5.335229635238647461e-01 4.243383705615997314e-01
3.900099992752075195e-01 2.739291787147521973e-01 3.150264918804168701e-01 3.430207371711730957e-01 1.287014931440353394e-01 9.063737392425537109e-01 5.168513059616088867e-01 2.757124304771423340e-01 4.588928818702697754e-01 4.159791171550750732e-01 3.884823322296142578e-01 7.518712431192398071e-02 5.553008317947387695e-01 4.478181302547454834e-01
7.293300032615661621e-01 2.239926606416702271e-01 4.996367394924163818e-01 4.466232359409332275e-01 4.925682544708251953e-01 9.836612939834594727e-01 9.378047585487365723e-01 6.025733947753906250e-01 3.962034583091735840e-01 5.304828286170959473e-01 5.621860623359680176e-01 3.184293806552886963e-01 4.335277676582336426e-01 4.208008348941802979e-01
7.788749933242797852e-01 1.939969956874847412e-01 7.486305236816406250e-01 8.033400028944015503e-02 7.285297513008117676e-01 6.470609307289123535e-01 3.644200041890144348e-02 7.635776996612548828e-01 4.280517995357513428e-01 6.105504631996154785e-01 4.834563732147216797e-01 7.762190103530883789e-01 5.498540997505187988e-01 4.017613828182220459e-01
2.096750028431415558e-02 3.860625028610229492e-01 2.796250022947788239e-02 2.733870148658752441e-01 9.157245159149169922e-01 5.558437108993530273e-01 5.390610098838806152e-01 4.870856180787086487e-02 6.947035789489746094e-01 1.698233038187026978e-01 4.940179735422134399e-02 9.291568398475646973e-01 7.431989908218383789e-01 4.050548374652862549e-01
9.668574929237365723e-01 1.919428259134292603e-01 6.263830065727233887e-01 8.953624963760375977e-01 9.742457270622253418e-01 7.615771889686584473e-01 1.582150012254714966e-01 9.040073752403259277e-01 4.411009848117828369e-01 8.066817522048950195e-01 7.679910063743591309e-01 8.954472541809082031e-01 5.407752990722656250e-01 3.140658736228942871e-01
4.182874858379364014e-01 4.612033367156982422e-01 7.349099963903427124e-02 7.383800148963928223e-01 1.558504998683929443e-01 5.213742256164550781e-01 8.444640040397644043e-01 4.190400242805480957e-01 4.687567353248596191e-01 1.851401776075363159e-01 5.494291782379150391e-01 1.046943888068199158e-01 4.573478400707244873e-01 5.556696057319641113e-01
3.992750123143196106e-02 6.035388112068176270e-01 6.669340133666992188e-01 4.333457648754119873e-01 3.646380007266998291e-01 2.555052638053894043e-01 2.414180040359497070e-01 3.765470162034034729e-02 5.147722363471984863e-01 8.106877803802490234e-01 5.405742526054382324e-01 4.744991064071655273e-01 4.000578522682189941e-01 5.129663348197937012e-01
3.660899996757507324e-01 2.527939975261688232e-01 7.037402391433715820e-01 5.978599786758422852e-01 6.748697757720947266e-01 7.463386654853820801e-01 2.581023275852203369e-01 3.346515893936157227e-01 3.843775391578674316e-01 6.961039900779724121e-01 5.446004867553710938e-01 7.335008382797241211e-01 4.418179392814636230e-01 4.921781718730926514e-01
6.271250247955322266e-01 1.996716707944869995e-01 8.539312481880187988e-01 7.863399982452392578e-01 3.019177615642547607e-01 6.361659765243530273e-01 9.492045044898986816e-01 7.651377320289611816e-01 2.740631103515625000e-01 6.790325045585632324e-01 7.505393028259277344e-01 1.867481023073196411e-01 4.463965892791748047e-01 5.614862442016601562e-01
2.817200124263763428e-01 2.428318262100219727e-01 6.349735260009765625e-01 5.497174859046936035e-01 5.123487710952758789e-01 2.889033406972885132e-02 4.576143324375152588e-01 3.495295941829681396e-01 4.024778008460998535e-01 6.519086956977844238e-01 5.280823111534118652e-01 5.278327465057373047e-01 4.204767942428588867e-01 4.923945069313049316e-01
8.591175079345703125e-01 5.583998560905456543e-01 7.405387759208679199e-01 9.984325170516967773e-01 9.162707328796386719e-01 5.616476535797119141e-01 1.942483335733413696e-01 8.698926568031311035e-01 4.535722434520721436e-01 7.393228411674499512e-01 8.606498837471008301e-01 8.922253251075744629e-01 4.883047044277191162e-01 3.800755739212036133e-01
6.951050162315368652e-01 5.479220151901245117e-01 3.075642585754394531e-01 9.796925187110900879e-01 4.516704976558685303e-01 1.952718198299407959e-01 1.101979985833168030e-01 7.950127720832824707e-01 4.560936689376831055e-01 5.260424613952636719e-01 6.991891264915466309e-01 5.137193202972412109e-01 3.846568167209625244e-01 3.142987191677093506e-01
2.172224968671798706e-01 5.670261383056640625e-01 8.740835189819335938e-01 9.835324883460998535e-01 9.697797298431396484e-01 9.299288988113403320e-01 4.750596582889556885e-01 1.231594681739807129e-01 4.918344318866729736e-01 8.055088520050048828e-01 7.412682175636291504e-01 9.162907600402832031e-01 4.172925353050231934e-01 4.278709292411804199e-01
8.557350039482116699e-01 3.413478434085845947e-01 6.399185061454772949e-01 4.771282374858856201e-01 2.543214857578277588e-01 6.311722993850708008e-01 6.887222528457641602e-01 8.309548497200012207e-01 3.591417372226715088e-01 5.825766921043395996e-01 6.458396315574645996e-01 2.160421609878540039e-01 4.485316872596740723e-01 4.391064941883087158e-01
4.709349870681762695e-01 3.548451662063598633e-01 7.789080142974853516e-01 1.375962495803833008e-01 1.834249943494796753e-01 8.134646415710449219e-01 4.403123259544372559e-01 5.241149067878723145e-01 4.461601674556732178e-01 5.723444223403930664e-01 3.010568916797637939e-01 1.327561885118484497e-01 5.576033592224121094e-01 3.094798028469085693e-01
2.270675003528594971e-01 4.621528387069702148e-01 6.680135130882263184e-01 1.053114980459213257e-01 7.079409956932067871e-01 3.282281756401062012e-02 6.169936656951904297e-01 1.983774900436401367e-01 4.655016660690307617e-01 6.222887635231018066e-01 3.979359567165374756e-01 7.403389215469360352e-01 4.473946690559387207e-01 5.089075565338134766e-01
9.378799796104431152e-01 2.468235045671463013e-01 8.417827486991882324e-01 2.632252573966979980e-01 5.194742679595947266e-01 5.607881546020507812e-01 8.390653729438781738e-01 8.619635105133056641e-01 3.651605248451232910e-01 6.243307590484619141e-01 7.021225690841674805e-01 4.800823330879211426e-01 4.634826779365539551e-01 5.228624939918518066e-01
1.382649987936019897e-01 4.242379963397979736e-01 3.870057463645935059e-01 2.739222645759582520e-01 1.535300016403198242e-01 8.454275727272033691e-01 6.823347806930541992e-01 8.917570859193801880e-02 5.366188883781433105e-01 5.291459560394287109e-01 3.612406551837921143e-01 6.546515971422195435e-02 6.032379865646362305e-01 4.601330459117889404e-01
2.943474948406219482e-01 6.059141755104064941e-01 3.404900133609771729e-01 5.019899830222129822e-02 9.364472627639770508e-01 3.801256418228149414e-01 3.225743472576141357e-01 1.856501698493957520e-01 5.735096931457519531e-01 3.929168283939361572e-01 2.991342842578887939e-01 9.097844958305358887e-01 5.446401834487915039e-01 4.320917129516601562e-01
7.809500098228454590e-01 5.252936482429504395e-01 8.591882586479187012e-01 8.087325096130371094e-01 9.970407485961914062e-01 2.341383844614028931e-01 6.756131649017333984e-01 9.014983773231506348e-01 4.440598189830780029e-01 6.858487725257873535e-01 7.353826761245727539e-01 9.180952906608581543e-01 5.081486105918884277e-01 4.049197435379028320e-01
9.506275057792663574e-01 6.128249764442443848e-01 1.361224949359893799e-01 7.617350220680236816e-01 9.079587459564208984e-01 9.126816391944885254e-01 9.433433413505554199e-01 7.580461502075195312e-01 4.195806384086608887e-01 4.599834680557250977e-01 4.512415230274200439e-01 7.920697331428527832e-01 5.416980981826782227e-01 5.223811864852905273e-01
1.284125000238418579e-01 1.719155013561248779e-01 5.350260138511657715e-01 2.646502554416656494e-01 8.763049840927124023e-01 5.629256367683410645e-01 3.499099984765052795e-02 9.915903210639953613e-02 4.753526449203491211e-01 7.111490964889526367e-01 4.859254062175750732e-01 8.675497174263000488e-01 4.570041000843048096e-01 5.298627018928527832e-01
8.165749907493591309e-02 5.916183590888977051e-01 8.413150161504745483e-02 5.793750286102294922e-01 6.981599926948547363e-01 8.597926497459411621e-01 9.409117698669433594e-01 5.685566738247871399e-02 7.026455402374267578e-01 1.160968542098999023e-01 2.544336915016174316e-01 6.897388100624084473e-01 6.021111607551574707e-01 5.977658033370971680e-01
4.176250100135803223e-02 2.605246603488922119e-01 8.082550168037414551e-01 7.088400125503540039e-01 9.726099669933319092e-02 8.720312118530273438e-01 5.954156517982482910e-01 9.350483119487762451e-02 2.849757969379425049e-01 8.055286407470703125e-01 5.568663477897644043e-01 5.054891109466552734e-02 6.268718838691711426e-01 6.383969783782958984e-01
3.643549978733062744e-01 8.031976819038391113e-01 6.656810045242309570e-01 1.120777502655982971e-01 2.856124937534332275e-02 5.675760507583618164e-01 7.655128836631774902e-01 3.316951096057891846e-01 5.266100168228149414e-01 2.926135659217834473e-01 2.792650759220123291e-01 4.502495005726814270e-02 6.066645383834838867e-01 4.116367101669311523e-01
