4.032500088214874268e-01 2.255000025033950806e-01 6.592500209808349609e-01 9.312499761581420898e-01 5.867499709129333496e-01 9.574999660253524780e-02 4.049585461616516113e-01 2.869197428226470947e-01 7.743581533432006836e-01 7.191833853721618652e-01 6.012685894966125488e-01 1.882980763912200928e-01
5.517500042915344238e-01 6.575000286102294922e-01 1.012500002980232239e-01 8.642500042915344238e-01 5.892500281333923340e-01 6.257500052452087402e-01 5.605276823043823242e-01 6.062664985656738281e-01 1.766930073499679565e-01 7.464399337768554688e-01 5.763008594512939453e-01 6.109588146209716797e-01
7.922499775886535645e-01 2.451666593551635742e-01 2.677499949932098389e-01 3.075000084936618805e-02 9.747499823570251465e-01 6.012499928474426270e-01 8.693999648094177246e-01 3.998410999774932861e-01 1.309925466775894165e-01 9.180356562137603760e-02 9.328513741493225098e-01 5.682727694511413574e-01
5.432500243186950684e-01 4.318333268165588379e-01 2.807500064373016357e-01 1.127500012516975403e-01 6.707500219345092773e-01 2.037499994039535522e-01 5.690611600875854492e-01 3.768092989921569824e-01 3.319095969200134277e-01 1.826276332139968872e-01 7.940020561218261719e-01 4.672577381134033203e-01
9.992499947547912598e-01 2.108333259820938110e-01 4.542500078678131104e-01 9.667500257492065430e-01 7.722499966621398926e-01 5.147500038146972656e-01 8.666588664054870605e-01 3.222423493862152100e-01 7.474030256271362305e-01 8.629797697067260742e-01 7.957318425178527832e-01 5.067392587661743164e-01
5.182499885559082031e-01 2.278333306312561035e-01 1.567499935626983643e-01 8.647500276565551758e-01 6.932500004768371582e-01 1.417499929666519165e-01 5.692287683486938477e-01 4.547524750232696533e-01 5.512788891792297363e-01 5.822875499725341797e-01 6.090908646583557129e-01 2.762528061866760254e-01
5.802500247955322266e-01 2.501666545867919922e-01 4.724999889731407166e-02 3.677499890327453613e-01 6.427500247955322266e-01 2.027499973773956299e-01 6.585840582847595215e-01 4.084479808807373047e-01 2.799642980098724365e-01 2.051066756248474121e-01 6.459183692932128906e-01 5.526165962219238281e-01
5.237500071525573730e-01 5.421666502952575684e-01 4.572499990463256836e-01 7.225000113248825073e-02 6.075000017881393433e-02 4.832499921321868896e-01 5.205414295196533203e-01 4.613520801067352295e-01 4.105351567268371582e-01 1.688757985830307007e-01 9.929120540618896484e-02 5.466736555099487305e-01
1.502500027418136597e-01 6.945000290870666504e-01 7.067499756813049316e-01 2.177499979734420776e-01 9.425000101327896118e-02 7.327499985694885254e-01 1.347490698099136353e-01 4.776427149772644043e-01 4.520076811313629150e-01 2.649898529052734375e-01 2.086306512355804443e-01 6.060960292816162109e-01
1.597499996423721313e-01 2.758333384990692139e-01 2.612499892711639404e-01 7.782499790191650391e-01 6.602500081062316895e-01 3.822500109672546387e-01 1.829664558172225952e-01 4.220508337020874023e-01 4.897340834140777588e-01 6.944585442543029785e-01 5.964843034744262695e-01 5.953148007392883301e-01
7.552499771118164062e-01 8.301666378974914551e-01 2.422499954700469971e-01 5.624999850988388062e-02 4.752500057220458984e-01 4.487499892711639404e-01 7.182834148406982422e-01 6.418306827545166016e-01 2.519498765468597412e-01 1.374223679304122925e-01 5.000069737434387207e-01 4.675675630569458008e-01
9.982500076293945312e-01 3.438333272933959961e-01 5.212500095367431641e-01 3.122499883174896240e-01 3.732500076293945312e-01 3.824999928474426270e-02 8.418040275573730469e-01 3.627110421657562256e-01 6.725445389747619629e-01 5.217552185058593750e-01 4.637674093246459961e-01 2.091332674026489258e-01
4.222500026226043701e-01 3.244999945163726807e-01 6.075000017881393433e-02 5.477499961853027344e-01 8.737499713897705078e-01 9.267500042915344238e-01 3.951756656169891357e-01 4.026941359043121338e-01 7.807013392448425293e-02 5.313957333564758301e-01 8.768340349197387695e-01 8.538300395011901855e-01
1.967500001192092896e-01 5.351666808128356934e-01 5.907499790191650391e-01 6.075000017881393433e-02 9.127500057220458984e-01 9.517499804496765137e-01 1.270571649074554443e-01 4.570169448852539062e-01 4.016959369182586670e-01 1.166315004229545593e-01 9.542329907417297363e-01 8.372381329536437988e-01
9.250000119209289551e-03 6.671666502952575684e-01 8.472499847412109375e-01 4.362500011920928955e-01 1.627500057220458984e-01 2.147500067949295044e-01 1.313154492527246475e-02 5.280457139015197754e-01 8.036073446273803711e-01 4.170750081539154053e-01 2.063709944486618042e-01 2.886060774326324463e-01
9.942499995231628418e-01 2.911666631698608398e-01 8.725000172853469849e-02 9.897500276565551758e-01 3.057500123977661133e-01 6.042500138282775879e-01 8.540215492248535156e-01 3.683120012283325195e-01 2.846032083034515381e-01 9.224150776863098145e-01 2.873848974704742432e-01 7.223308086395263672e-01
4.192500114440917969e-01 8.331666588783264160e-01 2.402500063180923462e-01 3.272500038146972656e-01 2.727499902248382568e-01 9.457499980926513672e-01 4.160524010658264160e-01 6.667280197143554688e-01 1.688579767942428589e-01 3.533439934253692627e-01 3.527375459671020508e-01 7.476184964179992676e-01
4.377500116825103760e-01 3.538333475589752197e-01 5.725000053644180298e-02 3.642500042915344238e-01 2.675000019371509552e-02 4.397499859333038330e-01 4.701080024242401123e-01 4.206961989402770996e-01 1.514646708965301514e-01 4.280911087989807129e-01 3.676547110080718994e-02 6.462632417678833008e-01
5.582500100135803223e-01 3.838333189487457275e-01 3.772499859333038330e-01 4.975000023841857910e-02 5.062500238418579102e-01 7.472500205039978027e-01 5.375618338584899902e-01 4.144536554813385010e-01 2.927707135677337646e-01 1.979341953992843628e-01 5.859461426734924316e-01 6.203468441963195801e-01
5.992500185966491699e-01 7.551666498184204102e-01 8.052499890327453613e-01 4.177500009536743164e-01 7.957500219345092773e-01 1.612499952316284180e-01 6.146824955940246582e-01 6.579160094261169434e-01 5.664713382720947266e-01 5.989222526550292969e-01 8.603288531303405762e-01 2.947736382484436035e-01
8.474999666213989258e-02 4.178333282470703125e-01 2.502500116825103760e-01 3.462499976158142090e-01 1.792500019073486328e-01 7.874999940395355225e-02 1.139633506536483765e-01 5.008807778358459473e-01 6.008333563804626465e-01 2.397955060005187988e-01 1.450235843658447266e-01 1.700464040040969849e-01
9.022499918937683105e-01 2.164999991655349731e-01 8.612499833106994629e-01 5.582500100135803223e-01 6.122499704360961914e-01 6.552500128746032715e-01 7.727093696594238281e-01 3.286182880401611328e-01 7.927817702293395996e-01 7.746803760528564453e-01 6.952193975448608398e-01 3.141159713268280029e-01
7.462499737739562988e-01 4.435000121593475342e-01 5.262500047683715820e-01 9.722499847412109375e-01 5.317500233650207520e-01 2.937499880790710449e-01 7.530102729797363281e-01 4.231001138687133789e-01 6.913686990737915039e-01 8.801116347312927246e-01 5.322096943855285645e-01 5.218369364738464355e-01
3.992500007152557373e-01 4.884999990463256836e-01 2.152500003576278687e-01 9.512500166893005371e-01 1.624999940395355225e-02 1.362500041723251343e-01 6.941114664077758789e-01 4.351791739463806152e-01 3.430720269680023193e-01 6.975174546241760254e-01 3.994114324450492859e-02 5.739800930023193359e-01
5.137500166893005371e-01 6.348333358764648438e-01 5.807499885559082031e-01 9.202499985694885254e-01 1.557500064373016357e-01 5.582500100135803223e-01 6.372163891792297363e-01 3.989786803722381592e-01 6.198036074638366699e-01 6.123562455177307129e-01 1.423811912536621094e-01 6.042972803115844727e-01
1.617500036954879761e-01 3.955000042915344238e-01 7.982500195503234863e-01 6.612499952316284180e-01 5.727499723434448242e-01 7.487499713897705078e-01 1.457230448722839355e-01 4.262103736400604248e-01 6.731704473495483398e-01 7.044332623481750488e-01 5.798529982566833496e-01 5.971961021423339844e-01
9.367499947547912598e-01 3.151666522026062012e-01 9.037500023841857910e-01 7.222499847412109375e-01 3.497500121593475342e-01 3.747499883174896240e-01 8.694616556167602539e-01 3.296950459480285645e-01 9.138851761817932129e-01 9.090257883071899414e-01 3.519684970378875732e-01 3.530390262603759766e-01
8.632500171661376953e-01 4.165000021457672119e-01 4.027499854564666748e-01 8.617500066757202148e-01 4.562500119209289551e-01 8.847500085830688477e-01 8.411803841590881348e-01 4.300529956817626953e-01 2.783519923686981201e-01 8.829699158668518066e-01 5.280041694641113281e-01 6.729168891906738281e-01
2.542499899864196777e-01 5.245000123977661133e-01 5.952500104904174805e-01 8.477500081062316895e-01 5.725000053644180298e-02 4.232499897480010986e-01 3.811994493007659912e-01 3.279720842838287354e-01 4.514797627925872803e-01 7.163834571838378906e-01 7.043334841728210449e-02 5.361263155937194824e-01
5.352500081062316895e-01 2.551666796207427979e-01 8.397499918937683105e-01 2.217500060796737671e-01 1.412499994039535522e-01 5.712500214576721191e-01 5.274982452392578125e-01 3.089083731174468994e-01 6.958299875259399414e-01 3.147208094596862793e-01 1.645621061325073242e-01 5.095044970512390137e-01
6.202499866485595703e-01 6.754999756813049316e-01 3.052499890327453613e-01 7.287499904632568359e-01 2.812500000000000000e-01 8.947499990463256836e-01 6.565213203430175781e-01 5.476614236831665039e-01 3.271683752536773682e-01 4.531766474246978760e-01 2.428189516067504883e-01 6.058986186981201172e-01
2.562499940395355225e-01 6.324999928474426270e-01 7.047500014305114746e-01 3.497500121593475342e-01 2.192499935626983643e-01 1.677500009536743164e-01 3.112773001194000244e-01 5.093205571174621582e-01 5.982087850570678711e-01 3.211851716041564941e-01 2.661896347999572754e-01 2.659216225147247314e-01
2.687500119209289551e-01 6.104999780654907227e-01 4.147500097751617432e-01 2.887499928474426270e-01 8.177499771118164062e-01 2.337500005960464478e-01 2.777525484561920166e-01 6.908643245697021484e-01 3.934544622898101807e-01 2.967275977134704590e-01 9.013657569885253906e-01 3.472298979759216309e-01
8.777499794960021973e-01 4.665000140666961670e-01 8.137500286102294922e-01 7.487499713897705078e-01 5.057500004768371582e-01 6.837499737739562988e-01 8.372391462326049805e-01 3.784300088882446289e-01 7.522143721580505371e-01 7.314845323562622070e-01 5.720697045326232910e-01 4.260585904121398926e-01
5.857499837875366211e-01 5.264999866485595703e-01 9.624999761581420898e-02 1.667499989271163940e-01 6.437500119209289551e-01 8.047500252723693848e-01 5.891094207763671875e-01 4.418586194515228271e-01 1.240225881338119507e-01 1.811797320842742920e-01 7.331435084342956543e-01 7.486106753349304199e-01
8.207499980926513672e-01 3.451666533946990967e-01 3.482500016689300537e-01 8.142499923706054688e-01 9.872499704360961914e-01 8.472499847412109375e-01 7.838336229324340820e-01 3.230688869953155518e-01 3.465560376644134521e-01 8.249756097793579102e-01 9.387623667716979980e-01 6.888690590858459473e-01
3.857499957084655762e-01 8.264999985694885254e-01 8.447499871253967285e-01 1.167500019073486328e-01 1.217499971389770508e-01 5.342500209808349609e-01 5.307746529579162598e-01 5.566642284393310547e-01 4.265802204608917236e-01 1.675856262445449829e-01 1.600237637758255005e-01 5.315200686454772949e-01
2.522499859333038330e-01 2.831666767597198486e-01 6.997500061988830566e-01 4.477500021457672119e-01 3.902499973773956299e-01 6.952499747276306152e-01 2.358627021312713623e-01 3.240354061126708984e-01 6.551238298416137695e-01 4.671234190464019775e-01 4.167708158493041992e-01 5.059241652488708496e-01
9.422500133514404297e-01 5.985000133514404297e-01 2.437500059604644775e-01 3.787499964237213135e-01 7.767500281333923340e-01 7.297499775886535645e-01 9.412004351615905762e-01 5.653426051139831543e-01 1.425014287233352661e-01 3.035703897476196289e-01 8.177122473716735840e-01 5.847448110580444336e-01
4.174999892711639404e-02 7.754999995231628418e-01 2.872500121593475342e-01 9.377499818801879883e-01 2.587499916553497314e-01 1.472499966621398926e-01 7.690108567476272583e-02 7.905061841011047363e-01 4.127936363220214844e-01 8.972673416137695312e-01 3.051382005214691162e-01 3.311009407043457031e-01
3.097499907016754150e-01 5.391666889190673828e-01 8.897500038146972656e-01 1.025000028312206268e-02 7.647500038146972656e-01 5.742499828338623047e-01 2.647636234760284424e-01 4.291377663612365723e-01 5.549606680870056152e-01 1.580699533224105835e-01 9.051765799522399902e-01 6.310700774192810059e-01
2.225000038743019104e-02 6.468333601951599121e-01 7.072499990463256836e-01 3.307499885559082031e-01 7.882500290870666504e-01 4.342499971389770508e-01 2.922784350812435150e-02 6.902527809143066406e-01 7.735082507133483887e-01 3.072804808616638184e-01 8.011226654052734375e-01 3.483711779117584229e-01
7.657499909400939941e-01 6.545000076293945312e-01 7.587500214576721191e-01 7.607499957084655762e-01 2.025000005960464478e-02 8.997499942779541016e-01 8.478010892868041992e-01 4.472184181213378906e-01 5.563654303550720215e-01 7.113192081451416016e-01 5.270256847143173218e-02 6.212795376777648926e-01
1.782499998807907104e-01 5.178333520889282227e-01 6.672499775886535645e-01 5.974999815225601196e-02 6.962500214576721191e-01 1.482499986886978149e-01 1.673497706651687622e-01 4.995073676109313965e-01 6.567281484603881836e-01 1.574228405952453613e-01 9.017626047134399414e-01 4.814593195915222168e-01
5.562499761581420898e-01 3.861666619777679443e-01 6.532499790191650391e-01 4.712499976158142090e-01 6.737499833106994629e-01 8.522499799728393555e-01 4.481483697891235352e-01 3.503862619400024414e-01 6.059294342994689941e-01 6.319680809974670410e-01 7.092220783233642578e-01 5.059992074966430664e-01
6.287500262260437012e-01 3.498333394527435303e-01 2.857500016689300537e-01 3.732500076293945312e-01 4.812499880790710449e-01 6.352499723434448242e-01 5.335068702697753906e-01 4.447681307792663574e-01 4.081454277038574219e-01 3.974937498569488525e-01 4.834301769733428955e-01 5.232612490653991699e-01
5.572500228881835938e-01 6.501666903495788574e-01 5.007500052452087402e-01 8.547499775886535645e-01 7.812500000000000000e-01 9.452499747276306152e-01 5.152769088745117188e-01 5.470045804977416992e-01 4.231597185134887695e-01 8.135161995887756348e-01 7.951690554618835449e-01 6.515284180641174316e-01
1.724999956786632538e-02 2.105000019073486328e-01 3.075000084936618805e-02 3.967500030994415283e-01 8.824999630451202393e-02 2.392500042915344238e-01 5.882649868726730347e-02 2.951813936233520508e-01 1.498122215270996094e-01 2.720815539360046387e-01 1.053971704095602036e-02 4.149249792098999023e-01
3.842499852180480957e-01 7.928333282470703125e-01 6.317499876022338867e-01 7.692499756813049316e-01 8.192499876022338867e-01 7.407500147819519043e-01 3.756688833236694336e-01 6.636608839035034180e-01 5.525910258293151855e-01 6.938405036926269531e-01 8.488574624061584473e-01 4.906156361103057861e-01
5.807499885559082031e-01 3.148333430290222168e-01 5.957499742507934570e-01 1.624999940395355225e-02 9.624999761581420898e-02 6.322500109672546387e-01 5.458933115005493164e-01 3.603223562240600586e-01 5.697766542434692383e-01 1.413655728101730347e-01 1.235180944204330444e-01 5.130504965782165527e-01
6.492499709129333496e-01 7.601666450500488281e-01 4.250000230967998505e-03 4.437499940395355225e-01 9.767500162124633789e-01 4.572499990463256836e-01 7.660637497901916504e-01 7.368765473365783691e-01 4.797554388642311096e-02 3.577900230884552002e-01 9.116876125335693359e-01 6.034647822380065918e-01
3.897500038146972656e-01 7.645000219345092773e-01 2.977499961853027344e-01 9.697499871253967285e-01 2.027499973773956299e-01 3.512499928474426270e-01 6.541541814804077148e-01 6.104551553726196289e-01 3.462004661560058594e-01 6.140822768211364746e-01 1.363080143928527832e-01 4.013476073741912842e-01
3.957499861717224121e-01 2.851666808128356934e-01 4.972499907016754150e-01 6.037499904632568359e-01 7.942500114440917969e-01 1.222499981522560120e-01 4.034346640110015869e-01 3.463935852050781250e-01 6.101443171501159668e-01 5.556811094284057617e-01 7.677319049835205078e-01 2.810110747814178467e-01
7.137500047683715820e-01 4.058333337306976318e-01 9.047499895095825195e-01 5.977500081062316895e-01 2.067500054836273193e-01 6.487500071525573730e-01 7.520579695701599121e-01 3.850210011005401611e-01 7.557709217071533203e-01 7.773548960685729980e-01 2.301213741302490234e-01 6.020203232765197754e-01
9.112499952316284180e-01 2.748333215713500977e-01 8.147500157356262207e-01 7.077500224113464355e-01 8.597499728202819824e-01 8.862500190734863281e-01 8.967218399047851562e-01 4.559554457664489746e-01 6.441688537597656250e-01 8.146174550056457520e-01 7.724070549011230469e-01 5.272630453109741211e-01
1.492500007152557373e-01 5.341666936874389648e-01 2.392500042915344238e-01 5.562499761581420898e-01 3.927499949932098389e-01 8.967499732971191406e-01 2.264526784420013428e-01 4.608724117279052734e-01 1.623839139938354492e-01 3.867986798286437988e-01 3.626500964164733887e-01 9.181010723114013672e-01
8.624999970197677612e-02 7.328333258628845215e-01 8.352500200271606445e-01 5.232499837875366211e-01 8.042500019073486328e-01 1.337500065565109253e-01 5.791937559843063354e-02 7.174851298332214355e-01 8.452818989753723145e-01 3.973602950572967529e-01 8.884441852569580078e-01 2.912024855613708496e-01
9.682499766349792480e-01 3.831666707992553711e-01 5.927500128746032715e-01 7.587500214576721191e-01 1.567499935626983643e-01 6.412500143051147461e-01 9.387478828430175781e-01 4.611324071884155273e-01 6.421235203742980957e-01 8.464989066123962402e-01 1.219841912388801575e-01 5.583200454711914062e-01
5.567499995231628418e-01 4.368333220481872559e-01 8.874999731779098511e-02 9.472500085830688477e-01 8.372499942779541016e-01 5.387499928474426270e-01 6.269915103912353516e-01 5.270516872406005859e-01 1.374901384115219116e-01 8.186515569686889648e-01 7.852491736412048340e-01 6.889738440513610840e-01
6.422500014305114746e-01 5.651666522026062012e-01 7.967500090599060059e-01 4.024999961256980896e-02 5.324999988079071045e-02 3.187499940395355225e-01 6.762776970863342285e-01 4.694091379642486572e-01 5.323812365531921387e-01 3.125818073749542236e-01 1.161030605435371399e-01 4.601559638977050781e-01
8.942499756813049316e-01 6.038333177566528320e-01 5.497499704360961914e-01 4.132499992847442627e-01 4.922499954700469971e-01 4.357500076293945312e-01 8.807465434074401855e-01 4.737874567508697510e-01 4.853025674819946289e-01 3.384056687355041504e-01 4.915961325168609619e-01 2.679914534091949463e-01
9.812499880790710449e-01 5.708333253860473633e-01 7.732499837875366211e-01 2.982499897480010986e-01 1.337500065565109253e-01 6.247500181198120117e-01 8.833569288253784180e-01 4.683119654655456543e-01 6.473541259765625000e-01 6.592561006546020508e-01 1.535045802593231201e-01 5.419010519981384277e-01
4.422500133514404297e-01 1.764999926090240479e-01 4.402500092983245850e-01 1.772499978542327881e-01 7.625000178813934326e-02 4.262500107288360596e-01 5.395252108573913574e-01 2.983030676841735840e-01 4.766111671924591064e-01 9.104158729314804077e-02 6.856051832437515259e-02 5.885233283042907715e-01
7.037500143051147461e-01 2.081666737794876099e-01 5.124999955296516418e-02 8.377500176429748535e-01 9.057499766349792480e-01 5.697500109672546387e-01 6.384857296943664551e-01 2.941895127296447754e-01 2.061735093593597412e-01 7.849727869033813477e-01 8.468637466430664062e-01 7.008302807807922363e-01
3.402499854564666748e-01 7.441666722297668457e-01 1.987500041723251343e-01 1.917500048875808716e-01 2.012500017881393433e-01 2.897500097751617432e-01 4.915722608566284180e-01 7.202104330062866211e-01 3.110304176807403564e-01 1.227118298411369324e-01 1.930908858776092529e-01 4.654792249202728271e-01
8.377500176429748535e-01 7.304999828338623047e-01 8.007500171661376953e-01 3.725000098347663879e-02 3.237499892711639404e-01 1.352500021457672119e-01 8.014215230941772461e-01 5.449551939964294434e-01 5.083696842193603516e-01 2.509649395942687988e-01 3.459374308586120605e-01 1.079706847667694092e-01
9.197499752044677734e-01 7.251666784286499023e-01 5.852500200271606445e-01 9.272500276565551758e-01 1.032499969005584717e-01 7.707499861717224121e-01 9.188294410705566406e-01 4.444973766803741455e-01 6.347717046737670898e-01 8.360046148300170898e-01 9.619091451168060303e-02 6.509931087493896484e-01
1.062500029802322388e-01 4.724999964237213135e-01 6.117500066757202148e-01 7.057499885559082031e-01 7.172499895095825195e-01 2.262499928474426270e-01 1.368267387151718140e-01 5.130981206893920898e-01 7.752786278724670410e-01 6.201182007789611816e-01 6.629003286361694336e-01 4.270042479038238525e-01
6.842499971389770508e-01 2.198333293199539185e-01 5.412499904632568359e-01 3.177500069141387939e-01 4.387499988079071045e-01 1.007499992847442627e-01 7.434995770454406738e-01 3.289769887924194336e-01 5.881114006042480469e-01 1.836875528097152710e-01 4.795247912406921387e-01 2.834595739841461182e-01
4.962500035762786865e-01 5.658333301544189453e-01 8.657500147819519043e-01 8.772500157356262207e-01 2.282499969005584717e-01 8.112499713897705078e-01 6.748813390731811523e-01 4.124861955642700195e-01 6.258077025413513184e-01 7.395378947257995605e-01 2.230371236801147461e-01 6.425994634628295898e-01
6.872500181198120117e-01 1.895000040531158447e-01 7.222499847412109375e-01 8.382499814033508301e-01 9.427499771118164062e-01 2.312500029802322388e-01 6.799378395080566406e-01 2.510809004306793213e-01 7.705934643745422363e-01 8.209215402603149414e-01 8.900802135467529297e-01 3.402804732322692871e-01
8.477500081062316895e-01 6.428333520889282227e-01 2.902500033378601074e-01 9.562500119209289551e-01 7.402499914169311523e-01 1.697500050067901611e-01 9.529228806495666504e-01 5.895116329193115234e-01 4.846283197402954102e-01 7.409453988075256348e-01 7.375284433364868164e-01 3.463049232959747314e-01
9.607499837875366211e-01 1.688333302736282349e-01 9.202499985694885254e-01 7.357500195503234863e-01 8.472499847412109375e-01 3.482500016689300537e-01 8.854215145111083984e-01 2.973996400833129883e-01 8.111003041267395020e-01 8.154010772705078125e-01 8.296796679496765137e-01 2.608560621738433838e-01
9.327499866485595703e-01 1.961666643619537354e-01 5.502499938011169434e-01 5.617499947547912598e-01 1.867499947547912598e-01 6.222500205039978027e-01 8.793285489082336426e-01 4.453980922698974609e-01 6.334428787231445312e-01 7.775223255157470703e-01 1.675724089145660400e-01 5.911467671394348145e-01
7.262499928474426270e-01 3.008333444595336914e-01 2.924999967217445374e-02 6.517500281333923340e-01 3.974999859929084778e-02 5.482500195503234863e-01 6.459589004516601562e-01 4.111759662628173828e-01 2.840699851512908936e-01 7.440545558929443359e-01 4.060353338718414307e-02 6.415842771530151367e-01
6.677500009536743164e-01 6.388333439826965332e-01 2.257499992847442627e-01 1.757500022649765015e-01 1.952500045299530029e-01 1.592500060796737671e-01 7.085897326469421387e-01 7.616959214210510254e-01 2.726958990097045898e-01 2.555698454380035400e-01 2.117395102977752686e-01 2.649018764495849609e-01
7.067499756813049316e-01 2.685000002384185791e-01 5.397499799728393555e-01 7.762500047683715820e-01 7.002500295639038086e-01 1.207500025629997253e-01 7.201815843582153320e-01 2.962260544300079346e-01 6.900545954704284668e-01 6.745401024818420410e-01 7.552399039268493652e-01 3.394799530506134033e-01
6.557499766349792480e-01 3.031666576862335205e-01 8.272500038146972656e-01 2.447499930858612061e-01 3.577499985694885254e-01 2.302500009536743164e-01 5.547998547554016113e-01 3.781130909919738770e-01 7.190359830856323242e-01 5.739508867263793945e-01 4.014956057071685791e-01 3.682391345500946045e-01
7.777500152587890625e-01 5.548333525657653809e-01 2.002499997615814209e-01 6.624999642372131348e-02 9.717500209808349609e-01 1.587499976158142090e-01 7.902708649635314941e-01 6.657293438911437988e-01 2.248566448688507080e-01 8.542348444461822510e-02 9.206719994544982910e-01 2.598035335540771484e-01
3.872500061988830566e-01 4.365000128746032715e-01 9.387500286102294922e-01 8.342499732971191406e-01 6.622499823570251465e-01 1.447499990463256836e-01 3.157717883586883545e-01 2.771956324577331543e-01 8.221595883369445801e-01 7.985365986824035645e-01 6.905611753463745117e-01 1.947826743125915527e-01
8.002499938011169434e-01 3.785000145435333252e-01 3.072499930858612061e-01 7.832499742507934570e-01 1.722500026226043701e-01 9.412500262260437012e-01 7.693183422088623047e-01 4.638822972774505615e-01 4.936366081237792969e-01 6.700072884559631348e-01 1.374077349901199341e-01 6.302263140678405762e-01
7.812500000000000000e-01 1.751666665077209473e-01 3.517499864101409912e-01 4.552499949932098389e-01 5.249999929219484329e-03 9.752500057220458984e-01 6.230694055557250977e-01 3.607231378555297852e-01 4.833336770534515381e-01 6.464866995811462402e-01 5.102471634745597839e-02 5.876795053482055664e-01
4.392499923706054688e-01 7.818333506584167480e-01 6.822500228881835938e-01 7.642499804496765137e-01 5.087500214576721191e-01 1.137500032782554626e-01 4.720562696456909180e-01 6.548331379890441895e-01 6.311462521553039551e-01 5.965430736541748047e-01 4.904860258102416992e-01 1.386415809392929077e-01
3.167499899864196777e-01 7.714999914169311523e-01 3.377499878406524658e-01 3.597500026226043701e-01 8.707500100135803223e-01 7.347499728202819824e-01 3.395387232303619385e-01 5.001361370086669922e-01 1.456323564052581787e-01 2.804661095142364502e-01 9.276404380798339844e-01 8.055645823478698730e-01
9.547500014305114746e-01 3.425000011920928955e-01 2.362499982118606567e-01 2.532500028610229492e-01 3.957499861717224121e-01 3.624999895691871643e-02 9.057670235633850098e-01 6.015771627426147461e-01 4.336514770984649658e-01 2.400299161672592163e-01 3.410548269748687744e-01 7.689340412616729736e-02
5.652499794960021973e-01 6.051666736602783203e-01 2.692500054836273193e-01 4.037500023841857910e-01 1.512500047683715820e-01 5.232499837875366211e-01 6.271533370018005371e-01 6.005468964576721191e-01 2.588784396648406982e-01 4.291148483753204346e-01 1.615528017282485962e-01 6.214435696601867676e-01
2.152500003576278687e-01 8.138333559036254883e-01 9.817500114440917969e-01 6.437500119209289551e-01 5.357499718666076660e-01 7.532500028610229492e-01 1.721985340118408203e-01 6.844223737716674805e-01 7.273325920104980469e-01 6.966218352317810059e-01 5.266180038452148438e-01 2.825463414192199707e-01
9.502500295639038086e-01 4.421666562557220459e-01 6.302499771118164062e-01 3.707500100135803223e-01 3.777500092983245850e-01 6.525000184774398804e-02 8.501806855201721191e-01 4.083792567253112793e-01 7.327263951301574707e-01 5.348613262176513672e-01 3.984690606594085693e-01 1.677582859992980957e-01
6.424999982118606567e-02 3.221666812896728516e-01 1.432500034570693970e-01 9.674999862909317017e-02 7.162500023841857910e-01 4.102500081062316895e-01 1.500622332096099854e-01 4.917298853397369385e-01 2.839926481246948242e-01 1.475920379161834717e-01 6.191984415054321289e-01 6.774854063987731934e-01
2.087499946355819702e-01 8.308333158493041992e-01 8.952500224113464355e-01 2.347500026226043701e-01 1.957499980926513672e-01 4.662500023841857910e-01 1.910050213336944580e-01 5.817607045173645020e-01 5.985864996910095215e-01 3.012792468070983887e-01 2.549564242362976074e-01 2.052253037691116333e-01
2.517499923706054688e-01 6.198333501815795898e-01 4.977500140666961670e-01 7.227500081062316895e-01 5.952500104904174805e-01 5.182499885559082031e-01 2.249972373247146606e-01 6.546829938888549805e-01 6.599485874176025391e-01 6.591350436210632324e-01 5.335469841957092285e-01 3.419755995273590088e-01
9.192500114440917969e-01 4.514999985694885254e-01 6.262500286102294922e-01 7.275000214576721191e-02 7.157499790191650391e-01 9.662500023841857910e-01 9.012956023216247559e-01 5.232133269309997559e-01 3.458474278450012207e-01 1.500001251697540283e-01 6.827200055122375488e-01 4.028266072273254395e-01
3.627499938011169434e-01 5.935000181198120117e-01 5.862500071525573730e-01 1.075000036507844925e-02 5.074999853968620300e-02 5.107499957084655762e-01 5.035283565521240234e-01 3.283645212650299072e-01 4.120134115219116211e-01 5.950108170509338379e-02 9.440851956605911255e-02 6.760874986648559570e-01
6.227499842643737793e-01 5.504999756813049316e-01 9.182500243186950684e-01 2.882499992847442627e-01 4.312500059604644775e-01 7.077500224113464355e-01 6.392359733581542969e-01 3.784520030021667480e-01 5.698301196098327637e-01 2.584095299243927002e-01 4.678619801998138428e-01 4.185532927513122559e-01
7.152500152587890625e-01 2.968333363533020020e-01 3.749999916180968285e-03 2.847500145435333252e-01 3.277499973773956299e-01 7.597500085830688477e-01 5.769970417022705078e-01 3.375722467899322510e-01 2.597467601299285889e-01 2.267749607563018799e-01 3.414742350578308105e-01 7.140176892280578613e-01
1.912499964237213135e-01 2.818333208560943604e-01 2.477499991655349731e-01 2.682499885559082031e-01 9.972500205039978027e-01 6.417499780654907227e-01 1.774175763130187988e-01 3.946098387241363525e-01 3.197887241840362549e-01 1.960935741662979126e-01 9.397390484809875488e-01 8.701350092887878418e-01
1.775000058114528656e-02 2.228333353996276855e-01 6.617500185966491699e-01 5.175000056624412537e-02 1.687500029802322388e-01 7.302500009536743164e-01 1.076735090464353561e-03 2.195589095354080200e-01 8.167461752891540527e-01 1.363182216882705688e-01 7.788295298814773560e-02 7.872733473777770996e-01
3.617500066757202148e-01 1.958333402872085571e-01 1.767500042915344238e-01 4.187499880790710449e-01 8.402500152587890625e-01 6.582499742507934570e-01 3.572446405887603760e-01 3.891389667987823486e-01 2.306157946586608887e-01 5.014497637748718262e-01 8.413349986076354980e-01 7.579808831214904785e-01
5.397499799728393555e-01 4.061666727066040039e-01 6.297500133514404297e-01 3.267500102519989014e-01 3.487499952316284180e-01 5.725000053644180298e-02 4.512888789176940918e-01 4.015840590000152588e-01 6.504002809524536133e-01 4.037123918533325195e-01 3.849352598190307617e-01 1.901159882545471191e-01
2.172500044107437134e-01 6.765000224113464355e-01 9.674999862909317017e-02 9.392499923706054688e-01 9.047499895095825195e-01 6.832500100135803223e-01 2.559100687503814697e-01 6.218635439872741699e-01 1.281506717205047607e-01 8.246420621871948242e-01 8.441554903984069824e-01 7.419065237045288086e-01
3.762499988079071045e-01 2.175000011920928955e-01 1.457500010728836060e-01 2.972500026226043701e-01 3.892500102519989014e-01 4.632500112056732178e-01 5.321889519691467285e-01 3.957996666431427002e-01 2.507934570312500000e-01 2.682571411132812500e-01 3.344409763813018799e-01 7.096142172813415527e-01
4.147500097751617432e-01 2.754999995231628418e-01 9.357500076293945312e-01 5.447499752044677734e-01 4.547500014305114746e-01 2.727499902248382568e-01 3.585236668586730957e-01 2.669691443443298340e-01 7.753296494483947754e-01 6.737430691719055176e-01 5.760614275932312012e-01 3.563516736030578613e-01
7.925000041723251343e-02 4.868333339691162109e-01 4.742499887943267822e-01 2.274999953806400299e-02 9.662500023841857910e-01 8.462499976158142090e-01 8.094933629035949707e-02 4.760113954544067383e-01 4.371627569198608398e-01 3.922928497195243835e-02 9.144141077995300293e-01 6.770883798599243164e-01
6.567500233650207520e-01 6.668333411216735840e-01 1.217499971389770508e-01 8.567500114440917969e-01 1.202500015497207642e-01 8.427500128746032715e-01 6.849463582038879395e-01 5.802023410797119141e-01 2.225946635007858276e-01 7.469953894615173340e-01 7.380068302154541016e-02 6.034830212593078613e-01
1.017500013113021851e-01 8.181666731834411621e-01 4.687500000000000000e-01 5.482500195503234863e-01 1.012500002980232239e-01 6.250000093132257462e-03 1.146373301744461060e-01 8.414453864097595215e-01 5.279310345649719238e-01 4.327595233917236328e-01 1.101548224687576294e-01 4.031658545136451721e-02
8.697500228881835938e-01 5.304999947547912598e-01 9.707499742507934570e-01 6.927499771118164062e-01 5.352500081062316895e-01 5.874999985098838806e-02 9.063559770584106445e-01 4.113392829895019531e-01 7.649523019790649414e-01 7.690672278404235840e-01 6.075596809387207031e-01 3.519930243492126465e-01
9.525000303983688354e-02 5.774999856948852539e-01 1.882500052452087402e-01 4.282500147819519043e-01 5.407500267028808594e-01 2.332500070333480835e-01 1.626915484666824341e-01 6.497473120689392090e-01 4.497537016868591309e-01 3.944829702377319336e-01 5.281959176063537598e-01 3.192136883735656738e-01
6.075000017881393433e-02 1.908333301544189453e-01 2.627499997615814209e-01 1.117499992251396179e-01 8.874999731779098511e-02 7.127500176429748535e-01 1.647820323705673218e-02 2.271270006895065308e-01 2.753812968730926514e-01 7.319437712430953979e-02 2.003847807645797729e-02 8.248278498649597168e-01
8.177499771118164062e-01 5.158333182334899902e-01 9.177500009536743164e-01 6.962500214576721191e-01 9.737499952316284180e-01 9.702500104904174805e-01 7.901737689971923828e-01 5.179722309112548828e-01 6.750734448432922363e-01 8.076404333114624023e-01 8.509592413902282715e-01 5.174518227577209473e-01
6.862499713897705078e-01 1.848333328962326050e-01 1.072499975562095642e-01 1.247500032186508179e-01 1.492500007152557373e-01 7.677500247955322266e-01 6.170954704284667969e-01 3.905561268329620361e-01 3.367882668972015381e-01 1.226903796195983887e-01 1.305539608001708984e-01 6.890623569488525391e-01
2.367500066757202148e-01 5.378333330154418945e-01 3.197500109672546387e-01 2.102500051259994507e-01 3.602499961853027344e-01 9.782500267028808594e-01 2.362527847290039062e-01 4.510492086410522461e-01 2.393592149019241333e-01 2.015731632709503174e-01 5.236658453941345215e-01 8.488664627075195312e-01
5.452499985694885254e-01 3.055000007152557373e-01 9.522500038146972656e-01 7.967500090599060059e-01 7.602499723434448242e-01 7.032499909400939941e-01 4.485226571559906006e-01 2.716495692729949951e-01 8.353960514068603516e-01 8.871262073516845703e-01 7.717815637588500977e-01 5.006122589111328125e-01
7.737500071525573730e-01 4.474999904632568359e-01 6.207500100135803223e-01 8.602499961853027344e-01 5.787500143051147461e-01 4.107500016689300537e-01 8.287733197212219238e-01 4.735167026519775391e-01 6.358115673065185547e-01 8.219825625419616699e-01 6.495245099067687988e-01 5.602646470069885254e-01
8.162500262260437012e-01 6.061666607856750488e-01 4.707500040531158447e-01 2.437500059604644775e-01 1.947499960660934448e-01 3.232499957084655762e-01 8.184553980827331543e-01 6.280177831649780273e-01 4.003248810768127441e-01 3.503677845001220703e-01 1.974973082542419434e-01 2.309987843036651611e-01
1.562500000000000000e-01 2.598333358764648438e-01 1.867499947547912598e-01 7.337499856948852539e-01 2.272499948740005493e-01 7.625000178813934326e-02 2.514246404170989990e-01 3.763642311096191406e-01 5.506274700164794922e-01 5.450160503387451172e-01 2.096107751131057739e-01 4.521521925926208496e-01
9.212499856948852539e-01 5.285000205039978027e-01 5.617499947547912598e-01 9.492499828338623047e-01 5.022500157356262207e-01 6.872500181198120117e-01 9.095427393913269043e-01 4.454979002475738525e-01 6.063113212585449219e-01 8.615700602531433105e-01 5.886967778205871582e-01 5.627670288085937500e-01
9.157500267028808594e-01 3.728333413600921631e-01 5.482500195503234863e-01 9.407500028610229492e-01 3.007499873638153076e-01 1.907500028610229492e-01 9.471082687377929688e-01 4.817344546318054199e-01 7.772849202156066895e-01 8.119683265686035156e-01 3.040223717689514160e-01 3.659742772579193115e-01
3.424999862909317017e-02 4.754999876022338867e-01 7.697499990463256836e-01 2.577500045299530029e-01 8.107500076293945312e-01 5.792499780654907227e-01 2.592222578823566437e-02 5.308037996292114258e-01 8.317107558250427246e-01 3.501497805118560791e-01 8.309794664382934570e-01 6.501978635787963867e-01
7.432500123977661133e-01 3.411666750907897949e-01 5.337499976158142090e-01 6.142500042915344238e-01 6.477500200271606445e-01 8.992499709129333496e-01 7.065774798393249512e-01 3.763713240623474121e-01 4.951705336570739746e-01 5.936654806137084961e-01 6.746814846992492676e-01 6.504426598548889160e-01
6.927499771118164062e-01 6.318333148956298828e-01 3.787499964237213135e-01 6.617500185966491699e-01 3.747499883174896240e-01 4.137499928474426270e-01 7.034779787063598633e-01 7.203363776206970215e-01 3.927890956401824951e-01 6.125646233558654785e-01 3.539768755435943604e-01 2.477890253067016602e-01
6.177499890327453613e-01 6.188333630561828613e-01 4.407500028610229492e-01 3.187499940395355225e-01 5.037500262260437012e-01 1.127500012516975403e-01 6.827103495597839355e-01 5.756115913391113281e-01 4.410739839076995850e-01 3.143209218978881836e-01 5.102514028549194336e-01 2.056902498006820679e-01
3.567500114440917969e-01 3.388333320617675781e-01 5.867499709129333496e-01 6.472499966621398926e-01 5.577499866485595703e-01 3.337500095367431641e-01 4.024443030357360840e-01 3.397193849086761475e-01 6.327334642410278320e-01 5.888062119483947754e-01 6.006104350090026855e-01 4.893696308135986328e-01
5.147500038146972656e-01 7.461666464805603027e-01 4.427500069141387939e-01 2.087499946355819702e-01 4.997499883174896240e-01 3.462499976158142090e-01 4.889906346797943115e-01 6.724882721900939941e-01 3.669457733631134033e-01 3.310132920742034912e-01 5.806800127029418945e-01 3.528880476951599121e-01
1.197500005364418030e-01 7.655000090599060059e-01 3.937500119209289551e-01 4.627499878406524658e-01 2.425000071525573730e-02 7.352499961853027344e-01 1.305447518825531006e-01 4.850357472896575928e-01 2.570634186267852783e-01 2.911736369132995605e-01 8.971066772937774658e-02 5.724318623542785645e-01
9.242500066757202148e-01 5.005000233650207520e-01 6.162499785423278809e-01 5.257499814033508301e-01 7.982500195503234863e-01 2.792499959468841553e-01 8.722345232963562012e-01 3.441987335681915283e-01 6.101016998291015625e-01 6.026564240455627441e-01 8.625624775886535645e-01 5.273593664169311523e-01
2.742500007152557373e-01 2.431666702032089233e-01 6.825000047683715820e-02 1.872500032186508179e-01 7.892500162124633789e-01 7.912499904632568359e-01 2.686903178691864014e-01 4.185801744461059570e-01 1.292183399200439453e-01 3.048227131366729736e-01 8.163817524909973145e-01 8.762166500091552734e-01
6.397500038146972656e-01 7.154999971389770508e-01 5.697500109672546387e-01 5.147500038146972656e-01 6.047499775886535645e-01 2.947500050067901611e-01 6.846762299537658691e-01 5.431525707244873047e-01 4.851910471916198730e-01 4.769521653652191162e-01 5.825121402740478516e-01 2.182769328355789185e-01
8.067499995231628418e-01 7.524999976158142090e-01 9.367499947547912598e-01 5.612499713897705078e-01 4.272499978542327881e-01 8.757500052452087402e-01 7.410209178924560547e-01 4.619051218032836914e-01 6.838233470916748047e-01 7.128942012786865234e-01 4.823817014694213867e-01 4.756894409656524658e-01
1.832499951124191284e-01 1.901666671037673950e-01 9.902499914169311523e-01 3.447499871253967285e-01 4.292500019073486328e-01 1.432500034570693970e-01 2.430450022220611572e-01 3.807157874107360840e-01 6.993996500968933105e-01 5.052091479301452637e-01 4.643135368824005127e-01 3.643834590911865234e-01
5.707499980926513672e-01 2.768333256244659424e-01 2.472500056028366089e-01 4.202499985694885254e-01 6.162499785423278809e-01 5.925000086426734924e-02 5.411790013313293457e-01 4.556588232517242432e-01 4.861561059951782227e-01 4.163321256637573242e-01 6.446400284767150879e-01 1.871131658554077148e-01
5.967500209808349609e-01 5.328333377838134766e-01 5.092499852180480957e-01 5.947499871253967285e-01 3.992500007152557373e-01 3.677499890327453613e-01 6.047193408012390137e-01 5.194039940834045410e-01 4.735742509365081787e-01 5.466971397399902344e-01 4.124429523944854736e-01 4.499795436859130859e-01
8.012499809265136719e-01 2.465000003576278687e-01 1.237500011920928955e-01 8.877500295639038086e-01 9.302499890327453613e-01 4.457499980926513672e-01 8.317348957061767578e-01 5.024908781051635742e-01 3.241666555404663086e-01 8.726341128349304199e-01 8.764645457267761230e-01 7.078650593757629395e-01
8.725000172853469849e-02 5.738333463668823242e-01 8.117499947547912598e-01 8.967499732971191406e-01 4.697499871253967285e-01 8.602499961853027344e-01 5.136769264936447144e-02 4.773364663124084473e-01 7.160642147064208984e-01 8.062784671783447266e-01 4.936115145683288574e-01 7.109643220901489258e-01
9.382500052452087402e-01 3.701666593551635742e-01 8.425000309944152832e-02 3.137499988079071045e-01 5.662500262260437012e-01 3.982500135898590088e-01 9.091532826423645020e-01 5.573011636734008789e-01 2.720774114131927490e-01 1.899813264608383179e-01 5.516205430030822754e-01 5.105002522468566895e-01
8.577499985694885254e-01 2.168333381414413452e-01 2.547500133514404297e-01 3.422499895095825195e-01 2.307499945163726807e-01 5.277500152587890625e-01 6.614745259284973145e-01 4.223368465900421143e-01 5.795448422431945801e-01 4.047168493270874023e-01 2.146061807870864868e-01 5.727017521858215332e-01
7.232499718666076660e-01 4.351666569709777832e-01 1.682499945163726807e-01 6.122499704360961914e-01 1.682499945163726807e-01 6.467499732971191406e-01 5.408769249916076660e-01 3.951910436153411865e-01 4.621966183185577393e-01 6.937561631202697754e-01 1.729625612497329712e-01 6.176029443740844727e-01
9.477499723434448242e-01 2.308333367109298706e-01 1.042499989271163940e-01 3.242500126361846924e-01 1.475000008940696716e-02 7.307500243186950684e-01 6.650021076202392578e-01 4.601575732231140137e-01 3.426176607608795166e-01 6.191874742507934570e-01 5.106742307543754578e-02 5.318833589553833008e-01
4.162499904632568359e-01 3.471666574478149414e-01 4.787499904632568359e-01 3.037500083446502686e-01 8.972499966621398926e-01 8.075000345706939697e-02 4.274070262908935547e-01 3.882581591606140137e-01 5.324840545654296875e-01 2.426819950342178345e-01 9.203733801841735840e-01 2.060468196868896484e-01
8.425000309944152832e-02 3.655000030994415283e-01 1.875000074505805969e-02 4.672499895095825195e-01 2.232500016689300537e-01 3.777500092983245850e-01 1.672882437705993652e-01 4.817362427711486816e-01 1.965348124504089355e-01 4.095836877822875977e-01 1.108426377177238464e-01 7.311728000640869141e-01
6.597499847412109375e-01 2.834999859333038330e-01 8.867499828338623047e-01 8.802499771118164062e-01 9.377499818801879883e-01 3.167499899864196777e-01 7.730218768119812012e-01 2.488470226526260376e-01 7.710614204406738281e-01 8.689099550247192383e-01 9.152441620826721191e-01 4.349921643733978271e-01
8.997499942779541016e-01 3.171666562557220459e-01 7.972499728202819824e-01 1.452499926090240479e-01 7.557500004768371582e-01 7.992500066757202148e-01 7.460854053497314453e-01 3.408610522747039795e-01 5.760664939880371094e-01 4.387425184249877930e-01 7.901082038879394531e-01 4.733026623725891113e-01
5.922499895095825195e-01 3.555000126361846924e-01 8.552500009536743164e-01 7.402499914169311523e-01 2.752499878406524658e-01 4.337500035762786865e-01 7.318578958511352539e-01 3.877027928829193115e-01 7.533497810363769531e-01 7.765345573425292969e-01 2.700473666191101074e-01 5.459021925926208496e-01
1.992499977350234985e-01 3.591666519641876221e-01 9.657499790191650391e-01 3.250000067055225372e-03 8.375000208616256714e-02 1.747500002384185791e-01 1.414461135864257812e-01 4.176111519336700439e-01 5.989802479743957520e-01 3.120714724063873291e-01 1.477704644203186035e-01 3.079272210597991943e-01
9.324999898672103882e-02 5.198333263397216797e-01 2.852500081062316895e-01 6.117500066757202148e-01 8.752499818801879883e-01 9.907500147819519043e-01 1.054139956831932068e-01 4.450179636478424072e-01 2.087347358465194702e-01 4.025916755199432373e-01 7.996949553489685059e-01 8.923954367637634277e-01
3.557499945163726807e-01 4.548333287239074707e-01 2.712500095367431641e-01 3.907499909400939941e-01 8.172500133514404297e-01 9.425000101327896118e-02 4.023869633674621582e-01 6.355614066123962402e-01 3.774320483207702637e-01 2.516751885414123535e-01 8.415930271148681641e-01 2.159896492958068848e-01
4.982500076293945312e-01 3.598333299160003662e-01 6.932500004768371582e-01 8.737499713897705078e-01 3.422499895095825195e-01 8.537499904632568359e-01 6.088507771492004395e-01 3.811638951301574707e-01 5.898345708847045898e-01 6.782309412956237793e-01 3.316647410392761230e-01 6.272951364517211914e-01
1.117499992251396179e-01 3.808333277702331543e-01 1.052500009536743164e-01 5.272499918937683105e-01 7.074999809265136719e-02 1.727499961853027344e-01 1.678747832775115967e-01 3.716196715831756592e-01 3.968190252780914307e-01 2.708235979080200195e-01 4.470562562346458435e-02 2.767919003963470459e-01
2.907499969005584717e-01 4.438333213329315186e-01 6.312500238418579102e-01 9.792500138282775879e-01 9.562500119209289551e-01 8.197500109672546387e-01 3.040835857391357422e-01 3.768284320831298828e-01 7.211902737617492676e-01 8.048156499862670898e-01 8.587089180946350098e-01 7.051587104797363281e-01
8.332499861717224121e-01 3.888333439826965332e-01 5.274999886751174927e-02 4.912500083446502686e-01 2.452500015497207642e-01 1.102500036358833313e-01 7.738097310066223145e-01 5.587964653968811035e-01 4.702372252941131592e-01 3.565053641796112061e-01 2.383459359407424927e-01 3.218315243721008301e-01
6.132500171661376953e-01 4.048333466053009033e-01 4.632500112056732178e-01 7.622500061988830566e-01 1.612499952316284180e-01 7.892500162124633789e-01 7.211972475051879883e-01 4.529328942298889160e-01 5.046159625053405762e-01 5.716232657432556152e-01 1.261288821697235107e-01 5.962100028991699219e-01
