9.942499995231628418e-01 2.911666631698608398e-01 8.725000172853469849e-02 9.897500276565551758e-01 3.057500123977661133e-01 6.042500138282775879e-01 8.509652018547058105e-01 4.061034619808197021e-01 4.470074474811553955e-01 9.199864864349365234e-01 2.883366346359252930e-01 6.797842383384704590e-01
5.147500038146972656e-01 7.461666464805603027e-01 4.427500069141387939e-01 2.087499946355819702e-01 4.997499883174896240e-01 3.462499976158142090e-01 4.775951802730560303e-01 6.276417970657348633e-01 3.944127559661865234e-01 3.118510842323303223e-01 6.118129491806030273e-01 3.130929172039031982e-01
4.982500076293945312e-01 3.598333299160003662e-01 6.932500004768371582e-01 8.737499713897705078e-01 3.422499895095825195e-01 8.537499904632568359e-01 6.177325844764709473e-01 3.993504941463470459e-01 5.974740386009216309e-01 6.179258823394775391e-01 2.884089946746826172e-01 5.346317291259765625e-01
1.502500027418136597e-01 6.945000290870666504e-01 7.067499756813049316e-01 2.177499979734420776e-01 9.425000101327896118e-02 7.327499985694885254e-01 1.060716137290000916e-01 5.466058254241943359e-01 5.407606363296508789e-01 1.817051917314529419e-01 1.795080453157424927e-01 5.564336180686950684e-01
7.262499928474426270e-01 3.008333444595336914e-01 2.924999967217445374e-02 6.517500281333923340e-01 3.974999859929084778e-02 5.482500195503234863e-01 7.464949488639831543e-01 3.473998308181762695e-01 2.671842575073242188e-01 6.333316564559936523e-01 3.780763968825340271e-02 6.741092801094055176e-01
1.117499992251396179e-01 3.808333277702331543e-01 1.052500009536743164e-01 5.272499918937683105e-01 7.074999809265136719e-02 1.727499961853027344e-01 1.645458340644836426e-01 4.228010475635528564e-01 5.728995800018310547e-01 1.882628351449966431e-01 5.474111437797546387e-02 3.920691013336181641e-01
1.492500007152557373e-01 5.341666936874389648e-01 2.392500042915344238e-01 5.562499761581420898e-01 3.927499949932098389e-01 8.967499732971191406e-01 1.933692544698715210e-01 5.616805553436279297e-01 1.489726454019546509e-01 3.429328501224517822e-01 4.480352103710174561e-01 9.061272740364074707e-01
9.197499752044677734e-01 7.251666784286499023e-01 5.852500200271606445e-01 9.272500276565551758e-01 1.032499969005584717e-01 7.707499861717224121e-01 9.318785667419433594e-01 3.822190761566162109e-01 4.571544229984283447e-01 9.218953847885131836e-01 8.378040045499801636e-02 7.012941241264343262e-01
5.992500185966491699e-01 7.551666498184204102e-01 8.052499890327453613e-01 4.177500009536743164e-01 7.957500219345092773e-01 1.612499952316284180e-01 6.850180625915527344e-01 5.782888531684875488e-01 5.854470133781433105e-01 3.867978751659393311e-01 7.767122983932495117e-01 3.063607811927795410e-01
7.922499775886535645e-01 2.451666593551635742e-01 2.677499949932098389e-01 3.075000084936618805e-02 9.747499823570251465e-01 6.012499928474426270e-01 8.858552575111389160e-01 3.177840709686279297e-01 9.392838925123214722e-02 1.675926744937896729e-01 9.399989247322082520e-01 7.260275483131408691e-01
9.192500114440917969e-01 4.514999985694885254e-01 6.262500286102294922e-01 7.275000214576721191e-02 7.157499790191650391e-01 9.662500023841857910e-01 8.778964877128601074e-01 4.928795099258422852e-01 3.687573373317718506e-01 1.123720780014991760e-01 6.827169060707092285e-01 4.165152907371520996e-01
3.097499907016754150e-01 5.391666889190673828e-01 8.897500038146972656e-01 1.025000028312206268e-02 7.647500038146972656e-01 5.742499828338623047e-01 2.284335494041442871e-01 4.047432243824005127e-01 5.771237611770629883e-01 2.358392030000686646e-01 9.351547360420227051e-01 7.157875895500183105e-01
8.177499771118164062e-01 5.158333182334899902e-01 9.177500009536743164e-01 6.962500214576721191e-01 9.737499952316284180e-01 9.702500104904174805e-01 8.180263042449951172e-01 5.268755555152893066e-01 7.707299590110778809e-01 6.695150732994079590e-01 8.040276765823364258e-01 3.719345033168792725e-01
5.922499895095825195e-01 3.555000126361846924e-01 8.552500009536743164e-01 7.402499914169311523e-01 2.752499878406524658e-01 4.337500035762786865e-01 7.588456869125366211e-01 3.850914835929870605e-01 6.422557830810546875e-01 8.443653583526611328e-01 2.650226652622222900e-01 5.495063662528991699e-01
8.162500262260437012e-01 6.061666607856750488e-01 4.707500040531158447e-01 2.437500059604644775e-01 1.947499960660934448e-01 3.232499957084655762e-01 7.774348855018615723e-01 5.762568712234497070e-01 3.965320885181427002e-01 3.454458713531494141e-01 1.468804925680160522e-01 3.452216386795043945e-01
2.687500119209289551e-01 6.104999780654907227e-01 4.147500097751617432e-01 2.887499928474426270e-01 8.177499771118164062e-01 2.337500005960464478e-01 2.541004121303558350e-01 6.494190096855163574e-01 3.645172715187072754e-01 4.026104509830474854e-01 8.836511969566345215e-01 4.080615639686584473e-01
9.242500066757202148e-01 5.005000233650207520e-01 6.162499785423278809e-01 5.257499814033508301e-01 7.982500195503234863e-01 2.792499959468841553e-01 8.657877445220947266e-01 3.474826812744140625e-01 7.276687622070312500e-01 5.127785801887512207e-01 8.504407405853271484e-01 3.905361294746398926e-01
6.597499847412109375e-01 2.834999859333038330e-01 8.867499828338623047e-01 8.802499771118164062e-01 9.377499818801879883e-01 3.167499899864196777e-01 8.329919576644897461e-01 2.661419808864593506e-01 8.246641159057617188e-01 8.259621858596801758e-01 9.069306850433349609e-01 3.596306443214416504e-01
4.377500116825103760e-01 3.538333475589752197e-01 5.725000053644180298e-02 3.642500042915344238e-01 2.675000019371509552e-02 4.397499859333038330e-01 4.389427602291107178e-01 4.544042050838470459e-01 2.541891336441040039e-01 4.585770666599273682e-01 6.125804409384727478e-02 6.626967787742614746e-01
3.557499945163726807e-01 4.548333287239074707e-01 2.712500095367431641e-01 3.907499909400939941e-01 8.172500133514404297e-01 9.425000101327896118e-02 4.209138154983520508e-01 5.997427701950073242e-01 3.216353952884674072e-01 3.457954823970794678e-01 8.266769051551818848e-01 4.095607995986938477e-01
2.172500044107437134e-01 6.765000224113464355e-01 9.674999862909317017e-02 9.392499923706054688e-01 9.047499895095825195e-01 6.832500100135803223e-01 2.471327781677246094e-01 6.990217566490173340e-01 2.870244383811950684e-01 6.546225547790527344e-01 7.358112335205078125e-01 5.195371508598327637e-01
1.992499977350234985e-01 3.591666519641876221e-01 9.657499790191650391e-01 3.250000067055225372e-03 8.375000208616256714e-02 1.747500002384185791e-01 1.607777029275894165e-01 4.722965955734252930e-01 6.557118892669677734e-01 2.699654698371887207e-01 1.435710489749908447e-01 3.616996407508850098e-01
9.477499723434448242e-01 2.308333367109298706e-01 1.042499989271163940e-01 3.242500126361846924e-01 1.475000008940696716e-02 7.307500243186950684e-01 7.600609064102172852e-01 4.044946730136871338e-01 3.006415963172912598e-01 5.024806857109069824e-01 3.844260796904563904e-02 5.704396963119506836e-01
7.037500143051147461e-01 2.081666737794876099e-01 5.124999955296516418e-02 8.377500176429748535e-01 9.057499766349792480e-01 5.697500109672546387e-01 6.871924400329589844e-01 3.202953040599822998e-01 3.636847734451293945e-01 6.268575787544250488e-01 8.748347759246826172e-01 5.802943706512451172e-01
8.577499985694885254e-01 2.168333381414413452e-01 2.547500133514404297e-01 3.422499895095825195e-01 2.307499945163726807e-01 5.277500152587890625e-01 6.559541225433349609e-01 3.949353396892547607e-01 5.304172039031982422e-01 4.709052443504333496e-01 2.052350044250488281e-01 5.327940583229064941e-01
9.327499866485595703e-01 1.961666643619537354e-01 5.502499938011169434e-01 5.617499947547912598e-01 1.867499947547912598e-01 6.222500205039978027e-01 8.802909851074218750e-01 4.262551665306091309e-01 5.280119776725769043e-01 8.620287775993347168e-01 1.500734537839889526e-01 6.194925308227539062e-01
1.967500001192092896e-01 5.351666808128356934e-01 5.907499790191650391e-01 6.075000017881393433e-02 9.127500057220458984e-01 9.517499804496765137e-01 1.710863560438156128e-01 4.479003846645355225e-01 3.773561120033264160e-01 1.984387785196304321e-01 9.610584974288940430e-01 8.337827920913696289e-01
3.167499899864196777e-01 7.714999914169311523e-01 3.377499878406524658e-01 3.597500026226043701e-01 8.707500100135803223e-01 7.347499728202819824e-01 4.033203423023223877e-01 4.878285527229309082e-01 1.312223523855209351e-01 2.686741352081298828e-01 9.395332932472229004e-01 8.091033697128295898e-01
2.562499940395355225e-01 6.324999928474426270e-01 7.047500014305114746e-01 3.497500121593475342e-01 2.192499935626983643e-01 1.677500009536743164e-01 3.308900594711303711e-01 5.298880934715270996e-01 6.202985048294067383e-01 3.608632087707519531e-01 2.752425074577331543e-01 3.171910345554351807e-01
7.925000041723251343e-02 4.868333339691162109e-01 4.742499887943267822e-01 2.274999953806400299e-02 9.662500023841857910e-01 8.462499976158142090e-01 7.448869198560714722e-02 5.067271590232849121e-01 5.508221983909606934e-01 8.820227533578872681e-02 9.028514027595520020e-01 6.597790718078613281e-01
1.832499951124191284e-01 1.901666671037673950e-01 9.902499914169311523e-01 3.447499871253967285e-01 4.292500019073486328e-01 1.432500034570693970e-01 2.604414224624633789e-01 4.861401617527008057e-01 7.500031590461730957e-01 4.814627468585968018e-01 4.471425414085388184e-01 3.767039477825164795e-01
2.087499946355819702e-01 8.308333158493041992e-01 8.952500224113464355e-01 2.347500026226043701e-01 1.957499980926513672e-01 4.662500023841857910e-01 1.988702416419982910e-01 5.827032923698425293e-01 6.385307312011718750e-01 3.172582387924194336e-01 2.810176312923431396e-01 2.348079979419708252e-01
5.707499980926513672e-01 2.768333256244659424e-01 2.472500056028366089e-01 4.202499985694885254e-01 6.162499785423278809e-01 5.925000086426734924e-02 5.302236080169677734e-01 5.093975663185119629e-01 6.432514190673828125e-01 2.704954743385314941e-01 6.145198345184326172e-01 2.860052287578582764e-01
1.775000058114528656e-02 2.228333353996276855e-01 6.617500185966491699e-01 5.175000056624412537e-02 1.687500029802322388e-01 7.302500009536743164e-01 3.652285318821668625e-03 2.194561511278152466e-01 9.206348061561584473e-01 6.153178960084915161e-02 5.894713103771209717e-02 7.017551660537719727e-01
5.237500071525573730e-01 5.421666502952575684e-01 4.572499990463256836e-01 7.225000113248825073e-02 6.075000017881393433e-02 4.832499921321868896e-01 4.926070868968963623e-01 4.557976722717285156e-01 4.222172796726226807e-01 3.283009529113769531e-01 1.385597735643386841e-01 5.358911156654357910e-01
6.677500009536743164e-01 6.388333439826965332e-01 2.257499992847442627e-01 1.757500022649765015e-01 1.952500045299530029e-01 1.592500060796737671e-01 6.743527054786682129e-01 6.834431886672973633e-01 2.809099555015563965e-01 3.024826645851135254e-01 1.888577938079833984e-01 3.305377066135406494e-01
5.857499837875366211e-01 5.264999866485595703e-01 9.624999761581420898e-02 1.667499989271163940e-01 6.437500119209289551e-01 8.047500252723693848e-01 5.798819065093994141e-01 5.109400749206542969e-01 1.639281809329986572e-01 2.301407456398010254e-01 8.099384903907775879e-01 7.192631363868713379e-01
6.227499842643737793e-01 5.504999756813049316e-01 9.182500243186950684e-01 2.882499992847442627e-01 4.312500059604644775e-01 7.077500224113464355e-01 5.828897953033447266e-01 4.085187911987304688e-01 6.600578427314758301e-01 2.706651687622070312e-01 5.250563621520996094e-01 4.206056892871856689e-01
8.002499938011169434e-01 3.785000145435333252e-01 3.072499930858612061e-01 7.832499742507934570e-01 1.722500026226043701e-01 9.412500262260437012e-01 8.172061443328857422e-01 4.181260168552398682e-01 4.076231122016906738e-01 6.294399499893188477e-01 9.725764393806457520e-02 6.032082438468933105e-01
5.967500209808349609e-01 5.328333377838134766e-01 5.092499852180480957e-01 5.947499871253967285e-01 3.992500007152557373e-01 3.677499890327453613e-01 6.131357550621032715e-01 5.345659255981445312e-01 5.307208895683288574e-01 4.625033438205718994e-01 3.769319653511047363e-01 3.973830342292785645e-01
8.697500228881835938e-01 5.304999947547912598e-01 9.707499742507934570e-01 6.927499771118164062e-01 5.352500081062316895e-01 5.874999985098838806e-02 8.693128228187561035e-01 4.576825499534606934e-01 8.680275678634643555e-01 7.916611433029174805e-01 5.891016125679016113e-01 3.285531699657440186e-01
2.907499969005584717e-01 4.438333213329315186e-01 6.312500238418579102e-01 9.792500138282775879e-01 9.562500119209289551e-01 8.197500109672546387e-01 2.545928359031677246e-01 4.347692430019378662e-01 8.054747581481933594e-01 7.078841328620910645e-01 8.767405748367309570e-01 6.040477156639099121e-01
9.250000119209289551e-03 6.671666502952575684e-01 8.472499847412109375e-01 4.362500011920928955e-01 1.627500057220458984e-01 2.147500067949295044e-01 1.263266056776046753e-02 5.972618460655212402e-01 8.707495927810668945e-01 3.073369562625885010e-01 1.869152039289474487e-01 1.817734837532043457e-01
3.857499957084655762e-01 8.264999985694885254e-01 8.447499871253967285e-01 1.167500019073486328e-01 1.217499971389770508e-01 5.342500209808349609e-01 4.894642233848571777e-01 5.665059089660644531e-01 4.114145636558532715e-01 3.276282250881195068e-01 1.977130323648452759e-01 5.473893284797668457e-01
4.192500114440917969e-01 8.331666588783264160e-01 2.402500063180923462e-01 3.272500038146972656e-01 2.727499902248382568e-01 9.457499980926513672e-01 4.219096302986145020e-01 6.943296790122985840e-01 1.813534647226333618e-01 3.648555874824523926e-01 3.509247601032257080e-01 7.187918424606323242e-01
6.424999982118606567e-02 3.221666812896728516e-01 1.432500034570693970e-01 9.674999862909317017e-02 7.162500023841857910e-01 4.102500081062316895e-01 1.093962639570236206e-01 6.093475818634033203e-01 3.805478513240814209e-01 1.377531141042709351e-01 6.088216304779052734e-01 5.714327096939086914e-01
9.547500014305114746e-01 3.425000011920928955e-01 2.362499982118606567e-01 2.532500028610229492e-01 3.957499861717224121e-01 3.624999895691871643e-02 7.920724749565124512e-01 5.432652831077575684e-01 5.423614978790283203e-01 1.601994931697845459e-01 3.204220533370971680e-01 1.881101876497268677e-01
6.177499890327453613e-01 6.188333630561828613e-01 4.407500028610229492e-01 3.187499940395355225e-01 5.037500262260437012e-01 1.127500012516975403e-01 6.403040885925292969e-01 5.492147207260131836e-01 5.306001901626586914e-01 2.042866498231887817e-01 5.221487283706665039e-01 2.480452060699462891e-01
3.842499852180480957e-01 7.928333282470703125e-01 6.317499876022338867e-01 7.692499756813049316e-01 8.192499876022338867e-01 7.407500147819519043e-01 3.684825897216796875e-01 6.192713975906372070e-01 5.723951458930969238e-01 5.913510322570800781e-01 7.929143309593200684e-01 3.442355990409851074e-01
4.174999892711639404e-02 7.754999995231628418e-01 2.872500121593475342e-01 9.377499818801879883e-01 2.587499916553497314e-01 1.472499966621398926e-01 1.040433570742607117e-01 7.749309539794921875e-01 4.976325631141662598e-01 8.215746879577636719e-01 2.653390765190124512e-01 2.314987182617187500e-01
