7.487499713897705078e-01 2.488333284854888916e-01 3.782500028610229492e-01 4.582499861717224121e-01 8.832499980926513672e-01 5.987499952316284180e-01 7.773043513298034668e-01 3.766924440860748291e-01 5.103043317794799805e-01 4.176883399486541748e-01 8.522089719772338867e-01 5.916975140571594238e-01
6.397500038146972656e-01 7.154999971389770508e-01 5.697500109672546387e-01 5.147500038146972656e-01 6.047499775886535645e-01 2.947500050067901611e-01 7.091137170791625977e-01 5.815897583961486816e-01 3.890827298164367676e-01 5.836389660835266113e-01 6.394930481910705566e-01 5.693258643150329590e-01
2.749999985098838806e-03 6.738333106040954590e-01 1.607500016689300537e-01 7.175000011920928955e-02 3.662500083446502686e-01 3.762499988079071045e-01 5.083746463060379028e-02 7.689104080200195312e-01 6.761297583580017090e-02 9.874582290649414062e-02 3.949811756610870361e-01 4.573782980442047119e-01
6.062499880790710449e-01 4.608333408832550049e-01 9.107499718666076660e-01 3.367500007152557373e-01 6.172500252723693848e-01 9.127500057220458984e-01 6.588771939277648926e-01 4.314574599266052246e-01 6.250593662261962891e-01 4.875560700893402100e-01 6.714538335800170898e-01 6.829479932785034180e-01
1.797499954700469971e-01 1.811666637659072876e-01 4.637500047683715820e-01 5.062500238418579102e-01 5.507500171661376953e-01 7.052500247955322266e-01 1.549745351076126099e-01 2.788590192794799805e-01 6.064839959144592285e-01 5.350711345672607422e-01 5.421208143234252930e-01 6.782984733581542969e-01
8.107500076293945312e-01 4.564999938011169434e-01 6.177499890327453613e-01 3.842499852180480957e-01 1.892500072717666626e-01 9.427499771118164062e-01 8.312401771545410156e-01 3.442618548870086670e-01 5.959562659263610840e-01 2.645216882228851318e-01 2.000907808542251587e-01 6.190749406814575195e-01
7.275000214576721191e-02 5.571666955947875977e-01 9.947500228881835938e-01 1.572500020265579224e-01 4.072499871253967285e-01 1.722500026226043701e-01 3.986588120460510254e-02 4.910908639430999756e-01 8.142244815826416016e-01 2.054117769002914429e-01 4.249743521213531494e-01 2.559982836246490479e-01
1.447499990463256836e-01 2.284999936819076538e-01 8.547499775886535645e-01 2.425000071525573730e-02 8.425000309944152832e-02 1.792500019073486328e-01 1.392691433429718018e-01 3.516707122325897217e-01 7.518795132637023926e-01 1.146468594670295715e-01 7.385371625423431396e-02 3.407421112060546875e-01
3.312500119209289551e-01 6.848333477973937988e-01 7.024999707937240601e-02 5.202500224113464355e-01 1.367499977350234985e-01 9.872499704360961914e-01 3.036949038505554199e-01 7.180852890014648438e-01 6.543592363595962524e-02 4.093845486640930176e-01 1.147595718502998352e-01 8.088842034339904785e-01
3.862499892711639404e-01 7.598333358764648438e-01 9.562500119209289551e-01 3.562499880790710449e-01 5.775000154972076416e-02 8.227499723434448242e-01 3.889346420764923096e-01 5.438764095306396484e-01 6.976347565650939941e-01 2.993138432502746582e-01 9.865151345729827881e-02 4.835345149040222168e-01
9.172499775886535645e-01 3.468333184719085693e-01 7.807499766349792480e-01 1.962500065565109253e-01 8.287500143051147461e-01 5.032500028610229492e-01 9.096072316169738770e-01 3.312824368476867676e-01 5.303522944450378418e-01 4.074003696441650391e-01 8.146990537643432617e-01 4.625273942947387695e-01
6.932500004768371582e-01 5.788333415985107422e-01 3.522500097751617432e-01 4.267500042915344238e-01 6.672499775886535645e-01 5.692499876022338867e-01 7.559129595756530762e-01 5.446540713310241699e-01 2.320248037576675415e-01 3.229150474071502686e-01 6.593725681304931641e-01 5.449505448341369629e-01
7.292500138282775879e-01 7.101666927337646484e-01 8.302500247955322266e-01 9.467499852180480957e-01 1.452499926090240479e-01 5.397499799728393555e-01 8.661811947822570801e-01 4.711846709251403809e-01 8.712786436080932617e-01 5.573657751083374023e-01 1.846658438444137573e-01 3.783763647079467773e-01
6.022499799728393555e-01 4.354999959468841553e-01 4.072499871253967285e-01 8.924999833106994629e-02 6.072499752044677734e-01 7.987499833106994629e-01 5.867444276809692383e-01 4.265330135822296143e-01 3.121107220649719238e-01 1.463557928800582886e-01 6.448268294334411621e-01 5.735697746276855469e-01
4.387499988079071045e-01 6.035000085830688477e-01 8.857499957084655762e-01 3.777500092983245850e-01 3.224999830126762390e-02 7.747499942779541016e-01 4.552699327468872070e-01 4.232934117317199707e-01 7.117293477058410645e-01 3.657838404178619385e-01 8.976116776466369629e-02 5.386535525321960449e-01
4.517500102519989014e-01 2.538333237171173096e-01 1.792500019073486328e-01 6.297500133514404297e-01 4.212499856948852539e-01 7.962499856948852539e-01 4.581200182437896729e-01 3.735289573669433594e-01 2.301827222108840942e-01 4.770667552947998047e-01 4.516655802726745605e-01 6.784380674362182617e-01
1.892500072717666626e-01 8.165000081062316895e-01 9.252499938011169434e-01 9.672499895095825195e-01 7.527499794960021973e-01 7.687500119209289551e-01 1.612606197595596313e-01 6.865228414535522461e-01 6.936116218566894531e-01 8.998088836669921875e-01 7.572094798088073730e-01 3.723586797714233398e-01
6.737499833106994629e-01 8.041666746139526367e-01 3.877499997615814209e-01 1.392499953508377075e-01 1.527500003576278687e-01 7.132499814033508301e-01 6.692001223564147949e-01 4.507080912590026855e-01 3.141056895256042480e-01 1.477493494749069214e-01 1.967608332633972168e-01 4.856708645820617676e-01
4.397499859333038330e-01 2.528333365917205811e-01 4.442499876022338867e-01 8.197500109672546387e-01 3.262499868869781494e-01 6.977499723434448242e-01 4.477325677871704102e-01 4.029684662818908691e-01 6.243988871574401855e-01 7.187035083770751953e-01 3.191876709461212158e-01 5.209885835647583008e-01
6.717500090599060059e-01 2.128333300352096558e-01 2.577500045299530029e-01 9.062500000000000000e-01 8.887500166893005371e-01 8.167499899864196777e-01 7.269533872604370117e-01 4.038274884223937988e-01 3.061358034610748291e-01 7.735269069671630859e-01 8.273670077323913574e-01 6.451113224029541016e-01
7.507500052452087402e-01 7.124999761581420898e-01 6.712499856948852539e-01 7.547500133514404297e-01 1.647499948740005493e-01 3.532499969005584717e-01 8.260263204574584961e-01 4.669882059097290039e-01 7.451604604721069336e-01 5.802307128906250000e-01 1.995299607515335083e-01 4.012713432312011719e-01
9.617499709129333496e-01 7.431666851043701172e-01 2.425000071525573730e-02 2.342499941587448120e-01 7.397500276565551758e-01 4.250000230967998505e-03 8.624872565269470215e-01 6.084575057029724121e-01 1.459352672100067139e-01 2.183273136615753174e-01 7.520610690116882324e-01 4.091791510581970215e-01
8.224999904632568359e-02 4.191666543483734131e-01 4.982500076293945312e-01 1.717499941587448120e-01 6.825000047683715820e-02 5.857499837875366211e-01 3.303097561001777649e-02 4.131103754043579102e-01 7.515978813171386719e-01 1.803409159183502197e-01 9.851209819316864014e-02 4.323365986347198486e-01
9.662500023841857910e-01 2.314999997615814209e-01 1.092500016093254089e-01 8.524999767541885376e-02 3.177500069141387939e-01 6.677500009536743164e-01 8.393108248710632324e-01 3.940168321132659912e-01 2.328286617994308472e-01 1.612102538347244263e-01 3.167527616024017334e-01 5.794380307197570801e-01
2.624999918043613434e-02 8.188333511352539062e-01 2.157499939203262329e-01 1.927500069141387939e-01 2.912499904632568359e-01 8.572499752044677734e-01 2.899639308452606201e-02 8.030101060867309570e-01 5.830896273255348206e-02 7.151433825492858887e-02 2.946005463600158691e-01 6.161544919013977051e-01
9.502500295639038086e-01 4.421666562557220459e-01 6.302499771118164062e-01 3.707500100135803223e-01 3.777500092983245850e-01 6.525000184774398804e-02 9.322304725646972656e-01 3.568437695503234863e-01 7.050577998161315918e-01 3.451097011566162109e-01 4.007517099380493164e-01 3.876883983612060547e-01
1.347499936819076538e-01 7.425000071525573730e-01 2.352499961853027344e-01 4.052500128746032715e-01 6.137499809265136719e-01 7.147499918937683105e-01 1.242108121514320374e-01 6.669112443923950195e-01 1.072183027863502502e-01 3.050721883773803711e-01 6.532420516014099121e-01 5.255528688430786133e-01
8.532500267028808594e-01 4.194999933242797852e-01 3.622500002384185791e-01 5.842499732971191406e-01 9.792500138282775879e-01 8.692499995231628418e-01 7.974513173103332520e-01 4.270623326301574707e-01 4.314277172088623047e-01 6.427871584892272949e-01 8.895701169967651367e-01 5.368368625640869141e-01
5.667499899864196777e-01 5.081666707992553711e-01 4.337500035762786865e-01 9.337499737739562988e-01 4.962500035762786865e-01 5.222499966621398926e-01 5.421620011329650879e-01 4.938630163669586182e-01 5.531090497970581055e-01 9.288341999053955078e-01 5.161150693893432617e-01 6.150075197219848633e-01
8.322499990463256836e-01 3.721666634082794189e-01 6.525000184774398804e-02 8.907499909400939941e-01 4.652499854564666748e-01 3.387500047683715820e-01 8.064755797386169434e-01 4.770569205284118652e-01 4.297904670238494873e-01 6.751669049263000488e-01 4.718441665172576904e-01 4.351418912410736084e-01
7.807499766349792480e-01 4.928333461284637451e-01 9.567499756813049316e-01 5.027499794960021973e-01 5.497499704360961914e-01 4.872500002384185791e-01 8.598741292953491211e-01 4.120973050594329834e-01 7.141927480697631836e-01 5.931872129440307617e-01 5.536752343177795410e-01 5.570481419563293457e-01
6.250000093132257462e-03 4.118333458900451660e-01 6.227499842643737793e-01 6.272500157356262207e-01 2.537499964237213135e-01 5.982499718666076660e-01 1.522641908377408981e-02 3.739803731441497803e-01 7.830742001533508301e-01 5.040597319602966309e-01 2.740330398082733154e-01 7.350146770477294922e-01
4.827499985694885254e-01 3.375000059604644775e-01 7.252500057220458984e-01 4.317499995231628418e-01 7.187500000000000000e-01 4.252499938011169434e-01 5.006495714187622070e-01 4.129700064659118652e-01 8.120048046112060547e-01 4.215362966060638428e-01 7.610071301460266113e-01 4.319360852241516113e-01
4.592500030994415283e-01 2.904999852180480957e-01 1.675000041723251343e-02 2.992500066757202148e-01 3.572500050067901611e-01 3.052499890327453613e-01 4.437199831008911133e-01 4.562717378139495850e-01 2.538394927978515625e-01 2.552484571933746338e-01 3.730348348617553711e-01 4.897357821464538574e-01
8.862500190734863281e-01 5.771666765213012695e-01 8.827499747276306152e-01 3.167499899864196777e-01 1.502500027418136597e-01 3.402499854564666748e-01 8.880208134651184082e-01 4.213728904724121094e-01 7.931317687034606934e-01 4.059465527534484863e-01 1.897475421428680420e-01 4.490377604961395264e-01
5.747500061988830566e-01 7.695000171661376953e-01 5.575000122189521790e-02 9.857500195503234863e-01 6.192499995231628418e-01 3.474999964237213135e-02 6.559860110282897949e-01 7.374424934387207031e-01 9.643164277076721191e-02 9.168664216995239258e-01 6.298930048942565918e-01 4.005838036537170410e-01
6.624999642372131348e-02 3.068333268165588379e-01 8.647500276565551758e-01 6.417499780654907227e-01 6.452500224113464355e-01 8.202499747276306152e-01 8.096839487552642822e-02 2.692951261997222900e-01 7.933843135833740234e-01 4.733427762985229492e-01 6.214349865913391113e-01 7.954535484313964844e-01
1.582500040531158447e-01 3.071666657924652100e-01 4.392499923706054688e-01 3.362500071525573730e-01 4.302499890327453613e-01 2.249999903142452240e-03 1.561832726001739502e-01 4.550391137599945068e-01 6.801635622978210449e-01 1.869760304689407349e-01 3.692291080951690674e-01 1.682944446802139282e-01
8.887500166893005371e-01 3.881666660308837891e-01 9.907500147819519043e-01 2.697499990463256836e-01 3.377499878406524658e-01 9.775000065565109253e-02 9.009068012237548828e-01 3.729591965675354004e-01 8.692891597747802734e-01 4.537301361560821533e-01 3.245645463466644287e-01 3.440790772438049316e-01
1.387500017881393433e-01 7.451666593551635742e-01 9.157500267028808594e-01 3.762499988079071045e-01 6.577500104904174805e-01 2.082500010728836060e-01 1.265382617712020874e-01 6.586446762084960938e-01 7.076680064201354980e-01 4.390772283077239990e-01 6.444385051727294922e-01 2.852702140808105469e-01
9.657499790191650391e-01 6.861666440963745117e-01 3.325000032782554626e-02 9.157500267028808594e-01 5.082499980926513672e-01 9.982500076293945312e-01 8.113015890121459961e-01 5.586857795715332031e-01 1.673627495765686035e-01 7.345038056373596191e-01 5.347090363502502441e-01 6.058312654495239258e-01
5.417500138282775879e-01 1.761666685342788696e-01 7.097499966621398926e-01 5.952500104904174805e-01 1.167500019073486328e-01 6.475000083446502686e-02 7.751396894454956055e-01 3.445318043231964111e-01 7.678673863410949707e-01 3.833100199699401855e-01 1.349471360445022583e-01 4.035989046096801758e-01
4.842500090599060059e-01 6.704999804496765137e-01 6.742500066757202148e-01 6.002500057220458984e-01 8.775000274181365967e-02 7.647500038146972656e-01 5.721075534820556641e-01 4.925842285156250000e-01 5.781426429748535156e-01 3.870156407356262207e-01 1.202356815338134766e-01 4.954157769680023193e-01
2.202499955892562866e-01 4.284999966621398926e-01 5.847499966621398926e-01 8.997499942779541016e-01 5.642499923706054688e-01 5.657500028610229492e-01 2.638644576072692871e-01 4.003134965896606445e-01 5.735649466514587402e-01 8.159779906272888184e-01 5.839262604713439941e-01 5.552345514297485352e-01
4.712499976158142090e-01 6.688333153724670410e-01 1.422500014305114746e-01 7.512500286102294922e-01 3.507499992847442627e-01 7.137500047683715820e-01 5.018049478530883789e-01 5.742079019546508789e-01 5.601232126355171204e-02 7.676403522491455078e-01 3.996312916278839111e-01 6.953905820846557617e-01
3.177500069141387939e-01 6.374999880790710449e-01 8.277500271797180176e-01 9.867500066757202148e-01 5.547500252723693848e-01 4.432500004768371582e-01 3.004683554172515869e-01 5.368657708168029785e-01 7.740770578384399414e-01 9.067372679710388184e-01 5.557262301445007324e-01 4.794930517673492432e-01
8.877500295639038086e-01 2.181666642427444458e-01 7.127500176429748535e-01 7.687500119209289551e-01 5.947499871253967285e-01 5.952500104904174805e-01 9.480088353157043457e-01 3.432285189628601074e-01 6.952751874923706055e-01 6.987580657005310059e-01 5.998923182487487793e-01 5.463014841079711914e-01
6.522499918937683105e-01 1.681666672229766846e-01 3.824999928474426270e-02 8.687499761581420898e-01 5.907499790191650391e-01 3.117499947547912598e-01 7.189092040061950684e-01 4.171704947948455811e-01 1.704624742269515991e-01 7.934648394584655762e-01 5.753402709960937500e-01 4.844051599502563477e-01
7.757499814033508301e-01 3.631666600704193115e-01 3.557499945163726807e-01 7.024999707937240601e-02 2.542499899864196777e-01 7.777500152587890625e-01 6.873782873153686523e-01 3.920007050037384033e-01 4.943161308765411377e-01 1.774543523788452148e-01 2.526867687702178955e-01 5.319850444793701172e-01
5.237500071525573730e-01 5.421666502952575684e-01 4.572499990463256836e-01 7.225000113248825073e-02 6.075000017881393433e-02 4.832499921321868896e-01 5.108793377876281738e-01 4.661411046981811523e-01 5.228451490402221680e-01 1.674476265907287598e-01 8.762066066265106201e-02 4.709549546241760254e-01
2.147500067949295044e-01 4.704999923706054688e-01 1.337500065565109253e-01 8.507500290870666504e-01 8.032500147819519043e-01 7.717499732971191406e-01 2.274287939071655273e-01 4.346951544284820557e-01 1.398379206657409668e-01 7.970025539398193359e-01 7.688754796981811523e-01 6.551126241683959961e-01
7.782499790191650391e-01 4.418333470821380615e-01 3.777500092983245850e-01 3.072499930858612061e-01 6.947500109672546387e-01 9.937499761581420898e-01 7.475132346153259277e-01 3.987132608890533447e-01 4.314523339271545410e-01 2.003582566976547241e-01 7.023890018463134766e-01 6.293766498565673828e-01
2.112500071525573730e-01 7.245000004768371582e-01 7.777500152587890625e-01 8.287500143051147461e-01 7.367500066757202148e-01 8.924999833106994629e-02 1.882695704698562622e-01 5.856866836547851562e-01 7.203328609466552734e-01 8.918151855468750000e-01 7.353827357292175293e-01 4.800529778003692627e-01
7.837499976158142090e-01 7.494999766349792480e-01 1.832499951124191284e-01 3.292500078678131104e-01 4.112499952316284180e-01 5.887500047683715820e-01 7.576863765716552734e-01 5.104429125785827637e-01 1.140721663832664490e-01 3.233787715435028076e-01 4.749085009098052979e-01 4.685329794883728027e-01
4.362500011920928955e-01 7.868333458900451660e-01 7.212499976158142090e-01 8.757500052452087402e-01 8.637499809265136719e-01 6.962500214576721191e-01 4.232752621173858643e-01 6.676874160766601562e-01 5.789186954498291016e-01 8.925069570541381836e-01 8.421841263771057129e-01 5.972097516059875488e-01
1.942500025033950806e-01 5.235000252723693848e-01 7.557500004768371582e-01 5.292500257492065430e-01 3.217499852180480957e-01 2.982499897480010986e-01 2.274895012378692627e-01 5.464639663696289062e-01 7.282370924949645996e-01 4.636707007884979248e-01 3.230312168598175049e-01 2.611495554447174072e-01
9.057499766349792480e-01 4.384999871253967285e-01 4.722500145435333252e-01 4.932500123977661133e-01 8.742499947547912598e-01 4.407500028610229492e-01 8.958597779273986816e-01 4.150545895099639893e-01 4.209634661674499512e-01 5.297636985778808594e-01 8.475087881088256836e-01 5.447956919670104980e-01
8.527500033378601074e-01 4.531666636466979980e-01 4.247500002384185791e-01 2.927500009536743164e-01 7.522500157356262207e-01 6.802499890327453613e-01 8.326063156127929688e-01 4.558845758438110352e-01 3.768515288829803467e-01 2.700499892234802246e-01 7.754021883010864258e-01 5.952147841453552246e-01
2.432499974966049194e-01 7.321666479110717773e-01 5.017499923706054688e-01 1.172500029206275940e-01 8.075000345706939697e-02 4.862500131130218506e-01 2.171224206686019897e-01 6.470930576324462891e-01 5.210405588150024414e-01 1.792063713073730469e-01 1.116476878523826599e-01 4.987342953681945801e-01
6.352499723434448242e-01 4.131666719913482666e-01 1.125000044703483582e-02 4.127500057220458984e-01 6.712499856948852539e-01 4.052500128746032715e-01 6.209977269172668457e-01 3.871811628341674805e-01 2.373575270175933838e-01 2.787529230117797852e-01 7.022414207458496094e-01 6.137913465499877930e-01
3.172500133514404297e-01 4.248333275318145752e-01 4.562500119209289551e-01 9.482499957084655762e-01 7.872499823570251465e-01 4.897499978542327881e-01 2.982493937015533447e-01 3.982307910919189453e-01 5.803829431533813477e-01 9.172973632812500000e-01 7.711569070816040039e-01 6.570945382118225098e-01
4.497500061988830566e-01 7.638333439826965332e-01 9.147499799728393555e-01 7.937499880790710449e-01 8.362500071525573730e-01 8.777499794960021973e-01 4.518184661865234375e-01 5.564341545104980469e-01 6.391102671623229980e-01 7.851048111915588379e-01 8.395191431045532227e-01 6.020689010620117188e-01
4.975000023841857910e-02 3.664999902248382568e-01 9.502500295639038086e-01 1.697500050067901611e-01 4.602499902248382568e-01 4.077500104904174805e-01 3.356781974434852600e-02 3.764684796333312988e-01 9.042920470237731934e-01 2.195492982864379883e-01 4.644262492656707764e-01 5.764576196670532227e-01
1.962500065565109253e-01 5.468333363533020020e-01 8.182500004768371582e-01 3.692499995231628418e-01 9.175000339746475220e-02 3.507499992847442627e-01 1.516868472099304199e-01 4.553757607936859131e-01 7.977246046066284180e-01 3.393871188163757324e-01 1.272674202919006348e-01 3.303918242454528809e-01
6.512500047683715820e-01 4.261666536331176758e-01 6.392499804496765137e-01 8.397499918937683105e-01 3.587499856948852539e-01 3.102500140666961670e-01 7.997276186943054199e-01 4.477388262748718262e-01 7.846733927726745605e-01 6.030229926109313965e-01 3.536579906940460205e-01 4.863194525241851807e-01
1.522500067949295044e-01 2.961666584014892578e-01 3.942500054836273193e-01 6.842499971389770508e-01 9.732499718666076660e-01 6.167500019073486328e-01 1.874493211507797241e-01 3.682949244976043701e-01 4.662830829620361328e-01 6.652244925498962402e-01 8.262022137641906738e-01 6.451311111450195312e-01
4.962500035762786865e-01 5.658333301544189453e-01 8.657500147819519043e-01 8.772500157356262207e-01 2.282499969005584717e-01 8.112499713897705078e-01 5.803209543228149414e-01 3.898802399635314941e-01 6.530547142028808594e-01 7.074714303016662598e-01 2.687202095985412598e-01 5.503789782524108887e-01
1.592500060796737671e-01 2.815000116825103760e-01 1.632499992847442627e-01 3.827500045299530029e-01 4.612500071525573730e-01 4.672499895095825195e-01 1.700319498777389526e-01 2.993859648704528809e-01 1.824158877134323120e-01 4.082228839397430420e-01 5.185607075691223145e-01 6.176242232322692871e-01
1.824999973177909851e-02 8.311666846275329590e-01 5.525000020861625671e-02 8.692499995231628418e-01 4.422500133514404297e-01 7.072499990463256836e-01 6.227156892418861389e-02 8.686549663543701172e-01 4.583150893449783325e-02 3.869402706623077393e-01 5.667772293090820312e-01 5.331401824951171875e-01
2.972500026226043701e-01 3.198333382606506348e-01 5.207499861717224121e-01 2.427500039339065552e-01 7.317500114440917969e-01 8.452500104904174805e-01 2.825526595115661621e-01 2.920318841934204102e-01 3.878220617771148682e-01 4.151651561260223389e-01 7.296136617660522461e-01 6.840483546257019043e-01
5.652499794960021973e-01 6.051666736602783203e-01 2.692500054836273193e-01 4.037500023841857910e-01 1.512500047683715820e-01 5.232499837875366211e-01 5.702483654022216797e-01 5.450057983398437500e-01 3.259493708610534668e-01 3.786534965038299561e-01 1.712147444486618042e-01 5.971703529357910156e-01
9.877499938011169434e-01 5.138333439826965332e-01 7.707499861717224121e-01 5.397499799728393555e-01 1.542499959468841553e-01 3.962500095367431641e-01 9.173591136932373047e-01 4.482811391353607178e-01 8.745632767677307129e-01 6.056475043296813965e-01 1.657956242561340332e-01 3.199271261692047119e-01
5.207499861717224121e-01 3.765000104904174805e-01 4.152500033378601074e-01 1.977500021457672119e-01 1.824999973177909851e-02 2.592499852180480957e-01 5.743933916091918945e-01 4.006943404674530029e-01 5.566874146461486816e-01 2.224255055189132690e-01 6.204640120267868042e-02 5.028102993965148926e-01
2.025000005960464478e-02 1.815000027418136597e-01 9.125000238418579102e-02 8.842499852180480957e-01 3.512499928474426270e-01 6.392499804496765137e-01 2.390069141983985901e-02 2.135221660137176514e-01 8.195449411869049072e-02 8.674629330635070801e-01 3.023598492145538330e-01 7.607878446578979492e-01
8.562499880790710449e-01 6.641666889190673828e-01 3.982500135898590088e-01 9.097499847412109375e-01 7.167500257492065430e-01 3.852500021457672119e-01 9.097130894660949707e-01 4.447699189186096191e-01 3.751309514045715332e-01 8.159986138343811035e-01 7.821058630943298340e-01 5.779855847358703613e-01
1.012500002980232239e-01 5.231666564941406250e-01 3.997499942779541016e-01 8.192499876022338867e-01 6.802499890327453613e-01 6.212499737739562988e-01 7.509111613035202026e-02 3.678976297378540039e-01 2.518730163574218750e-01 9.056950211524963379e-01 7.250058650970458984e-01 5.815297365188598633e-01
9.967499971389770508e-01 6.974999904632568359e-01 9.302499890327453613e-01 4.762499928474426270e-01 3.952499926090240479e-01 1.597499996423721313e-01 9.359058141708374023e-01 4.593203663825988770e-01 7.916913032531738281e-01 6.792213320732116699e-01 4.142768681049346924e-01 4.446610808372497559e-01
8.352500200271606445e-01 7.658333182334899902e-01 2.387499958276748657e-01 8.947499990463256836e-01 5.347499847412109375e-01 8.127499818801879883e-01 8.073329329490661621e-01 5.032438039779663086e-01 2.899756431579589844e-01 7.073769569396972656e-01 5.796514749526977539e-01 5.814504623413085938e-01
4.622499942779541016e-01 7.605000138282775879e-01 6.032500267028808594e-01 2.157499939203262329e-01 7.627500295639038086e-01 1.547500044107437134e-01 5.739805698394775391e-01 6.351071000099182129e-01 3.827809691429138184e-01 1.930284202098846436e-01 7.904901504516601562e-01 5.339775681495666504e-01
2.717500030994415283e-01 3.521666526794433594e-01 7.937499880790710449e-01 7.542499899864196777e-01 8.072500228881835938e-01 9.602500200271606445e-01 2.655479907989501953e-01 3.365585803985595703e-01 6.047953367233276367e-01 8.043755888938903809e-01 7.292280793190002441e-01 7.074229121208190918e-01
1.662500053644180298e-01 1.701666712760925293e-01 4.975000023841857910e-02 3.067499995231628418e-01 6.232500076293945312e-01 6.737499833106994629e-01 1.425812840461730957e-01 2.329765111207962036e-01 9.536875784397125244e-02 2.997497916221618652e-01 6.247268319129943848e-01 7.506293654441833496e-01
2.074999921023845673e-02 3.961666524410247803e-01 6.937500238418579102e-01 3.472500145435333252e-01 2.972500026226043701e-01 8.872500061988830566e-01 2.041523717343807220e-02 3.494768738746643066e-01 7.698577046394348145e-01 4.937655031681060791e-01 3.637213706970214844e-01 8.454183936119079590e-01
2.707499861717224121e-01 7.751666903495788574e-01 5.307499766349792480e-01 3.674999997019767761e-02 2.377499938011169434e-01 8.837500214576721191e-01 2.329341769218444824e-01 6.191515922546386719e-01 3.309149146080017090e-01 1.509625911712646484e-01 2.604525983333587646e-01 6.346947550773620605e-01
3.517499864101409912e-01 4.021666646003723145e-01 1.592500060796737671e-01 1.037499979138374329e-01 5.974999815225601196e-02 6.125000119209289551e-02 3.170563876628875732e-01 5.139929652214050293e-01 5.140613913536071777e-01 1.379387378692626953e-01 7.443393766880035400e-02 3.832491636276245117e-01
2.417500019073486328e-01 2.541666626930236816e-01 2.197500020265579224e-01 6.497499942779541016e-01 5.417500138282775879e-01 9.632499814033508301e-01 2.145978957414627075e-01 2.572525739669799805e-01 2.134271264076232910e-01 6.360497474670410156e-01 5.758008956909179688e-01 7.711532115936279297e-01
8.452500104904174805e-01 2.454999983310699463e-01 2.442499995231628418e-01 1.192499995231628418e-01 4.574999958276748657e-02 2.087499946355819702e-01 7.788522839546203613e-01 3.313808739185333252e-01 4.637382626533508301e-01 2.552649080753326416e-01 8.648683875799179077e-02 5.601259469985961914e-01
1.152499988675117493e-01 6.201666593551635742e-01 2.342499941587448120e-01 6.475000083446502686e-02 4.577499926090240479e-01 2.692500054836273193e-01 1.208669915795326233e-01 4.985246360301971436e-01 1.108382567763328552e-01 2.124119848012924194e-01 5.320680141448974609e-01 5.388752222061157227e-01
9.025000035762786865e-02 4.544999897480010986e-01 3.272500038146972656e-01 4.997499883174896240e-01 5.750000011175870895e-03 9.107499718666076660e-01 4.810474067926406860e-02 4.456028342247009277e-01 2.901199162006378174e-01 3.869729042053222656e-01 7.438182830810546875e-02 7.275636196136474609e-01
2.562499940395355225e-01 6.324999928474426270e-01 7.047500014305114746e-01 3.497500121593475342e-01 2.192499935626983643e-01 1.677500009536743164e-01 2.491426169872283936e-01 6.358435750007629395e-01 7.042480111122131348e-01 3.620820343494415283e-01 2.187649309635162354e-01 2.732614576816558838e-01
9.507499933242797852e-01 5.331666469573974609e-01 5.247499942779541016e-01 9.912499785423278809e-01 6.867499947547912598e-01 7.552499771118164062e-01 9.331673383712768555e-01 3.658544719219207764e-01 6.009457111358642578e-01 8.349988460540771484e-01 7.140287756919860840e-01 5.378128886222839355e-01
1.302500069141387939e-01 6.871666908264160156e-01 9.267500042915344238e-01 4.924999922513961792e-02 9.232500195503234863e-01 1.262499988079071045e-01 1.580390930175781250e-01 6.369308233261108398e-01 5.476971268653869629e-01 2.896334826946258545e-01 8.274816870689392090e-01 3.990016877651214600e-01
1.475000008940696716e-02 2.091666609048843384e-01 7.912499904632568359e-01 5.462499856948852539e-01 3.032500147819519043e-01 9.722499847412109375e-01 2.746088244020938873e-02 2.347415387630462646e-01 8.306798338890075684e-01 4.172343015670776367e-01 2.945325076580047607e-01 9.279221892356872559e-01
6.657500267028808594e-01 3.048333227634429932e-01 1.624999940395355225e-02 2.272499948740005493e-01 8.212500214576721191e-01 7.177500128746032715e-01 6.510276794433593750e-01 5.483505725860595703e-01 1.361357420682907104e-01 1.628026813268661499e-01 7.747132778167724609e-01 5.593896508216857910e-01
5.017499923706054688e-01 3.621666729450225830e-01 2.072499990463256836e-01 9.537500143051147461e-01 6.222500205039978027e-01 6.347500085830688477e-01 4.905683696269989014e-01 4.571634232997894287e-01 2.289959192276000977e-01 8.988515734672546387e-01 6.225830316543579102e-01 6.013377904891967773e-01
1.775000058114528656e-02 2.228333353996276855e-01 6.617500185966491699e-01 5.175000056624412537e-02 1.687500029802322388e-01 7.302500009536743164e-01 1.251947600394487381e-02 2.363134622573852539e-01 8.333808183670043945e-01 1.803863048553466797e-01 1.468494087457656860e-01 8.259783387184143066e-01
1.957499980926513672e-01 6.941666603088378906e-01 8.002499938011169434e-01 3.062500059604644775e-01 2.172500044107437134e-01 1.525000017136335373e-02 1.629879325628280640e-01 6.297925114631652832e-01 6.908758878707885742e-01 3.104219734668731689e-01 2.268598079681396484e-01 2.092458605766296387e-01
6.292499899864196777e-01 6.614999771118164062e-01 8.237500190734863281e-01 5.192499756813049316e-01 8.692499995231628418e-01 8.632500171661376953e-01 6.155614852905273438e-01 5.264676809310913086e-01 5.906515121459960938e-01 6.564856767654418945e-01 8.494006991386413574e-01 6.147965192794799805e-01
8.337500095367431641e-01 3.274999856948852539e-01 2.097499966621398926e-01 3.252499997615814209e-01 3.592500090599060059e-01 1.027500033378601074e-01 8.464891910552978516e-01 3.738410174846649170e-01 3.664754033088684082e-01 2.127365767955780029e-01 3.579575121402740479e-01 4.454014003276824951e-01
5.267500281333923340e-01 3.125000000000000000e-01 2.512499988079071045e-01 9.072499871253967285e-01 9.187499880790710449e-01 1.467500030994415283e-01 6.276136636734008789e-01 4.402601718902587891e-01 4.934484660625457764e-01 7.833443880081176758e-01 8.563451170921325684e-01 5.746003389358520508e-01
8.622499704360961914e-01 2.055000066757202148e-01 1.557500064373016357e-01 8.137500286102294922e-01 8.182500004768371582e-01 6.242499947547912598e-01 9.019204378128051758e-01 4.361845850944519043e-01 2.557375133037567139e-01 6.759456992149353027e-01 8.188825845718383789e-01 5.440015196800231934e-01
4.077500104904174805e-01 3.491666615009307861e-01 5.802500247955322266e-01 5.162500143051147461e-01 4.467499852180480957e-01 5.927500128746032715e-01 4.527565538883209229e-01 3.543571829795837402e-01 6.660153865814208984e-01 3.867441117763519287e-01 4.656504988670349121e-01 5.548417568206787109e-01
6.742500066757202148e-01 7.944999933242797852e-01 3.917500078678131104e-01 6.132500171661376953e-01 2.817499935626983643e-01 8.257499933242797852e-01 6.550312638282775879e-01 6.273058056831359863e-01 1.991082131862640381e-01 7.830861806869506836e-01 2.828247249126434326e-01 6.425096392631530762e-01
1.817499995231628418e-01 3.088333308696746826e-01 3.972499966621398926e-01 1.442500054836273193e-01 7.797499895095825195e-01 4.592500030994415283e-01 1.649150848388671875e-01 3.904950320720672607e-01 4.936687946319580078e-01 2.953872382640838623e-01 7.073232531547546387e-01 5.097613334655761719e-01
2.975000068545341492e-02 5.345000028610229492e-01 4.374999925494194031e-02 6.382499933242797852e-01 9.527500271797180176e-01 8.637499809265136719e-01 6.025654147379100323e-04 9.116785526275634766e-01 2.570385404396802187e-04 9.720789790153503418e-01 9.846669435501098633e-01 9.783640503883361816e-01
4.052500128746032715e-01 8.298333287239074707e-01 8.047500252723693848e-01 5.652499794960021973e-01 9.017500281333923340e-01 4.417499899864196777e-01 3.863227665424346924e-01 7.346904277801513672e-01 6.464845538139343262e-01 7.753705382347106934e-01 8.594009876251220703e-01 5.251359343528747559e-01
1.202500015497207642e-01 8.321666717529296875e-01 1.652500033378601074e-01 6.387500166893005371e-01 8.262500166893005371e-01 9.527500271797180176e-01 4.589715600013732910e-02 9.112892746925354004e-01 1.152390241622924805e-01 6.129806041717529297e-01 8.005345463752746582e-01 5.491697192192077637e-01
8.492500185966491699e-01 2.994999885559082031e-01 3.227500021457672119e-01 4.822500050067901611e-01 1.525000017136335373e-02 9.732499718666076660e-01 7.513721585273742676e-01 3.428614139556884766e-01 5.889233946800231934e-01 3.691780865192413330e-01 7.743559032678604126e-02 6.603059172630310059e-01
1.617500036954879761e-01 3.955000042915344238e-01 7.982500195503234863e-01 6.612499952316284180e-01 5.727499723434448242e-01 7.487499713897705078e-01 1.581170707941055298e-01 2.924367487430572510e-01 6.411647200584411621e-01 7.178602814674377441e-01 5.915888547897338867e-01 6.787788271903991699e-01
7.377499938011169434e-01 4.045000076293945312e-01 8.127499818801879883e-01 1.827500015497207642e-01 4.677500128746032715e-01 6.637499928474426270e-01 7.865348458290100098e-01 3.746376037597656250e-01 6.753564476966857910e-01 2.752751111984252930e-01 4.652886986732482910e-01 5.559469461441040039e-01
1.462499946355819702e-01 1.838333308696746826e-01 9.887499809265136719e-01 6.677500009536743164e-01 1.224999967962503433e-02 9.622499942779541016e-01 1.780735552310943604e-01 2.604030370712280273e-01 8.461303114891052246e-01 3.953033685684204102e-01 5.682632327079772949e-02 7.287705540657043457e-01
5.512499809265136719e-01 3.601666688919067383e-01 4.825000092387199402e-02 7.042499780654907227e-01 1.622499972581863403e-01 3.707500100135803223e-01 6.040016412734985352e-01 5.102226734161376953e-01 3.061064183712005615e-01 5.141303539276123047e-01 1.688895374536514282e-01 5.668263435363769531e-01
1.075000036507844925e-02 6.581666469573974609e-01 7.397500276565551758e-01 4.897499978542327881e-01 5.807499885559082031e-01 1.067499965429306030e-01 2.720222622156143188e-02 6.560021638870239258e-01 7.471249699592590332e-01 4.944422245025634766e-01 5.880794525146484375e-01 1.861674934625625610e-01
7.917500138282775879e-01 7.515000104904174805e-01 2.767499983310699463e-01 1.374999992549419403e-02 4.702500104904174805e-01 4.207499921321868896e-01 8.049958944320678711e-01 5.189353227615356445e-01 1.547477990388870239e-01 1.566229909658432007e-01 5.070837736129760742e-01 4.279759228229522705e-01
9.375000000000000000e-02 5.335000157356262207e-01 1.672500073909759521e-01 3.592500090599060059e-01 1.112499982118606567e-01 5.722500085830688477e-01 8.466503769159317017e-02 5.284302234649658203e-01 1.683554500341415405e-01 3.987846374511718750e-01 1.852255463600158691e-01 6.514966487884521484e-01
4.672499895095825195e-01 3.338333368301391602e-01 8.252500295639038086e-01 2.947500050067901611e-01 9.297500252723693848e-01 5.077499747276306152e-01 5.068086981773376465e-01 4.361303150653839111e-01 6.991322040557861328e-01 3.856976032257080078e-01 8.673315644264221191e-01 4.807162284851074219e-01
9.047499895095825195e-01 7.634999752044677734e-01 6.992499828338623047e-01 7.522500157356262207e-01 3.474999964237213135e-02 1.717499941587448120e-01 9.262126684188842773e-01 4.833722412586212158e-01 8.292686343193054199e-01 6.254640221595764160e-01 1.131120398640632629e-01 3.721255362033843994e-01
7.862499952316284180e-01 4.428333342075347900e-01 3.572500050067901611e-01 8.775000274181365967e-02 4.917500019073486328e-01 2.382500022649765015e-01 8.112102150917053223e-01 4.809089303016662598e-01 3.002180755138397217e-01 1.908792853355407715e-01 4.894670546054840088e-01 4.007330834865570068e-01
9.902499914169311523e-01 2.218333333730697632e-01 9.017500281333923340e-01 9.282500147819519043e-01 3.087500035762786865e-01 7.572500109672546387e-01 9.741749763488769531e-01 3.243616521358489990e-01 9.086492657661437988e-01 8.111786842346191406e-01 3.319086134433746338e-01 5.031147599220275879e-01
3.747499883174896240e-01 6.225000023841857910e-01 4.852499961853027344e-01 4.617500007152557373e-01 2.202499955892562866e-01 6.750000175088644028e-03 4.129206240177154541e-01 5.157646536827087402e-01 6.416040062904357910e-01 3.358131945133209229e-01 2.045232504606246948e-01 4.023242890834808350e-01
8.602499961853027344e-01 3.648333251476287842e-01 4.802500009536743164e-01 4.162499904632568359e-01 7.132499814033508301e-01 1.772499978542327881e-01 8.836526870727539062e-01 3.650215566158294678e-01 5.704091191291809082e-01 3.891048133373260498e-01 7.455615401268005371e-01 5.546454787254333496e-01
7.024999707937240601e-02 6.171666383743286133e-01 9.382500052452087402e-01 3.575000166893005371e-02 6.117500066757202148e-01 8.017500042915344238e-01 8.909016102552413940e-02 4.666264057159423828e-01 4.114455878734588623e-01 2.294453382492065430e-01 7.086920142173767090e-01 6.127514839172363281e-01
9.782500267028808594e-01 5.001666545867919922e-01 4.197500050067901611e-01 9.702500104904174805e-01 8.332499861717224121e-01 1.172500029206275940e-01 9.501116275787353516e-01 3.264283537864685059e-01 5.872091054916381836e-01 8.500936031341552734e-01 8.084579110145568848e-01 5.037034153938293457e-01
5.517500042915344238e-01 6.575000286102294922e-01 1.012500002980232239e-01 8.642500042915344238e-01 5.892500281333923340e-01 6.257500052452087402e-01 5.008208751678466797e-01 5.216668248176574707e-01 7.803633809089660645e-02 9.281470775604248047e-01 6.251552104949951172e-01 6.565280556678771973e-01
9.897500276565551758e-01 4.141666591167449951e-01 9.052500128746032715e-01 3.424999862909317017e-02 4.792500138282775879e-01 3.032500147819519043e-01 9.170816540718078613e-01 3.882468044757843018e-01 7.666238546371459961e-01 3.011491894721984863e-01 4.714672267436981201e-01 3.418650329113006592e-01
6.724999845027923584e-02 4.481666684150695801e-01 2.317499965429306030e-01 6.707500219345092773e-01 6.917499899864196777e-01 7.042499780654907227e-01 8.090530335903167725e-02 4.603078961372375488e-01 1.650485992431640625e-01 3.454418778419494629e-01 6.659117341041564941e-01 4.991776049137115479e-01
8.582500219345092773e-01 6.691666841506958008e-01 8.287500143051147461e-01 7.352499961853027344e-01 5.747500061988830566e-01 6.747499704360961914e-01 9.080480933189392090e-01 4.413919448852539062e-01 5.945771336555480957e-01 8.051483035087585449e-01 6.156934499740600586e-01 5.608984827995300293e-01
7.362499833106994629e-01 3.038333356380462646e-01 4.452500045299530029e-01 4.075000062584877014e-02 7.332500219345092773e-01 9.382500052452087402e-01 6.935247778892517090e-01 4.294477701187133789e-01 3.378751575946807861e-01 1.977447569370269775e-01 7.081654071807861328e-01 7.103580832481384277e-01
6.207500100135803223e-01 3.398333191871643066e-01 2.272499948740005493e-01 5.117499828338623047e-01 8.087499737739562988e-01 3.867500126361846924e-01 6.797488927841186523e-01 3.896821439266204834e-01 3.197292089462280273e-01 4.033467769622802734e-01 7.978958487510681152e-01 5.869218707084655762e-01
1.342500001192092896e-01 5.368333458900451660e-01 1.277499943971633911e-01 1.062500029802322388e-01 6.572499871253967285e-01 4.187499880790710449e-01 1.427077054977416992e-01 5.105783343315124512e-01 9.939749538898468018e-02 2.368254661560058594e-01 6.240112185478210449e-01 5.419403314590454102e-01
5.937500000000000000e-01 8.218333125114440918e-01 3.597500026226043701e-01 2.357500046491622925e-01 8.282499909400939941e-01 3.827500045299530029e-01 6.530437469482421875e-01 5.917211174964904785e-01 1.371324956417083740e-01 3.652767241001129150e-01 8.116907477378845215e-01 4.582368731498718262e-01
1.324999984353780746e-02 8.231666684150695801e-01 4.737499952316284180e-01 5.972499847412109375e-01 8.252500295639038086e-01 1.042499989271163940e-01 6.573229283094406128e-02 8.549705147743225098e-01 4.662205278873443604e-01 4.082999825477600098e-01 8.404322266578674316e-01 2.299639433622360229e-01
2.787500023841857910e-01 6.841666698455810547e-01 3.017500042915344238e-01 9.397500157356262207e-01 1.262499988079071045e-01 7.092499732971191406e-01 3.088286817073822021e-01 6.820517778396606445e-01 3.608328402042388916e-01 7.191238999366760254e-01 1.583863049745559692e-01 5.859096646308898926e-01
6.372500061988830566e-01 7.391666769981384277e-01 5.817499756813049316e-01 6.377500295639038086e-01 6.782500147819519043e-01 3.152500092983245850e-01 6.942308545112609863e-01 6.231114864349365234e-01 4.405007958412170410e-01 6.626825332641601562e-01 7.191104888916015625e-01 5.175788402557373047e-01
8.752499818801879883e-01 8.161666393280029297e-01 7.367500066757202148e-01 1.007499992847442627e-01 7.847499847412109375e-01 9.797499775886535645e-01 7.878562211990356445e-01 5.173048973083496094e-01 5.308282375335693359e-01 1.996789127588272095e-01 8.093942999839782715e-01 5.549638867378234863e-01
3.442499935626983643e-01 5.715000033378601074e-01 1.202500015497207642e-01 7.237499952316284180e-01 7.457500100135803223e-01 8.237500190734863281e-01 2.956451475620269775e-01 5.553644299507141113e-01 1.451818346977233887e-01 6.885236501693725586e-01 7.052999734878540039e-01 6.152627468109130859e-01
1.007499992847442627e-01 6.228333115577697754e-01 6.022499799728393555e-01 4.002499878406524658e-01 9.957500100135803223e-01 4.082500040531158447e-01 1.088017299771308899e-01 7.073952555656433105e-01 6.187677979469299316e-01 4.468285739421844482e-01 8.610336184501647949e-01 3.462802171707153320e-01
4.262500107288360596e-01 3.751666545867919922e-01 5.652499794960021973e-01 9.332500100135803223e-01 4.082500040531158447e-01 2.707499861717224121e-01 5.137395262718200684e-01 3.824557960033416748e-01 6.122096180915832520e-01 8.252168297767639160e-01 4.016453027725219727e-01 4.510732293128967285e-01
3.977499902248382568e-01 4.135000109672546387e-01 7.582499980926513672e-01 6.402500271797180176e-01 6.412500143051147461e-01 7.252500057220458984e-01 4.326325356960296631e-01 4.200692772865295410e-01 6.632784008979797363e-01 7.341305017471313477e-01 6.614254117012023926e-01 6.115620136260986328e-01
4.125000163912773132e-02 1.965000033378601074e-01 3.257499933242797852e-01 2.152500003576278687e-01 6.742500066757202148e-01 9.182500243186950684e-01 4.355928674340248108e-02 2.455121427774429321e-01 2.086622864007949829e-01 2.273123562335968018e-01 6.237800717353820801e-01 7.779600620269775391e-01
6.702499985694885254e-01 2.061666697263717651e-01 4.297499954700469971e-01 7.172499895095825195e-01 8.924999833106994629e-02 6.682500243186950684e-01 7.016148567199707031e-01 4.060950577259063721e-01 6.287099719047546387e-01 6.248437166213989258e-01 1.061424985527992249e-01 6.663179993629455566e-01
9.250000119209289551e-03 6.671666502952575684e-01 8.472499847412109375e-01 4.362500011920928955e-01 1.627500057220458984e-01 2.147500067949295044e-01 1.466370839625597000e-02 4.913726747035980225e-01 5.996212959289550781e-01 5.022087693214416504e-01 2.830028831958770752e-01 3.248364031314849854e-01
7.225000113248825073e-02 1.951666623353958130e-01 1.992499977350234985e-01 8.827499747276306152e-01 2.042499929666519165e-01 3.525000065565109253e-02 1.118608266115188599e-01 4.325070381164550781e-01 7.171919941902160645e-01 6.040158867835998535e-01 1.042660176753997803e-01 4.693935811519622803e-01
5.197499990463256836e-01 6.844999790191650391e-01 3.127500116825103760e-01 7.757499814033508301e-01 2.647500038146972656e-01 6.237499713897705078e-01 6.255998015403747559e-01 4.698607921600341797e-01 2.936558723449707031e-01 4.947385191917419434e-01 3.110774159431457520e-01 5.876963734626770020e-01
9.522500038146972656e-01 6.868333220481872559e-01 8.982499837875366211e-01 2.597500085830688477e-01 2.407499998807907104e-01 5.937500000000000000e-01 8.859143853187561035e-01 4.636030495166778564e-01 6.851295232772827148e-01 4.535019993782043457e-01 2.600633203983306885e-01 3.662581443786621094e-01
7.177500128746032715e-01 4.388333261013031006e-01 6.875000149011611938e-02 9.827499985694885254e-01 7.297499775886535645e-01 9.462500214576721191e-01 4.988761246204376221e-01 6.027567386627197266e-01 2.784055173397064209e-01 9.189526438713073730e-01 7.285635471343994141e-01 4.984826743602752686e-01
7.975000143051147461e-02 7.894999980926513672e-01 7.552499771118164062e-01 2.732500135898590088e-01 8.117499947547912598e-01 3.472500145435333252e-01 1.003977283835411072e-01 7.815497517585754395e-01 5.363027453422546387e-01 2.767244279384613037e-01 8.483613729476928711e-01 3.379358053207397461e-01
6.557499766349792480e-01 3.031666576862335205e-01 8.272500038146972656e-01 2.447499930858612061e-01 3.577499985694885254e-01 2.302500009536743164e-01 7.434725761413574219e-01 3.899473249912261963e-01 6.445034742355346680e-01 3.624544441699981689e-01 3.407779633998870850e-01 3.762934803962707520e-01
9.272500276565551758e-01 4.571666717529296875e-01 8.367499709129333496e-01 9.372500181198120117e-01 9.887499809265136719e-01 8.607500195503234863e-01 9.448567032814025879e-01 3.786935806274414062e-01 5.324868559837341309e-01 9.043204784393310547e-01 8.722997903823852539e-01 6.714284420013427734e-01
5.282499790191650391e-01 7.271666526794433594e-01 8.607500195503234863e-01 1.682499945163726807e-01 6.522499918937683105e-01 3.312500119209289551e-01 6.714683175086975098e-01 5.399580597877502441e-01 3.134646117687225342e-01 2.746109664440155029e-01 6.899507641792297363e-01 5.953771471977233887e-01
4.542500078678131104e-01 8.141666650772094727e-01 9.572499990463256836e-01 6.674999743700027466e-02 4.067499935626983643e-01 5.897499918937683105e-01 4.365666806697845459e-01 4.409684538841247559e-01 3.872838914394378662e-01 3.483517467975616455e-01 4.795463681221008301e-01 5.217346549034118652e-01
4.217500090599060059e-01 4.498333334922790527e-01 4.287500083446502686e-01 7.327499985694885254e-01 8.427500128746032715e-01 7.262499928474426270e-01 3.528938293457031250e-01 4.322224855422973633e-01 3.765625953674316406e-01 8.659387230873107910e-01 7.916529774665832520e-01 5.106459259986877441e-01
8.722500205039978027e-01 1.741666644811630249e-01 6.517500281333923340e-01 2.842499911785125732e-01 9.682499766349792480e-01 3.427500128746032715e-01 8.722164630889892578e-01 2.780665159225463867e-01 5.602552890777587891e-01 4.747873842716217041e-01 8.948044180870056152e-01 5.679605603218078613e-01
2.132499963045120239e-01 3.371666669845581055e-01 4.222500026226043701e-01 9.324999898672103882e-02 7.832499742507934570e-01 5.647500157356262207e-01 1.355363577604293823e-01 3.966327309608459473e-01 5.123075842857360840e-01 3.125476539134979248e-01 7.061284780502319336e-01 5.407006144523620605e-01
8.042500019073486328e-01 3.201666772365570068e-01 9.007499814033508301e-01 2.692500054836273193e-01 5.424999818205833435e-02 4.552499949932098389e-01 8.772866725921630859e-01 3.852992653846740723e-01 7.265433073043823242e-01 4.162471890449523926e-01 1.082426309585571289e-01 4.246305227279663086e-01
3.567500114440917969e-01 3.388333320617675781e-01 5.867499709129333496e-01 6.472499966621398926e-01 5.577499866485595703e-01 3.337500095367431641e-01 4.602669775485992432e-01 3.251087665557861328e-01 5.428147912025451660e-01 5.509475469589233398e-01 5.674780607223510742e-01 5.353289842605590820e-01
5.887500047683715820e-01 5.115000009536743164e-01 6.612499952316284180e-01 6.774999946355819702e-02 7.822499871253967285e-01 5.432500243186950684e-01 4.938192367553710938e-01 4.784197509288787842e-01 7.202246189117431641e-01 2.827280461788177490e-01 7.828993201255798340e-01 5.397772192955017090e-01
4.167500138282775879e-01 2.064999938011169434e-01 1.502500027418136597e-01 6.367499828338623047e-01 7.027500271797180176e-01 8.307499885559082031e-01 3.885035812854766846e-01 3.171925246715545654e-01 1.893921941518783569e-01 5.491627454757690430e-01 7.114372253417968750e-01 6.708324551582336426e-01
6.632500290870666504e-01 3.964999914169311523e-01 4.532499909400939941e-01 1.022500023245811462e-01 4.872500002384185791e-01 3.572500050067901611e-01 6.557914018630981445e-01 4.250478446483612061e-01 4.677660763263702393e-01 2.926036715507507324e-01 4.898609519004821777e-01 4.550753533840179443e-01
1.357499957084655762e-01 3.641666769981384277e-01 5.647500157356262207e-01 7.972499728202819824e-01 3.962500095367431641e-01 7.817500233650207520e-01 1.496392041444778442e-01 3.368692100048065186e-01 5.492396354675292969e-01 6.009466052055358887e-01 4.297916591167449951e-01 6.574935913085937500e-01
5.752500295639038086e-01 3.714999854564666748e-01 7.797499895095825195e-01 8.682500123977661133e-01 3.082500100135803223e-01 9.862499833106994629e-01 7.438559532165527344e-01 4.196648299694061279e-01 6.686767339706420898e-01 5.458414554595947266e-01 3.032685518264770508e-01 4.090707600116729736e-01
6.374999880790710449e-02 5.481666922569274902e-01 8.572499752044677734e-01 9.777500033378601074e-01 8.697500228881835938e-01 2.182500064373016357e-01 8.538601547479629517e-02 4.558922052383422852e-01 8.072400093078613281e-01 7.974848747253417969e-01 8.160313367843627930e-01 4.981434941291809082e-01
6.467499732971191406e-01 5.098333358764648438e-01 2.787500023841857910e-01 4.882499873638153076e-01 4.157499969005584717e-01 6.752499938011169434e-01 7.597950100898742676e-01 4.532108902931213379e-01 2.379964590072631836e-01 2.132590115070343018e-01 4.631282091140747070e-01 5.641152262687683105e-01
7.687500119209289551e-01 6.021666526794433594e-01 6.812499761581420898e-01 4.842500090599060059e-01 2.087499946355819702e-01 8.657500147819519043e-01 7.381207346916198730e-01 4.040320217609405518e-01 6.150417327880859375e-01 4.385672807693481445e-01 2.409655898809432983e-01 5.644859075546264648e-01
2.127500027418136597e-01 5.241666436195373535e-01 2.587499916553497314e-01 5.942500233650207520e-01 6.532499790191650391e-01 2.442499995231628418e-01 2.403730750083923340e-01 4.287965297698974609e-01 3.228311538696289062e-01 6.890682578086853027e-01 6.658827066421508789e-01 5.809935331344604492e-01
3.807500004768371582e-01 5.478333234786987305e-01 2.837499976158142090e-01 9.177500009536743164e-01 1.782499998807907104e-01 7.024999707937240601e-02 5.924404859542846680e-01 4.898692369461059570e-01 4.855924248695373535e-01 3.716878294944763184e-01 1.913970857858657837e-01 5.069470405578613281e-01
3.222500085830688477e-01 3.995000123977661133e-01 1.822499930858612061e-01 1.632499992847442627e-01 6.807500123977661133e-01 1.402499973773956299e-01 4.001241028308868408e-01 4.629035592079162598e-01 9.285254031419754028e-02 4.101961553096771240e-01 6.376330852508544922e-01 6.573835015296936035e-01
6.457499861717224121e-01 2.521666586399078369e-01 4.252499938011169434e-01 3.852500021457672119e-01 1.877499967813491821e-01 1.397500038146972656e-01 7.684052586555480957e-01 3.509757518768310547e-01 4.964012801647186279e-01 2.959224879741668701e-01 1.926344186067581177e-01 5.193237662315368652e-01
2.267500013113021851e-01 5.184999704360961914e-01 5.327500104904174805e-01 7.302500009536743164e-01 9.532499909400939941e-01 7.447500228881835938e-01 1.621969789266586304e-01 5.610790252685546875e-01 7.399331927299499512e-01 7.457025647163391113e-01 8.538497686386108398e-01 5.401232242584228516e-01
4.297499954700469971e-01 6.431666612625122070e-01 2.497500032186508179e-01 7.002500295639038086e-01 5.367500185966491699e-01 2.387499958276748657e-01 4.674367010593414307e-01 4.672023952007293701e-01 2.562767863273620605e-01 8.002110719680786133e-01 5.658350586891174316e-01 6.966435313224792480e-01
6.017500162124633789e-01 5.861666798591613770e-01 3.702499866485595703e-01 3.567500114440917969e-01 7.792500257492065430e-01 3.332499861717224121e-01 7.024242281913757324e-01 5.402786135673522949e-01 3.846105337142944336e-01 2.350032478570938110e-01 7.915610671043395996e-01 6.093186736106872559e-01
4.527499973773956299e-01 6.551666855812072754e-01 9.042500257492065430e-01 1.924999989569187164e-02 6.624999642372131348e-02 5.777500271797180176e-01 4.064903557300567627e-01 4.504666626453399658e-01 6.684778332710266113e-01 2.483485490083694458e-01 1.035422310233116150e-01 4.100399911403656006e-01
7.822499871253967285e-01 3.535000085830688477e-01 8.224999904632568359e-02 8.527500033378601074e-01 5.837500095367431641e-01 6.332499980926513672e-01 7.645251750946044922e-01 3.517299294471740723e-01 3.924182653427124023e-01 5.280089378356933594e-01 6.008617281913757324e-01 6.115465760231018066e-01
2.807500064373016357e-01 5.118333101272583008e-01 4.022499918937683105e-01 6.687499880790710449e-01 3.742499947547912598e-01 7.925000041723251343e-02 3.236143589019775391e-01 5.540529489517211914e-01 5.432079434394836426e-01 5.752321481704711914e-01 3.404178321361541748e-01 3.560017645359039307e-01
4.402500092983245850e-01 3.894999921321868896e-01 2.122499942779541016e-01 2.637499868869781494e-01 8.617500066757202148e-01 4.952499866485595703e-01 4.067268669605255127e-01 5.410096645355224609e-01 2.489906996488571167e-01 4.005865752696990967e-01 7.511218190193176270e-01 5.537173151969909668e-01
2.077499926090240479e-01 4.305000007152557373e-01 7.377499938011169434e-01 5.252500176429748535e-01 9.707499742507934570e-01 9.187499880790710449e-01 2.152304649353027344e-01 4.618895053863525391e-01 6.365273594856262207e-01 5.675418972969055176e-01 8.640329241752624512e-01 6.340299248695373535e-01
1.852499991655349731e-01 5.105000138282775879e-01 1.037499979138374329e-01 9.142500162124633789e-01 5.182499885559082031e-01 3.582499921321868896e-01 1.922834217548370361e-01 3.801256418228149414e-01 1.280947476625442505e-01 9.361324310302734375e-01 6.089247465133666992e-01 6.475129723548889160e-01
6.167500019073486328e-01 6.664999723434448242e-01 8.032500147819519043e-01 6.847500205039978027e-01 2.432499974966049194e-01 1.777500063180923462e-01 7.285169959068298340e-01 4.140626192092895508e-01 7.097733020782470703e-01 4.551392495632171631e-01 2.745389044284820557e-01 4.283417165279388428e-01
2.042499929666519165e-01 4.491666555404663086e-01 3.362500071525573730e-01 1.612499952316284180e-01 2.957499921321868896e-01 2.675000019371509552e-02 1.614685803651809692e-01 5.861507654190063477e-01 6.756988167762756348e-01 1.726794391870498657e-01 2.469567805528640747e-01 2.305411547422409058e-01
6.687499880790710449e-01 7.948333621025085449e-01 2.292499989271163940e-01 5.982499718666076660e-01 3.882499933242797852e-01 8.827499747276306152e-01 6.764006614685058594e-01 5.942135453224182129e-01 1.664013266563415527e-01 4.493567645549774170e-01 4.002465307712554932e-01 5.210654139518737793e-01
4.762499928474426270e-01 5.431666374206542969e-01 3.672499954700469971e-01 9.602500200271606445e-01 5.622500181198120117e-01 9.257500171661376953e-01 4.175707995891571045e-01 4.811939001083374023e-01 5.670654177665710449e-01 8.022406697273254395e-01 5.850850939750671387e-01 6.226167678833007812e-01
6.677500009536743164e-01 6.388333439826965332e-01 2.257499992847442627e-01 1.757500022649765015e-01 1.952500045299530029e-01 1.592500060796737671e-01 7.568723559379577637e-01 4.078609049320220947e-01 2.750343382358551025e-01 1.318827420473098755e-01 2.466078251600265503e-01 5.521314144134521484e-01
2.722499966621398926e-01 4.968333244323730469e-01 3.617500066757202148e-01 2.652499973773956299e-01 2.562499940395355225e-01 9.277499914169311523e-01 2.125504910945892334e-01 4.757508933544158936e-01 4.160442948341369629e-01 2.091938406229019165e-01 3.101114928722381592e-01 6.155526041984558105e-01
6.367499828338623047e-01 6.761666536331176758e-01 2.302500009536743164e-01 8.637499809265136719e-01 9.117500185966491699e-01 2.247499972581863403e-01 6.939023733139038086e-01 5.235466361045837402e-01 3.114529550075531006e-01 7.801868319511413574e-01 8.763179779052734375e-01 5.947651267051696777e-01
7.697499990463256836e-01 5.128333568572998047e-01 4.762499928474426270e-01 4.275000095367431641e-02 2.572500109672546387e-01 3.632499873638153076e-01 7.642591595649719238e-01 3.635771870613098145e-01 3.969381749629974365e-01 2.194080352783203125e-01 2.736090719699859619e-01 4.674065411090850830e-01
6.107500195503234863e-01 8.118333220481872559e-01 5.537499785423278809e-01 1.437499970197677612e-01 7.262499928474426270e-01 7.087500095367431641e-01 6.499136090278625488e-01 5.972213745117187500e-01 1.444604247808456421e-01 3.174621462821960449e-01 7.164198756217956543e-01 4.359920322895050049e-01
5.775000154972076416e-02 1.831666678190231323e-01 9.775000065565109253e-02 4.357500076293945312e-01 5.387499928474426270e-01 3.862499892711639404e-01 6.888505071401596069e-02 4.070165455341339111e-01 3.176089525222778320e-01 5.393995046615600586e-01 4.669768214225769043e-01 5.771216154098510742e-01
3.757500052452087402e-01 7.854999899864196777e-01 2.572500109672546387e-01 2.977499961853027344e-01 1.750000054016709328e-03 8.932499885559082031e-01 2.947221994400024414e-01 6.729768514633178711e-01 3.422095179557800293e-01 1.909795105457305908e-01 7.180276513099670410e-02 6.060370802879333496e-01
6.802499890327453613e-01 3.331666588783264160e-01 4.897499978542327881e-01 9.237499833106994629e-01 1.017500013113021851e-01 5.772500038146972656e-01 7.553654313087463379e-01 4.416466355323791504e-01 7.387250661849975586e-01 7.241072058677673340e-01 1.375164091587066650e-01 5.073989629745483398e-01
9.482499957084655762e-01 1.794999986886978149e-01 8.427500128746032715e-01 9.742500185966491699e-01 6.387500166893005371e-01 8.902500271797180176e-01 9.785202145576477051e-01 3.269665539264678955e-01 7.376863360404968262e-01 8.385921716690063477e-01 6.422800421714782715e-01 5.456406474113464355e-01
6.087499856948852539e-01 3.051666617393493652e-01 2.532500028610229492e-01 4.112499952316284180e-01 7.357500195503234863e-01 2.957499921321868896e-01 7.042564153671264648e-01 4.073728621006011963e-01 3.116198480129241943e-01 3.123745918273925781e-01 7.299752235412597656e-01 5.170692801475524902e-01
5.717499852180480957e-01 3.795000016689300537e-01 1.777500063180923462e-01 8.112499713897705078e-01 5.267500281333923340e-01 4.447500109672546387e-01 4.987658858299255371e-01 3.109372258186340332e-01 3.720992207527160645e-01 7.975987195968627930e-01 5.867828726768493652e-01 7.025339007377624512e-01
7.302500009536743164e-01 7.411666512489318848e-01 5.732499957084655762e-01 5.112500190734863281e-01 9.142500162124633789e-01 6.052500009536743164e-01 7.393366098403930664e-01 5.535561442375183105e-01 4.655805230140686035e-01 4.579179584980010986e-01 8.840388059616088867e-01 6.012002229690551758e-01
2.602500021457672119e-01 8.248333334922790527e-01 9.827499985694885254e-01 5.387499928474426270e-01 6.292499899864196777e-01 9.282500147819519043e-01 2.504526674747467041e-01 4.309765100479125977e-01 4.030127227306365967e-01 6.722766160964965820e-01 6.817955970764160156e-01 5.793783664703369141e-01
7.892500162124633789e-01 6.334999799728393555e-01 8.675000071525573730e-02 3.427500128746032715e-01 9.402499794960021973e-01 9.837499856948852539e-01 6.704985499382019043e-01 7.291468977928161621e-01 1.414910256862640381e-01 2.685593664646148682e-01 8.172509074211120605e-01 4.707779586315155029e-01
1.317500025033950806e-01 3.211666643619537354e-01 9.142500162124633789e-01 2.262499928474426270e-01 9.742500185966491699e-01 8.707500100135803223e-01 1.859588176012039185e-01 4.594890773296356201e-01 5.284816026687622070e-01 1.663707941770553589e-01 7.870081663131713867e-01 6.166803836822509766e-01
6.652500033378601074e-01 3.734999895095825195e-01 7.932500243186950684e-01 8.697500228881835938e-01 7.092499732971191406e-01 5.117499828338623047e-01 8.474785685539245605e-01 3.104566335678100586e-01 6.396757364273071289e-01 7.982130050659179688e-01 7.342157959938049316e-01 5.790935754776000977e-01
3.217499852180480957e-01 3.901666700839996338e-01 2.992500066757202148e-01 8.887500166893005371e-01 8.942499756813049316e-01 6.607499718666076660e-01 2.852841317653656006e-01 5.254251956939697266e-01 6.486155986785888672e-01 7.522252202033996582e-01 8.121892213821411133e-01 5.561773180961608887e-01
3.472500145435333252e-01 4.454999864101409912e-01 4.607500135898590088e-01 2.662500143051147461e-01 8.632500171661376953e-01 9.212499856948852539e-01 3.296426236629486084e-01 4.416151046752929688e-01 3.216709792613983154e-01 2.166795432567596436e-01 7.759006619453430176e-01 5.882753133773803711e-01
2.697499990463256836e-01 2.051666676998138428e-01 8.249999955296516418e-03 6.712499856948852539e-01 2.917500138282775879e-01 2.732500135898590088e-01 3.534909784793853760e-01 4.103474318981170654e-01 2.634151279926300049e-01 7.014707326889038086e-01 3.136827945709228516e-01 7.666977643966674805e-01
1.232500001788139343e-01 7.595000267028808594e-01 6.575000286102294922e-02 8.552500009536743164e-01 1.717499941587448120e-01 8.922500014305114746e-01 1.151462122797966003e-01 7.234659790992736816e-01 2.438558731228113174e-03 7.065432667732238770e-01 2.049118578433990479e-01 6.732418537139892578e-01
