7.883725166320800781e-01 6.593629717826843262e-01 8.596755266189575195e-01 2.987412512302398682e-01 7.223179936408996582e-01 4.795535206794738770e-01 9.717208743095397949e-01 8.279429674148559570e-01 5.123985409736633301e-01 3.972786068916320801e-01 4.897871911525726318e-01 6.282336711883544922e-01 4.494341313838958740e-01 5.444146990776062012e-01
8.718374967575073242e-01 3.035014867782592773e-01 2.463639974594116211e-01 8.503274917602539062e-01 9.827795028686523438e-01 6.430036425590515137e-01 9.072946906089782715e-01 6.901500225067138672e-01 5.069559812545776367e-01 5.932353138923645020e-01 7.867108583450317383e-01 7.895798087120056152e-01 4.131480157375335693e-01 4.548929929733276367e-01
4.539249837398529053e-02 6.400160193443298340e-01 1.193045005202293396e-01 2.625067532062530518e-01 2.417974919080734253e-02 8.794419169425964355e-01 3.599239885807037354e-01 2.794764377176761627e-02 5.811064839363098145e-01 4.003875330090522766e-02 8.094220608472824097e-02 3.204154968261718750e-02 9.620494246482849121e-01 2.692868113517761230e-01
8.382124900817871094e-01 2.278251647949218750e-01 3.118360042572021484e-01 9.864724874496459961e-01 7.571529746055603027e-01 6.595295071601867676e-01 2.587586641311645508e-01 8.478435277938842773e-01 4.100119769573211670e-01 6.377155184745788574e-01 6.911773681640625000e-01 8.028492927551269531e-01 5.094783902168273926e-01 4.262945950031280518e-01
2.262825071811676025e-01 3.520023226737976074e-01 2.302384972572326660e-01 2.541489899158477783e-01 6.097245216369628906e-01 9.378677010536193848e-01 1.245416700839996338e-01 2.370679080486297607e-01 4.463206827640533447e-01 3.618347644805908203e-01 1.332461833953857422e-01 5.736499428749084473e-01 6.372469067573547363e-01 3.957138359546661377e-01
3.586100041866302490e-01 7.043098211288452148e-01 5.855717658996582031e-01 1.687217503786087036e-01 6.629977226257324219e-01 5.079816281795501709e-02 9.374176859855651855e-01 4.476997256278991699e-01 4.938423633575439453e-01 2.885104417800903320e-01 4.273104369640350342e-01 5.636539459228515625e-01 4.598530828952789307e-01 6.081655621528625488e-01
2.768650054931640625e-01 3.343124985694885254e-01 1.403087526559829712e-01 9.292724728584289551e-01 6.357747316360473633e-01 5.279412865638732910e-01 7.147667407989501953e-01 2.894105911254882812e-01 5.175429582595825195e-01 2.695705592632293701e-01 8.569987416267395020e-01 5.736515522003173828e-01 4.610919058322906494e-01 6.549077033996582031e-01
4.109925031661987305e-01 6.649144887924194336e-01 8.350780010223388672e-01 9.475824832916259766e-01 4.614642560482025146e-01 5.095159411430358887e-01 3.747733309864997864e-02 4.303009212017059326e-01 5.349000692367553711e-01 5.934697985649108887e-01 8.730359673500061035e-01 5.471474528312683105e-01 3.359549939632415771e-01 5.010087490081787109e-01
1.445074975490570068e-01 4.729340076446533203e-01 7.897175103425979614e-02 8.761600255966186523e-01 3.548862636089324951e-01 5.823444724082946777e-01 3.159376680850982666e-01 1.069600731134414673e-01 5.635572671890258789e-01 7.787115126848220825e-02 8.887004256248474121e-01 3.546830713748931885e-01 4.898925125598907471e-01 7.353555560111999512e-01
9.722474813461303711e-01 8.184563517570495605e-01 5.392625182867050171e-02 8.052600026130676270e-01 3.060939908027648926e-01 5.404233187437057495e-02 6.121023297309875488e-01 9.255818128585815430e-01 5.217812061309814453e-01 5.005737543106079102e-01 4.689789712429046631e-01 3.763738274574279785e-01 4.832635819911956787e-01 4.122511744499206543e-01
8.034999668598175049e-02 8.062493205070495605e-01 4.360064864158630371e-01 7.908400297164916992e-01 3.615710139274597168e-01 4.221536219120025635e-01 8.304058909416198730e-01 3.827885165810585022e-02 7.076137065887451172e-01 3.744957745075225830e-01 8.708688020706176758e-01 3.743584752082824707e-01 3.787270784378051758e-01 6.671788692474365234e-01
9.908249974250793457e-02 3.643186688423156738e-01 3.800162374973297119e-01 4.586944878101348877e-01 9.990582466125488281e-01 2.283266633749008179e-01 8.083066344261169434e-02 9.915824979543685913e-02 6.087886691093444824e-01 6.870519518852233887e-01 6.296880841255187988e-01 8.978573679924011230e-01 4.166581928730010986e-01 3.361407816410064697e-01
9.917999804019927979e-02 8.105639815330505371e-01 9.747987389564514160e-01 7.417950034141540527e-02 1.971040070056915283e-01 8.333922028541564941e-01 1.052133366465568542e-02 8.295592665672302246e-02 5.777090191841125488e-01 6.091406941413879395e-01 1.711540222167968750e-01 2.128907889127731323e-01 6.462560296058654785e-01 3.387394249439239502e-01
1.083974987268447876e-01 7.824605107307434082e-01 1.283230036497116089e-01 8.469774723052978516e-01 7.821302413940429688e-01 9.846647381782531738e-01 3.239319920539855957e-01 3.881385549902915955e-02 5.775472521781921387e-01 4.107854515314102173e-02 4.906006455421447754e-01 8.739783167839050293e-01 6.816532015800476074e-01 3.454927802085876465e-01
8.165749907493591309e-02 5.916183590888977051e-01 8.413150161504745483e-02 5.793750286102294922e-01 6.981599926948547363e-01 8.597926497459411621e-01 9.409117698669433594e-01 1.018121615052223206e-01 5.929877161979675293e-01 6.930410116910934448e-02 2.591443657875061035e-01 5.300476551055908203e-01 6.649770140647888184e-01 5.726965665817260742e-01
4.182874858379364014e-01 4.612033367156982422e-01 7.349099963903427124e-02 7.383800148963928223e-01 1.558504998683929443e-01 5.213742256164550781e-01 8.444640040397644043e-01 4.186903238296508789e-01 5.314369797706604004e-01 2.811062633991241455e-01 6.567720770835876465e-01 1.133864745497703552e-01 4.466590881347656250e-01 6.151173710823059082e-01
9.506275057792663574e-01 6.128249764442443848e-01 1.361224949359893799e-01 7.617350220680236816e-01 9.079587459564208984e-01 9.126816391944885254e-01 9.433433413505554199e-01 7.762576341629028320e-01 5.194870233535766602e-01 2.655199766159057617e-01 5.591765046119689941e-01 7.658478617668151855e-01 5.333214402198791504e-01 6.345926523208618164e-01
3.643549978733062744e-01 8.031976819038391113e-01 6.656810045242309570e-01 1.120777502655982971e-01 2.856124937534332275e-02 5.675760507583618164e-01 7.655128836631774902e-01 3.455067873001098633e-01 5.404801964759826660e-01 3.769546151161193848e-01 3.079378902912139893e-01 7.628360390663146973e-02 6.100391745567321777e-01 4.819050431251525879e-01
2.817200124263763428e-01 2.428318262100219727e-01 6.349735260009765625e-01 5.497174859046936035e-01 5.123487710952758789e-01 2.889033406972885132e-02 4.576143324375152588e-01 3.753263056278228760e-01 3.206065297126770020e-01 5.562886595726013184e-01 4.066933393478393555e-01 5.476131439208984375e-01 5.130937099456787109e-01 5.191082954406738281e-01
1.987649947404861450e-01 2.743841707706451416e-01 9.119752645492553711e-01 9.380350112915039062e-01 6.959974765777587891e-01 3.948940336704254150e-01 7.560707330703735352e-01 1.920123547315597534e-01 2.926388680934906006e-01 7.905464172363281250e-01 9.021164178848266602e-01 6.929895877838134766e-01 5.125901103019714355e-01 5.677961111068725586e-01
2.229599952697753906e-01 5.477301478385925293e-01 1.433512568473815918e-01 7.683675289154052734e-01 2.172455042600631714e-01 8.682365417480468750e-01 6.173650026321411133e-01 2.277445942163467407e-01 5.891443490982055664e-01 1.985541284084320068e-01 5.193203091621398926e-01 2.198717147111892700e-01 4.922175705432891846e-01 6.400550007820129395e-01
3.401150107383728027e-01 4.098608195781707764e-01 8.265535235404968262e-01 2.340075001120567322e-02 8.499457240104675293e-01 5.403444170951843262e-01 9.904894232749938965e-01 3.052606284618377686e-01 3.962785303592681885e-01 5.224936008453369141e-01 2.482087761163711548e-01 6.168470382690429688e-01 4.898282289505004883e-01 4.678162634372711182e-01
3.915224969387054443e-01 4.399886727333068848e-01 3.655945062637329102e-01 6.860575079917907715e-01 7.004935145378112793e-01 8.386942744255065918e-02 3.685076534748077393e-01 4.719994366168975830e-01 5.135149955749511719e-01 5.886639952659606934e-01 6.009221673011779785e-01 6.765257716178894043e-01 3.909054696559906006e-01 4.285803735256195068e-01
4.699699878692626953e-01 2.541689872741699219e-01 2.573255002498626709e-01 7.542175054550170898e-01 2.843067646026611328e-01 6.752315908670425415e-02 9.036083221435546875e-01 4.678364992141723633e-01 3.562053740024566650e-01 5.221439599990844727e-01 6.646770238876342773e-01 2.007904797792434692e-01 4.752589762210845947e-01 6.385416388511657715e-01
6.312825083732604980e-01 2.546228468418121338e-01 5.712372660636901855e-01 3.460980057716369629e-01 6.178572773933410645e-01 4.528657495975494385e-01 1.277023404836654663e-01 7.176240682601928711e-01 3.378640711307525635e-01 6.195409297943115234e-01 2.395592033863067627e-01 6.247970461845397949e-01 5.483157634735107422e-01 2.995318174362182617e-01
4.618175029754638672e-01 8.308724761009216309e-01 6.438454985618591309e-01 4.836890101432800293e-01 1.742827445268630981e-01 6.004298105835914612e-02 5.046179890632629395e-01 5.602128505706787109e-01 5.438662171363830566e-01 4.116692841053009033e-01 5.137104392051696777e-01 2.352941632270812988e-01 4.123357534408569336e-01 4.819216728210449219e-01
1.679424941539764404e-01 8.274276852607727051e-01 5.432714819908142090e-01 1.820649951696395874e-02 8.153262734413146973e-01 2.306262552738189697e-01 7.360599935054779053e-02 2.140251547098159790e-01 5.519595146179199219e-01 3.725169599056243896e-01 1.879644393920898438e-01 8.548986315727233887e-01 5.090161561965942383e-01 2.855662107467651367e-01
5.996025204658508301e-01 2.187239974737167358e-01 2.859387397766113281e-01 6.319125294685363770e-01 7.379267215728759766e-01 7.215978503227233887e-01 7.927479743957519531e-01 5.338039994239807129e-01 3.849588334560394287e-01 3.927438557147979736e-01 4.181778728961944580e-01 6.458756923675537109e-01 4.786352813243865967e-01 5.779661536216735840e-01
2.943474948406219482e-01 6.059141755104064941e-01 3.404900133609771729e-01 5.019899830222129822e-02 9.364472627639770508e-01 3.801256418228149414e-01 3.225743472576141357e-01 3.325329720973968506e-01 5.663555264472961426e-01 3.762925267219543457e-01 2.237860113382339478e-01 8.508751392364501953e-01 4.712495803833007812e-01 3.348207771778106689e-01
4.019599854946136475e-01 4.681201577186584473e-01 5.185887217521667480e-01 3.967222571372985840e-01 2.856342494487762451e-01 2.351643443107604980e-01 5.484333261847496033e-02 4.788560569286346436e-01 4.918954074382781982e-01 4.838470220565795898e-01 4.870505928993225098e-01 3.536867499351501465e-01 4.023977816104888916e-01 4.627859592437744141e-01
8.015725016593933105e-01 5.923038125038146973e-01 7.747370004653930664e-01 5.414500087499618530e-02 3.919857442378997803e-01 7.450779676437377930e-01 2.157640010118484497e-01 8.163250684738159180e-01 5.185502767562866211e-01 4.559268355369567871e-01 2.853342890739440918e-01 4.175190925598144531e-01 5.170260071754455566e-01 3.013162314891815186e-01
8.352324962615966797e-01 5.909068584442138672e-01 7.283250093460083008e-01 4.879472553730010986e-01 6.768722534179687500e-01 8.085382580757141113e-01 3.966679871082305908e-01 7.977781295776367188e-01 3.222853541374206543e-01 6.645709276199340820e-01 4.000115990638732910e-01 7.185219526290893555e-01 5.504574775695800781e-01 3.699508011341094971e-01
6.495425105094909668e-01 7.412800192832946777e-01 3.043000027537345886e-02 7.792050242424011230e-01 7.509437203407287598e-01 3.816798925399780273e-01 9.246689081192016602e-01 5.965707302093505859e-01 6.447994709014892578e-01 1.682662814855575562e-01 7.422702908515930176e-01 6.603546738624572754e-01 4.589315056800842285e-01 6.470903754234313965e-01
1.477124989032745361e-01 7.612910270690917969e-01 7.669077515602111816e-01 8.615375310182571411e-02 2.658597528934478760e-01 6.681354641914367676e-01 5.808043479919433594e-01 1.303016692399978638e-01 5.367308855056762695e-01 5.388890504837036133e-01 2.126391977071762085e-01 2.796535491943359375e-01 6.220282912254333496e-01 4.204010367393493652e-01
5.189650058746337891e-01 2.451331615447998047e-01 6.070244908332824707e-01 7.364624738693237305e-01 9.460164904594421387e-01 6.749446392059326172e-01 2.121790051460266113e-01 5.449542403221130371e-01 3.718638122081756592e-01 6.552935242652893066e-01 4.849409759044647217e-01 8.865501284599304199e-01 5.140863060951232910e-01 3.106962144374847412e-01
2.270675003528594971e-01 4.621528387069702148e-01 6.680135130882263184e-01 1.053114980459213257e-01 7.079409956932067871e-01 3.282281756401062012e-02 6.169936656951904297e-01 2.546748220920562744e-01 3.595522344112396240e-01 5.022109746932983398e-01 2.212262451648712158e-01 7.314783334732055664e-01 5.044787526130676270e-01 4.334613680839538574e-01
8.442950248718261719e-01 5.838288068771362305e-01 1.733697503805160522e-01 6.421350240707397461e-01 7.646177411079406738e-01 4.676388800144195557e-01 7.017969489097595215e-01 8.225859403610229492e-01 5.442866683006286621e-01 2.689173817634582520e-01 6.069706082344055176e-01 7.842727303504943848e-01 5.326709747314453125e-01 6.342871189117431641e-01
4.052499774843454361e-03 4.715193212032318115e-01 8.828007578849792480e-01 7.200124859809875488e-01 7.454494833946228027e-01 2.316546440124511719e-01 9.594941139221191406e-01 6.690457928925752640e-03 4.981366991996765137e-01 9.453409910202026367e-01 9.752261638641357422e-01 7.027435302734375000e-01 3.577393293380737305e-01 6.677793264389038086e-01
3.022249974310398102e-02 8.012443184852600098e-01 2.762752473354339600e-01 9.072750210762023926e-01 8.655869960784912109e-01 2.819007039070129395e-01 8.110892772674560547e-01 4.812395945191383362e-02 7.727306485176086426e-01 3.806544244289398193e-01 6.944347023963928223e-01 9.064759016036987305e-01 3.294378221035003662e-01 4.548034667968750000e-01
9.990050196647644043e-01 5.127146840095520020e-01 9.860417246818542480e-01 5.404725074768066406e-01 3.357677459716796875e-01 5.072447657585144043e-01 9.573369026184082031e-01 9.542666673660278320e-01 3.136552274227142334e-01 7.201375961303710938e-01 8.127505183219909668e-01 3.539659678936004639e-01 5.345967411994934082e-01 7.131226658821105957e-01
1.074424982070922852e-01 3.771494925022125244e-01 7.191944718360900879e-01 7.471150159835815430e-01 2.170749939978122711e-02 7.507810741662979126e-02 2.692546546459197998e-01 1.716045439243316650e-01 4.383828341960906982e-01 6.536459922790527344e-01 5.970337986946105957e-01 7.295267283916473389e-02 4.253515601158142090e-01 5.482200384140014648e-01
2.356700003147125244e-01 5.783045291900634766e-01 5.420337319374084473e-01 6.593250036239624023e-01 6.885660290718078613e-01 7.283633351325988770e-01 1.879143267869949341e-01 2.844215631484985352e-01 5.362021327018737793e-01 5.659851431846618652e-01 4.726034998893737793e-01 6.785624027252197266e-01 4.370594620704650879e-01 4.295298457145690918e-01
1.661400049924850464e-01 6.121063232421875000e-01 9.414732456207275391e-01 3.537087440490722656e-01 2.443282455205917358e-01 5.430192947387695312e-01 2.133366614580154419e-01 1.711274534463882446e-01 5.270113348960876465e-01 6.879742741584777832e-01 3.533633351325988770e-01 3.008165955543518066e-01 4.805755019187927246e-01 3.893170356750488281e-01
7.788749933242797852e-01 1.939969956874847412e-01 7.486305236816406250e-01 8.033400028944015503e-02 7.285297513008117676e-01 6.470609307289123535e-01 3.644200041890144348e-02 7.279586195945739746e-01 3.508978486061096191e-01 5.955730080604553223e-01 3.172089457511901855e-01 7.461043596267700195e-01 5.043612122535705566e-01 3.661181032657623291e-01
4.176250100135803223e-02 2.605246603488922119e-01 8.082550168037414551e-01 7.088400125503540039e-01 9.726099669933319092e-02 8.720312118530273438e-01 5.954156517982482910e-01 1.673810370266437531e-02 1.644170582294464111e-01 9.229884147644042969e-01 7.110607028007507324e-01 6.026519089937210083e-02 6.293741464614868164e-01 7.285792827606201172e-01
8.557350039482116699e-01 3.413478434085845947e-01 6.399185061454772949e-01 4.771282374858856201e-01 2.543214857578277588e-01 6.311722993850708008e-01 6.887222528457641602e-01 8.867962956428527832e-01 4.356638491153717041e-01 5.767636895179748535e-01 5.498760938644409180e-01 2.882064878940582275e-01 4.869112372398376465e-01 5.441412925720214844e-01
9.728350043296813965e-01 1.728146672248840332e-01 3.561397492885589600e-01 8.527474999427795410e-01 2.137182503938674927e-01 9.482091665267944336e-01 8.089429736137390137e-01 8.898398280143737793e-01 2.848268747329711914e-01 7.080379128456115723e-01 7.745963931083679199e-01 2.269884347915649414e-01 5.305036902427673340e-01 7.529331445693969727e-01
8.739100098609924316e-01 6.439178586006164551e-01 3.565104901790618896e-01 8.655250072479248047e-03 7.428217530250549316e-01 2.297111153602600098e-01 3.042726814746856689e-01 8.043282032012939453e-01 5.158805847167968750e-01 3.750062584877014160e-01 2.682217061519622803e-01 7.515999674797058105e-01 4.767339527606964111e-01 4.707277715206146240e-01
1.412000041455030441e-02 5.109578371047973633e-01 8.534232378005981445e-01 2.960324883460998535e-01 4.027594923973083496e-01 3.013576865196228027e-01 5.926493406295776367e-01 2.920560911297798157e-02 6.237871050834655762e-01 8.495994210243225098e-01 4.777655899524688721e-01 2.432748377323150635e-01 4.248080551624298096e-01 4.223752021789550781e-01
2.720350027084350586e-01 8.071784973144531250e-01 8.371084928512573242e-01 4.278457462787628174e-01 8.059327602386474609e-01 8.791138529777526855e-01 5.675200223922729492e-01 2.457658201456069946e-01 5.862352848052978516e-01 4.189892113208770752e-01 4.551751315593719482e-01 7.856748700141906738e-01 4.341156780719757080e-01 4.633762240409851074e-01
5.774924755096435547e-01 4.571650028228759766e-01 1.816727519035339355e-01 2.390747517347335815e-01 7.880027294158935547e-01 5.546672940254211426e-01 4.587976634502410889e-01 5.819643139839172363e-01 5.305577516555786133e-01 2.675792276859283447e-01 3.413521349430084229e-01 7.729842662811279297e-01 4.710120558738708496e-01 5.563152432441711426e-01
3.882024884223937988e-01 2.249021679162979126e-01 6.726797223091125488e-01 9.212700128555297852e-01 6.600842475891113281e-01 5.994726419448852539e-01 2.185086607933044434e-01 4.125880300998687744e-01 2.830530703067779541e-01 6.675000786781311035e-01 6.979824900627136230e-01 6.867436170578002930e-01 5.666218400001525879e-01 4.929709136486053467e-01
2.780900001525878906e-01 1.792176663875579834e-01 9.288704991340637207e-01 6.176350116729736328e-01 9.227149933576583862e-02 5.913984775543212891e-01 9.506603479385375977e-01 3.142907321453094482e-01 2.178878188133239746e-01 7.458574771881103516e-01 5.892336368560791016e-01 5.261572077870368958e-02 6.305859684944152832e-01 7.529190778732299805e-01
4.601399898529052734e-01 4.738574922084808350e-01 6.792887449264526367e-01 2.801632583141326904e-01 7.813665270805358887e-01 9.392333030700683594e-02 8.295833319425582886e-02 5.885637998580932617e-01 5.224764347076416016e-01 4.613904058933258057e-01 3.872482180595397949e-01 7.660819292068481445e-01 4.260157644748687744e-01 4.495758116245269775e-01
6.050000083632767200e-04 7.626801729202270508e-01 1.937910020351409912e-01 3.050400018692016602e-01 6.250527501106262207e-01 2.081033401191234589e-02 1.950639933347702026e-01 6.582085788249969482e-02 7.302847504615783691e-01 3.794025182723999023e-01 3.731356859207153320e-01 7.131025195121765137e-01 4.071066677570343018e-01 3.625639975070953369e-01
9.668574929237365723e-01 1.919428259134292603e-01 6.263830065727233887e-01 8.953624963760375977e-01 9.742457270622253418e-01 7.615771889686584473e-01 1.582150012254714966e-01 9.388284683227539062e-01 3.021045029163360596e-01 8.171048760414123535e-01 7.507189512252807617e-01 9.429973363876342773e-01 6.190822124481201172e-01 2.747117578983306885e-01
1.802050024271011353e-01 4.150078296661376953e-01 3.737749904394149780e-02 1.352314949035644531e-01 7.568194866180419922e-01 6.386690586805343628e-02 7.936084270477294922e-01 3.110016882419586182e-01 5.132381319999694824e-01 1.381046622991561890e-01 2.698504924774169922e-01 7.260881066322326660e-01 5.101027488708496094e-01 6.222646236419677734e-01
1.988250017166137695e-02 6.619135141372680664e-01 8.983749747276306152e-01 4.854847490787506104e-01 7.887985110282897949e-01 8.180000782012939453e-01 7.332437634468078613e-01 4.149248078465461731e-02 6.256018877029418945e-01 5.434288978576660156e-01 2.551457583904266357e-01 7.613579034805297852e-01 5.149765610694885254e-01 3.311781883239746094e-01
5.287899971008300781e-01 6.729981899261474609e-01 9.072967767715454102e-01 8.702225089073181152e-01 9.707217216491699219e-01 4.525095969438552856e-02 5.235880017280578613e-01 5.725575685501098633e-01 5.972620844841003418e-01 7.215744853019714355e-01 8.868349194526672363e-01 9.250313639640808105e-01 3.796552717685699463e-01 3.992471694946289062e-01
1.640650033950805664e-01 2.728306651115417480e-01 5.832762718200683594e-01 5.042325258255004883e-01 4.812425076961517334e-01 8.335813879966735840e-02 5.751573443412780762e-01 1.990487426519393921e-01 3.798705041408538818e-01 7.342196702957153320e-01 5.243194699287414551e-01 4.693358242511749268e-01 4.730634093284606934e-01 4.958979785442352295e-01
7.805600166320800781e-01 3.048731684684753418e-01 2.625592648983001709e-01 6.585775017738342285e-01 1.974067538976669312e-01 8.314639329910278320e-01 7.302883267402648926e-01 8.099016547203063965e-01 4.782234132289886475e-01 4.541863203048706055e-01 4.154656827449798584e-01 1.911228001117706299e-01 5.554708838462829590e-01 4.298138022422790527e-01
3.900099992752075195e-01 2.739291787147521973e-01 3.150264918804168701e-01 3.430207371711730957e-01 1.287014931440353394e-01 9.063737392425537109e-01 5.168513059616088867e-01 3.394696712493896484e-01 5.036371350288391113e-01 4.187093079090118408e-01 3.288429379463195801e-01 1.126906350255012512e-01 5.937871336936950684e-01 4.946788847446441650e-01
7.809500098228454590e-01 5.252936482429504395e-01 8.591882586479187012e-01 8.087325096130371094e-01 9.970407485961914062e-01 2.341383844614028931e-01 6.756131649017333984e-01 8.856273889541625977e-01 5.805700421333312988e-01 6.879377961158752441e-01 9.270859956741333008e-01 9.581864476203918457e-01 4.009251296520233154e-01 4.055407047271728516e-01
3.339149951934814453e-01 4.823488295078277588e-01 9.623647332191467285e-01 4.525727629661560059e-01 6.711884737014770508e-01 8.217902779579162598e-01 1.188416630029678345e-01 3.697725236415863037e-01 4.291308522224426270e-01 6.379230618476867676e-01 4.697290956974029541e-01 6.949978470802307129e-01 4.569794833660125732e-01 4.101918041706085205e-01
4.651749879121780396e-02 7.589908242225646973e-01 3.930207490921020508e-01 1.136192530393600464e-01 9.063389897346496582e-01 3.170475661754608154e-01 4.703536629676818848e-01 6.820610910654067993e-02 6.703994274139404297e-01 4.882337749004364014e-01 2.369625270366668701e-01 8.944254517555236816e-01 4.403713941574096680e-01 2.031225860118865967e-01
4.709349870681762695e-01 3.548451662063598633e-01 7.789080142974853516e-01 1.375962495803833008e-01 1.834249943494796753e-01 8.134646415710449219e-01 4.403123259544372559e-01 5.025864839553833008e-01 3.846641778945922852e-01 5.423723459243774414e-01 2.728120982646942139e-01 1.916183978319168091e-01 6.713765263557434082e-01 4.437057971954345703e-01
2.096750028431415558e-02 3.860625028610229492e-01 2.796250022947788239e-02 2.733870148658752441e-01 9.157245159149169922e-01 5.558437108993530273e-01 5.390610098838806152e-01 5.908188596367835999e-02 5.458308458328247070e-01 8.790022879838943481e-02 3.323636054992675781e-01 8.067527413368225098e-01 6.929702162742614746e-01 3.125953078269958496e-01
6.271250247955322266e-01 1.996716707944869995e-01 8.539312481880187988e-01 7.863399982452392578e-01 3.019177615642547607e-01 6.361659765243530273e-01 9.492045044898986816e-01 7.534069418907165527e-01 2.289914190769195557e-01 6.951370239257812500e-01 8.276448249816894531e-01 2.370825856924057007e-01 5.560611486434936523e-01 7.768447995185852051e-01
6.259425282478332520e-01 3.014331758022308350e-01 1.485912501811981201e-01 4.580957591533660889e-01 7.705637216567993164e-01 8.267338275909423828e-01 2.553633451461791992e-01 6.430369615554809570e-01 5.005295276641845703e-01 2.841271758079528809e-01 2.798897325992584229e-01 7.476031184196472168e-01 4.858012497425079346e-01 5.486842393875122070e-01
1.945874989032745361e-01 6.939941644668579102e-01 4.014810025691986084e-01 1.812302470207214355e-01 1.896084994077682495e-01 7.000187039375305176e-01 7.596010565757751465e-01 1.791471689939498901e-01 5.514705181121826172e-01 3.158646523952484131e-01 2.197261452674865723e-01 1.781631261110305786e-01 7.032203674316406250e-01 4.869557321071624756e-01
9.969300031661987305e-01 1.853153407573699951e-01 5.946162343025207520e-01 3.194234967231750488e-01 6.363099813461303711e-02 1.232825219631195068e-01 3.152573406696319580e-01 9.520557522773742676e-01 3.250392973423004150e-01 7.704491019248962402e-01 5.363894104957580566e-01 1.484367549419403076e-01 5.583449602127075195e-01 6.084644794464111328e-01
6.403974890708923340e-01 1.812776625156402588e-01 7.186290025711059570e-01 1.826110035181045532e-01 9.235674738883972168e-01 1.713234335184097290e-01 7.629056572914123535e-01 5.544934272766113281e-01 4.664160907268524170e-01 6.190417408943176270e-01 5.638523101806640625e-01 7.743334770202636719e-01 4.324294030666351318e-01 3.968908786773681641e-01
7.293300032615661621e-01 2.239926606416702271e-01 4.996367394924163818e-01 4.466232359409332275e-01 4.925682544708251953e-01 9.836612939834594727e-01 9.378047585487365723e-01 5.886418819427490234e-01 3.764516115188598633e-01 6.029489636421203613e-01 4.223479926586151123e-01 3.692584931850433350e-01 5.164512991905212402e-01 5.229738950729370117e-01
6.814774870872497559e-01 3.800818324089050293e-01 3.593422472476959229e-01 6.565399765968322754e-01 4.243335127830505371e-01 1.351579725742340088e-01 1.919530034065246582e-01 7.792965769767761230e-01 4.936497509479522705e-01 5.011448264122009277e-01 5.306081175804138184e-01 4.973786473274230957e-01 4.020005464553833008e-01 4.473574161529541016e-01
7.798550128936767578e-01 4.261656701564788818e-01 2.231547534465789795e-01 9.638224840164184570e-01 8.622482419013977051e-01 3.938568830490112305e-01 6.200990080833435059e-01 7.549367547035217285e-01 5.173224806785583496e-01 5.930819511413574219e-01 8.448905944824218750e-01 8.418079018592834473e-01 4.229876697063446045e-01 4.697878062725067139e-01
1.284125000238418579e-01 1.719155013561248779e-01 5.350260138511657715e-01 2.646502554416656494e-01 8.763049840927124023e-01 5.629256367683410645e-01 3.499099984765052795e-02 8.727993071079254150e-02 3.200745284557342529e-01 7.603095769882202148e-01 3.627243340015411377e-01 8.444957137107849121e-01 5.462735891342163086e-01 3.109178245067596436e-01
3.992750123143196106e-02 6.035388112068176270e-01 6.669340133666992188e-01 4.333457648754119873e-01 3.646380007266998291e-01 2.555052638053894043e-01 2.414180040359497070e-01 4.870174825191497803e-02 6.452633142471313477e-01 7.669240236282348633e-01 3.957033157348632812e-01 3.322276473045349121e-01 4.486077725887298584e-01 3.874733150005340576e-01
9.855474829673767090e-01 2.033886611461639404e-01 9.584337472915649414e-01 7.117875218391418457e-01 6.930927634239196777e-01 5.881259441375732422e-01 3.790040016174316406e-01 9.720064401626586914e-01 2.949340343475341797e-01 8.431564569473266602e-01 7.965248823165893555e-01 7.973302006721496582e-01 6.087836027145385742e-01 4.607568681240081787e-01
3.096500039100646973e-01 4.260173439979553223e-01 3.249287605285644531e-01 7.842350006103515625e-01 5.957267284393310547e-01 5.445885062217712402e-01 1.113356649875640869e-01 3.170252144336700439e-01 4.680502414703369141e-01 4.723225533962249756e-01 7.598488330841064453e-01 6.174250841140747070e-01 4.602756798267364502e-01 5.669705867767333984e-01
1.500625014305114746e-01 5.123521685600280762e-01 1.863054931163787842e-01 7.742224633693695068e-02 5.120747685432434082e-01 8.886257410049438477e-01 1.990929991006851196e-01 1.512651145458221436e-01 5.331134796142578125e-01 2.712780237197875977e-01 1.693690717220306396e-01 4.693315029144287109e-01 6.833701133728027344e-01 4.361955821514129639e-01
6.583349704742431641e-01 3.264728188514709473e-01 1.187812536954879761e-01 7.566974759101867676e-01 1.733645051717758179e-01 5.806132405996322632e-02 2.242893278598785400e-01 8.561762571334838867e-01 5.892429947853088379e-01 3.509097397327423096e-01 5.678148865699768066e-01 2.386526465415954590e-01 4.028796255588531494e-01 4.017348587512969971e-01
6.151000037789344788e-02 6.728168129920959473e-01 5.089524984359741211e-01 8.778125047683715820e-01 7.372587323188781738e-01 8.913036584854125977e-01 1.647300086915493011e-02 8.457900583744049072e-02 6.557142734527587891e-01 4.239196181297302246e-01 2.857928574085235596e-01 8.364652395248413086e-01 4.507943391799926758e-01 3.012071847915649414e-01
1.374125033617019653e-01 5.233963131904602051e-01 5.068612694740295410e-01 4.987154901027679443e-01 1.879700087010860443e-02 5.285377502441406250e-01 6.129043102264404297e-01 1.108369082212448120e-01 5.566401481628417969e-01 5.717077851295471191e-01 5.055712461471557617e-01 5.133397877216339111e-02 4.753499925136566162e-01 4.923943281173706055e-01
8.795400261878967285e-01 4.430179893970489502e-01 6.310387253761291504e-01 2.864712476730346680e-01 5.999267697334289551e-01 2.638386785984039307e-01 4.022533446550369263e-02 8.733995556831359863e-01 4.169153869152069092e-01 6.117734313011169434e-01 3.654842078685760498e-01 6.665401458740234375e-01 4.999932050704956055e-01 3.604917824268341064e-01
8.372499942779541016e-01 4.964953362941741943e-01 7.864217758178710938e-01 1.196952536702156067e-01 6.558899879455566406e-01 4.126114249229431152e-01 8.352743983268737793e-01 7.980246543884277344e-01 3.783134818077087402e-01 6.003179550170898438e-01 4.192981421947479248e-01 6.359353661537170410e-01 5.099308490753173828e-01 4.375739097595214844e-01
9.764050245285034180e-01 7.269231677055358887e-01 2.711445093154907227e-01 3.747839927673339844e-01 6.142227649688720703e-01 8.628149628639221191e-01 3.085440099239349365e-01 9.230228662490844727e-01 6.477208137512207031e-01 2.493172734975814819e-01 4.365905821323394775e-01 6.601948142051696777e-01 4.927936792373657227e-01 4.939526319503784180e-01
2.656599879264831543e-01 7.706983089447021484e-01 3.846769928932189941e-01 2.513934969902038574e-01 5.829137563705444336e-01 2.549786865711212158e-01 9.400420188903808594e-01 3.383184373378753662e-01 5.517280101776123047e-01 2.002869695425033569e-01 4.029557108879089355e-01 5.091937184333801270e-01 4.660470485687255859e-01 6.356489062309265137e-01
4.319350123405456543e-01 2.201023399829864502e-01 2.271544933319091797e-01 2.004617452621459961e-01 7.734645009040832520e-01 1.259227246046066284e-01 8.821533918380737305e-01 4.552553594112396240e-01 4.231546819210052490e-01 4.623059332370758057e-01 3.647031784057617188e-01 6.523120999336242676e-01 4.480766654014587402e-01 5.097485184669494629e-01
6.951050162315368652e-01 5.479220151901245117e-01 3.075642585754394531e-01 9.796925187110900879e-01 4.516704976558685303e-01 1.952718198299407959e-01 1.101979985833168030e-01 8.163040876388549805e-01 5.022390484809875488e-01 5.146714448928833008e-01 6.839648485183715820e-01 5.585498809814453125e-01 3.681229054927825928e-01 4.614183008670806885e-01
6.872249841690063477e-01 8.315606713294982910e-01 4.650804996490478516e-01 8.842549920082092285e-01 9.784927368164062500e-01 4.295774698257446289e-01 2.765719890594482422e-01 6.485731601715087891e-01 6.104793548583984375e-01 6.269545555114746094e-01 7.800310850143432617e-01 9.305246472358703613e-01 3.937062323093414307e-01 3.725472688674926758e-01
3.660899996757507324e-01 2.527939975261688232e-01 7.037402391433715820e-01 5.978599786758422852e-01 6.748697757720947266e-01 7.463386654853820801e-01 2.581023275852203369e-01 3.195856213569641113e-01 2.972481548786163330e-01 7.080672979354858398e-01 6.010292172431945801e-01 6.955502629280090332e-01 5.419794917106628418e-01 4.463672339916229248e-01
6.267899870872497559e-01 7.339239716529846191e-01 7.689437270164489746e-01 3.005647361278533936e-01 9.013969898223876953e-01 5.489408373832702637e-01 4.495436549186706543e-01 5.390309095382690430e-01 5.884853601455688477e-01 5.555278062820434570e-01 6.375021338462829590e-01 8.493382334709167480e-01 3.966571390628814697e-01 4.147650003433227539e-01
7.612250000238418579e-02 6.363673210144042969e-01 3.854382634162902832e-01 1.954012513160705566e-01 8.093104958534240723e-01 5.679041147232055664e-01 5.694033205509185791e-02 6.382172554731369019e-02 6.268525123596191406e-01 5.386441946029663086e-01 2.438996434211730957e-01 7.978741526603698730e-01 4.889563918113708496e-01 2.737926840782165527e-01
3.520975112915039062e-01 3.082848191261291504e-01 7.619307637214660645e-01 2.474567443132400513e-01 8.176295161247253418e-01 9.469219446182250977e-01 7.358211278915405273e-01 3.068569600582122803e-01 3.386601507663726807e-01 5.052475929260253906e-01 5.160866975784301758e-01 7.479285597801208496e-01 5.182715058326721191e-01 4.936721920967102051e-01
1.979175060987472534e-01 6.752796769142150879e-01 4.547674953937530518e-02 7.874624729156494141e-01 5.690722465515136719e-01 2.273631244897842407e-01 9.522694349288940430e-01 1.526869237422943115e-01 7.032362818717956543e-01 5.545454844832420349e-02 9.277486801147460938e-01 4.368409216403961182e-01 4.257252514362335205e-01 7.528554797172546387e-01
8.288250118494033813e-02 7.698554992675781250e-01 8.580407500267028809e-01 9.049124717712402344e-01 3.087849915027618408e-02 7.982417941093444824e-01 7.089091539382934570e-01 2.216186001896858215e-02 6.710078716278076172e-01 7.917419672012329102e-01 7.793703079223632812e-01 8.565278351306915283e-02 3.705416619777679443e-01 5.513178110122680664e-01
1.180450022220611572e-01 5.258161425590515137e-01 3.197174891829490662e-02 3.379600048065185547e-01 1.635382473468780518e-01 3.489731252193450928e-01 4.183226525783538818e-01 1.553057730197906494e-01 5.990356802940368652e-01 5.862420052289962769e-02 3.458000719547271729e-01 2.037446647882461548e-01 6.755684018135070801e-01 6.635853052139282227e-01
8.471350073814392090e-01 4.721638262271881104e-01 1.958574950695037842e-01 1.323132514953613281e-01 4.070807397365570068e-01 3.512502014636993408e-01 1.963299959897994995e-01 7.228852510452270508e-01 4.691391587257385254e-01 4.434196650981903076e-01 2.348755896091461182e-01 4.274818897247314453e-01 5.495406389236450195e-01 3.147533237934112549e-01
6.806275248527526855e-01 6.559263467788696289e-01 7.233687639236450195e-01 5.689550042152404785e-01 3.091317415237426758e-01 4.911198019981384277e-01 1.333433296531438828e-02 8.488742113113403320e-01 4.895322024822235107e-01 5.426040291786193848e-01 3.859333395957946777e-01 4.124785661697387695e-01 4.845657348632812500e-01 3.774604201316833496e-01
8.996000289916992188e-01 6.043524742126464844e-01 7.848539948463439941e-01 4.169670045375823975e-01 3.107174932956695557e-01 1.276740431785583496e-01 4.606069922447204590e-01 9.644529223442077637e-01 5.617462992668151855e-01 5.412225723266601562e-01 5.401064753532409668e-01 4.099249839782714844e-01 4.092998206615447998e-01 3.855516612529754639e-01
2.172224968671798706e-01 5.670261383056640625e-01 8.740835189819335938e-01 9.835324883460998535e-01 9.697797298431396484e-01 9.299288988113403320e-01 4.750596582889556885e-01 1.625252664089202881e-01 5.031107664108276367e-01 8.085033297538757324e-01 9.154697656631469727e-01 9.562143087387084961e-01 4.875274598598480225e-01 4.021557867527008057e-01
2.710725069046020508e-01 5.734021663665771484e-01 3.155847489833831787e-01 5.611975193023681641e-01 6.579167246818542480e-01 1.268856525421142578e-01 2.591633424162864685e-02 3.527377247810363770e-01 6.064283847808837891e-01 4.066674709320068359e-01 5.899030566215515137e-01 7.329778671264648438e-01 3.985373973846435547e-01 5.112071633338928223e-01
7.619249820709228516e-01 5.623946785926818848e-01 7.566737532615661621e-01 5.573624968528747559e-01 1.388995051383972168e-01 9.981855750083923340e-01 3.868726789951324463e-01 8.915522694587707520e-01 4.732988774776458740e-01 5.292049050331115723e-01 4.745423793792724609e-01 2.151266932487487793e-01 5.201607942581176758e-01 4.686056971549987793e-01
5.113499760627746582e-01 2.378431707620620728e-01 3.455624878406524658e-01 2.148524969816207886e-01 8.313295245170593262e-01 2.577446401119232178e-01 6.638646721839904785e-01 5.502792000770568848e-01 3.962384760379791260e-01 3.716844022274017334e-01 2.876069843769073486e-01 7.897927761077880859e-01 4.835551381111145020e-01 5.144741535186767578e-01
9.314125180244445801e-01 2.637443244457244873e-01 5.814767479896545410e-01 2.277624979615211487e-02 8.870834708213806152e-01 3.887223303318023682e-01 6.581820249557495117e-01 8.545640707015991211e-01 3.548176884651184082e-01 6.165646910667419434e-01 2.632079124450683594e-01 8.125815987586975098e-01 5.181792378425598145e-01 3.033306598663330078e-01
1.999824941158294678e-01 4.529278278350830078e-01 1.536564975976943970e-01 5.150550007820129395e-01 2.908100001513957977e-02 4.583289027214050293e-01 5.162556767463684082e-01 2.273024767637252808e-01 5.273066163063049316e-01 2.926875948905944824e-01 5.054828524589538574e-01 5.773813277482986450e-02 5.677935481071472168e-01 6.039749383926391602e-01
1.382649987936019897e-01 4.242379963397979736e-01 3.870057463645935059e-01 2.739222645759582520e-01 1.535300016403198242e-01 8.454275727272033691e-01 6.823347806930541992e-01 9.463894367218017578e-02 5.771073102951049805e-01 5.117470026016235352e-01 2.811480164527893066e-01 8.534735441207885742e-02 6.227633953094482422e-01 4.520517289638519287e-01
5.246300101280212402e-01 7.891093492507934570e-01 6.284675002098083496e-01 3.088797628879547119e-01 1.713967472314834595e-01 8.540242314338684082e-01 3.292213380336761475e-01 5.462921261787414551e-01 5.367236733436584473e-01 3.713763058185577393e-01 2.913337945938110352e-01 2.001984864473342896e-01 6.092022061347961426e-01 3.945443630218505859e-01
3.933550119400024414e-01 7.792611718177795410e-01 2.256225049495697021e-01 4.539837539196014404e-01 9.645607471466064453e-01 5.436675548553466797e-01 9.842261672019958496e-01 3.631095588207244873e-01 6.045656800270080566e-01 1.633522808551788330e-01 4.737156629562377930e-01 7.554185986518859863e-01 4.476132094860076904e-01 6.027488112449645996e-01
2.698175013065338135e-01 6.942576766014099121e-01 1.674434989690780640e-01 8.185899853706359863e-01 2.747847437858581543e-01 5.642480850219726562e-01 1.363613307476043701e-01 2.746334075927734375e-01 5.633730888366699219e-01 1.587698459625244141e-01 6.975041627883911133e-01 3.693434298038482666e-01 4.609317779541015625e-01 6.597047448158264160e-01
3.538450002670288086e-01 1.902383267879486084e-01 2.484862506389617920e-01 5.129550099372863770e-01 3.490292429924011230e-01 5.120608806610107422e-01 6.247966736555099487e-02 4.368630647659301758e-01 4.106082618236541748e-01 5.028800368309020996e-01 4.173961877822875977e-01 4.070542454719543457e-01 4.711517393589019775e-01 5.057942867279052734e-01
8.591175079345703125e-01 5.583998560905456543e-01 7.405387759208679199e-01 9.984325170516967773e-01 9.162707328796386719e-01 5.616476535797119141e-01 1.942483335733413696e-01 9.139496088027954102e-01 4.889307916164398193e-01 7.310467362403869629e-01 9.319235086441040039e-01 9.536885023117065430e-01 4.710957407951354980e-01 4.051171243190765381e-01
8.265799880027770996e-01 7.946988344192504883e-01 1.353474985808134079e-02 6.612499952316284180e-01 3.967007398605346680e-01 5.772690176963806152e-01 8.687244057655334473e-01 8.215103149414062500e-01 6.057929992675781250e-01 1.288062930107116699e-01 5.693605542182922363e-01 4.558881521224975586e-01 5.699682235717773438e-01 6.670593023300170898e-01
4.364775121212005615e-01 5.137766599655151367e-01 9.151265025138854980e-01 7.698475122451782227e-01 8.470377326011657715e-01 1.177074760198593140e-01 1.468826681375503540e-01 4.757547080516815186e-01 4.146312773227691650e-01 6.944576501846313477e-01 7.747817635536193848e-01 8.716548681259155273e-01 4.915246963500976562e-01 4.070405662059783936e-01
3.434999883174896240e-01 5.211371779441833496e-01 8.041267395019531250e-01 5.010049939155578613e-01 4.457629919052124023e-01 6.407568454742431641e-01 4.862506687641143799e-01 3.655735254287719727e-01 3.743593394756317139e-01 6.052086949348449707e-01 4.922066032886505127e-01 5.236629247665405273e-01 4.675070345401763916e-01 5.062280893325805664e-01
7.084274888038635254e-01 4.328461587429046631e-01 7.115697264671325684e-01 5.112199783325195312e-01 5.491034984588623047e-01 6.666193008422851562e-01 8.808780908584594727e-01 6.661169528961181641e-01 4.131708741188049316e-01 4.432138800621032715e-01 6.112698316574096680e-01 5.457139015197753906e-01 4.643546342849731445e-01 5.727947354316711426e-01
4.681299924850463867e-01 1.851781606674194336e-01 9.461502432823181152e-01 4.364475011825561523e-01 3.299537599086761475e-01 9.383332133293151855e-01 8.224333524703979492e-01 4.588119685649871826e-01 2.801323533058166504e-01 7.102127671241760254e-01 4.305653274059295654e-01 2.663800716400146484e-01 5.935631394386291504e-01 5.773470401763916016e-01
9.378799796104431152e-01 2.468235045671463013e-01 8.417827486991882324e-01 2.632252573966979980e-01 5.194742679595947266e-01 5.607881546020507812e-01 8.390653729438781738e-01 9.128744006156921387e-01 3.247134089469909668e-01 7.165358066558837891e-01 5.385915637016296387e-01 5.474224090576171875e-01 5.703743696212768555e-01 5.016726255416870117e-01
2.044575065374374390e-01 6.246816515922546387e-01 3.054497539997100830e-01 6.257774829864501953e-01 8.180882334709167480e-01 8.765958249568939209e-02 9.826537370681762695e-01 2.416295856237411499e-01 5.748520493507385254e-01 3.516339361667633057e-01 6.744637489318847656e-01 6.083621978759765625e-01 4.181878864765167236e-01 5.724884271621704102e-01
5.692874789237976074e-01 3.641664981842041016e-01 4.404575005173683167e-02 2.932477593421936035e-01 7.343674898147583008e-01 8.351206779479980469e-01 5.881213545799255371e-01 5.360410809516906738e-01 4.711855053901672363e-01 2.912842631340026855e-01 2.557322084903717041e-01 7.164313793182373047e-01 4.887426197528839111e-01 5.537554025650024414e-01
5.720275044441223145e-01 4.936041533946990967e-01 6.043180227279663086e-01 6.604175269603729248e-02 5.735285282135009766e-01 1.785506010055541992e-01 8.053066581487655640e-02 6.270392537117004395e-01 3.978871107101440430e-01 4.945067167282104492e-01 2.227091640233993530e-01 6.073245406150817871e-01 5.144944190979003906e-01 3.721008598804473877e-01
4.449824988842010498e-01 1.730004996061325073e-01 1.919837445020675659e-01 8.914049863815307617e-01 4.474482536315917969e-01 1.133459582924842834e-01 3.014020025730133057e-01 5.043133497238159180e-01 4.158572256565093994e-01 5.249922871589660645e-01 5.545595288276672363e-01 4.834037125110626221e-01 4.363733232021331787e-01 5.020831823348999023e-01
2.522799968719482422e-01 6.224631667137145996e-01 8.469499647617340088e-03 3.744035065174102783e-01 6.552180051803588867e-01 2.078589946031570435e-01 1.057523339986801147e-01 2.836137712001800537e-01 6.469476819038391113e-01 8.790845423936843872e-02 5.630922913551330566e-01 7.568948864936828613e-01 4.557839632034301758e-01 6.307650804519653320e-01
9.970824718475341797e-01 3.792193233966827393e-01 8.835369944572448730e-01 6.201500073075294495e-02 9.941319823265075684e-01 6.856448650360107422e-01 4.570056796073913574e-01 8.890596628189086914e-01 4.044074714183807373e-01 6.863896846771240234e-01 4.034426808357238770e-01 8.714213967323303223e-01 5.042795538902282715e-01 2.691147327423095703e-01
6.341400146484375000e-01 2.281313389539718628e-01 1.487150043249130249e-02 1.323725003749132156e-02 7.149450182914733887e-01 5.451665520668029785e-01 6.353093385696411133e-01 4.949541687965393066e-01 3.352088034152984619e-01 2.454313188791275024e-01 1.481376737356185913e-01 7.445145845413208008e-01 5.216721296310424805e-01 5.672857165336608887e-01
