1.661400049924850464e-01 6.121063232421875000e-01 9.414732456207275391e-01 3.537087440490722656e-01 2.443282455205917358e-01 5.430192947387695312e-01 2.133366614580154419e-01 1.473070681095123291e-01 4.067004621028900146e-01 7.120218276977539062e-01 4.324797987937927246e-01 2.877638339996337891e-01 5.438687205314636230e-01 3.832768797874450684e-01
2.780900001525878906e-01 1.792176663875579834e-01 9.288704991340637207e-01 6.176350116729736328e-01 9.227149933576583862e-02 5.913984775543212891e-01 9.506603479385375977e-01 4.332276582717895508e-01 2.070928663015365601e-01 5.590769648551940918e-01 6.604064702987670898e-01 4.879457503557205200e-02 5.146502256393432617e-01 7.790226936340332031e-01
4.052499774843454361e-03 4.715193212032318115e-01 8.828007578849792480e-01 7.200124859809875488e-01 7.454494833946228027e-01 2.316546440124511719e-01 9.594941139221191406e-01 8.943455293774604797e-03 5.227831006050109863e-01 8.935521841049194336e-01 7.589951157569885254e-01 6.158875823020935059e-01 5.196363329887390137e-01 6.447935700416564941e-01
1.802050024271011353e-01 4.150078296661376953e-01 3.737749904394149780e-02 1.352314949035644531e-01 7.568194866180419922e-01 6.386690586805343628e-02 7.936084270477294922e-01 2.471040189266204834e-01 5.562618374824523926e-01 1.453926414251327515e-01 3.131160438060760498e-01 7.285581231117248535e-01 5.121616125106811523e-01 5.259321331977844238e-01
6.806275248527526855e-01 6.559263467788696289e-01 7.233687639236450195e-01 5.689550042152404785e-01 3.091317415237426758e-01 4.911198019981384277e-01 1.333433296531438828e-02 8.155407905578613281e-01 5.664175152778625488e-01 5.596511960029602051e-01 4.587515592575073242e-01 3.233149945735931396e-01 3.912971615791320801e-01 3.524621725082397461e-01
7.798550128936767578e-01 4.261656701564788818e-01 2.231547534465789795e-01 9.638224840164184570e-01 8.622482419013977051e-01 3.938568830490112305e-01 6.200990080833435059e-01 7.194671034812927246e-01 4.314381778240203857e-01 4.059197604656219482e-01 7.119811773300170898e-01 8.131989836692810059e-01 3.560434579849243164e-01 4.373332858085632324e-01
3.660899996757507324e-01 2.527939975261688232e-01 7.037402391433715820e-01 5.978599786758422852e-01 6.748697757720947266e-01 7.463386654853820801e-01 2.581023275852203369e-01 2.887741327285766602e-01 2.614346742630004883e-01 7.757930159568786621e-01 6.327471733093261719e-01 6.896254420280456543e-01 5.143684744834899902e-01 3.819084167480468750e-01
6.259425282478332520e-01 3.014331758022308350e-01 1.485912501811981201e-01 4.580957591533660889e-01 7.705637216567993164e-01 8.267338275909423828e-01 2.553633451461791992e-01 5.601035952568054199e-01 4.560889601707458496e-01 2.067150175571441650e-01 4.179563522338867188e-01 7.416204810142517090e-01 4.850123226642608643e-01 4.973758757114410400e-01
9.506275057792663574e-01 6.128249764442443848e-01 1.361224949359893799e-01 7.617350220680236816e-01 9.079587459564208984e-01 9.126816391944885254e-01 9.433433413505554199e-01 7.486264705657958984e-01 4.074381887912750244e-01 1.547115147113800049e-01 6.479107141494750977e-01 8.192593455314636230e-01 6.431819796562194824e-01 7.162922024726867676e-01
2.817200124263763428e-01 2.428318262100219727e-01 6.349735260009765625e-01 5.497174859046936035e-01 5.123487710952758789e-01 2.889033406972885132e-02 4.576143324375152588e-01 3.252766132354736328e-01 2.278001904487609863e-01 7.299467921257019043e-01 5.887588858604431152e-01 5.209822654724121094e-01 4.953166842460632324e-01 3.986420929431915283e-01
1.074424982070922852e-01 3.771494925022125244e-01 7.191944718360900879e-01 7.471150159835815430e-01 2.170749939978122711e-02 7.507810741662979126e-02 2.692546546459197998e-01 1.162226125597953796e-01 3.083741366863250732e-01 7.076680660247802734e-01 5.270308852195739746e-01 4.144291207194328308e-02 5.074939727783203125e-01 4.690820872783660889e-01
6.312825083732604980e-01 2.546228468418121338e-01 5.712372660636901855e-01 3.460980057716369629e-01 6.178572773933410645e-01 4.528657495975494385e-01 1.277023404836654663e-01 7.094585299491882324e-01 3.013454079627990723e-01 5.686655044555664062e-01 4.103338718414306641e-01 6.687816381454467773e-01 5.823049545288085938e-01 3.993384838104248047e-01
7.788749933242797852e-01 1.939969956874847412e-01 7.486305236816406250e-01 8.033400028944015503e-02 7.285297513008117676e-01 6.470609307289123535e-01 3.644200041890144348e-02 7.123980522155761719e-01 3.576324582099914551e-01 5.008505582809448242e-01 4.753311574459075928e-01 7.340075969696044922e-01 5.182433128356933594e-01 4.016132354736328125e-01
2.710725069046020508e-01 5.734021663665771484e-01 3.155847489833831787e-01 5.611975193023681641e-01 6.579167246818542480e-01 1.268856525421142578e-01 2.591633424162864685e-02 3.162983655929565430e-01 5.847414731979370117e-01 4.389002919197082520e-01 6.511033773422241211e-01 7.652341723442077637e-01 3.149283826351165771e-01 4.039279818534851074e-01
9.668574929237365723e-01 1.919428259134292603e-01 6.263830065727233887e-01 8.953624963760375977e-01 9.742457270622253418e-01 7.615771889686584473e-01 1.582150012254714966e-01 8.534897565841674805e-01 3.030171096324920654e-01 6.867505908012390137e-01 6.410060524940490723e-01 8.633539080619812012e-01 5.424231290817260742e-01 2.995444238185882568e-01
1.979175060987472534e-01 6.752796769142150879e-01 4.547674953937530518e-02 7.874624729156494141e-01 5.690722465515136719e-01 2.273631244897842407e-01 9.522694349288940430e-01 2.039234936237335205e-01 6.740027070045471191e-01 4.651122912764549255e-02 7.981654405593872070e-01 4.658273756504058838e-01 2.944440841674804688e-01 7.047446370124816895e-01
4.651749879121780396e-02 7.589908242225646973e-01 3.930207490921020508e-01 1.136192530393600464e-01 9.063389897346496582e-01 3.170475661754608154e-01 4.703536629676818848e-01 3.820099681615829468e-02 7.824850678443908691e-01 3.618698120117187500e-01 8.686976134777069092e-02 9.828959703445434570e-01 4.741226732730865479e-01 1.744183897972106934e-01
3.520975112915039062e-01 3.082848191261291504e-01 7.619307637214660645e-01 2.474567443132400513e-01 8.176295161247253418e-01 9.469219446182250977e-01 7.358211278915405273e-01 2.804019153118133545e-01 3.011599481105804443e-01 7.300831079483032227e-01 5.952775478363037109e-01 8.410503268241882324e-01 5.791094303131103516e-01 4.791350364685058594e-01
6.271250247955322266e-01 1.996716707944869995e-01 8.539312481880187988e-01 7.863399982452392578e-01 3.019177615642547607e-01 6.361659765243530273e-01 9.492045044898986816e-01 7.497931718826293945e-01 2.152587175369262695e-01 6.726085543632507324e-01 6.353144645690917969e-01 2.457041740417480469e-01 5.376277565956115723e-01 6.008974313735961914e-01
2.172224968671798706e-01 5.670261383056640625e-01 8.740835189819335938e-01 9.835324883460998535e-01 9.697797298431396484e-01 9.299288988113403320e-01 4.750596582889556885e-01 2.022879570722579956e-01 4.150260984897613525e-01 7.850838303565979004e-01 7.247914075851440430e-01 9.712098836898803711e-01 5.639158487319946289e-01 3.575170040130615234e-01
3.882024884223937988e-01 2.249021679162979126e-01 6.726797223091125488e-01 9.212700128555297852e-01 6.600842475891113281e-01 5.994726419448852539e-01 2.185086607933044434e-01 3.487240970134735107e-01 1.668680012226104736e-01 8.183350563049316406e-01 7.526348829269409180e-01 6.946125030517578125e-01 5.196824669837951660e-01 4.217510521411895752e-01
2.720350027084350586e-01 8.071784973144531250e-01 8.371084928512573242e-01 4.278457462787628174e-01 8.059327602386474609e-01 8.791138529777526855e-01 5.675200223922729492e-01 2.480190098285675049e-01 5.182822942733764648e-01 5.015751719474792480e-01 3.737304210662841797e-01 9.182729721069335938e-01 5.377108454704284668e-01 3.907921314239501953e-01
1.083974987268447876e-01 7.824605107307434082e-01 1.283230036497116089e-01 8.469774723052978516e-01 7.821302413940429688e-01 9.846647381782531738e-01 3.239319920539855957e-01 4.936641827225685120e-02 7.863415479660034180e-01 1.521455645561218262e-01 1.929150545038282871e-03 8.043078780174255371e-01 8.327575325965881348e-01 2.168781608343124390e-01
9.908249974250793457e-02 3.643186688423156738e-01 3.800162374973297119e-01 4.586944878101348877e-01 9.990582466125488281e-01 2.283266633749008179e-01 8.083066344261169434e-02 9.832124412059783936e-02 5.987051129341125488e-01 6.731095314025878906e-01 4.786675274372100830e-01 9.641576409339904785e-01 5.184009671211242676e-01 2.817507088184356689e-01
5.996025204658508301e-01 2.187239974737167358e-01 2.859387397766113281e-01 6.319125294685363770e-01 7.379267215728759766e-01 7.215978503227233887e-01 7.927479743957519531e-01 5.315777063369750977e-01 3.845295608043670654e-01 4.746845364570617676e-01 5.610015392303466797e-01 6.694136857986450195e-01 4.589801728725433350e-01 4.444188177585601807e-01
8.557350039482116699e-01 3.413478434085845947e-01 6.399185061454772949e-01 4.771282374858856201e-01 2.543214857578277588e-01 6.311722993850708008e-01 6.887222528457641602e-01 8.755030632019042969e-01 4.598056674003601074e-01 6.225652098655700684e-01 5.221300125122070312e-01 2.470903843641281128e-01 4.400815665721893311e-01 4.269598722457885742e-01
4.182874858379364014e-01 4.612033367156982422e-01 7.349099963903427124e-02 7.383800148963928223e-01 1.558504998683929443e-01 5.213742256164550781e-01 8.444640040397644043e-01 3.819262385368347168e-01 5.138818621635437012e-01 2.502647638320922852e-01 6.008405089378356934e-01 1.251157969236373901e-01 4.118154346942901611e-01 6.135224699974060059e-01
1.284125000238418579e-01 1.719155013561248779e-01 5.350260138511657715e-01 2.646502554416656494e-01 8.763049840927124023e-01 5.629256367683410645e-01 3.499099984765052795e-02 8.898545801639556885e-02 3.008972704410552979e-01 8.022232651710510254e-01 4.182800352573394775e-01 9.360693693161010742e-01 6.986632347106933594e-01 4.287807941436767578e-01
3.643549978733062744e-01 8.031976819038391113e-01 6.656810045242309570e-01 1.120777502655982971e-01 2.856124937534332275e-02 5.675760507583618164e-01 7.655128836631774902e-01 2.563238739967346191e-01 5.555740594863891602e-01 4.037140607833862305e-01 2.514784634113311768e-01 5.552026256918907166e-02 5.786900520324707031e-01 4.624422490596771240e-01
2.044575065374374390e-01 6.246816515922546387e-01 3.054497539997100830e-01 6.257774829864501953e-01 8.180882334709167480e-01 8.765958249568939209e-02 9.826537370681762695e-01 2.164164930582046509e-01 5.759165287017822266e-01 3.918934464454650879e-01 7.040908932685852051e-01 6.808261871337890625e-01 3.289865851402282715e-01 4.997555017471313477e-01
3.339149951934814453e-01 4.823488295078277588e-01 9.623647332191467285e-01 4.525727629661560059e-01 6.711884737014770508e-01 8.217902779579162598e-01 1.188416630029678345e-01 3.039132654666900635e-01 3.095897138118743896e-01 7.335090637207031250e-01 5.859616398811340332e-01 6.672955155372619629e-01 4.882161021232604980e-01 3.309875726699829102e-01
9.314125180244445801e-01 2.637443244457244873e-01 5.814767479896545410e-01 2.277624979615211487e-02 8.870834708213806152e-01 3.887223303318023682e-01 6.581820249557495117e-01 7.960085272789001465e-01 3.526358306407928467e-01 4.337572157382965088e-01 4.218293428421020508e-01 8.035711646080017090e-01 5.707302689552307129e-01 4.301028847694396973e-01
8.382124900817871094e-01 2.278251647949218750e-01 3.118360042572021484e-01 9.864724874496459961e-01 7.571529746055603027e-01 6.595295071601867676e-01 2.587586641311645508e-01 8.385960459709167480e-01 3.233681023120880127e-01 5.528007745742797852e-01 5.375446677207946777e-01 7.962833642959594727e-01 5.905447602272033691e-01 4.486570954322814941e-01
4.319350123405456543e-01 2.201023399829864502e-01 2.271544933319091797e-01 2.004617452621459961e-01 7.734645009040832520e-01 1.259227246046066284e-01 8.821533918380737305e-01 4.271458387374877930e-01 3.632988929748535156e-01 4.851785898208618164e-01 4.672349989414215088e-01 6.881405115127563477e-01 5.334542393684387207e-01 4.837900996208190918e-01
1.999824941158294678e-01 4.529278278350830078e-01 1.536564975976943970e-01 5.150550007820129395e-01 2.908100001513957977e-02 4.583289027214050293e-01 5.162556767463684082e-01 1.918431818485260010e-01 4.352699518203735352e-01 2.985877096652984619e-01 5.756500959396362305e-01 6.819085031747817993e-02 5.384711027145385742e-01 6.646485924720764160e-01
2.229599952697753906e-01 5.477301478385925293e-01 1.433512568473815918e-01 7.683675289154052734e-01 2.172455042600631714e-01 8.682365417480468750e-01 6.173650026321411133e-01 1.902074068784713745e-01 4.946138858795166016e-01 1.502463370561599731e-01 5.985628962516784668e-01 2.594346404075622559e-01 6.151477694511413574e-01 7.416610717773437500e-01
4.364775121212005615e-01 5.137766599655151367e-01 9.151265025138854980e-01 7.698475122451782227e-01 8.470377326011657715e-01 1.177074760198593140e-01 1.468826681375503540e-01 4.664385020732879639e-01 4.144783020019531250e-01 6.773468852043151855e-01 7.399001121520996094e-01 8.669763207435607910e-01 4.010011851787567139e-01 3.505149483680725098e-01
1.987649947404861450e-01 2.743841707706451416e-01 9.119752645492553711e-01 9.380350112915039062e-01 6.959974765777587891e-01 3.948940336704254150e-01 7.560707330703735352e-01 2.645192742347717285e-01 1.515918225049972534e-01 7.867687344551086426e-01 8.369395136833190918e-01 7.758169770240783691e-01 5.748113393783569336e-01 6.326354146003723145e-01
6.583349704742431641e-01 3.264728188514709473e-01 1.187812536954879761e-01 7.566974759101867676e-01 1.733645051717758179e-01 5.806132405996322632e-02 2.242893278598785400e-01 7.277576327323913574e-01 5.524306297302246094e-01 4.899941086769104004e-01 4.598034322261810303e-01 1.797881275415420532e-01 4.034225046634674072e-01 4.345314204692840576e-01
5.113499760627746582e-01 2.378431707620620728e-01 3.455624878406524658e-01 2.148524969816207886e-01 8.313295245170593262e-01 2.577446401119232178e-01 6.638646721839904785e-01 5.143861770629882812e-01 3.529405295848846436e-01 4.810986816883087158e-01 5.192718505859375000e-01 8.187258839607238770e-01 5.382063984870910645e-01 4.815527796745300293e-01
4.709349870681762695e-01 3.548451662063598633e-01 7.789080142974853516e-01 1.375962495803833008e-01 1.834249943494796753e-01 8.134646415710449219e-01 4.403123259544372559e-01 4.633554816246032715e-01 3.760295510292053223e-01 6.050897836685180664e-01 2.598176598548889160e-01 1.797810941934585571e-01 6.328639388084411621e-01 4.235630333423614502e-01
5.189650058746337891e-01 2.451331615447998047e-01 6.070244908332824707e-01 7.364624738693237305e-01 9.460164904594421387e-01 6.749446392059326172e-01 2.121790051460266113e-01 5.959478020668029785e-01 2.991088926792144775e-01 5.794299840927124023e-01 5.623185038566589355e-01 9.306284189224243164e-01 6.143390536308288574e-01 4.662162363529205322e-01
7.293300032615661621e-01 2.239926606416702271e-01 4.996367394924163818e-01 4.466232359409332275e-01 4.925682544708251953e-01 9.836612939834594727e-01 9.378047585487365723e-01 5.817253589630126953e-01 3.388284146785736084e-01 6.146578788757324219e-01 4.025511443614959717e-01 3.258762061595916748e-01 5.494666695594787598e-01 3.962637782096862793e-01
1.445074975490570068e-01 4.729340076446533203e-01 7.897175103425979614e-02 8.761600255966186523e-01 3.548862636089324951e-01 5.823444724082946777e-01 3.159376680850982666e-01 1.483492702245712280e-01 5.541319847106933594e-01 1.227804794907569885e-01 7.512057423591613770e-01 4.449377954006195068e-01 5.902503132820129395e-01 7.987802624702453613e-01
8.352324962615966797e-01 5.909068584442138672e-01 7.283250093460083008e-01 4.879472553730010986e-01 6.768722534179687500e-01 8.085382580757141113e-01 3.966679871082305908e-01 7.703739404678344727e-01 3.656714558601379395e-01 5.644016265869140625e-01 4.702008962631225586e-01 6.754866242408752441e-01 5.202130675315856934e-01 3.732651174068450928e-01
4.539249837398529053e-02 6.400160193443298340e-01 1.193045005202293396e-01 2.625067532062530518e-01 2.417974919080734253e-02 8.794419169425964355e-01 3.599239885807037354e-01 3.288647532463073730e-02 6.558004617691040039e-01 5.365628376603126526e-02 5.810828879475593567e-03 2.910306304693222046e-02 8.875486850738525391e-01 3.124183118343353271e-01
3.933550119400024414e-01 7.792611718177795410e-01 2.256225049495697021e-01 4.539837539196014404e-01 9.645607471466064453e-01 5.436675548553466797e-01 9.842261672019958496e-01 4.171320796012878418e-01 5.559620857238769531e-01 7.680631428956985474e-02 4.780378341674804688e-01 8.461731672286987305e-01 6.254941821098327637e-01 7.123429179191589355e-01
1.500625014305114746e-01 5.123521685600280762e-01 1.863054931163787842e-01 7.742224633693695068e-02 5.120747685432434082e-01 8.886257410049438477e-01 1.990929991006851196e-01 1.215833351016044617e-01 6.048474907875061035e-01 2.482559382915496826e-01 1.603335738182067871e-01 4.837616980075836182e-01 5.706344842910766602e-01 3.591697514057159424e-01
9.969300031661987305e-01 1.853153407573699951e-01 5.946162343025207520e-01 3.194234967231750488e-01 6.363099813461303711e-02 1.232825219631195068e-01 3.152573406696319580e-01 9.113311171531677246e-01 2.125179767608642578e-01 7.531894445419311523e-01 5.482524037361145020e-01 7.727570086717605591e-02 4.885241389274597168e-01 5.607008934020996094e-01
3.915224969387054443e-01 4.399886727333068848e-01 3.655945062637329102e-01 6.860575079917907715e-01 7.004935145378112793e-01 8.386942744255065918e-02 3.685076534748077393e-01 4.389458894729614258e-01 4.804257452487945557e-01 5.380234718322753906e-01 6.427797675132751465e-01 6.985980272293090820e-01 3.715456724166870117e-01 3.650867044925689697e-01
8.034999668598175049e-02 8.062493205070495605e-01 4.360064864158630371e-01 7.908400297164916992e-01 3.615710139274597168e-01 4.221536219120025635e-01 8.304058909416198730e-01 6.202305853366851807e-02 6.144505739212036133e-01 2.821908295154571533e-01 6.610962748527526855e-01 4.582586586475372314e-01 4.693382382392883301e-01 6.535928249359130859e-01
7.619249820709228516e-01 5.623946785926818848e-01 7.566737532615661621e-01 5.573624968528747559e-01 1.388995051383972168e-01 9.981855750083923340e-01 3.868726789951324463e-01 8.941020965576171875e-01 4.610725343227386475e-01 6.008070707321166992e-01 4.707502722740173340e-01 1.938741654157638550e-01 4.690012037754058838e-01 4.665927588939666748e-01
1.477124989032745361e-01 7.612910270690917969e-01 7.669077515602111816e-01 8.615375310182571411e-02 2.658597528934478760e-01 6.681354641914367676e-01 5.808043479919433594e-01 1.263597309589385986e-01 4.919997751712799072e-01 4.582257568836212158e-01 2.920188009738922119e-01 3.081084489822387695e-01 6.256821155548095703e-01 4.913449287414550781e-01
1.640650033950805664e-01 2.728306651115417480e-01 5.832762718200683594e-01 5.042325258255004883e-01 4.812425076961517334e-01 8.335813879966735840e-02 5.751573443412780762e-01 1.752100586891174316e-01 3.261883854866027832e-01 7.657994627952575684e-01 5.618821382522583008e-01 4.321275055408477783e-01 4.956670701503753662e-01 3.911794126033782959e-01
9.728350043296813965e-01 1.728146672248840332e-01 3.561397492885589600e-01 8.527474999427795410e-01 2.137182503938674927e-01 9.482091665267944336e-01 8.089429736137390137e-01 8.398638367652893066e-01 2.295819818973541260e-01 6.909551620483398438e-01 6.537556648254394531e-01 1.624158173799514771e-01 4.876082241535186768e-01 5.649616718292236328e-01
3.538450002670288086e-01 1.902383267879486084e-01 2.484862506389617920e-01 5.129550099372863770e-01 3.490292429924011230e-01 5.120608806610107422e-01 6.247966736555099487e-02 3.605595827102661133e-01 3.487348556518554688e-01 5.685558915138244629e-01 4.548673033714294434e-01 3.544494509696960449e-01 5.054314732551574707e-01 4.122176766395568848e-01
2.522799968719482422e-01 6.224631667137145996e-01 8.469499647617340088e-03 3.744035065174102783e-01 6.552180051803588867e-01 2.078589946031570435e-01 1.057523339986801147e-01 2.827663719654083252e-01 6.445031166076660156e-01 6.909082829952239990e-02 4.651846587657928467e-01 7.905790209770202637e-01 3.638584315776824951e-01 5.253697037696838379e-01
1.374125033617019653e-01 5.233963131904602051e-01 5.068612694740295410e-01 4.987154901027679443e-01 1.879700087010860443e-02 5.285377502441406250e-01 6.129043102264404297e-01 9.311194717884063721e-02 4.496507048606872559e-01 5.676488280296325684e-01 5.429614782333374023e-01 4.553639888763427734e-02 5.375788211822509766e-01 5.570035576820373535e-01
2.768650054931640625e-01 3.343124985694885254e-01 1.403087526559829712e-01 9.292724728584289551e-01 6.357747316360473633e-01 5.279412865638732910e-01 7.147667407989501953e-01 3.528819382190704346e-01 4.486895799636840820e-01 3.307160139083862305e-01 7.641447782516479492e-01 7.001708149909973145e-01 4.222475588321685791e-01 6.454795002937316895e-01
8.996000289916992188e-01 6.043524742126464844e-01 7.848539948463439941e-01 4.169670045375823975e-01 3.107174932956695557e-01 1.276740431785583496e-01 4.606069922447204590e-01 9.506827592849731445e-01 5.429231524467468262e-01 6.205273270606994629e-01 5.439550876617431641e-01 3.741720020771026611e-01 3.696648478507995605e-01 4.012234508991241455e-01
4.109925031661987305e-01 6.649144887924194336e-01 8.350780010223388672e-01 9.475824832916259766e-01 4.614642560482025146e-01 5.095159411430358887e-01 3.747733309864997864e-02 4.581963717937469482e-01 4.642173349857330322e-01 5.145701766014099121e-01 7.973394393920898438e-01 6.126462221145629883e-01 3.134027719497680664e-01 4.678945541381835938e-01
6.814774870872497559e-01 3.800818324089050293e-01 3.593422472476959229e-01 6.565399765968322754e-01 4.243335127830505371e-01 1.351579725742340088e-01 1.919530034065246582e-01 6.711728572845458984e-01 5.078191757202148438e-01 5.224037170410156250e-01 5.278415083885192871e-01 4.035063982009887695e-01 3.833897709846496582e-01 3.586822152137756348e-01
4.449824988842010498e-01 1.730004996061325073e-01 1.919837445020675659e-01 8.914049863815307617e-01 4.474482536315917969e-01 1.133459582924842834e-01 3.014020025730133057e-01 4.919676184654235840e-01 3.361349105834960938e-01 5.907523632049560547e-01 5.022938847541809082e-01 4.750810563564300537e-01 4.974100589752197266e-01 4.029890000820159912e-01
7.883725166320800781e-01 6.593629717826843262e-01 8.596755266189575195e-01 2.987412512302398682e-01 7.223179936408996582e-01 4.795535206794738770e-01 9.717208743095397949e-01 6.752076148986816406e-01 4.921479225158691406e-01 4.106502830982208252e-01 5.661596655845642090e-01 5.561927556991577148e-01 3.529365956783294678e-01 4.210748672485351562e-01
2.096750028431415558e-02 3.860625028610229492e-01 2.796250022947788239e-02 2.733870148658752441e-01 9.157245159149169922e-01 5.558437108993530273e-01 5.390610098838806152e-01 6.018467992544174194e-02 5.104709267616271973e-01 1.138679236173629761e-01 6.630734074860811234e-03 8.817762136459350586e-01 7.894556522369384766e-01 3.773595094680786133e-01
9.917999804019927979e-02 8.105639815330505371e-01 9.747987389564514160e-01 7.417950034141540527e-02 1.971040070056915283e-01 8.333922028541564941e-01 1.052133366465568542e-02 9.060531109571456909e-02 6.050352454185485840e-01 5.587111711502075195e-01 2.038713246583938599e-01 2.139331996440887451e-01 6.477079391479492188e-01 3.320764303207397461e-01
4.176250100135803223e-02 2.605246603488922119e-01 8.082550168037414551e-01 7.088400125503540039e-01 9.726099669933319092e-02 8.720312118530273438e-01 5.954156517982482910e-01 3.016751725226640701e-03 2.654155194759368896e-01 9.191746711730957031e-01 8.006377220153808594e-01 4.733337555080652237e-03 5.247043371200561523e-01 4.591722190380096436e-01
7.612250000238418579e-02 6.363673210144042969e-01 3.854382634162902832e-01 1.954012513160705566e-01 8.093104958534240723e-01 5.679041147232055664e-01 5.694033205509185791e-02 4.228646308183670044e-02 7.228627800941467285e-01 3.978425860404968262e-01 1.233062371611595154e-01 9.370944499969482422e-01 5.152234435081481934e-01 2.482546716928482056e-01
3.900099992752075195e-01 2.739291787147521973e-01 3.150264918804168701e-01 3.430207371711730957e-01 1.287014931440353394e-01 9.063737392425537109e-01 5.168513059616088867e-01 3.372865915298461914e-01 4.284239709377288818e-01 4.545516371726989746e-01 3.203608691692352295e-01 1.310157626867294312e-01 5.907229781150817871e-01 4.864346385002136230e-01
4.019599854946136475e-01 4.681201577186584473e-01 5.185887217521667480e-01 3.967222571372985840e-01 2.856342494487762451e-01 2.351643443107604980e-01 5.484333261847496033e-02 4.303254783153533936e-01 4.640972614288330078e-01 4.799962341785430908e-01 4.331802725791931152e-01 3.592474162578582764e-01 4.802704453468322754e-01 3.955286145210266113e-01
2.356700003147125244e-01 5.783045291900634766e-01 5.420337319374084473e-01 6.593250036239624023e-01 6.885660290718078613e-01 7.283633351325988770e-01 1.879143267869949341e-01 2.566000223159790039e-01 5.085665583610534668e-01 5.793102979660034180e-01 5.232507586479187012e-01 7.618585228919982910e-01 4.531831741333007812e-01 3.651556372642517090e-01
5.774924755096435547e-01 4.571650028228759766e-01 1.816727519035339355e-01 2.390747517347335815e-01 7.880027294158935547e-01 5.546672940254211426e-01 4.587976634502410889e-01 5.917861461639404297e-01 4.687769114971160889e-01 1.523911654949188232e-01 4.505728781223297119e-01 8.378898501396179199e-01 5.839164257049560547e-01 6.118112802505493164e-01
6.403974890708923340e-01 1.812776625156402588e-01 7.186290025711059570e-01 1.826110035181045532e-01 9.235674738883972168e-01 1.713234335184097290e-01 7.629056572914123535e-01 5.519097447395324707e-01 3.963519632816314697e-01 6.027108430862426758e-01 6.470239162445068359e-01 8.062749505043029785e-01 4.319675564765930176e-01 3.945640027523040771e-01
1.180450022220611572e-01 5.258161425590515137e-01 3.197174891829490662e-02 3.379600048065185547e-01 1.635382473468780518e-01 3.489731252193450928e-01 4.183226525783538818e-01 1.305655837059020996e-01 5.647327899932861328e-01 1.061670780181884766e-01 4.496634304523468018e-01 1.924678683280944824e-01 6.262182593345642090e-01 6.864466667175292969e-01
1.382649987936019897e-01 4.242379963397979736e-01 3.870057463645935059e-01 2.739222645759582520e-01 1.535300016403198242e-01 8.454275727272033691e-01 6.823347806930541992e-01 9.236094355583190918e-02 5.253694057464599609e-01 4.630178809165954590e-01 3.650429546833038330e-01 1.035842150449752808e-01 6.289981007575988770e-01 5.189858675003051758e-01
