9.728350043296813965e-01 1.728146672248840332e-01 3.561397492885589600e-01 8.527474999427795410e-01 2.137182503938674927e-01 9.482091665267944336e-01 8.089429736137390137e-01 8.364328145980834961e-01 2.584176063537597656e-01 6.568697690963745117e-01 6.385110616683959961e-01 1.513482332229614258e-01 5.155462622642517090e-01 6.765385866165161133e-01
7.612250000238418579e-02 6.363673210144042969e-01 3.854382634162902832e-01 1.954012513160705566e-01 8.093104958534240723e-01 5.679041147232055664e-01 5.694033205509185791e-02 6.711094826459884644e-02 6.049214601516723633e-01 3.505446612834930420e-01 1.320035755634307861e-01 9.644920825958251953e-01 5.398387908935546875e-01 2.289407253265380859e-01
2.096750028431415558e-02 3.860625028610229492e-01 2.796250022947788239e-02 2.733870148658752441e-01 9.157245159149169922e-01 5.558437108993530273e-01 5.390610098838806152e-01 6.503184884786605835e-02 6.208022236824035645e-01 1.569451093673706055e-01 4.752775132656097412e-01 8.728208541870117188e-01 7.546830177307128906e-01 3.416269421577453613e-01
1.640650033950805664e-01 2.728306651115417480e-01 5.832762718200683594e-01 5.042325258255004883e-01 4.812425076961517334e-01 8.335813879966735840e-02 5.751573443412780762e-01 2.284009009599685669e-01 4.104696810245513916e-01 7.060131430625915527e-01 5.139531493186950684e-01 4.721041917800903320e-01 4.362463951110839844e-01 3.753456771373748779e-01
1.382649987936019897e-01 4.242379963397979736e-01 3.870057463645935059e-01 2.739222645759582520e-01 1.535300016403198242e-01 8.454275727272033691e-01 6.823347806930541992e-01 9.917505085468292236e-02 5.300295352935791016e-01 5.198056697845458984e-01 3.121690750122070312e-01 1.277694255113601685e-01 6.892030835151672363e-01 4.735205471515655518e-01
1.987649947404861450e-01 2.743841707706451416e-01 9.119752645492553711e-01 9.380350112915039062e-01 6.959974765777587891e-01 3.948940336704254150e-01 7.560707330703735352e-01 1.767901033163070679e-01 1.912547498941421509e-01 8.182991743087768555e-01 8.672323226928710938e-01 7.273046970367431641e-01 5.185890197753906250e-01 5.923572778701782227e-01
5.113499760627746582e-01 2.378431707620620728e-01 3.455624878406524658e-01 2.148524969816207886e-01 8.313295245170593262e-01 2.577446401119232178e-01 6.638646721839904785e-01 5.986750721931457520e-01 3.792631328105926514e-01 3.666864633560180664e-01 4.028715789318084717e-01 8.187036514282226562e-01 6.371462941169738770e-01 5.997061729431152344e-01
1.999824941158294678e-01 4.529278278350830078e-01 1.536564975976943970e-01 5.150550007820129395e-01 2.908100001513957977e-02 4.583289027214050293e-01 5.162556767463684082e-01 2.038159966468811035e-01 5.347660779953002930e-01 3.276584446430206299e-01 5.393648743629455566e-01 6.267885118722915649e-02 5.320506095886230469e-01 5.999497771263122559e-01
9.314125180244445801e-01 2.637443244457244873e-01 5.814767479896545410e-01 2.277624979615211487e-02 8.870834708213806152e-01 3.887223303318023682e-01 6.581820249557495117e-01 8.237807750701904297e-01 3.146422803401947021e-01 4.725865721702575684e-01 3.899705410003662109e-01 8.575294017791748047e-01 6.950648427009582520e-01 5.706328153610229492e-01
4.364775121212005615e-01 5.137766599655151367e-01 9.151265025138854980e-01 7.698475122451782227e-01 8.470377326011657715e-01 1.177074760198593140e-01 1.468826681375503540e-01 4.332098960876464844e-01 4.326022267341613770e-01 7.616445422172546387e-01 8.290284276008605957e-01 8.678876757621765137e-01 3.644453883171081543e-01 3.199441134929656982e-01
1.083974987268447876e-01 7.824605107307434082e-01 1.283230036497116089e-01 8.469774723052978516e-01 7.821302413940429688e-01 9.846647381782531738e-01 3.239319920539855957e-01 7.391885668039321899e-02 6.746295690536499023e-01 7.549948990345001221e-02 6.442539691925048828e-01 8.955568671226501465e-01 7.802577018737792969e-01 3.722062408924102783e-01
1.979175060987472534e-01 6.752796769142150879e-01 4.547674953937530518e-02 7.874624729156494141e-01 5.690722465515136719e-01 2.273631244897842407e-01 9.522694349288940430e-01 1.710532456636428833e-01 6.659926176071166992e-01 5.565059185028076172e-02 8.574623465538024902e-01 4.590692818164825439e-01 3.097308278083801270e-01 7.158468365669250488e-01
1.802050024271011353e-01 4.150078296661376953e-01 3.737749904394149780e-02 1.352314949035644531e-01 7.568194866180419922e-01 6.386690586805343628e-02 7.936084270477294922e-01 2.602503299713134766e-01 5.515044927597045898e-01 1.829693317413330078e-01 2.865180671215057373e-01 6.853968501091003418e-01 5.007852911949157715e-01 4.573589861392974854e-01
9.506275057792663574e-01 6.128249764442443848e-01 1.361224949359893799e-01 7.617350220680236816e-01 9.079587459564208984e-01 9.126816391944885254e-01 9.433433413505554199e-01 8.172457814216613770e-01 3.546311259269714355e-01 2.830330729484558105e-01 5.329366326332092285e-01 8.443810939788818359e-01 7.172465920448303223e-01 7.665162086486816406e-01
1.445074975490570068e-01 4.729340076446533203e-01 7.897175103425979614e-02 8.761600255966186523e-01 3.548862636089324951e-01 5.823444724082946777e-01 3.159376680850982666e-01 1.100733503699302673e-01 5.379999279975891113e-01 8.770568668842315674e-02 7.760261893272399902e-01 3.788771927356719971e-01 4.871377348899841309e-01 7.416202425956726074e-01
2.172224968671798706e-01 5.670261383056640625e-01 8.740835189819335938e-01 9.835324883460998535e-01 9.697797298431396484e-01 9.299288988113403320e-01 4.750596582889556885e-01 1.859987974166870117e-01 4.302922785282135010e-01 8.378885388374328613e-01 8.144662380218505859e-01 9.785101413726806641e-01 6.091251373291015625e-01 2.976218163967132568e-01
7.619249820709228516e-01 5.623946785926818848e-01 7.566737532615661621e-01 5.573624968528747559e-01 1.388995051383972168e-01 9.981855750083923340e-01 3.868726789951324463e-01 8.394293189048767090e-01 4.173214137554168701e-01 5.840994119644165039e-01 4.552066326141357422e-01 1.635533273220062256e-01 5.457868576049804688e-01 5.675958991050720215e-01
4.052499774843454361e-03 4.715193212032318115e-01 8.828007578849792480e-01 7.200124859809875488e-01 7.454494833946228027e-01 2.316546440124511719e-01 9.594941139221191406e-01 4.386716056615114212e-03 5.219472050666809082e-01 8.932307958602905273e-01 8.809931278228759766e-01 6.344331502914428711e-01 3.950521349906921387e-01 7.592399716377258301e-01
6.403974890708923340e-01 1.812776625156402588e-01 7.186290025711059570e-01 1.826110035181045532e-01 9.235674738883972168e-01 1.713234335184097290e-01 7.629056572914123535e-01 5.840728878974914551e-01 3.628973066806793213e-01 6.658515334129333496e-01 6.053003668785095215e-01 8.074648976325988770e-01 5.111862421035766602e-01 3.545042872428894043e-01
4.449824988842010498e-01 1.730004996061325073e-01 1.919837445020675659e-01 8.914049863815307617e-01 4.474482536315917969e-01 1.133459582924842834e-01 3.014020025730133057e-01 4.890110492706298828e-01 3.648364245891571045e-01 6.196249723434448242e-01 5.945835113525390625e-01 4.764006733894348145e-01 3.919548988342285156e-01 3.709731101989746094e-01
2.768650054931640625e-01 3.343124985694885254e-01 1.403087526559829712e-01 9.292724728584289551e-01 6.357747316360473633e-01 5.279412865638732910e-01 7.147667407989501953e-01 3.430309593677520752e-01 4.551964700222015381e-01 1.759161949157714844e-01 8.179537653923034668e-01 6.566742062568664551e-01 5.177922844886779785e-01 7.643155455589294434e-01
1.374125033617019653e-01 5.233963131904602051e-01 5.068612694740295410e-01 4.987154901027679443e-01 1.879700087010860443e-02 5.285377502441406250e-01 6.129043102264404297e-01 1.232227012515068054e-01 5.297778248786926270e-01 4.793187975883483887e-01 4.975787699222564697e-01 4.837622493505477905e-02 5.480331182479858398e-01 5.594917535781860352e-01
2.229599952697753906e-01 5.477301478385925293e-01 1.433512568473815918e-01 7.683675289154052734e-01 2.172455042600631714e-01 8.682365417480468750e-01 6.173650026321411133e-01 2.152701318264007568e-01 4.906422197818756104e-01 8.432365953922271729e-02 6.121250987052917480e-01 2.560612857341766357e-01 6.220223903656005859e-01 6.768244504928588867e-01
8.034999668598175049e-02 8.062493205070495605e-01 4.360064864158630371e-01 7.908400297164916992e-01 3.615710139274597168e-01 4.221536219120025635e-01 8.304058909416198730e-01 3.688171133399009705e-02 6.766297817230224609e-01 4.832343459129333496e-01 7.773414254188537598e-01 4.363939166069030762e-01 3.182249367237091064e-01 6.616419553756713867e-01
4.651749879121780396e-02 7.589908242225646973e-01 3.930207490921020508e-01 1.136192530393600464e-01 9.063389897346496582e-01 3.170475661754608154e-01 4.703536629676818848e-01 5.088912323117256165e-02 7.051285505294799805e-01 3.057165741920471191e-01 2.382080554962158203e-01 9.856374859809875488e-01 4.833606481552124023e-01 2.002326250076293945e-01
3.339149951934814453e-01 4.823488295078277588e-01 9.623647332191467285e-01 4.525727629661560059e-01 6.711884737014770508e-01 8.217902779579162598e-01 1.188416630029678345e-01 3.379254341125488281e-01 3.343845605850219727e-01 7.120454907417297363e-01 5.454583764076232910e-01 7.133689522743225098e-01 5.249598026275634766e-01 3.659358620643615723e-01
1.500625014305114746e-01 5.123521685600280762e-01 1.863054931163787842e-01 7.742224633693695068e-02 5.120747685432434082e-01 8.886257410049438477e-01 1.990929991006851196e-01 1.117592453956604004e-01 5.743690729141235352e-01 3.403013944625854492e-01 1.860848963260650635e-01 4.478015899658203125e-01 6.669334769248962402e-01 3.446932137012481689e-01
9.668574929237365723e-01 1.919428259134292603e-01 6.263830065727233887e-01 8.953624963760375977e-01 9.742457270622253418e-01 7.615771889686584473e-01 1.582150012254714966e-01 8.772695660591125488e-01 2.771723568439483643e-01 7.232598662376403809e-01 7.134213447570800781e-01 9.028791785240173340e-01 5.776633620262145996e-01 2.678944766521453857e-01
4.019599854946136475e-01 4.681201577186584473e-01 5.185887217521667480e-01 3.967222571372985840e-01 2.856342494487762451e-01 2.351643443107604980e-01 5.484333261847496033e-02 4.828903973102569580e-01 5.187528133392333984e-01 5.145434737205505371e-01 5.459917783737182617e-01 3.336417675018310547e-01 3.626314997673034668e-01 3.524711728096008301e-01
7.788749933242797852e-01 1.939969956874847412e-01 7.486305236816406250e-01 8.033400028944015503e-02 7.285297513008117676e-01 6.470609307289123535e-01 3.644200041890144348e-02 6.661937832832336426e-01 3.595919311046600342e-01 6.304879188537597656e-01 5.092805027961730957e-01 6.956490874290466309e-01 4.865299761295318604e-01 3.088167309761047363e-01
6.271250247955322266e-01 1.996716707944869995e-01 8.539312481880187988e-01 7.863399982452392578e-01 3.019177615642547607e-01 6.361659765243530273e-01 9.492045044898986816e-01 6.871936917304992676e-01 2.263231128454208374e-01 6.769031286239624023e-01 6.676933169364929199e-01 2.064271271228790283e-01 4.970943331718444824e-01 6.515945196151733398e-01
1.180450022220611572e-01 5.258161425590515137e-01 3.197174891829490662e-02 3.379600048065185547e-01 1.635382473468780518e-01 3.489731252193450928e-01 4.183226525783538818e-01 1.596421450376510620e-01 5.290611982345581055e-01 1.052770018577575684e-01 4.018943011760711670e-01 2.005842775106430054e-01 6.296107769012451172e-01 5.461602210998535156e-01
9.969300031661987305e-01 1.853153407573699951e-01 5.946162343025207520e-01 3.194234967231750488e-01 6.363099813461303711e-02 1.232825219631195068e-01 3.152573406696319580e-01 9.198011755943298340e-01 1.705006211996078491e-01 7.084860205650329590e-01 5.450702905654907227e-01 9.305442124605178833e-02 5.973159074783325195e-01 7.460389733314514160e-01
1.074424982070922852e-01 3.771494925022125244e-01 7.191944718360900879e-01 7.471150159835815430e-01 2.170749939978122711e-02 7.507810741662979126e-02 2.692546546459197998e-01 1.912167072296142578e-01 3.412527441978454590e-01 6.907591223716735840e-01 6.132887005805969238e-01 6.167371571063995361e-02 4.452295005321502686e-01 5.604003667831420898e-01
1.661400049924850464e-01 6.121063232421875000e-01 9.414732456207275391e-01 3.537087440490722656e-01 2.443282455205917358e-01 5.430192947387695312e-01 2.133366614580154419e-01 1.657789349555969238e-01 4.310729503631591797e-01 6.909030675888061523e-01 3.803555965423583984e-01 3.394337296485900879e-01 5.487499833106994629e-01 3.867403864860534668e-01
6.814774870872497559e-01 3.800818324089050293e-01 3.593422472476959229e-01 6.565399765968322754e-01 4.243335127830505371e-01 1.351579725742340088e-01 1.919530034065246582e-01 6.657219529151916504e-01 4.815450310707092285e-01 5.671390891075134277e-01 5.887306332588195801e-01 4.378643631935119629e-01 3.333827257156372070e-01 3.179390132427215576e-01
4.539249837398529053e-02 6.400160193443298340e-01 1.193045005202293396e-01 2.625067532062530518e-01 2.417974919080734253e-02 8.794419169425964355e-01 3.599239885807037354e-01 1.970226317644119263e-02 6.699656844139099121e-01 6.384199857711791992e-02 1.430643945932388306e-01 4.751332476735115051e-02 9.303614497184753418e-01 3.516715764999389648e-01
6.259425282478332520e-01 3.014331758022308350e-01 1.485912501811981201e-01 4.580957591533660889e-01 7.705637216567993164e-01 8.267338275909423828e-01 2.553633451461791992e-01 6.018801927566528320e-01 4.875991940498352051e-01 1.885341554880142212e-01 4.108621180057525635e-01 7.467757463455200195e-01 5.666799545288085938e-01 5.798475146293640137e-01
6.583349704742431641e-01 3.264728188514709473e-01 1.187812536954879761e-01 7.566974759101867676e-01 1.733645051717758179e-01 5.806132405996322632e-02 2.242893278598785400e-01 7.258786559104919434e-01 4.559281766414642334e-01 5.484185814857482910e-01 4.473750591278076172e-01 1.855957657098770142e-01 4.871464371681213379e-01 4.721330106258392334e-01
5.189650058746337891e-01 2.451331615447998047e-01 6.070244908332824707e-01 7.364624738693237305e-01 9.460164904594421387e-01 6.749446392059326172e-01 2.121790051460266113e-01 6.108285188674926758e-01 3.083508014678955078e-01 7.117972970008850098e-01 5.622119307518005371e-01 9.261631369590759277e-01 6.381717324256896973e-01 3.300206065177917480e-01
5.996025204658508301e-01 2.187239974737167358e-01 2.859387397766113281e-01 6.319125294685363770e-01 7.379267215728759766e-01 7.215978503227233887e-01 7.927479743957519531e-01 6.241928339004516602e-01 3.809780478477478027e-01 3.881545364856719971e-01 5.052112936973571777e-01 7.051681280136108398e-01 5.983332395553588867e-01 6.030167341232299805e-01
7.883725166320800781e-01 6.593629717826843262e-01 8.596755266189575195e-01 2.987412512302398682e-01 7.223179936408996582e-01 4.795535206794738770e-01 9.717208743095397949e-01 7.165998220443725586e-01 4.857942163944244385e-01 4.560778141021728516e-01 5.689316391944885254e-01 5.953512191772460938e-01 4.336873590946197510e-01 4.533058702945709229e-01
7.293300032615661621e-01 2.239926606416702271e-01 4.996367394924163818e-01 4.466232359409332275e-01 4.925682544708251953e-01 9.836612939834594727e-01 9.378047585487365723e-01 5.905092358589172363e-01 3.389343023300170898e-01 6.064954996109008789e-01 4.253602325916290283e-01 3.570186793804168701e-01 5.228907465934753418e-01 4.043471217155456543e-01
4.109925031661987305e-01 6.649144887924194336e-01 8.350780010223388672e-01 9.475824832916259766e-01 4.614642560482025146e-01 5.095159411430358887e-01 3.747733309864997864e-02 4.263571798801422119e-01 5.236823558807373047e-01 5.950204730033874512e-01 7.615019679069519043e-01 5.411813259124755859e-01 2.519535124301910400e-01 3.815035223960876465e-01
2.720350027084350586e-01 8.071784973144531250e-01 8.371084928512573242e-01 4.278457462787628174e-01 8.059327602386474609e-01 8.791138529777526855e-01 5.675200223922729492e-01 2.283284962177276611e-01 5.780617594718933105e-01 4.470016062259674072e-01 3.471451401710510254e-01 8.995652794837951660e-01 4.821465313434600830e-01 3.539144098758697510e-01
3.900099992752075195e-01 2.739291787147521973e-01 3.150264918804168701e-01 3.430207371711730957e-01 1.287014931440353394e-01 9.063737392425537109e-01 5.168513059616088867e-01 3.516419827938079834e-01 4.817729890346527100e-01 4.759998321533203125e-01 3.531116545200347900e-01 1.210206896066665649e-01 6.227388978004455566e-01 4.678869247436523438e-01
3.882024884223937988e-01 2.249021679162979126e-01 6.726797223091125488e-01 9.212700128555297852e-01 6.600842475891113281e-01 5.994726419448852539e-01 2.185086607933044434e-01 3.316807150840759277e-01 2.152244001626968384e-01 7.889522910118103027e-01 8.212053775787353516e-01 6.984584927558898926e-01 4.509450495243072510e-01 4.665279388427734375e-01
2.044575065374374390e-01 6.246816515922546387e-01 3.054497539997100830e-01 6.257774829864501953e-01 8.180882334709167480e-01 8.765958249568939209e-02 9.826537370681762695e-01 2.305326163768768311e-01 5.687337517738342285e-01 2.085288614034652710e-01 6.691993474960327148e-01 6.068044304847717285e-01 3.892365396022796631e-01 5.912317633628845215e-01
5.774924755096435547e-01 4.571650028228759766e-01 1.816727519035339355e-01 2.390747517347335815e-01 7.880027294158935547e-01 5.546672940254211426e-01 4.587976634502410889e-01 5.868637561798095703e-01 5.072486400604248047e-01 1.418695449829101562e-01 4.659807682037353516e-01 8.062172532081604004e-01 5.653597116470336914e-01 6.233038306236267090e-01
2.356700003147125244e-01 5.783045291900634766e-01 5.420337319374084473e-01 6.593250036239624023e-01 6.885660290718078613e-01 7.283633351325988770e-01 1.879143267869949341e-01 2.590092420578002930e-01 5.340303778648376465e-01 5.617246031761169434e-01 4.656778872013092041e-01 7.509940266609191895e-01 4.496164917945861816e-01 3.703088462352752686e-01
9.908249974250793457e-02 3.643186688423156738e-01 3.800162374973297119e-01 4.586944878101348877e-01 9.990582466125488281e-01 2.283266633749008179e-01 8.083066344261169434e-02 9.117683023214340210e-02 5.564399957656860352e-01 6.645973324775695801e-01 4.230470657348632812e-01 9.728638529777526855e-01 5.447638630867004395e-01 2.300430387258529663e-01
3.915224969387054443e-01 4.399886727333068848e-01 3.655945062637329102e-01 6.860575079917907715e-01 7.004935145378112793e-01 8.386942744255065918e-02 3.685076534748077393e-01 4.513490796089172363e-01 5.014632344245910645e-01 5.396848320960998535e-01 6.244709491729736328e-01 6.906893253326416016e-01 3.769397735595703125e-01 3.988891243934631348e-01
6.312825083732604980e-01 2.546228468418121338e-01 5.712372660636901855e-01 3.460980057716369629e-01 6.178572773933410645e-01 4.528657495975494385e-01 1.277023404836654663e-01 6.766354441642761230e-01 3.364963829517364502e-01 6.044450402259826660e-01 4.122148752212524414e-01 6.509220600128173828e-01 5.395833253860473633e-01 3.297138810157775879e-01
8.352324962615966797e-01 5.909068584442138672e-01 7.283250093460083008e-01 4.879472553730010986e-01 6.768722534179687500e-01 8.085382580757141113e-01 3.966679871082305908e-01 7.937960624694824219e-01 3.229435682296752930e-01 5.739336013793945312e-01 4.974746108055114746e-01 7.551061511039733887e-01 6.091656684875488281e-01 4.214138984680175781e-01
1.284125000238418579e-01 1.719155013561248779e-01 5.350260138511657715e-01 2.646502554416656494e-01 8.763049840927124023e-01 5.629256367683410645e-01 3.499099984765052795e-02 9.866162389516830444e-02 2.791838943958282471e-01 6.886665821075439453e-01 2.734264731407165527e-01 9.237038493156433105e-01 7.107424736022949219e-01 3.361980319023132324e-01
3.660899996757507324e-01 2.527939975261688232e-01 7.037402391433715820e-01 5.978599786758422852e-01 6.748697757720947266e-01 7.463386654853820801e-01 2.581023275852203369e-01 3.533985316753387451e-01 2.837974727153778076e-01 7.228221297264099121e-01 6.695744395256042480e-01 7.259905934333801270e-01 5.395833849906921387e-01 4.352378845214843750e-01
7.798550128936767578e-01 4.261656701564788818e-01 2.231547534465789795e-01 9.638224840164184570e-01 8.622482419013977051e-01 3.938568830490112305e-01 6.200990080833435059e-01 7.050720453262329102e-01 4.953861832618713379e-01 4.660902321338653564e-01 8.273827433586120605e-01 8.232582211494445801e-01 3.786416649818420410e-01 4.979216754436492920e-01
4.176250100135803223e-02 2.605246603488922119e-01 8.082550168037414551e-01 7.088400125503540039e-01 9.726099669933319092e-02 8.720312118530273438e-01 5.954156517982482910e-01 5.443465895950794220e-03 3.100050389766693115e-01 8.849041461944580078e-01 6.783608198165893555e-01 5.514925718307495117e-02 6.806015968322753906e-01 7.097906470298767090e-01
2.522799968719482422e-01 6.224631667137145996e-01 8.469499647617340088e-03 3.744035065174102783e-01 6.552180051803588867e-01 2.078589946031570435e-01 1.057523339986801147e-01 2.450495064258575439e-01 6.553037762641906738e-01 1.269231587648391724e-01 4.593396782875061035e-01 7.591536045074462891e-01 3.692982494831085205e-01 4.695886671543121338e-01
6.806275248527526855e-01 6.559263467788696289e-01 7.233687639236450195e-01 5.689550042152404785e-01 3.091317415237426758e-01 4.911198019981384277e-01 1.333433296531438828e-02 7.447181344032287598e-01 4.491209387779235840e-01 5.781830549240112305e-01 4.854434132575988770e-01 3.694657981395721436e-01 4.338813722133636475e-01 3.625992536544799805e-01
3.643549978733062744e-01 8.031976819038391113e-01 6.656810045242309570e-01 1.120777502655982971e-01 2.856124937534332275e-02 5.675760507583618164e-01 7.655128836631774902e-01 2.981934249401092529e-01 5.475711226463317871e-01 3.860499858856201172e-01 3.664128184318542480e-01 5.086774379014968872e-02 6.493021845817565918e-01 5.188609361648559570e-01
1.477124989032745361e-01 7.612910270690917969e-01 7.669077515602111816e-01 8.615375310182571411e-02 2.658597528934478760e-01 6.681354641914367676e-01 5.808043479919433594e-01 1.035746335983276367e-01 5.338725447654724121e-01 5.482963323593139648e-01 2.198322117328643799e-01 2.847601771354675293e-01 6.682050824165344238e-01 3.814919292926788330e-01
8.557350039482116699e-01 3.413478434085845947e-01 6.399185061454772949e-01 4.771282374858856201e-01 2.543214857578277588e-01 6.311722993850708008e-01 6.887222528457641602e-01 8.404475450515747070e-01 3.959454596042633057e-01 6.097245216369628906e-01 5.048964023590087891e-01 2.493880838155746460e-01 4.995569288730621338e-01 4.996336996555328369e-01
3.538450002670288086e-01 1.902383267879486084e-01 2.484862506389617920e-01 5.129550099372863770e-01 3.490292429924011230e-01 5.120608806610107422e-01 6.247966736555099487e-02 4.044103324413299561e-01 3.711565136909484863e-01 5.486165285110473633e-01 3.971730470657348633e-01 4.065094590187072754e-01 5.465413331985473633e-01 4.300922155380249023e-01
4.319350123405456543e-01 2.201023399829864502e-01 2.271544933319091797e-01 2.004617452621459961e-01 7.734645009040832520e-01 1.259227246046066284e-01 8.821533918380737305e-01 4.782918691635131836e-01 3.884877264499664307e-01 3.879678249359130859e-01 3.652709424495697021e-01 6.607090830802917480e-01 5.917981266975402832e-01 5.332072973251342773e-01
2.710725069046020508e-01 5.734021663665771484e-01 3.155847489833831787e-01 5.611975193023681641e-01 6.579167246818542480e-01 1.268856525421142578e-01 2.591633424162864685e-02 3.197458982467651367e-01 5.828828215599060059e-01 3.367455005645751953e-01 6.138930916786193848e-01 7.410801053047180176e-01 3.711217641830444336e-01 4.839747250080108643e-01
9.917999804019927979e-02 8.105639815330505371e-01 9.747987389564514160e-01 7.417950034141540527e-02 1.971040070056915283e-01 8.333922028541564941e-01 1.052133366465568542e-02 9.866715222597122192e-02 5.577808022499084473e-01 5.918808579444885254e-01 2.564029991626739502e-01 2.769615054130554199e-01 6.990721225738525391e-01 3.533381521701812744e-01
8.996000289916992188e-01 6.043524742126464844e-01 7.848539948463439941e-01 4.169670045375823975e-01 3.107174932956695557e-01 1.276740431785583496e-01 4.606069922447204590e-01 9.213423132896423340e-01 5.198957324028015137e-01 5.812465548515319824e-01 5.990677475929260254e-01 3.414919376373291016e-01 3.714490532875061035e-01 3.992343246936798096e-01
8.382124900817871094e-01 2.278251647949218750e-01 3.118360042572021484e-01 9.864724874496459961e-01 7.571529746055603027e-01 6.595295071601867676e-01 2.587586641311645508e-01 8.811022639274597168e-01 3.195046782493591309e-01 5.179289579391479492e-01 5.966169834136962891e-01 8.431646227836608887e-01 6.784648299217224121e-01 5.285882353782653809e-01
4.709349870681762695e-01 3.548451662063598633e-01 7.789080142974853516e-01 1.375962495803833008e-01 1.834249943494796753e-01 8.134646415710449219e-01 4.403123259544372559e-01 4.675115346908569336e-01 3.147720694541931152e-01 6.324744820594787598e-01 2.355778366327285767e-01 2.142881155014038086e-01 6.822583675384521484e-01 4.510261714458465576e-01
2.817200124263763428e-01 2.428318262100219727e-01 6.349735260009765625e-01 5.497174859046936035e-01 5.123487710952758789e-01 2.889033406972885132e-02 4.576143324375152588e-01 3.085037767887115479e-01 2.839827239513397217e-01 7.099100351333618164e-01 5.261403322219848633e-01 5.562843084335327148e-01 4.996350109577178955e-01 4.070136249065399170e-01
4.182874858379364014e-01 4.612033367156982422e-01 7.349099963903427124e-02 7.383800148963928223e-01 1.558504998683929443e-01 5.213742256164550781e-01 8.444640040397644043e-01 3.965562880039215088e-01 5.834791660308837891e-01 2.503595948219299316e-01 5.762792825698852539e-01 1.139775589108467102e-01 4.588376879692077637e-01 5.722303390502929688e-01
3.933550119400024414e-01 7.792611718177795410e-01 2.256225049495697021e-01 4.539837539196014404e-01 9.645607471466064453e-01 5.436675548553466797e-01 9.842261672019958496e-01 3.794662654399871826e-01 5.760295391082763672e-01 6.398186087608337402e-02 4.330727159976959229e-01 8.200073838233947754e-01 5.352013707160949707e-01 6.303520798683166504e-01
2.780900001525878906e-01 1.792176663875579834e-01 9.288704991340637207e-01 6.176350116729736328e-01 9.227149933576583862e-02 5.913984775543212891e-01 9.506603479385375977e-01 3.493481576442718506e-01 2.905807793140411377e-01 6.546838283538818359e-01 6.501478552818298340e-01 2.267212979495525360e-02 5.895529985427856445e-01 8.132590651512145996e-01
3.520975112915039062e-01 3.082848191261291504e-01 7.619307637214660645e-01 2.474567443132400513e-01 8.176295161247253418e-01 9.469219446182250977e-01 7.358211278915405273e-01 3.776795566082000732e-01 2.971299290657043457e-01 5.330763459205627441e-01 4.987469911575317383e-01 8.099216222763061523e-01 6.683844923973083496e-01 5.833890438079833984e-01
