1.832499951124191284e-01 1.901666671037673950e-01 9.902499914169311523e-01 3.447499871253967285e-01 4.292500019073486328e-01 1.432500034570693970e-01 2.549074590206146240e-01 2.928607165813446045e-01 8.706370592117309570e-01 2.450783997774124146e-01 4.126958549022674561e-01 3.425749540328979492e-01
9.547500014305114746e-01 3.425000011920928955e-01 2.362499982118606567e-01 2.532500028610229492e-01 3.957499861717224121e-01 3.624999895691871643e-02 9.064593911170959473e-01 5.016770958900451660e-01 4.826519191265106201e-01 1.784775108098983765e-01 3.633655011653900146e-01 3.840497434139251709e-01
5.147500038146972656e-01 7.461666464805603027e-01 4.427500069141387939e-01 2.087499946355819702e-01 4.997499883174896240e-01 3.462499976158142090e-01 4.730046987533569336e-01 6.556476950645446777e-01 3.667681515216827393e-01 3.614547252655029297e-01 4.776867926120758057e-01 3.236652314662933350e-01
4.982500076293945312e-01 3.598333299160003662e-01 6.932500004768371582e-01 8.737499713897705078e-01 3.422499895095825195e-01 8.537499904632568359e-01 4.717494547367095947e-01 4.014070630073547363e-01 6.968590617179870605e-01 7.501161098480224609e-01 3.774161636829376221e-01 4.709115326404571533e-01
9.242500066757202148e-01 5.005000233650207520e-01 6.162499785423278809e-01 5.257499814033508301e-01 7.982500195503234863e-01 2.792499959468841553e-01 8.809702992439270020e-01 3.214709162712097168e-01 7.167870402336120605e-01 4.552247226238250732e-01 7.896741032600402832e-01 3.516103327274322510e-01
1.912499964237213135e-01 2.818333208560943604e-01 2.477499991655349731e-01 2.682499885559082031e-01 9.972500205039978027e-01 6.417499780654907227e-01 1.335424631834030151e-01 4.151113331317901611e-01 4.356569647789001465e-01 2.157999575138092041e-01 9.725981950759887695e-01 6.951975226402282715e-01
6.842499971389770508e-01 2.198333293199539185e-01 5.412499904632568359e-01 3.177500069141387939e-01 4.387499988079071045e-01 1.007499992847442627e-01 8.313573598861694336e-01 2.711937725543975830e-01 5.459953546524047852e-01 1.804394274950027466e-01 4.325506091117858887e-01 4.369802176952362061e-01
7.922499775886535645e-01 2.451666593551635742e-01 2.677499949932098389e-01 3.075000084936618805e-02 9.747499823570251465e-01 6.012499928474426270e-01 7.044910788536071777e-01 4.858962297439575195e-01 2.990093529224395752e-01 2.328734397888183594e-01 9.328618645668029785e-01 5.669280290603637695e-01
9.502500295639038086e-01 4.421666562557220459e-01 6.302499771118164062e-01 3.707500100135803223e-01 3.777500092983245850e-01 6.525000184774398804e-02 9.203335046768188477e-01 4.516668617725372314e-01 7.739283442497253418e-01 2.799802422523498535e-01 3.280034363269805908e-01 3.630042076110839844e-01
2.152500003576278687e-01 8.138333559036254883e-01 9.817500114440917969e-01 6.437500119209289551e-01 5.357499718666076660e-01 7.532500028610229492e-01 1.751518547534942627e-01 6.147608160972595215e-01 5.419734120368957520e-01 8.002209067344665527e-01 5.813657641410827637e-01 4.615459144115447998e-01
1.197500005364418030e-01 7.655000090599060059e-01 3.937500119209289551e-01 4.627499878406524658e-01 2.425000071525573730e-02 7.352499961853027344e-01 9.502933174371719360e-02 5.558980703353881836e-01 1.547689288854598999e-01 3.538005352020263672e-01 1.223849654197692871e-01 5.904951095581054688e-01
1.992499977350234985e-01 3.591666519641876221e-01 9.657499790191650391e-01 3.250000067055225372e-03 8.375000208616256714e-02 1.747500002384185791e-01 2.132550626993179321e-01 3.328234255313873291e-01 7.550298571586608887e-01 4.708322137594223022e-02 5.473002046346664429e-02 3.958746194839477539e-01
1.617500036954879761e-01 3.955000042915344238e-01 7.982500195503234863e-01 6.612499952316284180e-01 5.727499723434448242e-01 7.487499713897705078e-01 9.760408103466033936e-02 3.619343340396881104e-01 6.994543671607971191e-01 8.192896842956542969e-01 5.846257805824279785e-01 5.483455657958984375e-01
9.197499752044677734e-01 7.251666784286499023e-01 5.852500200271606445e-01 9.272500276565551758e-01 1.032499969005584717e-01 7.707499861717224121e-01 9.187302589416503906e-01 4.544821977615356445e-01 4.420855939388275146e-01 9.449772834777832031e-01 1.060996055603027344e-01 7.086993455886840820e-01
7.462499737739562988e-01 4.435000121593475342e-01 5.262500047683715820e-01 9.722499847412109375e-01 5.317500233650207520e-01 2.937499880790710449e-01 6.726738214492797852e-01 4.809547066688537598e-01 6.447844505310058594e-01 9.028458595275878906e-01 5.270102024078369141e-01 5.391570329666137695e-01
4.377500116825103760e-01 3.538333475589752197e-01 5.725000053644180298e-02 3.642500042915344238e-01 2.675000019371509552e-02 4.397499859333038330e-01 5.015277266502380371e-01 3.829039633274078369e-01 6.851277500391006470e-02 4.150930047035217285e-01 2.952582761645317078e-02 6.335796713829040527e-01
2.542499899864196777e-01 5.245000123977661133e-01 5.952500104904174805e-01 8.477500081062316895e-01 5.725000053644180298e-02 4.232499897480010986e-01 2.846898436546325684e-01 4.364711940288543701e-01 5.972993373870849609e-01 8.222295641899108887e-01 8.677713572978973389e-02 4.761650860309600830e-01
9.112499952316284180e-01 2.748333215713500977e-01 8.147500157356262207e-01 7.077500224113464355e-01 8.597499728202819824e-01 8.862500190734863281e-01 9.004206657409667969e-01 3.889304399490356445e-01 6.752122640609741211e-01 7.981994152069091797e-01 8.111833333969116211e-01 5.361289381980895996e-01
2.367500066757202148e-01 5.378333330154418945e-01 3.197500109672546387e-01 2.102500051259994507e-01 3.602499961853027344e-01 9.782500267028808594e-01 1.716015487909317017e-01 3.697016835212707520e-01 1.359104812145233154e-01 2.072655707597732544e-01 3.574866950511932373e-01 7.960315942764282227e-01
5.452499985694885254e-01 3.055000007152557373e-01 9.522500038146972656e-01 7.967500090599060059e-01 7.602499723434448242e-01 7.032499909400939941e-01 5.291917324066162109e-01 3.188580572605133057e-01 7.667830586433410645e-01 9.189850091934204102e-01 7.670278549194335938e-01 4.624459743499755859e-01
1.062500029802322388e-01 4.724999964237213135e-01 6.117500066757202148e-01 7.057499885559082031e-01 7.172499895095825195e-01 2.262499928474426270e-01 8.967833220958709717e-02 4.940280318260192871e-01 6.721192598342895508e-01 7.816686630249023438e-01 6.868825554847717285e-01 5.183613300323486328e-01
1.782499998807907104e-01 5.178333520889282227e-01 6.672499775886535645e-01 5.974999815225601196e-02 6.962500214576721191e-01 1.482499986886978149e-01 2.106606513261795044e-01 4.435713291168212891e-01 6.624125242233276367e-01 2.287743389606475830e-01 6.806871891021728516e-01 4.532310068607330322e-01
5.582500100135803223e-01 3.838333189487457275e-01 3.772499859333038330e-01 4.975000023841857910e-02 5.062500238418579102e-01 7.472500205039978027e-01 5.659565329551696777e-01 4.567802250385284424e-01 3.707959055900573730e-01 1.663818806409835815e-01 5.004161000251770020e-01 5.479082465171813965e-01
2.225000038743019104e-02 6.468333601951599121e-01 7.072499990463256836e-01 3.307499885559082031e-01 7.882500290870666504e-01 4.342499971389770508e-01 1.589070260524749756e-02 6.552187204360961914e-01 7.486030459403991699e-01 3.466669023036956787e-01 9.797095060348510742e-01 5.638283491134643555e-01
4.422500133514404297e-01 1.764999926090240479e-01 4.402500092983245850e-01 1.772499978542327881e-01 7.625000178813934326e-02 4.262500107288360596e-01 4.986566603183746338e-01 2.621136009693145752e-01 6.347354054450988770e-01 7.486184686422348022e-02 5.794104933738708496e-02 4.784386754035949707e-01
4.147500097751617432e-01 2.754999995231628418e-01 9.357500076293945312e-01 5.447499752044677734e-01 4.547500014305114746e-01 2.727499902248382568e-01 4.476504623889923096e-01 2.793239653110504150e-01 8.951506614685058594e-01 4.680415093898773193e-01 4.878016412258148193e-01 3.087967932224273682e-01
7.152500152587890625e-01 2.968333363533020020e-01 3.749999916180968285e-03 2.847500145435333252e-01 3.277499973773956299e-01 7.597500085830688477e-01 6.861260533332824707e-01 3.740046322345733643e-01 1.309296935796737671e-01 1.630294471979141235e-01 2.996398508548736572e-01 7.587074637413024902e-01
6.927499771118164062e-01 6.318333148956298828e-01 3.787499964237213135e-01 6.617500185966491699e-01 3.747499883174896240e-01 4.137499928474426270e-01 7.270154953002929688e-01 5.945099592208862305e-01 4.218198955059051514e-01 6.498322486877441406e-01 3.493362963199615479e-01 4.347069561481475830e-01
3.957499861717224121e-01 2.851666808128356934e-01 4.972499907016754150e-01 6.037499904632568359e-01 7.942500114440917969e-01 1.222499981522560120e-01 4.584723412990570068e-01 3.721612989902496338e-01 5.327932834625244141e-01 7.424595952033996582e-01 7.703614830970764160e-01 4.451012611389160156e-01
9.192500114440917969e-01 4.514999985694885254e-01 6.262500286102294922e-01 7.275000214576721191e-02 7.157499790191650391e-01 9.662500023841857910e-01 8.571609258651733398e-01 4.224076271057128906e-01 3.976205885410308838e-01 2.196380794048309326e-01 7.134069204330444336e-01 5.056084394454956055e-01
8.332499861717224121e-01 3.888333439826965332e-01 5.274999886751174927e-02 4.912500083446502686e-01 2.452500015497207642e-01 1.102500036358833313e-01 8.306170105934143066e-01 4.801995456218719482e-01 3.840569257736206055e-01 2.661578357219696045e-01 2.358289659023284912e-01 4.756138026714324951e-01
1.724999956786632538e-02 2.105000019073486328e-01 3.075000084936618805e-02 3.967500030994415283e-01 8.824999630451202393e-02 2.392500042915344238e-01 7.337995618581771851e-02 3.452459573745727539e-01 9.412560611963272095e-02 4.144183099269866943e-01 8.221087977290153503e-03 4.336429536342620850e-01
4.174999892711639404e-02 7.754999995231628418e-01 2.872500121593475342e-01 9.377499818801879883e-01 2.587499916553497314e-01 1.472499966621398926e-01 2.682946808636188507e-02 8.219417929649353027e-01 3.273551762104034424e-01 8.893264532089233398e-01 3.156667947769165039e-01 2.783915996551513672e-01
1.775000058114528656e-02 2.228333353996276855e-01 6.617500185966491699e-01 5.175000056624412537e-02 1.687500029802322388e-01 7.302500009536743164e-01 5.503623280674219131e-03 2.321354001760482788e-01 8.255397081375122070e-01 1.222120225429534912e-01 3.719243407249450684e-02 6.018106341361999512e-01
3.567500114440917969e-01 3.388333320617675781e-01 5.867499709129333496e-01 6.472499966621398926e-01 5.577499866485595703e-01 3.337500095367431641e-01 3.942413628101348877e-01 3.428867459297180176e-01 6.694794297218322754e-01 6.253769993782043457e-01 5.710792541503906250e-01 4.170700311660766602e-01
6.177499890327453613e-01 6.188333630561828613e-01 4.407500028610229492e-01 3.187499940395355225e-01 5.037500262260437012e-01 1.127500012516975403e-01 6.674354076385498047e-01 5.548153519630432129e-01 4.719331562519073486e-01 2.547383308410644531e-01 4.668837189674377441e-01 3.477393686771392822e-01
2.562499940395355225e-01 6.324999928474426270e-01 7.047500014305114746e-01 3.497500121593475342e-01 2.192499935626983643e-01 1.677500009536743164e-01 2.741326689720153809e-01 6.274998188018798828e-01 6.274263858795166016e-01 4.698997437953948975e-01 2.114866077899932861e-01 3.164593279361724854e-01
5.182499885559082031e-01 2.278333306312561035e-01 1.567499935626983643e-01 8.647500276565551758e-01 6.932500004768371582e-01 1.417499929666519165e-01 5.805827975273132324e-01 2.474287897348403931e-01 3.171601593494415283e-01 7.130141258239746094e-01 7.122644782066345215e-01 4.664327204227447510e-01
7.137500047683715820e-01 4.058333337306976318e-01 9.047499895095825195e-01 5.977500081062316895e-01 2.067500054836273193e-01 6.487500071525573730e-01 8.107580542564392090e-01 3.584429323673248291e-01 7.629930377006530762e-01 4.660632014274597168e-01 1.879442334175109863e-01 4.710872769355773926e-01
3.762499988079071045e-01 2.175000011920928955e-01 1.457500010728836060e-01 2.972500026226043701e-01 3.892500102519989014e-01 4.632500112056732178e-01 4.544846117496490479e-01 3.677165806293487549e-01 2.355699390172958374e-01 3.510807454586029053e-01 3.354698419570922852e-01 6.324795484542846680e-01
7.232499718666076660e-01 4.351666569709777832e-01 1.682499945163726807e-01 6.122499704360961914e-01 1.682499945163726807e-01 6.467499732971191406e-01 7.731378078460693359e-01 4.081497788429260254e-01 9.570646286010742188e-02 5.002321600914001465e-01 1.291004121303558350e-01 6.994537711143493652e-01
2.517499923706054688e-01 6.198333501815795898e-01 4.977500140666961670e-01 7.227500081062316895e-01 5.952500104904174805e-01 5.182499885559082031e-01 2.765285372734069824e-01 5.462671518325805664e-01 3.691811859607696533e-01 8.201866149902343750e-01 6.352777481079101562e-01 4.966048896312713623e-01
9.422500133514404297e-01 5.985000133514404297e-01 2.437500059604644775e-01 3.787499964237213135e-01 7.767500281333923340e-01 7.297499775886535645e-01 7.997786402702331543e-01 4.993079900741577148e-01 1.608752012252807617e-01 4.620314538478851318e-01 7.826609015464782715e-01 6.598668098449707031e-01
8.942499756813049316e-01 6.038333177566528320e-01 5.497499704360961914e-01 4.132499992847442627e-01 4.922499954700469971e-01 4.357500076293945312e-01 9.039108157157897949e-01 4.888327121734619141e-01 5.674425959587097168e-01 3.034364581108093262e-01 4.707994163036346436e-01 4.059806764125823975e-01
1.017500013113021851e-01 8.181666731834411621e-01 4.687500000000000000e-01 5.482500195503234863e-01 1.012500002980232239e-01 6.250000093132257462e-03 8.880223333835601807e-02 7.970851063728332520e-01 4.164993166923522949e-01 4.768594801425933838e-01 1.187021955847740173e-01 1.841865926980972290e-01
5.137500166893005371e-01 6.348333358764648438e-01 5.807499885559082031e-01 9.202499985694885254e-01 1.557500064373016357e-01 5.582500100135803223e-01 5.289217233657836914e-01 4.553724825382232666e-01 5.507283806800842285e-01 7.904048562049865723e-01 2.158057987689971924e-01 5.487946271896362305e-01
6.422500014305114746e-01 5.651666522026062012e-01 7.967500090599060059e-01 4.024999961256980896e-02 5.324999988079071045e-02 3.187499940395355225e-01 7.481513619422912598e-01 3.830383718013763428e-01 5.985525846481323242e-01 8.283405750989913940e-02 6.156103312969207764e-02 4.637779593467712402e-01
9.525000303983688354e-02 5.774999856948852539e-01 1.882500052452087402e-01 4.282500147819519043e-01 5.407500267028808594e-01 2.332500070333480835e-01 1.340477764606475830e-01 6.634448170661926270e-01 3.807457983493804932e-01 4.199558794498443604e-01 5.224792957305908203e-01 4.084899723529815674e-01
8.624999970197677612e-02 7.328333258628845215e-01 8.352500200271606445e-01 5.232499837875366211e-01 8.042500019073486328e-01 1.337500065565109253e-01 7.168106734752655029e-02 6.145268082618713379e-01 6.619323492050170898e-01 4.284653663635253906e-01 8.553627133369445801e-01 4.665518701076507568e-01
6.132500171661376953e-01 4.048333466053009033e-01 4.632500112056732178e-01 7.622500061988830566e-01 1.612499952316284180e-01 7.892500162124633789e-01 6.354777812957763672e-01 5.207294821739196777e-01 5.163545608520507812e-01 6.964682936668395996e-01 1.421499550342559814e-01 5.210593342781066895e-01
5.517500042915344238e-01 6.575000286102294922e-01 1.012500002980232239e-01 8.642500042915344238e-01 5.892500281333923340e-01 6.257500052452087402e-01 5.267030000686645508e-01 6.109691858291625977e-01 1.022306829690933228e-01 9.280415177345275879e-01 5.902532935142517090e-01 5.652601122856140137e-01
6.597499847412109375e-01 2.834999859333038330e-01 8.867499828338623047e-01 8.802499771118164062e-01 9.377499818801879883e-01 3.167499899864196777e-01 6.555042862892150879e-01 2.608469426631927490e-01 8.013260364532470703e-01 9.573395252227783203e-01 9.274098873138427734e-01 4.868526756763458252e-01
2.907499969005584717e-01 4.438333213329315186e-01 6.312500238418579102e-01 9.792500138282775879e-01 9.562500119209289551e-01 8.197500109672546387e-01 2.460025995969772339e-01 4.500728845596313477e-01 6.900613903999328613e-01 9.397538304328918457e-01 9.046061038970947266e-01 5.835232734680175781e-01
9.327499866485595703e-01 1.961666643619537354e-01 5.502499938011169434e-01 5.617499947547912598e-01 1.867499947547912598e-01 6.222500205039978027e-01 9.056257009506225586e-01 3.902427554130554199e-01 7.058115005493164062e-01 4.811000227928161621e-01 1.219241246581077576e-01 5.190346837043762207e-01
9.250000119209289551e-03 6.671666502952575684e-01 8.472499847412109375e-01 4.362500011920928955e-01 1.627500057220458984e-01 2.147500067949295044e-01 1.275739818811416626e-02 6.740779876708984375e-01 7.294062376022338867e-01 3.819308876991271973e-01 1.862581521272659302e-01 3.242343366146087646e-01
7.262499928474426270e-01 3.008333444595336914e-01 2.924999967217445374e-02 6.517500281333923340e-01 3.974999859929084778e-02 5.482500195503234863e-01 7.649441957473754883e-01 3.728770911693572998e-01 1.125660091638565063e-01 6.263190507888793945e-01 3.703133389353752136e-02 6.679688096046447754e-01
6.287500262260437012e-01 3.498333394527435303e-01 2.857500016689300537e-01 3.732500076293945312e-01 4.812499880790710449e-01 6.352499723434448242e-01 5.312107205390930176e-01 5.419107079505920410e-01 4.940505623817443848e-01 4.455042481422424316e-01 4.572125077247619629e-01 3.933303356170654297e-01
6.397500038146972656e-01 7.154999971389770508e-01 5.697500109672546387e-01 5.147500038146972656e-01 6.047499775886535645e-01 2.947500050067901611e-01 6.578972935676574707e-01 5.107101202011108398e-01 4.169469773769378662e-01 4.902246892452239990e-01 6.192531585693359375e-01 4.368648827075958252e-01
7.777500152587890625e-01 5.548333525657653809e-01 2.002499997615814209e-01 6.624999642372131348e-02 9.717500209808349609e-01 1.587499976158142090e-01 6.746875047683715820e-01 5.275589227676391602e-01 3.864936828613281250e-01 1.998004466295242310e-01 9.228345155715942383e-01 4.357032179832458496e-01
5.857499837875366211e-01 5.264999866485595703e-01 9.624999761581420898e-02 1.667499989271163940e-01 6.437500119209289551e-01 8.047500252723693848e-01 5.092043280601501465e-01 4.410688281059265137e-01 2.272294610738754272e-01 2.306919693946838379e-01 6.494226455688476562e-01 6.745441555976867676e-01
5.922499895095825195e-01 3.555000126361846924e-01 8.552500009536743164e-01 7.402499914169311523e-01 2.752499878406524658e-01 4.337500035762786865e-01 6.626423597335815430e-01 3.579567074775695801e-01 7.601599097251892090e-01 6.828804016113281250e-01 3.038387596607208252e-01 4.724724292755126953e-01
5.237500071525573730e-01 5.421666502952575684e-01 4.572499990463256836e-01 7.225000113248825073e-02 6.075000017881393433e-02 4.832499921321868896e-01 5.140802264213562012e-01 5.189192891120910645e-01 3.909757435321807861e-01 1.090037524700164795e-01 5.085233226418495178e-02 4.438248872756958008e-01
9.367499947547912598e-01 3.151666522026062012e-01 9.037500023841857910e-01 7.222499847412109375e-01 3.497500121593475342e-01 3.747499883174896240e-01 8.931329846382141113e-01 2.507832646369934082e-01 8.756033182144165039e-01 8.022624850273132324e-01 3.994393646717071533e-01 3.972063958644866943e-01
8.162500262260437012e-01 6.061666607856750488e-01 4.707500040531158447e-01 2.437500059604644775e-01 1.947499960660934448e-01 3.232499957084655762e-01 8.399431705474853516e-01 5.555928945541381836e-01 4.033732414245605469e-01 2.242068052291870117e-01 1.639999747276306152e-01 4.103053808212280273e-01
5.562499761581420898e-01 3.861666619777679443e-01 6.532499790191650391e-01 4.712499976158142090e-01 6.737499833106994629e-01 8.522499799728393555e-01 5.351355075836181641e-01 3.725160956382751465e-01 4.871901273727416992e-01 5.283343791961669922e-01 6.531165242195129395e-01 4.464806020259857178e-01
3.857499957084655762e-01 8.264999985694885254e-01 8.447499871253967285e-01 1.167500019073486328e-01 1.217499971389770508e-01 5.342500209808349609e-01 3.956476747989654541e-01 6.068592071533203125e-01 4.773384332656860352e-01 2.982654869556427002e-01 1.439219117164611816e-01 3.429122567176818848e-01
6.227499842643737793e-01 5.504999756813049316e-01 9.182500243186950684e-01 2.882499992847442627e-01 4.312500059604644775e-01 7.077500224113464355e-01 6.072103977203369141e-01 3.984621167182922363e-01 7.877684235572814941e-01 2.570814192295074463e-01 4.176680147647857666e-01 3.330263197422027588e-01
2.087499946355819702e-01 8.308333158493041992e-01 8.952500224113464355e-01 2.347500026226043701e-01 1.957499980926513672e-01 4.662500023841857910e-01 2.189428955316543579e-01 6.352435350418090820e-01 6.044326424598693848e-01 3.617061078548431396e-01 2.299022525548934937e-01 2.983427345752716064e-01
3.627499938011169434e-01 5.935000181198120117e-01 5.862500071525573730e-01 1.075000036507844925e-02 5.074999853968620300e-02 5.107499957084655762e-01 3.598160743713378906e-01 4.778348207473754883e-01 4.766433835029602051e-01 9.986635297536849976e-02 6.515738368034362793e-02 4.366438686847686768e-01
8.474999666213989258e-02 4.178333282470703125e-01 2.502500116825103760e-01 3.462499976158142090e-01 1.792500019073486328e-01 7.874999940395355225e-02 9.559076279401779175e-02 6.251631379127502441e-01 5.433945655822753906e-01 4.026443660259246826e-01 1.157873943448066711e-01 2.802696228027343750e-01
8.425000309944152832e-02 3.655000030994415283e-01 1.875000074505805969e-02 4.672499895095825195e-01 2.232500016689300537e-01 3.777500092983245850e-01 1.175009608268737793e-01 5.112981200218200684e-01 7.758076488971710205e-02 6.261239051818847656e-01 1.457102596759796143e-01 6.431869864463806152e-01
9.682499766349792480e-01 3.831666707992553711e-01 5.927500128746032715e-01 7.587500214576721191e-01 1.567499935626983643e-01 6.412500143051147461e-01 9.495925903320312500e-01 4.384192228317260742e-01 5.814244151115417480e-01 8.592740297317504883e-01 1.142807826399803162e-01 6.666746139526367188e-01
3.097499907016754150e-01 5.391666889190673828e-01 8.897500038146972656e-01 1.025000028312206268e-02 7.647500038146972656e-01 5.742499828338623047e-01 2.944985628128051758e-01 3.523057997226715088e-01 5.070194602012634277e-01 2.654677033424377441e-01 7.884131669998168945e-01 5.355936288833618164e-01
3.842499852180480957e-01 7.928333282470703125e-01 6.317499876022338867e-01 7.692499756813049316e-01 8.192499876022338867e-01 7.407500147819519043e-01 4.011289179325103760e-01 6.102259159088134766e-01 4.527367949485778809e-01 6.886774897575378418e-01 8.254270553588867188e-01 4.434236884117126465e-01
6.202499866485595703e-01 6.754999756813049316e-01 3.052499890327453613e-01 7.287499904632568359e-01 2.812500000000000000e-01 8.947499990463256836e-01 4.809775948524475098e-01 6.832250952720642090e-01 3.483621478080749512e-01 6.700593233108520508e-01 2.735074162483215332e-01 3.611843585968017578e-01
6.872500181198120117e-01 1.895000040531158447e-01 7.222499847412109375e-01 8.382499814033508301e-01 9.427499771118164062e-01 2.312500029802322388e-01 7.116066813468933105e-01 2.990334331989288330e-01 7.916381359100341797e-01 7.666602134704589844e-01 8.666486740112304688e-01 3.847051560878753662e-01
5.397499799728393555e-01 4.061666727066040039e-01 6.297500133514404297e-01 3.267500102519989014e-01 3.487499952316284180e-01 5.725000053644180298e-02 5.139700174331665039e-01 4.125947058200836182e-01 8.166463971138000488e-01 2.480140775442123413e-01 3.266904652118682861e-01 3.395475149154663086e-01
9.942499995231628418e-01 2.911666631698608398e-01 8.725000172853469849e-02 9.897500276565551758e-01 3.057500123977661133e-01 6.042500138282775879e-01 9.101229906082153320e-01 4.075821638107299805e-01 3.124299049377441406e-01 7.468624114990234375e-01 3.290852606296539307e-01 6.413220763206481934e-01
5.967500209808349609e-01 5.328333377838134766e-01 5.092499852180480957e-01 5.947499871253967285e-01 3.992500007152557373e-01 3.677499890327453613e-01 7.020091414451599121e-01 5.198422074317932129e-01 5.134963393211364746e-01 4.682038128376007080e-01 3.979784846305847168e-01 4.388006031513214111e-01
5.802500247955322266e-01 2.501666545867919922e-01 4.724999889731407166e-02 3.677499890327453613e-01 6.427500247955322266e-01 2.027499973773956299e-01 5.832589864730834961e-01 4.398189187049865723e-01 3.996016085147857666e-01 3.094440698623657227e-01 6.120068430900573730e-01 4.939852654933929443e-01
6.677500009536743164e-01 6.388333439826965332e-01 2.257499992847442627e-01 1.757500022649765015e-01 1.952500045299530029e-01 1.592500060796737671e-01 6.904582381248474121e-01 6.554228663444519043e-01 2.400556951761245728e-01 2.201443463563919067e-01 1.562864929437637329e-01 3.631813228130340576e-01
5.707499980926513672e-01 2.768333256244659424e-01 2.472500056028366089e-01 4.202499985694885254e-01 6.162499785423278809e-01 5.925000086426734924e-02 5.574935078620910645e-01 4.973798692226409912e-01 5.415393710136413574e-01 3.962017297744750977e-01 5.487876534461975098e-01 3.962840735912322998e-01
1.562500000000000000e-01 2.598333358764648438e-01 1.867499947547912598e-01 7.337499856948852539e-01 2.272499948740005493e-01 7.625000178813934326e-02 2.254849672317504883e-01 5.281254053115844727e-01 5.663892626762390137e-01 4.990197718143463135e-01 1.448556333780288696e-01 3.640904724597930908e-01
3.402499854564666748e-01 7.441666722297668457e-01 1.987500041723251343e-01 1.917500048875808716e-01 2.012500017881393433e-01 2.897500097751617432e-01 3.472966253757476807e-01 7.138543128967285156e-01 2.774221003055572510e-01 2.579489052295684814e-01 2.010436207056045532e-01 3.232860863208770752e-01
9.992499947547912598e-01 2.108333259820938110e-01 4.542500078678131104e-01 9.667500257492065430e-01 7.722499966621398926e-01 5.147500038146972656e-01 8.966070413589477539e-01 3.180519342422485352e-01 7.886329889297485352e-01 8.417615890502929688e-01 7.487111687660217285e-01 4.392718672752380371e-01
9.324999898672103882e-02 5.198333263397216797e-01 2.852500081062316895e-01 6.117500066757202148e-01 8.752499818801879883e-01 9.907500147819519043e-01 7.690606266260147095e-02 6.663230061531066895e-01 4.030793309211730957e-01 3.911439701914787292e-02 9.795128703117370605e-01 7.009073495864868164e-01
1.492500007152557373e-01 5.341666936874389648e-01 2.392500042915344238e-01 5.562499761581420898e-01 3.927499949932098389e-01 8.967499732971191406e-01 1.462637037038803101e-01 5.837494730949401855e-01 1.013456359505653381e-01 4.642394483089447021e-01 3.687071800231933594e-01 7.345296144485473633e-01
1.117499992251396179e-01 3.808333277702331543e-01 1.052500009536743164e-01 5.272499918937683105e-01 7.074999809265136719e-02 1.727499961853027344e-01 1.760047972202301025e-01 4.815813601016998291e-01 2.453872412443161011e-01 5.572352409362792969e-01 3.751716762781143188e-02 3.639769256114959717e-01
4.192500114440917969e-01 8.331666588783264160e-01 2.402500063180923462e-01 3.272500038146972656e-01 2.727499902248382568e-01 9.457499980926513672e-01 4.110525846481323242e-01 6.135472059249877930e-01 1.663502305746078491e-01 3.169066905975341797e-01 3.150250613689422607e-01 6.012379527091979980e-01
5.992500185966491699e-01 7.551666498184204102e-01 8.052499890327453613e-01 4.177500009536743164e-01 7.957500219345092773e-01 1.612499952316284180e-01 6.117854118347167969e-01 5.613840818405151367e-01 4.257906079292297363e-01 6.240525245666503906e-01 7.779899239540100098e-01 4.131349623203277588e-01
3.872500061988830566e-01 4.365000128746032715e-01 9.387500286102294922e-01 8.342499732971191406e-01 6.622499823570251465e-01 1.447499990463256836e-01 3.736799657344818115e-01 3.472336530685424805e-01 8.190941214561462402e-01 7.762219905853271484e-01 6.084011197090148926e-01 3.894581794738769531e-01
3.167499899864196777e-01 7.714999914169311523e-01 3.377499878406524658e-01 3.597500026226043701e-01 8.707500100135803223e-01 7.347499728202819824e-01 2.990801632404327393e-01 6.169170141220092773e-01 2.433116734027862549e-01 1.911626309156417847e-01 9.506224393844604492e-01 7.087193727493286133e-01
3.992500007152557373e-01 4.884999990463256836e-01 2.152500003576278687e-01 9.512500166893005371e-01 1.624999940395355225e-02 1.362500041723251343e-01 4.459992051124572754e-01 4.877473115921020508e-01 3.078660368919372559e-01 8.463556170463562012e-01 4.501896724104881287e-02 4.874500036239624023e-01
4.962500035762786865e-01 5.658333301544189453e-01 8.657500147819519043e-01 8.772500157356262207e-01 2.282499969005584717e-01 8.112499713897705078e-01 5.035481452941894531e-01 5.082184672355651855e-01 6.570655107498168945e-01 8.514733910560607910e-01 2.667613923549652100e-01 5.192868113517761230e-01
8.632500171661376953e-01 4.165000021457672119e-01 4.027499854564666748e-01 8.617500066757202148e-01 4.562500119209289551e-01 8.847500085830688477e-01 8.681506514549255371e-01 4.916511476039886475e-01 5.480250716209411621e-01 7.552136182785034180e-01 4.669182300567626953e-01 5.301962494850158691e-01
5.807499885559082031e-01 3.148333430290222168e-01 5.957499742507934570e-01 1.624999940395355225e-02 9.624999761581420898e-02 6.322500109672546387e-01 5.855405330657958984e-01 3.636012375354766846e-01 6.349673867225646973e-01 8.752250671386718750e-02 8.136633038520812988e-02 4.580737352371215820e-01
8.012499809265136719e-01 2.465000003576278687e-01 1.237500011920928955e-01 8.877500295639038086e-01 9.302499890327453613e-01 4.457499980926513672e-01 6.866839528083801270e-01 5.636382699012756348e-01 4.619994461536407471e-01 8.935598134994506836e-01 8.515765666961669922e-01 5.012105107307434082e-01
9.607499837875366211e-01 1.688333302736282349e-01 9.202499985694885254e-01 7.357500195503234863e-01 8.472499847412109375e-01 3.482500016689300537e-01 9.007321000099182129e-01 2.435350269079208374e-01 8.758092522621154785e-01 9.114133119583129883e-01 8.158316016197204590e-01 3.831337690353393555e-01
7.737500071525573730e-01 4.474999904632568359e-01 6.207500100135803223e-01 8.602499961853027344e-01 5.787500143051147461e-01 4.107500016689300537e-01 7.836168408393859863e-01 5.213158726692199707e-01 5.725412964820861816e-01 9.111254215240478516e-01 5.498822927474975586e-01 5.291182994842529297e-01
7.037500143051147461e-01 2.081666737794876099e-01 5.124999955296516418e-02 8.377500176429748535e-01 9.057499766349792480e-01 5.697500109672546387e-01 6.261945962905883789e-01 2.628992199897766113e-01 3.843717873096466064e-01 7.000118494033813477e-01 8.731159567832946777e-01 4.545642137527465820e-01
1.597499996423721313e-01 2.758333384990692139e-01 2.612499892711639404e-01 7.782499790191650391e-01 6.602500081062316895e-01 3.822500109672546387e-01 1.643745899200439453e-01 3.449393212795257568e-01 3.888776302337646484e-01 7.561132907867431641e-01 6.099104285240173340e-01 5.243043303489685059e-01
8.477500081062316895e-01 6.428333520889282227e-01 2.902500033378601074e-01 9.562500119209289551e-01 7.402499914169311523e-01 1.697500050067901611e-01 8.100975751876831055e-01 6.495606899261474609e-01 3.431575000286102295e-01 9.222241640090942383e-01 7.142215371131896973e-01 4.434211850166320801e-01
9.022499918937683105e-01 2.164999991655349731e-01 8.612499833106994629e-01 5.582500100135803223e-01 6.122499704360961914e-01 6.552500128746032715e-01 8.125313520431518555e-01 3.424127995967864990e-01 8.601627349853515625e-01 7.474592328071594238e-01 5.547568202018737793e-01 3.918060064315795898e-01
7.925000041723251343e-02 4.868333339691162109e-01 4.742499887943267822e-01 2.274999953806400299e-02 9.662500023841857910e-01 8.462499976158142090e-01 5.485763773322105408e-02 5.338841676712036133e-01 5.837785601615905762e-01 6.817027926445007324e-02 9.980257749557495117e-01 7.783023118972778320e-01
6.862499713897705078e-01 1.848333328962326050e-01 1.072499975562095642e-01 1.247500032186508179e-01 1.492500007152557373e-01 7.677500247955322266e-01 6.550179719924926758e-01 3.207545876502990723e-01 1.833697855472564697e-01 1.839476227760314941e-01 9.281947463750839233e-02 6.972243785858154297e-01
9.477499723434448242e-01 2.308333367109298706e-01 1.042499989271163940e-01 3.242500126361846924e-01 1.475000008940696716e-02 7.307500243186950684e-01 9.052870273590087891e-01 3.205152153968811035e-01 1.424929201602935791e-01 2.334942072629928589e-01 2.868405729532241821e-02 6.922472715377807617e-01
8.002499938011169434e-01 3.785000145435333252e-01 3.072499930858612061e-01 7.832499742507934570e-01 1.722500026226043701e-01 9.412500262260437012e-01 7.163905501365661621e-01 4.707513749599456787e-01 4.434632658958435059e-01 7.470761537551879883e-01 1.671950370073318481e-01 5.877690315246582031e-01
8.577499985694885254e-01 2.168333381414413452e-01 2.547500133514404297e-01 3.422499895095825195e-01 2.307499945163726807e-01 5.277500152587890625e-01 7.732211947441101074e-01 3.262547850608825684e-01 5.117837786674499512e-01 2.523010075092315674e-01 2.164900153875350952e-01 5.021244287490844727e-01
7.067499756813049316e-01 2.685000002384185791e-01 5.397499799728393555e-01 7.762500047683715820e-01 7.002500295639038086e-01 1.207500025629997253e-01 7.219192981719970703e-01 3.825884759426116943e-01 7.356902360916137695e-01 6.664966344833374023e-01 6.530677080154418945e-01 3.976846337318420410e-01
2.172500044107437134e-01 6.765000224113464355e-01 9.674999862909317017e-02 9.392499923706054688e-01 9.047499895095825195e-01 6.832500100135803223e-01 1.642084121704101562e-01 7.803880572319030762e-01 2.299014627933502197e-01 9.009347558021545410e-01 9.919409751892089844e-01 6.310471892356872559e-01
8.997499942779541016e-01 3.171666562557220459e-01 7.972499728202819824e-01 1.452499926090240479e-01 7.557500004768371582e-01 7.992500066757202148e-01 8.581966757774353027e-01 4.041703045368194580e-01 6.095577478408813477e-01 2.816224396228790283e-01 7.144891619682312012e-01 4.016546010971069336e-01
1.967500001192092896e-01 5.351666808128356934e-01 5.907499790191650391e-01 6.075000017881393433e-02 9.127500057220458984e-01 9.517499804496765137e-01 1.096425428986549377e-01 4.795949161052703857e-01 4.361273646354675293e-01 1.071907803416252136e-01 9.924631118774414062e-01 7.949310541152954102e-01
6.424999982118606567e-02 3.221666812896728516e-01 1.432500034570693970e-01 9.674999862909317017e-02 7.162500023841857910e-01 4.102500081062316895e-01 8.928307890892028809e-02 6.393608450889587402e-01 3.057531118392944336e-01 2.698737680912017822e-01 6.327195167541503906e-01 6.235571503639221191e-01
4.032500088214874268e-01 2.255000025033950806e-01 6.592500209808349609e-01 9.312499761581420898e-01 5.867499709129333496e-01 9.574999660253524780e-02 4.433796405792236328e-01 3.712353110313415527e-01 7.721831202507019043e-01 8.712522387504577637e-01 5.471790432929992676e-01 4.550194740295410156e-01
3.557499945163726807e-01 4.548333287239074707e-01 2.712500095367431641e-01 3.907499909400939941e-01 8.172500133514404297e-01 9.425000101327896118e-02 4.323146343231201172e-01 4.711620509624481201e-01 3.314155638217926025e-01 4.043982028961181641e-01 7.626226544380187988e-01 5.480306744575500488e-01
9.812499880790710449e-01 5.708333253860473633e-01 7.732499837875366211e-01 2.982499897480010986e-01 1.337500065565109253e-01 6.247500181198120117e-01 9.281634092330932617e-01 3.921500444412231445e-01 6.197507977485656738e-01 4.288529753684997559e-01 1.106387078762054443e-01 5.440279841423034668e-01
5.567499995231628418e-01 4.368333220481872559e-01 8.874999731779098511e-02 9.472500085830688477e-01 8.372499942779541016e-01 5.387499928474426270e-01 5.466497540473937988e-01 6.044265627861022949e-01 2.579101622104644775e-01 9.192954897880554199e-01 8.275711536407470703e-01 5.189816355705261230e-01
1.502500027418136597e-01 6.945000290870666504e-01 7.067499756813049316e-01 2.177499979734420776e-01 9.425000101327896118e-02 7.327499985694885254e-01 1.115498989820480347e-01 5.811209678649902344e-01 5.214974880218505859e-01 2.930751442909240723e-01 1.321220546960830688e-01 3.163151741027832031e-01
8.725000172853469849e-02 5.738333463668823242e-01 8.117499947547912598e-01 8.967499732971191406e-01 4.697499871253967285e-01 8.602499961853027344e-01 3.550875559449195862e-02 5.288673043251037598e-01 7.544264197349548340e-01 7.520840167999267578e-01 4.765270054340362549e-01 5.520368814468383789e-01
2.522499859333038330e-01 2.831666767597198486e-01 6.997500061988830566e-01 4.477500021457672119e-01 3.902499973773956299e-01 6.952499747276306152e-01 2.228054255247116089e-01 4.084815084934234619e-01 7.589048743247985840e-01 5.157985091209411621e-01 3.902853131294250488e-01 4.632825553417205811e-01
2.687500119209289551e-01 6.104999780654907227e-01 4.147500097751617432e-01 2.887499928474426270e-01 8.177499771118164062e-01 2.337500005960464478e-01 2.925187945365905762e-01 6.543640494346618652e-01 4.564032554626464844e-01 4.047513902187347412e-01 7.382987141609191895e-01 3.445703089237213135e-01
3.424999862909317017e-02 4.754999876022338867e-01 7.697499990463256836e-01 2.577500045299530029e-01 8.107500076293945312e-01 5.792499780654907227e-01 2.373764663934707642e-02 5.859161019325256348e-01 8.304230570793151855e-01 3.701047003269195557e-01 7.476757764816284180e-01 4.863855540752410889e-01
3.617500066757202148e-01 1.958333402872085571e-01 1.767500042915344238e-01 4.187499880790710449e-01 8.402500152587890625e-01 6.582499742507934570e-01 3.307282030582427979e-01 3.223571181297302246e-01 2.210099995136260986e-01 5.693801045417785645e-01 7.934746146202087402e-01 5.891419053077697754e-01
8.697500228881835938e-01 5.304999947547912598e-01 9.707499742507934570e-01 6.927499771118164062e-01 5.352500081062316895e-01 5.874999985098838806e-02 9.451555609703063965e-01 3.800058662891387939e-01 7.863126397132873535e-01 6.922218203544616699e-01 5.486739277839660645e-01 4.446744322776794434e-01
8.177499771118164062e-01 5.158333182334899902e-01 9.177500009536743164e-01 6.962500214576721191e-01 9.737499952316284180e-01 9.702500104904174805e-01 7.864092588424682617e-01 4.013361632823944092e-01 6.662971973419189453e-01 7.750160098075866699e-01 9.406822323799133301e-01 5.630739927291870117e-01
