4.192500114440917969e-01 8.331666588783264160e-01 2.402500063180923462e-01 3.272500038146972656e-01 2.727499902248382568e-01 9.457499980926513672e-01 4.465142488479614258e-01 6.341904401779174805e-01 2.178345173597335815e-01 2.097477167844772339e-01 3.283185064792633057e-01 5.371971130371093750e-01
5.237500071525573730e-01 5.421666502952575684e-01 4.572499990463256836e-01 7.225000113248825073e-02 6.075000017881393433e-02 4.832499921321868896e-01 4.565419256687164307e-01 5.271252989768981934e-01 3.570230007171630859e-01 1.841206401586532593e-01 4.882419854402542114e-02 3.962291181087493896e-01
3.762499988079071045e-01 2.175000011920928955e-01 1.457500010728836060e-01 2.972500026226043701e-01 3.892500102519989014e-01 4.632500112056732178e-01 4.284591376781463623e-01 3.623427748680114746e-01 2.796264290809631348e-01 2.352080941200256348e-01 4.190743565559387207e-01 5.805808901786804199e-01
2.562499940395355225e-01 6.324999928474426270e-01 7.047500014305114746e-01 3.497500121593475342e-01 2.192499935626983643e-01 1.677500009536743164e-01 2.697637081146240234e-01 6.680837869644165039e-01 7.209973335266113281e-01 4.103602766990661621e-01 2.020277976989746094e-01 3.693426549434661865e-01
2.152500003576278687e-01 8.138333559036254883e-01 9.817500114440917969e-01 6.437500119209289551e-01 5.357499718666076660e-01 7.532500028610229492e-01 1.859489977359771729e-01 5.926234722137451172e-01 5.619302392005920410e-01 7.593246102333068848e-01 5.910983681678771973e-01 4.844280481338500977e-01
6.202499866485595703e-01 6.754999756813049316e-01 3.052499890327453613e-01 7.287499904632568359e-01 2.812500000000000000e-01 8.947499990463256836e-01 5.347429513931274414e-01 7.287629246711730957e-01 4.413160979747772217e-01 4.922759234905242920e-01 2.890123724937438965e-01 3.900484740734100342e-01
1.617500036954879761e-01 3.955000042915344238e-01 7.982500195503234863e-01 6.612499952316284180e-01 5.727499723434448242e-01 7.487499713897705078e-01 8.908687531948089600e-02 3.330612480640411377e-01 7.600330114364624023e-01 7.623412609100341797e-01 6.242157220840454102e-01 5.808767080307006836e-01
1.992499977350234985e-01 3.591666519641876221e-01 9.657499790191650391e-01 3.250000067055225372e-03 8.375000208616256714e-02 1.747500002384185791e-01 1.063806414604187012e-01 3.225132822990417480e-01 8.070501685142517090e-01 8.476909250020980835e-02 5.646033212542533875e-02 3.685946464538574219e-01
3.992500007152557373e-01 4.884999990463256836e-01 2.152500003576278687e-01 9.512500166893005371e-01 1.624999940395355225e-02 1.362500041723251343e-01 3.903282880783081055e-01 4.687619805335998535e-01 3.740730583667755127e-01 7.512220144271850586e-01 3.175035491585731506e-02 4.529687464237213135e-01
1.724999956786632538e-02 2.105000019073486328e-01 3.075000084936618805e-02 3.967500030994415283e-01 8.824999630451202393e-02 2.392500042915344238e-01 4.280689358711242676e-02 3.285462260246276855e-01 1.251894235610961914e-01 4.379759728908538818e-01 9.673491120338439941e-03 3.229075670242309570e-01
8.162500262260437012e-01 6.061666607856750488e-01 4.707500040531158447e-01 2.437500059604644775e-01 1.947499960660934448e-01 3.232499957084655762e-01 8.490369915962219238e-01 5.847077369689941406e-01 4.108160138130187988e-01 3.031849861145019531e-01 1.751196682453155518e-01 4.179293215274810791e-01
9.192500114440917969e-01 4.514999985694885254e-01 6.262500286102294922e-01 7.275000214576721191e-02 7.157499790191650391e-01 9.662500023841857910e-01 8.627730607986450195e-01 4.811414480209350586e-01 4.220219552516937256e-01 2.409530282020568848e-01 6.989772915840148926e-01 5.325297117233276367e-01
2.907499969005584717e-01 4.438333213329315186e-01 6.312500238418579102e-01 9.792500138282775879e-01 9.562500119209289551e-01 8.197500109672546387e-01 2.833165526390075684e-01 4.361530840396881104e-01 7.241274118423461914e-01 9.164977669715881348e-01 9.003583192825317383e-01 5.774544477462768555e-01
3.167499899864196777e-01 7.714999914169311523e-01 3.377499878406524658e-01 3.597500026226043701e-01 8.707500100135803223e-01 7.347499728202819824e-01 3.792317807674407959e-01 6.306566596031188965e-01 2.854229211807250977e-01 1.209398433566093445e-01 9.418423175811767578e-01 6.816205978393554688e-01
6.424999982118606567e-02 3.221666812896728516e-01 1.432500034570693970e-01 9.674999862909317017e-02 7.162500023841857910e-01 4.102500081062316895e-01 9.250914305448532104e-02 6.491824984550476074e-01 3.116284012794494629e-01 1.835826039314270020e-01 6.155342459678649902e-01 5.664224624633789062e-01
7.262499928474426270e-01 3.008333444595336914e-01 2.924999967217445374e-02 6.517500281333923340e-01 3.974999859929084778e-02 5.482500195503234863e-01 7.625766992568969727e-01 3.665997087955474854e-01 1.246399283409118652e-01 5.793063640594482422e-01 4.071707278490066528e-02 5.795809030532836914e-01
8.997499942779541016e-01 3.171666562557220459e-01 7.972499728202819824e-01 1.452499926090240479e-01 7.557500004768371582e-01 7.992500066757202148e-01 8.646926879882812500e-01 4.287865161895751953e-01 6.229843497276306152e-01 3.598829507827758789e-01 7.236211895942687988e-01 4.403601884841918945e-01
8.002499938011169434e-01 3.785000145435333252e-01 3.072499930858612061e-01 7.832499742507934570e-01 1.722500026226043701e-01 9.412500262260437012e-01 7.227239012718200684e-01 4.908445477485656738e-01 4.468227326869964600e-01 6.902588605880737305e-01 1.446688920259475708e-01 5.257498025894165039e-01
6.597499847412109375e-01 2.834999859333038330e-01 8.867499828338623047e-01 8.802499771118164062e-01 9.377499818801879883e-01 3.167499899864196777e-01 6.646917462348937988e-01 2.807555794715881348e-01 8.087835907936096191e-01 9.330940842628479004e-01 9.082750082015991211e-01 4.474821984767913818e-01
4.962500035762786865e-01 5.658333301544189453e-01 8.657500147819519043e-01 8.772500157356262207e-01 2.282499969005584717e-01 8.112499713897705078e-01 4.847208559513092041e-01 5.471928715705871582e-01 7.366205453872680664e-01 7.635429501533508301e-01 2.161916941404342651e-01 5.146829485893249512e-01
4.982500076293945312e-01 3.598333299160003662e-01 6.932500004768371582e-01 8.737499713897705078e-01 3.422499895095825195e-01 8.537499904632568359e-01 4.710552394390106201e-01 4.160237014293670654e-01 7.803034782409667969e-01 7.077401280403137207e-01 3.903495967388153076e-01 4.979808032512664795e-01
4.174999892711639404e-02 7.754999995231628418e-01 2.872500121593475342e-01 9.377499818801879883e-01 2.587499916553497314e-01 1.472499966621398926e-01 3.843732923269271851e-02 7.555191516876220703e-01 3.768950700759887695e-01 8.487831354141235352e-01 3.052536249160766602e-01 3.589521646499633789e-01
5.922499895095825195e-01 3.555000126361846924e-01 8.552500009536743164e-01 7.402499914169311523e-01 2.752499878406524658e-01 4.337500035762786865e-01 6.640398502349853516e-01 3.380323350429534912e-01 8.008702397346496582e-01 7.308349013328552246e-01 3.073264062404632568e-01 4.908813238143920898e-01
5.992500185966491699e-01 7.551666498184204102e-01 8.052499890327453613e-01 4.177500009536743164e-01 7.957500219345092773e-01 1.612499952316284180e-01 6.084338426589965820e-01 5.997788906097412109e-01 4.648970663547515869e-01 5.878904461860656738e-01 7.678648829460144043e-01 5.055316090583801270e-01
9.477499723434448242e-01 2.308333367109298706e-01 1.042499989271163940e-01 3.242500126361846924e-01 1.475000008940696716e-02 7.307500243186950684e-01 9.006429910659790039e-01 2.821280062198638916e-01 1.100170835852622986e-01 3.018326759338378906e-01 3.062685392796993256e-02 6.110606789588928223e-01
2.517499923706054688e-01 6.198333501815795898e-01 4.977500140666961670e-01 7.227500081062316895e-01 5.952500104904174805e-01 5.182499885559082031e-01 2.486597150564193726e-01 5.248041152954101562e-01 4.139990508556365967e-01 7.853721380233764648e-01 6.381756663322448730e-01 5.103151798248291016e-01
8.942499756813049316e-01 6.038333177566528320e-01 5.497499704360961914e-01 4.132499992847442627e-01 4.922499954700469971e-01 4.357500076293945312e-01 9.038971066474914551e-01 5.391201376914978027e-01 5.764327645301818848e-01 4.067728519439697266e-01 4.943864047527313232e-01 4.145688414573669434e-01
6.177499890327453613e-01 6.188333630561828613e-01 4.407500028610229492e-01 3.187499940395355225e-01 5.037500262260437012e-01 1.127500012516975403e-01 6.806590557098388672e-01 6.427699923515319824e-01 5.415428280830383301e-01 2.935416698455810547e-01 4.667081832885742188e-01 3.879551291465759277e-01
2.172500044107437134e-01 6.765000224113464355e-01 9.674999862909317017e-02 9.392499923706054688e-01 9.047499895095825195e-01 6.832500100135803223e-01 2.310586422681808472e-01 7.553279995918273926e-01 2.698165476322174072e-01 8.695675730705261230e-01 9.846857786178588867e-01 6.449847221374511719e-01
2.225000038743019104e-02 6.468333601951599121e-01 7.072499990463256836e-01 3.307499885559082031e-01 7.882500290870666504e-01 4.342499971389770508e-01 2.720446884632110596e-02 6.573552489280700684e-01 6.662577986717224121e-01 2.771467566490173340e-01 9.799354672431945801e-01 5.966624021530151367e-01
4.377500116825103760e-01 3.538333475589752197e-01 5.725000053644180298e-02 3.642500042915344238e-01 2.675000019371509552e-02 4.397499859333038330e-01 4.213029146194458008e-01 3.963621556758880615e-01 9.723655134439468384e-02 3.682661652565002441e-01 3.465515747666358948e-02 4.878991544246673584e-01
9.250000119209289551e-03 6.671666502952575684e-01 8.472499847412109375e-01 4.362500011920928955e-01 1.627500057220458984e-01 2.147500067949295044e-01 1.462726667523384094e-02 6.399134993553161621e-01 7.496708035469055176e-01 2.872663736343383789e-01 1.928426474332809448e-01 3.573879301548004150e-01
1.502500027418136597e-01 6.945000290870666504e-01 7.067499756813049316e-01 2.177499979734420776e-01 9.425000101327896118e-02 7.327499985694885254e-01 9.969402104616165161e-02 6.053987741470336914e-01 5.844342708587646484e-01 2.873269915580749512e-01 1.436391323804855347e-01 3.459915518760681152e-01
8.697500228881835938e-01 5.304999947547912598e-01 9.707499742507934570e-01 6.927499771118164062e-01 5.352500081062316895e-01 5.874999985098838806e-02 9.425656199455261230e-01 3.730308711528778076e-01 7.407185435295104980e-01 7.823156714439392090e-01 5.555238127708435059e-01 4.323072731494903564e-01
3.097499907016754150e-01 5.391666889190673828e-01 8.897500038146972656e-01 1.025000028312206268e-02 7.647500038146972656e-01 5.742499828338623047e-01 3.453897833824157715e-01 3.454692661762237549e-01 4.867943227291107178e-01 1.574997901916503906e-01 8.106043338775634766e-01 5.402311682701110840e-01
7.922499775886535645e-01 2.451666593551635742e-01 2.677499949932098389e-01 3.075000084936618805e-02 9.747499823570251465e-01 6.012499928474426270e-01 7.011942863464355469e-01 5.385724306106567383e-01 3.257121145725250244e-01 2.398432791233062744e-01 9.208397269248962402e-01 6.110128760337829590e-01
1.832499951124191284e-01 1.901666671037673950e-01 9.902499914169311523e-01 3.447499871253967285e-01 4.292500019073486328e-01 1.432500034570693970e-01 1.895792037248611450e-01 2.887167334556579590e-01 9.035254716873168945e-01 2.088735997676849365e-01 4.223304688930511475e-01 3.894777595996856689e-01
1.967500001192092896e-01 5.351666808128356934e-01 5.907499790191650391e-01 6.075000017881393433e-02 9.127500057220458984e-01 9.517499804496765137e-01 1.769729554653167725e-01 4.700142741203308105e-01 4.468193650245666504e-01 5.845124274492263794e-02 9.907552599906921387e-01 7.311009764671325684e-01
3.424999862909317017e-02 4.754999876022338867e-01 7.697499990463256836e-01 2.577500045299530029e-01 8.107500076293945312e-01 5.792499780654907227e-01 2.874203398823738098e-02 5.292578339576721191e-01 8.061354756355285645e-01 3.250854313373565674e-01 7.585109472274780273e-01 5.170809030532836914e-01
9.327499866485595703e-01 1.961666643619537354e-01 5.502499938011169434e-01 5.617499947547912598e-01 1.867499947547912598e-01 6.222500205039978027e-01 9.116734266281127930e-01 3.096734285354614258e-01 6.667957305908203125e-01 7.361890673637390137e-01 1.390168219804763794e-01 5.078589320182800293e-01
2.522499859333038330e-01 2.831666767597198486e-01 6.997500061988830566e-01 4.477500021457672119e-01 3.902499973773956299e-01 6.952499747276306152e-01 2.045735716819763184e-01 4.318203628063201904e-01 8.093140125274658203e-01 4.708087742328643799e-01 3.727406859397888184e-01 4.844231307506561279e-01
6.677500009536743164e-01 6.388333439826965332e-01 2.257499992847442627e-01 1.757500022649765015e-01 1.952500045299530029e-01 1.592500060796737671e-01 7.141495943069458008e-01 7.004035711288452148e-01 2.896649539470672607e-01 2.206557840108871460e-01 2.089177221059799194e-01 3.748143017292022705e-01
9.992499947547912598e-01 2.108333259820938110e-01 4.542500078678131104e-01 9.667500257492065430e-01 7.722499966621398926e-01 5.147500038146972656e-01 8.990135192871093750e-01 3.276042044162750244e-01 7.421352267265319824e-01 8.346977233886718750e-01 7.443094849586486816e-01 4.217773377895355225e-01
5.707499980926513672e-01 2.768333256244659424e-01 2.472500056028366089e-01 4.202499985694885254e-01 6.162499785423278809e-01 5.925000086426734924e-02 5.530826449394226074e-01 5.633186101913452148e-01 6.200028657913208008e-01 4.033109843730926514e-01 5.345928072929382324e-01 4.351976215839385986e-01
9.547500014305114746e-01 3.425000011920928955e-01 2.362499982118606567e-01 2.532500028610229492e-01 3.957499861717224121e-01 3.624999895691871643e-02 9.131487607955932617e-01 5.386150479316711426e-01 4.866274297237396240e-01 2.816485464572906494e-01 3.979025483131408691e-01 4.153509438037872314e-01
7.137500047683715820e-01 4.058333337306976318e-01 9.047499895095825195e-01 5.977500081062316895e-01 2.067500054836273193e-01 6.487500071525573730e-01 8.062707185745239258e-01 2.837002575397491455e-01 7.791715860366821289e-01 6.398755311965942383e-01 1.991753727197647095e-01 4.807290136814117432e-01
1.775000058114528656e-02 2.228333353996276855e-01 6.617500185966491699e-01 5.175000056624412537e-02 1.687500029802322388e-01 7.302500009536743164e-01 2.808809047564864159e-03 2.299355417490005493e-01 8.617927432060241699e-01 1.381242871284484863e-01 4.620507732033729553e-02 5.166772007942199707e-01
9.422500133514404297e-01 5.985000133514404297e-01 2.437500059604644775e-01 3.787499964237213135e-01 7.767500281333923340e-01 7.297499775886535645e-01 8.120295405387878418e-01 5.158189535140991211e-01 2.021930515766143799e-01 3.701043128967285156e-01 7.731797695159912109e-01 6.410334706306457520e-01
3.617500066757202148e-01 1.958333402872085571e-01 1.767500042915344238e-01 4.187499880790710449e-01 8.402500152587890625e-01 6.582499742507934570e-01 3.290744125843048096e-01 2.946044802665710449e-01 2.752455770969390869e-01 4.829353392124176025e-01 8.006804585456848145e-01 6.004187464714050293e-01
7.037500143051147461e-01 2.081666737794876099e-01 5.124999955296516418e-02 8.377500176429748535e-01 9.057499766349792480e-01 5.697500109672546387e-01 6.517992615699768066e-01 2.712884843349456787e-01 4.304175972938537598e-01 6.174076795578002930e-01 8.681823611259460449e-01 4.764029085636138916e-01
6.132500171661376953e-01 4.048333466053009033e-01 4.632500112056732178e-01 7.622500061988830566e-01 1.612499952316284180e-01 7.892500162124633789e-01 6.280547976493835449e-01 5.417595505714416504e-01 5.320014357566833496e-01 6.493699550628662109e-01 1.158461868762969971e-01 4.859359860420227051e-01
3.557499945163726807e-01 4.548333287239074707e-01 2.712500095367431641e-01 3.907499909400939941e-01 8.172500133514404297e-01 9.425000101327896118e-02 4.734097719192504883e-01 4.851652979850769043e-01 3.395745158195495605e-01 3.324060440063476562e-01 7.757712006568908691e-01 5.817006826400756836e-01
3.857499957084655762e-01 8.264999985694885254e-01 8.447499871253967285e-01 1.167500019073486328e-01 1.217499971389770508e-01 5.342500209808349609e-01 3.773995637893676758e-01 6.481637358665466309e-01 5.301751494407653809e-01 3.239483237266540527e-01 1.504554450511932373e-01 3.671912848949432373e-01
7.925000041723251343e-02 4.868333339691162109e-01 4.742499887943267822e-01 2.274999953806400299e-02 9.662500023841857910e-01 8.462499976158142090e-01 7.559077441692352295e-02 5.982844829559326172e-01 6.298829317092895508e-01 5.218680575489997864e-02 9.966744184494018555e-01 6.352350115776062012e-01
9.242500066757202148e-01 5.005000233650207520e-01 6.162499785423278809e-01 5.257499814033508301e-01 7.982500195503234863e-01 2.792499959468841553e-01 9.024609923362731934e-01 3.260215520858764648e-01 6.847618818283081055e-01 5.116810202598571777e-01 8.003833889961242676e-01 3.986067175865173340e-01
8.425000309944152832e-02 3.655000030994415283e-01 1.875000074505805969e-02 4.672499895095825195e-01 2.232500016689300537e-01 3.777500092983245850e-01 1.015044972300529480e-01 4.798619151115417480e-01 8.635874092578887939e-02 5.487335324287414551e-01 1.436813175678253174e-01 5.650938153266906738e-01
5.857499837875366211e-01 5.264999866485595703e-01 9.624999761581420898e-02 1.667499989271163940e-01 6.437500119209289551e-01 8.047500252723693848e-01 5.434493422508239746e-01 4.481949210166931152e-01 2.997602522373199463e-01 1.339196562767028809e-01 6.809751987457275391e-01 6.120716929435729980e-01
1.492500007152557373e-01 5.341666936874389648e-01 2.392500042915344238e-01 5.562499761581420898e-01 3.927499949932098389e-01 8.967499732971191406e-01 1.371259838342666626e-01 5.327526926994323730e-01 1.097448095679283142e-01 3.246187567710876465e-01 3.496755659580230713e-01 6.302973031997680664e-01
6.872500181198120117e-01 1.895000040531158447e-01 7.222499847412109375e-01 8.382499814033508301e-01 9.427499771118164062e-01 2.312500029802322388e-01 7.516267299652099609e-01 3.278523087501525879e-01 7.794746756553649902e-01 7.419927120208740234e-01 8.607766032218933105e-01 3.918579816818237305e-01
5.147500038146972656e-01 7.461666464805603027e-01 4.427500069141387939e-01 2.087499946355819702e-01 4.997499883174896240e-01 3.462499976158142090e-01 5.118122100830078125e-01 7.087402343750000000e-01 4.508049786090850830e-01 3.317266702651977539e-01 4.793953895568847656e-01 3.885534703731536865e-01
1.782499998807907104e-01 5.178333520889282227e-01 6.672499775886535645e-01 5.974999815225601196e-02 6.962500214576721191e-01 1.482499986886978149e-01 2.292367815971374512e-01 4.644184410572052002e-01 6.516590118408203125e-01 1.681632995605468750e-01 7.145250439643859863e-01 4.589565694332122803e-01
2.687500119209289551e-01 6.104999780654907227e-01 4.147500097751617432e-01 2.887499928474426270e-01 8.177499771118164062e-01 2.337500005960464478e-01 3.184809684753417969e-01 6.811148524284362793e-01 5.125865340232849121e-01 3.737189173698425293e-01 7.654526829719543457e-01 4.298586845397949219e-01
3.957499861717224121e-01 2.851666808128356934e-01 4.972499907016754150e-01 6.037499904632568359e-01 7.942500114440917969e-01 1.222499981522560120e-01 4.715806245803833008e-01 3.935633003711700439e-01 5.844748616218566895e-01 7.063583135604858398e-01 7.875819802284240723e-01 4.756315946578979492e-01
1.117499992251396179e-01 3.808333277702331543e-01 1.052500009536743164e-01 5.272499918937683105e-01 7.074999809265136719e-02 1.727499961853027344e-01 1.482320427894592285e-01 4.881736338138580322e-01 3.104747831821441650e-01 5.031794309616088867e-01 3.522695228457450867e-02 3.503419756889343262e-01
8.577499985694885254e-01 2.168333381414413452e-01 2.547500133514404297e-01 3.422499895095825195e-01 2.307499945163726807e-01 5.277500152587890625e-01 8.051708340644836426e-01 2.975589036941528320e-01 4.829294979572296143e-01 2.915521264076232910e-01 2.442231774330139160e-01 5.168671607971191406e-01
8.177499771118164062e-01 5.158333182334899902e-01 9.177500009536743164e-01 6.962500214576721191e-01 9.737499952316284180e-01 9.702500104904174805e-01 7.598358988761901855e-01 4.603072404861450195e-01 6.758114695549011230e-01 7.540091872215270996e-01 9.242358803749084473e-01 5.202615261077880859e-01
8.474999666213989258e-02 4.178333282470703125e-01 2.502500116825103760e-01 3.462499976158142090e-01 1.792500019073486328e-01 7.874999940395355225e-02 9.165403246879577637e-02 6.387745738029479980e-01 6.378880739212036133e-01 3.320057094097137451e-01 1.233218684792518616e-01 3.344713449478149414e-01
3.567500114440917969e-01 3.388333320617675781e-01 5.867499709129333496e-01 6.472499966621398926e-01 5.577499866485595703e-01 3.337500095367431641e-01 3.789027035236358643e-01 3.549942672252655029e-01 7.111944556236267090e-01 5.831820368766784668e-01 5.969312787055969238e-01 4.654155969619750977e-01
2.087499946355819702e-01 8.308333158493041992e-01 8.952500224113464355e-01 2.347500026226043701e-01 1.957499980926513672e-01 4.662500023841857910e-01 2.084687650203704834e-01 6.635224819183349609e-01 6.798071265220642090e-01 3.287447094917297363e-01 2.368918061256408691e-01 3.576388955116271973e-01
3.842499852180480957e-01 7.928333282470703125e-01 6.317499876022338867e-01 7.692499756813049316e-01 8.192499876022338867e-01 7.407500147819519043e-01 4.335158467292785645e-01 6.219702363014221191e-01 4.904198646545410156e-01 6.436776518821716309e-01 8.283077478408813477e-01 5.032239556312561035e-01
6.227499842643737793e-01 5.504999756813049316e-01 9.182500243186950684e-01 2.882499992847442627e-01 4.312500059604644775e-01 7.077500224113464355e-01 5.742014050483703613e-01 3.682538568973541260e-01 8.370987772941589355e-01 2.917221188545227051e-01 4.752148091793060303e-01 3.958167731761932373e-01
9.942499995231628418e-01 2.911666631698608398e-01 8.725000172853469849e-02 9.897500276565551758e-01 3.057500123977661133e-01 6.042500138282775879e-01 9.159886837005615234e-01 4.047298431396484375e-01 3.200702667236328125e-01 7.169799208641052246e-01 3.620650470256805420e-01 5.826961398124694824e-01
9.197499752044677734e-01 7.251666784286499023e-01 5.852500200271606445e-01 9.272500276565551758e-01 1.032499969005584717e-01 7.707499861717224121e-01 9.204041957855224609e-01 4.441866874694824219e-01 3.743809163570404053e-01 9.001674056053161621e-01 9.871818125247955322e-02 5.824190378189086914e-01
1.197500005364418030e-01 7.655000090599060059e-01 3.937500119209289551e-01 4.627499878406524658e-01 2.425000071525573730e-02 7.352499961853027344e-01 8.621092140674591064e-02 5.542256236076354980e-01 1.711835563182830811e-01 2.840328216552734375e-01 1.260507851839065552e-01 4.783509969711303711e-01
5.967500209808349609e-01 5.328333377838134766e-01 5.092499852180480957e-01 5.947499871253967285e-01 3.992500007152557373e-01 3.677499890327453613e-01 7.193483710289001465e-01 5.927388668060302734e-01 5.584298968315124512e-01 4.623075723648071289e-01 3.953012228012084961e-01 4.302031993865966797e-01
