1.502500027418136597e-01 6.945000290870666504e-01 7.067499756813049316e-01 2.177499979734420776e-01 9.425000101327896118e-02 7.327499985694885254e-01 1.226236894726753235e-01 5.506502389907836914e-01 4.947273135185241699e-01 2.802777886390686035e-01 1.387211978435516357e-01 3.501669466495513916e-01
5.432500243186950684e-01 4.318333268165588379e-01 2.807500064373016357e-01 1.127500012516975403e-01 6.707500219345092773e-01 2.037499994039535522e-01 5.485985875129699707e-01 4.879195094108581543e-01 3.974043726921081543e-01 1.758751422166824341e-01 6.839359402656555176e-01 3.762494921684265137e-01
9.812499880790710449e-01 5.708333253860473633e-01 7.732499837875366211e-01 2.982499897480010986e-01 1.337500065565109253e-01 6.247500181198120117e-01 9.170064330101013184e-01 4.472989737987518311e-01 6.543378829956054688e-01 3.879504799842834473e-01 1.648682206869125366e-01 3.716626167297363281e-01
2.742500007152557373e-01 2.431666702032089233e-01 6.825000047683715820e-02 1.872500032186508179e-01 7.892500162124633789e-01 7.912499904632568359e-01 2.811204791069030762e-01 4.819324612617492676e-01 2.364415675401687622e-01 1.452050954103469849e-01 7.257144451141357422e-01 7.063590288162231445e-01
1.117499992251396179e-01 3.808333277702331543e-01 1.052500009536743164e-01 5.272499918937683105e-01 7.074999809265136719e-02 1.727499961853027344e-01 1.255310177803039551e-01 3.930861651897430420e-01 1.830751001834869385e-01 4.930633008480072021e-01 3.593087568879127502e-02 2.395570129156112671e-01
3.872500061988830566e-01 4.365000128746032715e-01 9.387500286102294922e-01 8.342499732971191406e-01 6.622499823570251465e-01 1.447499990463256836e-01 3.572259843349456787e-01 3.068796992301940918e-01 8.393896222114562988e-01 7.413425445556640625e-01 6.706359386444091797e-01 3.234608173370361328e-01
8.777499794960021973e-01 4.665000140666961670e-01 8.137500286102294922e-01 7.487499713897705078e-01 5.057500004768371582e-01 6.837499737739562988e-01 8.834835290908813477e-01 3.773508071899414062e-01 7.375203371047973633e-01 6.709633469581604004e-01 5.477104187011718750e-01 4.096532762050628662e-01
9.250000119209289551e-03 6.671666502952575684e-01 8.472499847412109375e-01 4.362500011920928955e-01 1.627500057220458984e-01 2.147500067949295044e-01 1.845802180469036102e-02 6.324203014373779297e-01 7.282631397247314453e-01 4.101661443710327148e-01 1.930187493562698364e-01 2.178279459476470947e-01
1.612499952316284180e-01 5.575000047683715820e-01 7.357500195503234863e-01 9.762499928474426270e-01 4.097500145435333252e-01 1.532499939203262329e-01 1.517858803272247314e-01 5.495744943618774414e-01 6.955959796905517578e-01 9.328211545944213867e-01 3.915787637233734131e-01 2.909118235111236572e-01
8.477500081062316895e-01 6.428333520889282227e-01 2.902500033378601074e-01 9.562500119209289551e-01 7.402499914169311523e-01 1.697500050067901611e-01 7.719091176986694336e-01 6.467452645301818848e-01 2.472310215234756470e-01 9.197155833244323730e-01 6.989632248878479004e-01 2.551281452178955078e-01
9.477499723434448242e-01 2.308333367109298706e-01 1.042499989271163940e-01 3.242500126361846924e-01 1.475000008940696716e-02 7.307500243186950684e-01 8.916767835617065430e-01 3.115044832229614258e-01 1.851700246334075928e-01 2.176223397254943848e-01 4.575390741229057312e-02 4.538230001926422119e-01
3.992500007152557373e-01 4.884999990463256836e-01 2.152500003576278687e-01 9.512500166893005371e-01 1.624999940395355225e-02 1.362500041723251343e-01 2.959436178207397461e-01 4.469776451587677002e-01 3.170397579669952393e-01 7.317927479743957520e-01 3.820763155817985535e-02 2.639473974704742432e-01
1.062500029802322388e-01 4.724999964237213135e-01 6.117500066757202148e-01 7.057499885559082031e-01 7.172499895095825195e-01 2.262499928474426270e-01 1.507683992385864258e-01 5.069878697395324707e-01 6.984361410140991211e-01 7.490759491920471191e-01 6.380237936973571777e-01 6.184589862823486328e-01
6.177499890327453613e-01 6.188333630561828613e-01 4.407500028610229492e-01 3.187499940395355225e-01 5.037500262260437012e-01 1.127500012516975403e-01 6.528213620185852051e-01 6.104318499565124512e-01 4.594098031520843506e-01 2.171489000320434570e-01 4.599597454071044922e-01 2.427158951759338379e-01
9.322500228881835938e-01 6.085000038146972656e-01 8.602499961853027344e-01 9.147499799728393555e-01 2.832500040531158447e-01 8.952500224113464355e-01 9.352930784225463867e-01 4.890712499618530273e-01 7.416245937347412109e-01 7.675283551216125488e-01 3.216025531291961670e-01 4.899303913116455078e-01
8.942499756813049316e-01 6.038333177566528320e-01 5.497499704360961914e-01 4.132499992847442627e-01 4.922499954700469971e-01 4.357500076293945312e-01 9.147529006004333496e-01 5.252179503440856934e-01 5.756576061248779297e-01 2.640768885612487793e-01 4.604160785675048828e-01 2.176748067140579224e-01
4.324999824166297913e-02 3.465000092983245850e-01 9.724999964237213135e-02 9.907500147819519043e-01 2.837499976158142090e-01 4.697499871253967285e-01 3.813119977712631226e-02 3.912656903266906738e-01 8.700000494718551636e-02 8.560683727264404297e-01 2.547613382339477539e-01 5.336517691612243652e-01
9.197499752044677734e-01 7.251666784286499023e-01 5.852500200271606445e-01 9.272500276565551758e-01 1.032499969005584717e-01 7.707499861717224121e-01 8.722159862518310547e-01 6.098339557647705078e-01 6.982617974281311035e-01 7.389323711395263672e-01 1.007550358772277832e-01 4.470436573028564453e-01
2.542499899864196777e-01 5.245000123977661133e-01 5.952500104904174805e-01 8.477500081062316895e-01 5.725000053644180298e-02 4.232499897480010986e-01 2.121074497699737549e-01 4.434132874011993408e-01 5.642247796058654785e-01 8.086277246475219727e-01 5.785220861434936523e-02 3.012083172798156738e-01
7.552499771118164062e-01 8.301666378974914551e-01 2.422499954700469971e-01 5.624999850988388062e-02 4.752500057220458984e-01 4.487499892711639404e-01 7.356085777282714844e-01 5.372268557548522949e-01 2.067729383707046509e-01 1.177864149212837219e-01 4.834715127944946289e-01 4.887948930263519287e-01
3.182500004768371582e-01 1.988333314657211304e-01 7.272499799728393555e-01 1.267500072717666626e-01 9.882500171661376953e-01 7.675000280141830444e-02 3.351863324642181396e-01 2.829276025295257568e-01 7.764796018600463867e-01 3.262991309165954590e-01 9.064702391624450684e-01 3.936716616153717041e-01
7.922499775886535645e-01 2.451666593551635742e-01 2.677499949932098389e-01 3.075000084936618805e-02 9.747499823570251465e-01 6.012499928474426270e-01 8.032242059707641602e-01 5.121719837188720703e-01 3.392990827560424805e-01 1.760710328817367554e-01 9.278712868690490723e-01 5.010054707527160645e-01
9.952499866485595703e-01 6.638333201408386230e-01 9.117500185966491699e-01 1.942500025033950806e-01 2.500000118743628263e-04 1.842499971389770508e-01 9.046686887741088867e-01 6.002340316772460938e-01 6.560037732124328613e-01 4.224959313869476318e-01 4.250398650765419006e-02 2.871204614639282227e-01
2.517499923706054688e-01 6.198333501815795898e-01 4.977500140666961670e-01 7.227500081062316895e-01 5.952500104904174805e-01 5.182499885559082031e-01 2.841311395168304443e-01 5.219014286994934082e-01 4.529592692852020264e-01 7.328914403915405273e-01 5.854994654655456543e-01 5.905447006225585938e-01
5.652499794960021973e-01 6.051666736602783203e-01 2.692500054836273193e-01 4.037500023841857910e-01 1.512500047683715820e-01 5.232499837875366211e-01 4.733281433582305908e-01 6.464838981628417969e-01 3.463612794876098633e-01 3.457105159759521484e-01 1.371356397867202759e-01 3.893086910247802734e-01
8.012499809265136719e-01 2.465000003576278687e-01 1.237500011920928955e-01 8.877500295639038086e-01 9.302499890327453613e-01 4.457499980926513672e-01 6.283475160598754883e-01 5.192411541938781738e-01 3.829691708087921143e-01 9.010775685310363770e-01 8.644688129425048828e-01 4.109638035297393799e-01
6.872500181198120117e-01 1.895000040531158447e-01 7.222499847412109375e-01 8.382499814033508301e-01 9.427499771118164062e-01 2.312500029802322388e-01 7.259648442268371582e-01 2.500251829624176025e-01 7.631642222404479980e-01 7.427068948745727539e-01 8.876786828041076660e-01 3.608810007572174072e-01
5.922499895095825195e-01 3.555000126361846924e-01 8.552500009536743164e-01 7.402499914169311523e-01 2.752499878406524658e-01 4.337500035762786865e-01 6.368487477302551270e-01 3.632016181945800781e-01 7.744022011756896973e-01 6.486246585845947266e-01 3.141195476055145264e-01 5.241709351539611816e-01
8.577499985694885254e-01 2.168333381414413452e-01 2.547500133514404297e-01 3.422499895095825195e-01 2.307499945163726807e-01 5.277500152587890625e-01 7.749261260032653809e-01 3.106963038444519043e-01 4.443090856075286865e-01 3.346561789512634277e-01 2.640262246131896973e-01 4.790897071361541748e-01
7.137500047683715820e-01 4.058333337306976318e-01 9.047499895095825195e-01 5.977500081062316895e-01 2.067500054836273193e-01 6.487500071525573730e-01 7.825704813003540039e-01 3.702027201652526855e-01 7.795283198356628418e-01 4.743909537792205811e-01 2.248587906360626221e-01 4.714786112308502197e-01
5.137500166893005371e-01 6.348333358764648438e-01 5.807499885559082031e-01 9.202499985694885254e-01 1.557500064373016357e-01 5.582500100135803223e-01 4.925301373004913330e-01 4.855057895183563232e-01 5.963516831398010254e-01 7.486696839332580566e-01 1.917802244424819946e-01 5.407704710960388184e-01
6.557499766349792480e-01 3.031666576862335205e-01 8.272500038146972656e-01 2.447499930858612061e-01 3.577499985694885254e-01 2.302500009536743164e-01 6.010627150535583496e-01 4.343897402286529541e-01 7.866363525390625000e-01 3.012199997901916504e-01 3.592968285083770752e-01 2.882965803146362305e-01
3.557499945163726807e-01 4.548333287239074707e-01 2.712500095367431641e-01 3.907499909400939941e-01 8.172500133514404297e-01 9.425000101327896118e-02 4.624753892421722412e-01 4.623577892780303955e-01 3.574510216712951660e-01 3.455044627189636230e-01 7.486557960510253906e-01 5.389578938484191895e-01
5.452499985694885254e-01 3.055000007152557373e-01 9.522500038146972656e-01 7.967500090599060059e-01 7.602499723434448242e-01 7.032499909400939941e-01 5.165484547615051270e-01 2.716163098812103271e-01 7.769222259521484375e-01 8.694304227828979492e-01 7.960779666900634766e-01 3.778334558010101318e-01
5.967500209808349609e-01 5.328333377838134766e-01 5.092499852180480957e-01 5.947499871253967285e-01 3.992500007152557373e-01 3.677499890327453613e-01 6.686615347862243652e-01 5.739945769309997559e-01 5.106303095817565918e-01 3.906211555004119873e-01 4.200436770915985107e-01 3.636125326156616211e-01
2.225000038743019104e-02 6.468333601951599121e-01 7.072499990463256836e-01 3.307499885559082031e-01 7.882500290870666504e-01 4.342499971389770508e-01 1.641065999865531921e-02 6.442694067955017090e-01 6.885447502136230469e-01 4.602804780006408691e-01 9.599200487136840820e-01 4.277795553207397461e-01
4.147500097751617432e-01 2.754999995231628418e-01 9.357500076293945312e-01 5.447499752044677734e-01 4.547500014305114746e-01 2.727499902248382568e-01 4.037853777408599854e-01 2.596679925918579102e-01 8.992713093757629395e-01 4.730518758296966553e-01 4.933099746704101562e-01 2.932646274566650391e-01
3.097499907016754150e-01 5.391666889190673828e-01 8.897500038146972656e-01 1.025000028312206268e-02 7.647500038146972656e-01 5.742499828338623047e-01 3.542637228965759277e-01 3.486777245998382568e-01 5.537910461425781250e-01 1.605233699083328247e-01 8.112387061119079590e-01 6.292579174041748047e-01
1.992499977350234985e-01 3.591666519641876221e-01 9.657499790191650391e-01 3.250000067055225372e-03 8.375000208616256714e-02 1.747500002384185791e-01 2.237561643123626709e-01 3.526567816734313965e-01 7.855743765830993652e-01 4.334606975317001343e-02 6.119520962238311768e-02 3.690082430839538574e-01
7.657499909400939941e-01 6.545000076293945312e-01 7.587500214576721191e-01 7.607499957084655762e-01 2.025000005960464478e-02 8.997499942779541016e-01 7.819973826408386230e-01 4.649291634559631348e-01 7.139118313789367676e-01 4.946436285972595215e-01 7.414457947015762329e-02 5.635831952095031738e-01
4.962500035762786865e-01 5.658333301544189453e-01 8.657500147819519043e-01 8.772500157356262207e-01 2.282499969005584717e-01 8.112499713897705078e-01 4.256317615509033203e-01 5.317888259887695312e-01 6.938074231147766113e-01 8.562082648277282715e-01 2.166583240032196045e-01 4.276138246059417725e-01
7.262499928474426270e-01 3.008333444595336914e-01 2.924999967217445374e-02 6.517500281333923340e-01 3.974999859929084778e-02 5.482500195503234863e-01 7.006489634513854980e-01 3.501611948013305664e-01 1.588747501373291016e-01 4.380506277084350586e-01 5.144229531288146973e-02 5.147591829299926758e-01
6.422500014305114746e-01 5.651666522026062012e-01 7.967500090599060059e-01 4.024999961256980896e-02 5.324999988079071045e-02 3.187499940395355225e-01 6.677898764610290527e-01 4.272054135799407959e-01 6.709058284759521484e-01 7.418292015790939331e-02 7.146901637315750122e-02 3.739165961742401123e-01
3.842499852180480957e-01 7.928333282470703125e-01 6.317499876022338867e-01 7.692499756813049316e-01 8.192499876022338867e-01 7.407500147819519043e-01 3.773542642593383789e-01 6.117734909057617188e-01 4.861914813518524170e-01 6.684741377830505371e-01 8.194825053215026855e-01 3.744881451129913330e-01
7.737500071525573730e-01 4.474999904632568359e-01 6.207500100135803223e-01 8.602499961853027344e-01 5.787500143051147461e-01 4.107500016689300537e-01 7.238088250160217285e-01 5.190203785896301270e-01 5.388059616088867188e-01 8.998814821243286133e-01 5.741047263145446777e-01 4.169323146343231201e-01
3.857499957084655762e-01 8.264999985694885254e-01 8.447499871253967285e-01 1.167500019073486328e-01 1.217499971389770508e-01 5.342500209808349609e-01 3.861393630504608154e-01 6.204512119293212891e-01 5.560464262962341309e-01 1.887252181768417358e-01 1.545256823301315308e-01 3.329924643039703369e-01
1.617500036954879761e-01 3.955000042915344238e-01 7.982500195503234863e-01 6.612499952316284180e-01 5.727499723434448242e-01 7.487499713897705078e-01 1.599075794219970703e-01 4.087002277374267578e-01 7.024309635162353516e-01 7.630994915962219238e-01 5.292311310768127441e-01 6.612987518310546875e-01
3.617500066757202148e-01 1.958333402872085571e-01 1.767500042915344238e-01 4.187499880790710449e-01 8.402500152587890625e-01 6.582499742507934570e-01 3.642246723175048828e-01 2.952457070350646973e-01 1.871296912431716919e-01 5.584501624107360840e-01 8.283563256263732910e-01 5.679131150245666504e-01
5.802500247955322266e-01 2.501666545867919922e-01 4.724999889731407166e-02 3.677499890327453613e-01 6.427500247955322266e-01 2.027499973773956299e-01 6.183504462242126465e-01 4.412549436092376709e-01 3.554648458957672119e-01 2.240141034126281738e-01 6.496058106422424316e-01 4.625921845436096191e-01
7.222499847412109375e-01 1.968333274126052856e-01 7.652500271797180176e-01 6.532499790191650391e-01 3.502500057220458984e-01 9.597499966621398926e-01 7.690451741218566895e-01 3.441737890243530273e-01 7.346005439758300781e-01 4.929620027542114258e-01 3.838670849800109863e-01 4.143940210342407227e-01
7.925000041723251343e-02 4.868333339691162109e-01 4.742499887943267822e-01 2.274999953806400299e-02 9.662500023841857910e-01 8.462499976158142090e-01 4.341807216405868530e-02 5.712876319885253906e-01 4.421012699604034424e-01 1.138451248407363892e-01 9.921249747276306152e-01 9.152447581291198730e-01
9.392499923706054688e-01 3.638333380222320557e-01 9.022499918937683105e-01 4.647499918937683105e-01 7.072499990463256836e-01 7.712500095367431641e-01 9.149844050407409668e-01 4.130164980888366699e-01 7.389238476753234863e-01 5.650977492332458496e-01 7.031208276748657227e-01 4.967503249645233154e-01
1.492500007152557373e-01 5.341666936874389648e-01 2.392500042915344238e-01 5.562499761581420898e-01 3.927499949932098389e-01 8.967499732971191406e-01 1.701277047395706177e-01 4.634949564933776855e-01 1.158742532134056091e-01 3.983420133590698242e-01 3.784421384334564209e-01 6.914370656013488770e-01
9.022499918937683105e-01 2.164999991655349731e-01 8.612499833106994629e-01 5.582500100135803223e-01 6.122499704360961914e-01 6.552500128746032715e-01 7.980481386184692383e-01 3.058807849884033203e-01 8.492442369461059570e-01 7.009174227714538574e-01 5.924830436706542969e-01 3.595483899116516113e-01
4.162499904632568359e-01 3.471666574478149414e-01 4.787499904632568359e-01 3.037500083446502686e-01 8.972499966621398926e-01 8.075000345706939697e-02 3.905594348907470703e-01 4.941135942935943604e-01 5.886107087135314941e-01 3.513132035732269287e-01 7.787797451019287109e-01 2.222880870103836060e-01
2.152500003576278687e-01 8.138333559036254883e-01 9.817500114440917969e-01 6.437500119209289551e-01 5.357499718666076660e-01 7.532500028610229492e-01 2.023058086633682251e-01 5.909072756767272949e-01 6.198623776435852051e-01 7.742349505424499512e-01 5.265372395515441895e-01 5.601557493209838867e-01
1.152499988675117493e-01 6.201666593551635742e-01 2.342499941587448120e-01 6.475000083446502686e-02 4.577499926090240479e-01 2.692500054836273193e-01 1.519843339920043945e-01 6.038107275962829590e-01 2.298342734575271606e-01 1.885671168565750122e-01 4.729982614517211914e-01 4.370537102222442627e-01
8.332499861717224121e-01 3.888333439826965332e-01 5.274999886751174927e-02 4.912500083446502686e-01 2.452500015497207642e-01 1.102500036358833313e-01 8.521016240119934082e-01 5.236322283744812012e-01 4.492320120334625244e-01 2.271802425384521484e-01 2.852864563465118408e-01 2.371679097414016724e-01
4.377500116825103760e-01 3.538333475589752197e-01 5.725000053644180298e-02 3.642500042915344238e-01 2.675000019371509552e-02 4.397499859333038330e-01 4.313681721687316895e-01 3.250842392444610596e-01 8.808321505784988403e-02 2.824622392654418945e-01 4.048507660627365112e-02 5.127608180046081543e-01
9.112499952316284180e-01 2.748333215713500977e-01 8.147500157356262207e-01 7.077500224113464355e-01 8.597499728202819824e-01 8.862500190734863281e-01 8.980942368507385254e-01 3.831273615360260010e-01 7.247889041900634766e-01 7.678083777427673340e-01 8.455016016960144043e-01 6.315187811851501465e-01
6.597499847412109375e-01 2.834999859333038330e-01 8.867499828338623047e-01 8.802499771118164062e-01 9.377499818801879883e-01 3.167499899864196777e-01 6.666461229324340820e-01 2.155705243349075317e-01 7.553310990333557129e-01 9.303843975067138672e-01 9.498234391212463379e-01 3.981437385082244873e-01
1.724999956786632538e-02 2.105000019073486328e-01 3.075000084936618805e-02 3.967500030994415283e-01 8.824999630451202393e-02 2.392500042915344238e-01 4.194284230470657349e-02 2.526795268058776855e-01 6.737961620092391968e-02 3.296740353107452393e-01 1.077286805957555771e-02 3.015755712985992432e-01
3.424999862909317017e-02 4.754999876022338867e-01 7.697499990463256836e-01 2.577500045299530029e-01 8.107500076293945312e-01 5.792499780654907227e-01 4.127378761768341064e-02 5.450757145881652832e-01 8.152159452438354492e-01 3.721186518669128418e-01 7.616797685623168945e-01 3.887308835983276367e-01
4.032500088214874268e-01 2.255000025033950806e-01 6.592500209808349609e-01 9.312499761581420898e-01 5.867499709129333496e-01 9.574999660253524780e-02 4.158861041069030762e-01 3.330041766166687012e-01 8.123429417610168457e-01 8.546608090400695801e-01 5.953696370124816895e-01 4.059426784515380859e-01
5.397499799728393555e-01 4.061666727066040039e-01 6.297500133514404297e-01 3.267500102519989014e-01 3.487499952316284180e-01 5.725000053644180298e-02 5.038565993309020996e-01 3.779820799827575684e-01 8.131162524223327637e-01 2.114967256784439087e-01 3.460724651813507080e-01 2.892119288444519043e-01
5.147500038146972656e-01 7.461666464805603027e-01 4.427500069141387939e-01 2.087499946355819702e-01 4.997499883174896240e-01 3.462499976158142090e-01 4.891228079795837402e-01 6.818206310272216797e-01 3.403868675231933594e-01 2.904684841632843018e-01 4.772095978260040283e-01 2.467055320739746094e-01
6.697499752044677734e-01 2.458333373069763184e-01 1.750000054016709328e-03 1.677500009536743164e-01 2.412499934434890747e-01 8.547499775886535645e-01 6.440848112106323242e-01 3.969936668872833252e-01 6.335553526878356934e-02 2.135765105485916138e-01 2.136345654726028442e-01 7.480789422988891602e-01
8.624999970197677612e-02 7.328333258628845215e-01 8.352500200271606445e-01 5.232499837875366211e-01 8.042500019073486328e-01 1.337500065565109253e-01 9.397201240062713623e-02 5.967713594436645508e-01 6.571398973464965820e-01 4.088061749935150146e-01 8.586221337318420410e-01 3.203160762786865234e-01
1.562500000000000000e-01 2.598333358764648438e-01 1.867499947547912598e-01 7.337499856948852539e-01 2.272499948740005493e-01 7.625000178813934326e-02 2.066270112991333008e-01 5.083354115486145020e-01 5.075696110725402832e-01 4.464083313941955566e-01 1.291426420211791992e-01 3.102233707904815674e-01
6.862499713897705078e-01 1.848333328962326050e-01 1.072499975562095642e-01 1.247500032186508179e-01 1.492500007152557373e-01 7.677500247955322266e-01 6.711629629135131836e-01 2.754182219505310059e-01 1.617560386657714844e-01 1.737219691276550293e-01 1.253490597009658813e-01 6.860671043395996094e-01
5.707499980926513672e-01 2.768333256244659424e-01 2.472500056028366089e-01 4.202499985694885254e-01 6.162499785423278809e-01 5.925000086426734924e-02 5.464568138122558594e-01 4.998336434364318848e-01 4.858462214469909668e-01 3.275626897811889648e-01 6.169500350952148438e-01 3.393242359161376953e-01
9.682499766349792480e-01 3.831666707992553711e-01 5.927500128746032715e-01 7.587500214576721191e-01 1.567499935626983643e-01 6.412500143051147461e-01 9.231107234954833984e-01 5.958278775215148926e-01 7.611209750175476074e-01 5.716679096221923828e-01 1.236431896686553955e-01 3.522862493991851807e-01
6.132500171661376953e-01 4.048333466053009033e-01 4.632500112056732178e-01 7.622500061988830566e-01 1.612499952316284180e-01 7.892500162124633789e-01 5.601403117179870605e-01 5.620151758193969727e-01 6.261575818061828613e-01 5.086563825607299805e-01 1.403182148933410645e-01 4.234479963779449463e-01
3.402499854564666748e-01 7.441666722297668457e-01 1.987500041723251343e-01 1.917500048875808716e-01 2.012500017881393433e-01 2.897500097751617432e-01 3.624099195003509521e-01 7.412468791007995605e-01 2.650998234748840332e-01 1.860066205263137817e-01 2.086062878370285034e-01 3.158176839351654053e-01
2.607499957084655762e-01 3.608333468437194824e-01 9.957500100135803223e-01 7.667499780654907227e-01 4.282500147819519043e-01 1.707500070333480835e-01 3.070619404315948486e-01 2.498069703578948975e-01 9.129369854927062988e-01 6.006310582160949707e-01 5.211310386657714844e-01 3.008930683135986328e-01
1.597499996423721313e-01 2.758333384990692139e-01 2.612499892711639404e-01 7.782499790191650391e-01 6.602500081062316895e-01 3.822500109672546387e-01 2.152853161096572876e-01 3.318315446376800537e-01 3.452566564083099365e-01 6.545857191085815430e-01 6.158818006515502930e-01 5.338021516799926758e-01
6.927499771118164062e-01 6.318333148956298828e-01 3.787499964237213135e-01 6.617500185966491699e-01 3.747499883174896240e-01 4.137499928474426270e-01 7.127648591995239258e-01 6.656392216682434082e-01 4.846971035003662109e-01 5.316972732543945312e-01 3.650094568729400635e-01 3.467892706394195557e-01
6.227499842643737793e-01 5.504999756813049316e-01 9.182500243186950684e-01 2.882499992847442627e-01 4.312500059604644775e-01 7.077500224113464355e-01 5.875380039215087891e-01 3.625392317771911621e-01 7.475264668464660645e-01 2.279972732067108154e-01 4.531959593296051025e-01 3.286641836166381836e-01
7.152500152587890625e-01 2.968333363533020020e-01 3.749999916180968285e-03 2.847500145435333252e-01 3.277499973773956299e-01 7.597500085830688477e-01 7.118032574653625488e-01 3.080709278583526611e-01 1.158317327499389648e-01 1.534062027931213379e-01 3.133580684661865234e-01 7.369238734245300293e-01
8.632500171661376953e-01 4.165000021457672119e-01 4.027499854564666748e-01 8.617500066757202148e-01 4.562500119209289551e-01 8.847500085830688477e-01 8.573125004768371582e-01 5.596655607223510742e-01 6.187259554862976074e-01 6.576118469238281250e-01 4.412194490432739258e-01 4.633693993091583252e-01
7.777500152587890625e-01 5.548333525657653809e-01 2.002499997615814209e-01 6.624999642372131348e-02 9.717500209808349609e-01 1.587499976158142090e-01 7.225611209869384766e-01 5.653516650199890137e-01 3.560932278633117676e-01 1.672938615083694458e-01 9.163461327552795410e-01 2.972629070281982422e-01
9.327499866485595703e-01 1.961666643619537354e-01 5.502499938011169434e-01 5.617499947547912598e-01 1.867499947547912598e-01 6.222500205039978027e-01 8.887956738471984863e-01 4.275510609149932861e-01 7.514112591743469238e-01 4.427348971366882324e-01 1.775966584682464600e-01 4.225594997406005859e-01
4.192500114440917969e-01 8.331666588783264160e-01 2.402500063180923462e-01 3.272500038146972656e-01 2.727499902248382568e-01 9.457499980926513672e-01 4.214918315410614014e-01 6.411588191986083984e-01 1.576697677373886108e-01 2.084313184022903442e-01 2.861003279685974121e-01 5.572513937950134277e-01
3.897500038146972656e-01 7.645000219345092773e-01 2.977499961853027344e-01 9.697499871253967285e-01 2.027499973773956299e-01 3.512499928474426270e-01 3.669152259826660156e-01 7.063322663307189941e-01 2.915773093700408936e-01 8.839792609214782715e-01 2.012726366519927979e-01 3.251481354236602783e-01
6.287500262260437012e-01 3.498333394527435303e-01 2.857500016689300537e-01 3.732500076293945312e-01 4.812499880790710449e-01 6.352499723434448242e-01 5.109209418296813965e-01 5.657260417938232422e-01 4.472618997097015381e-01 3.795835077762603760e-01 4.990099072456359863e-01 3.485949635505676270e-01
2.562499940395355225e-01 6.324999928474426270e-01 7.047500014305114746e-01 3.497500121593475342e-01 2.192499935626983643e-01 1.677500009536743164e-01 2.339795529842376709e-01 6.125700473785400391e-01 6.802887320518493652e-01 3.948247730731964111e-01 1.990574896335601807e-01 2.143942266702651978e-01
5.507500171661376953e-01 3.238333463668823242e-01 8.967499732971191406e-01 2.862499952316284180e-01 4.297499954700469971e-01 5.047500133514404297e-01 5.101822018623352051e-01 3.410233259201049805e-01 8.063703775405883789e-01 3.506881594657897949e-01 4.565623402595520020e-01 3.197468817234039307e-01
6.567500233650207520e-01 6.668333411216735840e-01 1.217499971389770508e-01 8.567500114440917969e-01 1.202500015497207642e-01 8.427500128746032715e-01 5.386869311332702637e-01 6.547278761863708496e-01 1.629701256752014160e-01 7.500212788581848145e-01 1.302737146615982056e-01 4.893370866775512695e-01
7.249999791383743286e-03 5.961666703224182129e-01 8.457499742507934570e-01 3.867500126361846924e-01 4.352500140666961670e-01 6.575000286102294922e-02 3.290697187185287476e-02 5.607902407646179199e-01 7.765662074089050293e-01 3.714213073253631592e-01 3.999563753604888916e-01 3.469746708869934082e-01
2.087499946355819702e-01 8.308333158493041992e-01 8.952500224113464355e-01 2.347500026226043701e-01 1.957499980926513672e-01 4.662500023841857910e-01 1.924895197153091431e-01 6.178302764892578125e-01 6.470041275024414062e-01 3.171987235546112061e-01 2.453184723854064941e-01 2.292313128709793091e-01
6.202499866485595703e-01 6.754999756813049316e-01 3.052499890327453613e-01 7.287499904632568359e-01 2.812500000000000000e-01 8.947499990463256836e-01 4.758004844188690186e-01 7.189018130302429199e-01 3.580019176006317139e-01 6.463387012481689453e-01 2.576262354850769043e-01 3.668845295906066895e-01
5.562499761581420898e-01 3.861666619777679443e-01 6.532499790191650391e-01 4.712499976158142090e-01 6.737499833106994629e-01 8.522499799728393555e-01 5.404800176620483398e-01 3.860833644866943359e-01 5.116195082664489746e-01 4.802257418632507324e-01 6.634440422058105469e-01 5.013363957405090332e-01
9.972500205039978027e-01 4.148333370685577393e-01 4.582499861717224121e-01 3.007499873638153076e-01 2.467499971389770508e-01 1.374999992549419403e-02 9.508254528045654297e-01 5.108405351638793945e-01 5.622888803482055664e-01 2.636831402778625488e-01 2.891896665096282959e-01 1.657315045595169067e-01
8.162500262260437012e-01 6.061666607856750488e-01 4.707500040531158447e-01 2.437500059604644775e-01 1.947499960660934448e-01 3.232499957084655762e-01 8.556774258613586426e-01 6.095975041389465332e-01 5.437226295471191406e-01 1.375429183244705200e-01 1.909214854240417480e-01 1.494287997484207153e-01
2.732500135898590088e-01 6.215000152587890625e-01 2.217500060796737671e-01 8.912500143051147461e-01 7.947499752044677734e-01 2.242500036954879761e-01 2.596665620803833008e-01 6.741186380386352539e-01 2.953021824359893799e-01 9.611108303070068359e-01 7.642235159873962402e-01 2.854447960853576660e-01
9.525000303983688354e-02 5.774999856948852539e-01 1.882500052452087402e-01 4.282500147819519043e-01 5.407500267028808594e-01 2.332500070333480835e-01 1.422864198684692383e-01 6.319637894630432129e-01 3.458214104175567627e-01 3.483266234397888184e-01 5.264963507652282715e-01 2.978551983833312988e-01
5.572500228881835938e-01 6.501666903495788574e-01 5.007500052452087402e-01 8.547499775886535645e-01 7.812500000000000000e-01 9.452499747276306152e-01 4.955571889877319336e-01 5.389526486396789551e-01 3.313810229301452637e-01 9.335043430328369141e-01 7.939112782478332520e-01 6.393403410911560059e-01
8.772500157356262207e-01 2.208333313465118408e-01 2.672500014305114746e-01 1.457500010728836060e-01 7.042499780654907227e-01 9.747499823570251465e-01 7.677080631256103516e-01 4.365111589431762695e-01 4.439796209335327148e-01 1.700168251991271973e-01 7.247592210769653320e-01 4.821034669876098633e-01
5.182499885559082031e-01 2.278333306312561035e-01 1.567499935626983643e-01 8.647500276565551758e-01 6.932500004768371582e-01 1.417499929666519165e-01 5.645236968994140625e-01 2.462597489356994629e-01 2.428356558084487915e-01 7.077726721763610840e-01 7.526494264602661133e-01 4.180980920791625977e-01
1.967500001192092896e-01 5.351666808128356934e-01 5.907499790191650391e-01 6.075000017881393433e-02 9.127500057220458984e-01 9.517499804496765137e-01 1.685303300619125366e-01 4.762544631958007812e-01 5.378125309944152832e-01 6.674819439649581909e-02 9.863698482513427734e-01 9.120211005210876465e-01
9.242500066757202148e-01 5.005000233650207520e-01 6.162499785423278809e-01 5.257499814033508301e-01 7.982500195503234863e-01 2.792499959468841553e-01 9.105258584022521973e-01 3.036851882934570312e-01 6.729021072387695312e-01 4.654370248317718506e-01 7.942906022071838379e-01 3.789215385913848877e-01
7.037500143051147461e-01 2.081666737794876099e-01 5.124999955296516418e-02 8.377500176429748535e-01 9.057499766349792480e-01 5.697500109672546387e-01 6.304103136062622070e-01 2.659451365470886230e-01 2.827653288841247559e-01 7.079899907112121582e-01 8.854870200157165527e-01 4.531907439231872559e-01
1.782499998807907104e-01 5.178333520889282227e-01 6.672499775886535645e-01 5.974999815225601196e-02 6.962500214576721191e-01 1.482499986886978149e-01 2.347566932439804077e-01 4.421225190162658691e-01 6.568132042884826660e-01 1.432443261146545410e-01 7.273861169815063477e-01 4.160782992839813232e-01
7.067499756813049316e-01 2.685000002384185791e-01 5.397499799728393555e-01 7.762500047683715820e-01 7.002500295639038086e-01 1.207500025629997253e-01 7.079711556434631348e-01 3.329060673713684082e-01 7.251070141792297363e-01 6.514716148376464844e-01 6.912173032760620117e-01 4.220065772533416748e-01
7.432500123977661133e-01 3.411666750907897949e-01 5.337499976158142090e-01 6.142500042915344238e-01 6.477500200271606445e-01 8.992499709129333496e-01 6.445209980010986328e-01 3.738731443881988525e-01 6.504876613616943359e-01 5.582981705665588379e-01 6.827837824821472168e-01 4.742250144481658936e-01
6.424999982118606567e-02 3.221666812896728516e-01 1.432500034570693970e-01 9.674999862909317017e-02 7.162500023841857910e-01 4.102500081062316895e-01 1.127692908048629761e-01 5.834431052207946777e-01 2.515552341938018799e-01 2.139340639114379883e-01 5.788909792900085449e-01 4.537244737148284912e-01
7.357500195503234863e-01 6.741666793823242188e-01 3.927499949932098389e-01 8.432499766349792480e-01 2.797499895095825195e-01 8.092499971389770508e-01 6.945215463638305664e-01 6.785734891891479492e-01 4.244679808616638184e-01 7.330477237701416016e-01 2.796719670295715332e-01 4.301989376544952393e-01
9.547500014305114746e-01 3.425000011920928955e-01 2.362499982118606567e-01 2.532500028610229492e-01 3.957499861717224121e-01 3.624999895691871643e-02 9.299369454383850098e-01 5.407885313034057617e-01 5.296395421028137207e-01 1.728189885616302490e-01 3.627847433090209961e-01 1.436669677495956421e-01
1.687500029802322388e-01 6.371666789054870605e-01 9.317499995231628418e-01 7.975000143051147461e-02 8.197500109672546387e-01 5.082499980926513672e-01 1.776726096868515015e-01 4.362539649009704590e-01 6.804107427597045898e-01 1.228356286883354187e-01 8.622409701347351074e-01 6.392670273780822754e-01
8.425000309944152832e-02 3.655000030994415283e-01 1.875000074505805969e-02 4.672499895095825195e-01 2.232500016689300537e-01 3.777500092983245850e-01 1.078363284468650818e-01 3.902125954627990723e-01 8.985422551631927490e-02 4.964115023612976074e-01 1.857831329107284546e-01 5.699110031127929688e-01
9.212499856948852539e-01 5.285000205039978027e-01 5.617499947547912598e-01 9.492499828338623047e-01 5.022500157356262207e-01 6.872500181198120117e-01 9.029734730720520020e-01 4.663318097591400146e-01 6.681573987007141113e-01 7.850021123886108398e-01 5.555893182754516602e-01 5.851625204086303711e-01
5.992500185966491699e-01 7.551666498184204102e-01 8.052499890327453613e-01 4.177500009536743164e-01 7.957500219345092773e-01 1.612499952316284180e-01 5.891972184181213379e-01 5.840402841567993164e-01 4.924395382404327393e-01 6.111139059066772461e-01 7.707085609436035156e-01 3.891332745552062988e-01
9.367499947547912598e-01 3.151666522026062012e-01 9.037500023841857910e-01 7.222499847412109375e-01 3.497500121593475342e-01 3.747499883174896240e-01 8.863607048988342285e-01 2.559703886508941650e-01 8.518255949020385742e-01 7.377600073814392090e-01 4.304212033748626709e-01 3.179593682289123535e-01
9.992499947547912598e-01 2.108333259820938110e-01 4.542500078678131104e-01 9.667500257492065430e-01 7.722499966621398926e-01 5.147500038146972656e-01 8.913600444793701172e-01 2.871876060962677002e-01 7.664543390274047852e-01 7.953842282295227051e-01 7.742303609848022461e-01 4.098046720027923584e-01
7.232499718666076660e-01 4.351666569709777832e-01 1.682499945163726807e-01 6.122499704360961914e-01 1.682499945163726807e-01 6.467499732971191406e-01 8.083345293998718262e-01 3.684588372707366943e-01 1.031938269734382629e-01 4.454369246959686279e-01 1.688841581344604492e-01 5.674776434898376465e-01
9.157500267028808594e-01 3.728333413600921631e-01 5.482500195503234863e-01 9.407500028610229492e-01 3.007499873638153076e-01 1.907500028610229492e-01 9.615627527236938477e-01 4.614820182323455811e-01 7.749772071838378906e-01 5.668691992759704590e-01 3.325819671154022217e-01 2.758299410343170166e-01
4.392499923706054688e-01 7.818333506584167480e-01 6.822500228881835938e-01 7.642499804496765137e-01 5.087500214576721191e-01 1.137500032782554626e-01 4.227536618709564209e-01 6.097687482833862305e-01 5.364125967025756836e-01 7.022401094436645508e-01 5.278280377388000488e-01 3.108547329902648926e-01
6.492499709129333496e-01 7.601666450500488281e-01 4.250000230967998505e-03 4.437499940395355225e-01 9.767500162124633789e-01 4.572499990463256836e-01 6.021954417228698730e-01 6.710413098335266113e-01 1.547229886054992676e-01 4.168344438076019287e-01 9.744379520416259766e-01 4.920108616352081299e-01
4.222500026226043701e-01 3.244999945163726807e-01 6.075000017881393433e-02 5.477499961853027344e-01 8.737499713897705078e-01 9.267500042915344238e-01 3.878573477268218994e-01 5.189992189407348633e-01 2.389620542526245117e-01 4.693278372287750244e-01 8.134430646896362305e-01 6.172969341278076172e-01
2.367500066757202148e-01 5.378333330154418945e-01 3.197500109672546387e-01 2.102500051259994507e-01 3.602499961853027344e-01 9.782500267028808594e-01 2.040479332208633423e-01 3.178959488868713379e-01 1.800276786088943481e-01 1.400108635425567627e-01 4.230307340621948242e-01 8.517289757728576660e-01
9.607499837875366211e-01 1.688333302736282349e-01 9.202499985694885254e-01 7.357500195503234863e-01 8.472499847412109375e-01 3.482500016689300537e-01 9.072301983833312988e-01 1.975761801004409790e-01 8.382290005683898926e-01 8.630696535110473633e-01 8.452822566032409668e-01 2.732253074645996094e-01
7.812500000000000000e-01 1.751666665077209473e-01 3.517499864101409912e-01 4.552499949932098389e-01 5.249999929219484329e-03 9.752500057220458984e-01 7.510164380073547363e-01 2.910019457340240479e-01 4.457226395606994629e-01 2.251559495925903320e-01 4.701764136552810669e-02 5.941612124443054199e-01
8.874999731779098511e-02 5.541666746139526367e-01 6.437500119209289551e-01 8.057500123977661133e-01 3.427500128746032715e-01 7.642499804496765137e-01 7.202186435461044312e-02 4.996218085289001465e-01 6.570004224777221680e-01 7.309898138046264648e-01 3.811295926570892334e-01 7.252643108367919922e-01
3.167499899864196777e-01 7.714999914169311523e-01 3.377499878406524658e-01 3.597500026226043701e-01 8.707500100135803223e-01 7.347499728202819824e-01 3.737539947032928467e-01 6.006336212158203125e-01 2.092201262712478638e-01 1.625829190015792847e-01 9.284843206405639648e-01 6.251773834228515625e-01
9.192500114440917969e-01 4.514999985694885254e-01 6.262500286102294922e-01 7.275000214576721191e-02 7.157499790191650391e-01 9.662500023841857910e-01 9.092010259628295898e-01 4.203061461448669434e-01 4.632591605186462402e-01 1.924191564321517944e-01 7.814283967018127441e-01 5.248249769210815430e-01
1.912499964237213135e-01 2.818333208560943604e-01 2.477499991655349731e-01 2.682499885559082031e-01 9.972500205039978027e-01 6.417499780654907227e-01 2.447214871644973755e-01 3.925234675407409668e-01 4.453313648700714111e-01 1.653423607349395752e-01 9.664900898933410645e-01 7.894719839096069336e-01
9.382500052452087402e-01 3.701666593551635742e-01 8.425000309944152832e-02 3.137499988079071045e-01 5.662500262260437012e-01 3.982500135898590088e-01 8.665375113487243652e-01 4.506634473800659180e-01 2.383850216865539551e-01 2.951471209526062012e-01 5.778047442436218262e-01 4.984677433967590332e-01
5.517500042915344238e-01 6.575000286102294922e-01 1.012500002980232239e-01 8.642500042915344238e-01 5.892500281333923340e-01 6.257500052452087402e-01 5.257597565650939941e-01 5.849786400794982910e-01 1.241755411028862000e-01 8.766539692878723145e-01 5.108312964439392090e-01 6.055508255958557129e-01
9.422500133514404297e-01 5.985000133514404297e-01 2.437500059604644775e-01 3.787499964237213135e-01 7.767500281333923340e-01 7.297499775886535645e-01 8.537192940711975098e-01 4.999232888221740723e-01 2.261386811733245850e-01 3.579430282115936279e-01 7.680247426033020020e-01 5.679826140403747559e-01
8.177499771118164062e-01 5.158333182334899902e-01 9.177500009536743164e-01 6.962500214576721191e-01 9.737499952316284180e-01 9.702500104904174805e-01 7.875396609306335449e-01 3.779013752937316895e-01 6.797559261322021484e-01 7.856577634811401367e-01 9.592886567115783691e-01 6.573860049247741699e-01
8.002499938011169434e-01 3.785000145435333252e-01 3.072499930858612061e-01 7.832499742507934570e-01 1.722500026226043701e-01 9.412500262260437012e-01 6.567386388778686523e-01 5.375350713729858398e-01 5.709370374679565430e-01 5.690212249755859375e-01 1.749462336301803589e-01 5.289040207862854004e-01
5.582500100135803223e-01 3.838333189487457275e-01 3.772499859333038330e-01 4.975000023841857910e-02 5.062500238418579102e-01 7.472500205039978027e-01 5.804529190063476562e-01 4.506453275680541992e-01 3.014811277389526367e-01 1.106769740581512451e-01 5.361877679824829102e-01 5.783988237380981445e-01
9.917500019073486328e-01 1.704999953508377075e-01 3.627499938011169434e-01 4.262500107288360596e-01 4.727500081062316895e-01 2.197500020265579224e-01 9.561916589736938477e-01 3.911550641059875488e-01 6.082369685173034668e-01 2.606464028358459473e-01 4.659422338008880615e-01 1.834327429533004761e-01
2.687500119209289551e-01 6.104999780654907227e-01 4.147500097751617432e-01 2.887499928474426270e-01 8.177499771118164062e-01 2.337500005960464478e-01 2.794274687767028809e-01 6.447481513023376465e-01 4.246218204498291016e-01 3.412479162216186523e-01 7.613027095794677734e-01 1.920259594917297363e-01
9.942499995231628418e-01 2.911666631698608398e-01 8.725000172853469849e-02 9.897500276565551758e-01 3.057500123977661133e-01 6.042500138282775879e-01 8.932307958602905273e-01 4.615924954414367676e-01 3.703595995903015137e-01 7.064551115036010742e-01 3.290534615516662598e-01 5.535962581634521484e-01
3.627499938011169434e-01 5.935000181198120117e-01 5.862500071525573730e-01 1.075000036507844925e-02 5.074999853968620300e-02 5.107499957084655762e-01 3.645338118076324463e-01 5.010176301002502441e-01 5.798885822296142578e-01 6.360933929681777954e-02 6.404982507228851318e-02 3.907357752323150635e-01
2.172500044107437134e-01 6.765000224113464355e-01 9.674999862909317017e-02 9.392499923706054688e-01 9.047499895095825195e-01 6.832500100135803223e-01 1.602352857589721680e-01 7.506683468818664551e-01 9.991751611232757568e-02 9.537937045097351074e-01 9.852404594421386719e-01 4.796679615974426270e-01
3.957499861717224121e-01 2.851666808128356934e-01 4.972499907016754150e-01 6.037499904632568359e-01 7.942500114440917969e-01 1.222499981522560120e-01 4.566891491413116455e-01 3.716478347778320312e-01 5.313824415206909180e-01 6.682009696960449219e-01 7.709424495697021484e-01 4.595834314823150635e-01
8.697500228881835938e-01 5.304999947547912598e-01 9.707499742507934570e-01 6.927499771118164062e-01 5.352500081062316895e-01 5.874999985098838806e-02 9.397075772285461426e-01 3.907771408557891846e-01 7.855474352836608887e-01 6.487774252891540527e-01 5.442411899566650391e-01 3.579507172107696533e-01
9.982500076293945312e-01 3.438333272933959961e-01 5.212500095367431641e-01 3.122499883174896240e-01 3.732500076293945312e-01 3.824999928474426270e-02 9.448037147521972656e-01 3.036700189113616943e-01 6.538031101226806641e-01 3.004544079303741455e-01 4.147917926311492920e-01 1.866901069879531860e-01
6.397500038146972656e-01 7.154999971389770508e-01 5.697500109672546387e-01 5.147500038146972656e-01 6.047499775886535645e-01 2.947500050067901611e-01 6.613373756408691406e-01 5.612840056419372559e-01 4.447923600673675537e-01 4.351041615009307861e-01 6.492961049079895020e-01 4.018248915672302246e-01
8.474999666213989258e-02 4.178333282470703125e-01 2.502500116825103760e-01 3.462499976158142090e-01 1.792500019073486328e-01 7.874999940395355225e-02 9.764766693115234375e-02 5.673525929450988770e-01 4.893916845321655273e-01 3.876661658287048340e-01 1.000588834285736084e-01 2.374335825443267822e-01
1.197500005364418030e-01 7.655000090599060059e-01 3.937500119209289551e-01 4.627499878406524658e-01 2.425000071525573730e-02 7.352499961853027344e-01 9.643627703189849854e-02 4.848845899105072021e-01 1.594514101743698120e-01 2.821900844573974609e-01 1.363446414470672607e-01 5.841442346572875977e-01
1.317500025033950806e-01 3.211666643619537354e-01 9.142500162124633789e-01 2.262499928474426270e-01 9.742500185966491699e-01 8.707500100135803223e-01 7.752362638711929321e-02 3.214703798294067383e-01 9.102752804756164551e-01 1.195810809731483459e-01 9.345337748527526855e-01 6.913605332374572754e-01
5.857499837875366211e-01 5.264999866485595703e-01 9.624999761581420898e-02 1.667499989271163940e-01 6.437500119209289551e-01 8.047500252723693848e-01 5.406606197357177734e-01 4.156816899776458740e-01 2.103310078382492065e-01 1.642749160528182983e-01 6.660118103027343750e-01 6.930107474327087402e-01
5.882499814033508301e-01 7.901666760444641113e-01 9.967499971389770508e-01 7.422500252723693848e-01 2.624999918043613434e-02 1.942500025033950806e-01 5.998293161392211914e-01 6.008752584457397461e-01 7.344534397125244141e-01 6.432413458824157715e-01 5.265309661626815796e-02 2.988750040531158447e-01
3.242500126361846924e-01 4.478333294391632080e-01 5.707499980926513672e-01 1.307500004768371582e-01 1.082499995827674866e-01 5.767499804496765137e-01 2.896123826503753662e-01 4.289442002773284912e-01 6.196720600128173828e-01 1.466518491506576538e-01 1.017599031329154968e-01 4.091145098209381104e-01
3.122499883174896240e-01 2.651666700839996338e-01 5.387499928474426270e-01 6.875000149011611938e-02 8.587499856948852539e-01 9.777500033378601074e-01 2.824894487857818604e-01 3.641493618488311768e-01 6.328179240226745605e-01 1.308238655328750610e-01 8.239582180976867676e-01 6.380516290664672852e-01
1.832499951124191284e-01 1.901666671037673950e-01 9.902499914169311523e-01 3.447499871253967285e-01 4.292500019073486328e-01 1.432500034570693970e-01 2.390993088483810425e-01 3.199803829193115234e-01 8.813113570213317871e-01 2.238690704107284546e-01 4.223558008670806885e-01 3.411656320095062256e-01
8.725000172853469849e-02 5.738333463668823242e-01 8.117499947547912598e-01 8.967499732971191406e-01 4.697499871253967285e-01 8.602499961853027344e-01 7.181812077760696411e-02 5.329264998435974121e-01 7.410088181495666504e-01 7.738366723060607910e-01 4.513759911060333252e-01 6.904067993164062500e-01
3.567500114440917969e-01 3.388333320617675781e-01 5.867499709129333496e-01 6.472499966621398926e-01 5.577499866485595703e-01 3.337500095367431641e-01 4.009172320365905762e-01 3.488013744354248047e-01 6.721624732017517090e-01 5.813717842102050781e-01 5.750852823257446289e-01 4.621533453464508057e-01
5.237500071525573730e-01 5.421666502952575684e-01 4.572499990463256836e-01 7.225000113248825073e-02 6.075000017881393433e-02 4.832499921321868896e-01 4.817033708095550537e-01 5.620244145393371582e-01 5.755392313003540039e-01 6.055447831749916077e-02 5.059852451086044312e-02 3.530710041522979736e-01
9.324999898672103882e-02 5.198333263397216797e-01 2.852500081062316895e-01 6.117500066757202148e-01 8.752499818801879883e-01 9.907500147819519043e-01 8.362267166376113892e-02 6.060607433319091797e-01 2.450306862592697144e-01 6.752412021160125732e-02 9.450708031654357910e-01 8.853726387023925781e-01
6.842499971389770508e-01 2.198333293199539185e-01 5.412499904632568359e-01 3.177500069141387939e-01 4.387499988079071045e-01 1.007499992847442627e-01 8.779535293579101562e-01 2.650600969791412354e-01 4.722298383712768555e-01 2.710706293582916260e-01 4.312613606452941895e-01 3.697178065776824951e-01
2.907499969005584717e-01 4.438333213329315186e-01 6.312500238418579102e-01 9.792500138282775879e-01 9.562500119209289551e-01 8.197500109672546387e-01 2.801912724971771240e-01 4.342488348484039307e-01 6.524373292922973633e-01 9.238373041152954102e-01 9.298470616340637207e-01 6.356056928634643555e-01
8.997499942779541016e-01 3.171666562557220459e-01 7.972499728202819824e-01 1.452499926090240479e-01 7.557500004768371582e-01 7.992500066757202148e-01 8.950953483581542969e-01 3.747826218605041504e-01 5.973209142684936523e-01 2.432593256235122681e-01 7.718018889427185059e-01 4.705516099929809570e-01
8.377500176429748535e-01 7.304999828338623047e-01 8.007500171661376953e-01 3.725000098347663879e-02 3.237499892711639404e-01 1.352500021457672119e-01 9.201019406318664551e-01 5.354139804840087891e-01 5.265143513679504395e-01 1.366279572248458862e-01 3.531419634819030762e-01 1.466405391693115234e-01
5.567499995231628418e-01 4.368333220481872559e-01 8.874999731779098511e-02 9.472500085830688477e-01 8.372499942779541016e-01 5.387499928474426270e-01 5.067774653434753418e-01 5.713860392570495605e-01 2.573620080947875977e-01 8.912550806999206543e-01 7.751170992851257324e-01 6.002631783485412598e-01
5.807499885559082031e-01 3.148333430290222168e-01 5.957499742507934570e-01 1.624999940395355225e-02 9.624999761581420898e-02 6.322500109672546387e-01 5.514158606529235840e-01 3.882988095283508301e-01 6.817801594734191895e-01 7.474102079868316650e-02 8.838546276092529297e-02 4.067336320877075195e-01
9.502500295639038086e-01 4.421666562557220459e-01 6.302499771118164062e-01 3.707500100135803223e-01 3.777500092983245850e-01 6.525000184774398804e-02 9.261159300804138184e-01 4.340018332004547119e-01 7.224836349487304688e-01 2.851493656635284424e-01 3.826531469821929932e-01 2.074274420738220215e-01
7.507500052452087402e-01 7.124999761581420898e-01 6.712499856948852539e-01 7.547500133514404297e-01 1.647499948740005493e-01 3.532499969005584717e-01 7.868996262550354004e-01 5.286013484001159668e-01 5.916777849197387695e-01 6.575813889503479004e-01 1.989838927984237671e-01 5.600328445434570312e-01
5.352500081062316895e-01 2.551666796207427979e-01 8.397499918937683105e-01 2.217500060796737671e-01 1.412499994039535522e-01 5.712500214576721191e-01 5.200383067131042480e-01 2.686243653297424316e-01 8.271279931068420410e-01 1.602611094713211060e-01 1.341756880283355713e-01 4.032000601291656494e-01
1.017500013113021851e-01 8.181666731834411621e-01 4.687500000000000000e-01 5.482500195503234863e-01 1.012500002980232239e-01 6.250000093132257462e-03 6.509557366371154785e-02 7.392050027847290039e-01 3.939177691936492920e-01 5.313928127288818359e-01 9.108325839042663574e-02 9.539604187011718750e-02
3.762499988079071045e-01 2.175000011920928955e-01 1.457500010728836060e-01 2.972500026226043701e-01 3.892500102519989014e-01 4.632500112056732178e-01 4.714384675025939941e-01 3.481796681880950928e-01 2.612780630588531494e-01 3.143526613712310791e-01 3.570576906204223633e-01 6.426321268081665039e-01
6.075000017881393433e-02 1.908333301544189453e-01 2.627499997615814209e-01 1.117499992251396179e-01 8.874999731779098511e-02 7.127500176429748535e-01 2.643802389502525330e-02 1.835949122905731201e-01 2.647362649440765381e-01 6.825338304042816162e-02 3.158924728631973267e-02 7.648697495460510254e-01
7.462499737739562988e-01 4.435000121593475342e-01 5.262500047683715820e-01 9.722499847412109375e-01 5.317500233650207520e-01 2.937499880790710449e-01 6.073820590972900391e-01 4.544783532619476318e-01 6.627348661422729492e-01 8.949467539787292480e-01 5.341725349426269531e-01 4.565525949001312256e-01
6.677500009536743164e-01 6.388333439826965332e-01 2.257499992847442627e-01 1.757500022649765015e-01 1.952500045299530029e-01 1.592500060796737671e-01 7.020745873451232910e-01 7.175787687301635742e-01 3.331295251846313477e-01 1.287203878164291382e-01 1.666951775550842285e-01 1.835811734199523926e-01
8.207499980926513672e-01 3.451666533946990967e-01 3.482500016689300537e-01 8.142499923706054688e-01 9.872499704360961914e-01 8.472499847412109375e-01 7.461313009262084961e-01 2.707889676094055176e-01 4.209332168102264404e-01 7.241971492767333984e-01 9.720245599746704102e-01 5.856028795242309570e-01
1.775000058114528656e-02 2.228333353996276855e-01 6.617500185966491699e-01 5.175000056624412537e-02 1.687500029802322388e-01 7.302500009536743164e-01 1.339233759790658951e-02 2.665770053863525391e-01 7.089715003967285156e-01 7.074382156133651733e-02 5.374315381050109863e-02 7.064028978347778320e-01
4.982500076293945312e-01 3.598333299160003662e-01 6.932500004768371582e-01 8.737499713897705078e-01 3.422499895095825195e-01 8.537499904632568359e-01 4.651540219783782959e-01 3.821707963943481445e-01 7.383049726486206055e-01 7.295381426811218262e-01 3.912881612777709961e-01 5.152935981750488281e-01
4.422500133514404297e-01 1.764999926090240479e-01 4.402500092983245850e-01 1.772499978542327881e-01 7.625000178813934326e-02 4.262500107288360596e-01 4.617249667644500732e-01 2.678422927856445312e-01 6.494183540344238281e-01 8.050185441970825195e-02 7.241980731487274170e-02 4.905910789966583252e-01
4.137499928474426270e-01 6.748333573341369629e-01 6.282500028610229492e-01 5.052499771118164062e-01 7.272499799728393555e-01 6.477500200271606445e-01 4.457676112651824951e-01 4.839137494564056396e-01 3.618733882904052734e-01 5.841362476348876953e-01 7.171391844749450684e-01 5.838343501091003418e-01
8.067499995231628418e-01 7.524999976158142090e-01 9.367499947547912598e-01 5.612499713897705078e-01 4.272499978542327881e-01 8.757500052452087402e-01 8.004112839698791504e-01 5.177705287933349609e-01 6.701661944389343262e-01 5.754009485244750977e-01 4.531655907630920410e-01 4.569960832595825195e-01
4.174999892711639404e-02 7.754999995231628418e-01 2.872500121593475342e-01 9.377499818801879883e-01 2.587499916553497314e-01 1.472499966621398926e-01 3.378758952021598816e-02 7.443971633911132812e-01 2.877787053585052490e-01 9.391840696334838867e-01 2.445017844438552856e-01 2.486179769039154053e-01
2.522499859333038330e-01 2.831666767597198486e-01 6.997500061988830566e-01 4.477500021457672119e-01 3.902499973773956299e-01 6.952499747276306152e-01 2.509700059890747070e-01 3.999779522418975830e-01 7.641696333885192871e-01 4.835030734539031982e-01 4.058455228805541992e-01 4.276400506496429443e-01
