2.152500003576278687e-01 8.138333559036254883e-01 9.817500114440917969e-01 6.437500119209289551e-01 5.357499718666076660e-01 7.532500028610229492e-01 1.846546083688735962e-01 5.950224995613098145e-01 5.487744212150573730e-01 7.910852432250976562e-01 5.850496292114257812e-01 4.856708645820617676e-01
1.724999956786632538e-02 2.105000019073486328e-01 3.075000084936618805e-02 3.967500030994415283e-01 8.824999630451202393e-02 2.392500042915344238e-01 4.934001713991165161e-02 3.772657513618469238e-01 1.019156649708747864e-01 5.724560022354125977e-01 6.852686870843172073e-03 5.275616645812988281e-01
9.477499723434448242e-01 2.308333367109298706e-01 1.042499989271163940e-01 3.242500126361846924e-01 1.475000008940696716e-02 7.307500243186950684e-01 9.150644540786743164e-01 2.274784147739410400e-01 9.889415651559829712e-02 1.323821246623992920e-01 2.835982292890548706e-02 8.153686523437500000e-01
7.922499775886535645e-01 2.451666593551635742e-01 2.677499949932098389e-01 3.075000084936618805e-02 9.747499823570251465e-01 6.012499928474426270e-01 7.259745001792907715e-01 5.638109445571899414e-01 3.074558675289154053e-01 2.139351963996887207e-01 9.472454786300659180e-01 6.814642548561096191e-01
3.857499957084655762e-01 8.264999985694885254e-01 8.447499871253967285e-01 1.167500019073486328e-01 1.217499971389770508e-01 5.342500209808349609e-01 3.912364840507507324e-01 5.832949876785278320e-01 4.675678014755249023e-01 2.793970108032226562e-01 1.609183698892593384e-01 4.061904847621917725e-01
9.422500133514404297e-01 5.985000133514404297e-01 2.437500059604644775e-01 3.787499964237213135e-01 7.767500281333923340e-01 7.297499775886535645e-01 8.282736539840698242e-01 5.583149790763854980e-01 1.846646517515182495e-01 3.779662847518920898e-01 8.065815567970275879e-01 7.046568393707275391e-01
9.250000119209289551e-03 6.671666502952575684e-01 8.472499847412109375e-01 4.362500011920928955e-01 1.627500057220458984e-01 2.147500067949295044e-01 1.687492430210113525e-02 6.119260787963867188e-01 7.173529267311096191e-01 2.846373021602630615e-01 1.823012083768844604e-01 3.712471723556518555e-01
5.967500209808349609e-01 5.328333377838134766e-01 5.092499852180480957e-01 5.947499871253967285e-01 3.992500007152557373e-01 3.677499890327453613e-01 7.102149128913879395e-01 5.400316715240478516e-01 5.459501147270202637e-01 3.997564017772674561e-01 4.508541226387023926e-01 4.483832120895385742e-01
9.242500066757202148e-01 5.005000233650207520e-01 6.162499785423278809e-01 5.257499814033508301e-01 7.982500195503234863e-01 2.792499959468841553e-01 8.956964015960693359e-01 3.451370000839233398e-01 6.728744506835937500e-01 4.073044657707214355e-01 8.087437748908996582e-01 4.163140952587127686e-01
6.177499890327453613e-01 6.188333630561828613e-01 4.407500028610229492e-01 3.187499940395355225e-01 5.037500262260437012e-01 1.127500012516975403e-01 6.721631288528442383e-01 5.910416245460510254e-01 5.221839547157287598e-01 2.443255186080932617e-01 5.092265605926513672e-01 4.270663559436798096e-01
9.525000303983688354e-02 5.774999856948852539e-01 1.882500052452087402e-01 4.282500147819519043e-01 5.407500267028808594e-01 2.332500070333480835e-01 1.424580365419387817e-01 7.046684622764587402e-01 3.947166800498962402e-01 3.861320018768310547e-01 5.488569140434265137e-01 4.853020012378692627e-01
2.687500119209289551e-01 6.104999780654907227e-01 4.147500097751617432e-01 2.887499928474426270e-01 8.177499771118164062e-01 2.337500005960464478e-01 2.969532310962677002e-01 6.652258038520812988e-01 5.160602927207946777e-01 3.679125607013702393e-01 7.911441326141357422e-01 3.962117135524749756e-01
1.062500029802322388e-01 4.724999964237213135e-01 6.117500066757202148e-01 7.057499885559082031e-01 7.172499895095825195e-01 2.262499928474426270e-01 1.044764071702957153e-01 4.859528243541717529e-01 6.912021636962890625e-01 7.973766326904296875e-01 7.038204669952392578e-01 5.512875318527221680e-01
6.872500181198120117e-01 1.895000040531158447e-01 7.222499847412109375e-01 8.382499814033508301e-01 9.427499771118164062e-01 2.312500029802322388e-01 7.124478220939636230e-01 3.446879386901855469e-01 7.667696475982666016e-01 7.009743452072143555e-01 8.708117604255676270e-01 3.629736602306365967e-01
9.327499866485595703e-01 1.961666643619537354e-01 5.502499938011169434e-01 5.617499947547912598e-01 1.867499947547912598e-01 6.222500205039978027e-01 9.066681265830993652e-01 2.858507037162780762e-01 6.042887568473815918e-01 5.511826872825622559e-01 1.522208899259567261e-01 5.080068707466125488e-01
1.832499951124191284e-01 1.901666671037673950e-01 9.902499914169311523e-01 3.447499871253967285e-01 4.292500019073486328e-01 1.432500034570693970e-01 2.352586388587951660e-01 2.982633411884307861e-01 8.223311901092529297e-01 2.217974364757537842e-01 3.897659480571746826e-01 3.103037774562835693e-01
4.377500116825103760e-01 3.538333475589752197e-01 5.725000053644180298e-02 3.642500042915344238e-01 2.675000019371509552e-02 4.397499859333038330e-01 4.513317942619323730e-01 4.230599999427795410e-01 8.729989826679229736e-02 3.241145908832550049e-01 2.733535505831241608e-02 6.411315202713012695e-01
7.925000041723251343e-02 4.868333339691162109e-01 4.742499887943267822e-01 2.274999953806400299e-02 9.662500023841857910e-01 8.462499976158142090e-01 8.836632966995239258e-02 6.115342378616333008e-01 6.496082544326782227e-01 3.197084367275238037e-02 9.992801547050476074e-01 6.782302856445312500e-01
8.002499938011169434e-01 3.785000145435333252e-01 3.072499930858612061e-01 7.832499742507934570e-01 1.722500026226043701e-01 9.412500262260437012e-01 7.261952757835388184e-01 4.690114855766296387e-01 4.345265924930572510e-01 6.380580663681030273e-01 1.650416254997253418e-01 5.415130257606506348e-01
3.992500007152557373e-01 4.884999990463256836e-01 2.152500003576278687e-01 9.512500166893005371e-01 1.624999940395355225e-02 1.362500041723251343e-01 4.099640846252441406e-01 4.594771862030029297e-01 3.393027186393737793e-01 7.926880121231079102e-01 3.044315800070762634e-02 5.010466575622558594e-01
5.397499799728393555e-01 4.061666727066040039e-01 6.297500133514404297e-01 3.267500102519989014e-01 3.487499952316284180e-01 5.725000053644180298e-02 4.796188175678253174e-01 3.537335991859436035e-01 7.678495645523071289e-01 2.312788069248199463e-01 3.519498109817504883e-01 3.292588889598846436e-01
1.492500007152557373e-01 5.341666936874389648e-01 2.392500042915344238e-01 5.562499761581420898e-01 3.927499949932098389e-01 8.967499732971191406e-01 1.491914391517639160e-01 6.427108645439147949e-01 1.037482693791389465e-01 3.970046341419219971e-01 3.796367943286895752e-01 7.719318866729736328e-01
2.907499969005584717e-01 4.438333213329315186e-01 6.312500238418579102e-01 9.792500138282775879e-01 9.562500119209289551e-01 8.197500109672546387e-01 2.548392713069915771e-01 4.294881522655487061e-01 7.192962169647216797e-01 9.415152668952941895e-01 9.144083857536315918e-01 5.195323824882507324e-01
8.624999970197677612e-02 7.328333258628845215e-01 8.352500200271606445e-01 5.232499837875366211e-01 8.042500019073486328e-01 1.337500065565109253e-01 9.440908581018447876e-02 6.086399555206298828e-01 6.199930310249328613e-01 4.101523458957672119e-01 9.039522409439086914e-01 5.146315693855285645e-01
8.577499985694885254e-01 2.168333381414413452e-01 2.547500133514404297e-01 3.422499895095825195e-01 2.307499945163726807e-01 5.277500152587890625e-01 8.097710609436035156e-01 2.758687138557434082e-01 4.253769516944885254e-01 2.176451385021209717e-01 2.192443907260894775e-01 5.876436829566955566e-01
9.367499947547912598e-01 3.151666522026062012e-01 9.037500023841857910e-01 7.222499847412109375e-01 3.497500121593475342e-01 3.747499883174896240e-01 9.042983651161193848e-01 2.049612253904342651e-01 8.315079212188720703e-01 7.936219573020935059e-01 4.071537256240844727e-01 3.998396992683410645e-01
8.697500228881835938e-01 5.304999947547912598e-01 9.707499742507934570e-01 6.927499771118164062e-01 5.352500081062316895e-01 5.874999985098838806e-02 9.456738233566284180e-01 3.506962358951568604e-01 7.258245944976806641e-01 6.802106499671936035e-01 6.214720010757446289e-01 4.300982654094696045e-01
2.522499859333038330e-01 2.831666767597198486e-01 6.997500061988830566e-01 4.477500021457672119e-01 3.902499973773956299e-01 6.952499747276306152e-01 2.252246141433715820e-01 4.053217172622680664e-01 7.302642464637756348e-01 4.818511307239532471e-01 3.912707865238189697e-01 4.259287118911743164e-01
6.927499771118164062e-01 6.318333148956298828e-01 3.787499964237213135e-01 6.617500185966491699e-01 3.747499883174896240e-01 4.137499928474426270e-01 7.746334075927734375e-01 6.432705521583557129e-01 4.871599674224853516e-01 5.342563986778259277e-01 4.027600884437561035e-01 4.262669682502746582e-01
9.607499837875366211e-01 1.688333302736282349e-01 9.202499985694885254e-01 7.357500195503234863e-01 8.472499847412109375e-01 3.482500016689300537e-01 9.022139906883239746e-01 2.462258636951446533e-01 8.494572043418884277e-01 8.712093234062194824e-01 8.182151317596435547e-01 3.680261969566345215e-01
5.857499837875366211e-01 5.264999866485595703e-01 9.624999761581420898e-02 1.667499989271163940e-01 6.437500119209289551e-01 8.047500252723693848e-01 5.684848427772521973e-01 4.806167483329772949e-01 2.559940516948699951e-01 1.425856947898864746e-01 6.610443592071533203e-01 7.203369736671447754e-01
6.227499842643737793e-01 5.504999756813049316e-01 9.182500243186950684e-01 2.882499992847442627e-01 4.312500059604644775e-01 7.077500224113464355e-01 5.937116146087646484e-01 3.589193820953369141e-01 7.407269477844238281e-01 2.284860610961914062e-01 4.542618691921234131e-01 3.469132781028747559e-01
8.474999666213989258e-02 4.178333282470703125e-01 2.502500116825103760e-01 3.462499976158142090e-01 1.792500019073486328e-01 7.874999940395355225e-02 9.687010198831558228e-02 5.833069682121276855e-01 5.702187418937683105e-01 3.458048105239868164e-01 1.246112808585166931e-01 3.632883429527282715e-01
7.737500071525573730e-01 4.474999904632568359e-01 6.207500100135803223e-01 8.602499961853027344e-01 5.787500143051147461e-01 4.107500016689300537e-01 8.073211908340454102e-01 5.373137593269348145e-01 5.907797217369079590e-01 8.475755453109741211e-01 6.025593876838684082e-01 4.504631757736206055e-01
1.775000058114528656e-02 2.228333353996276855e-01 6.617500185966491699e-01 5.175000056624412537e-02 1.687500029802322388e-01 7.302500009536743164e-01 4.808695521205663681e-03 1.980044394731521606e-01 7.611485123634338379e-01 1.610633134841918945e-01 2.920352667570114136e-02 6.255818605422973633e-01
6.202499866485595703e-01 6.754999756813049316e-01 3.052499890327453613e-01 7.287499904632568359e-01 2.812500000000000000e-01 8.947499990463256836e-01 5.437785387039184570e-01 7.046958804130554199e-01 4.260828197002410889e-01 5.547646284103393555e-01 2.772446572780609131e-01 3.945094645023345947e-01
9.547500014305114746e-01 3.425000011920928955e-01 2.362499982118606567e-01 2.532500028610229492e-01 3.957499861717224121e-01 3.624999895691871643e-02 9.147778749465942383e-01 5.134019851684570312e-01 4.723367989063262939e-01 1.649108827114105225e-01 4.551514089107513428e-01 5.135827064514160156e-01
4.982500076293945312e-01 3.598333299160003662e-01 6.932500004768371582e-01 8.737499713897705078e-01 3.422499895095825195e-01 8.537499904632568359e-01 4.660111963748931885e-01 3.831250965595245361e-01 6.894361376762390137e-01 6.923514604568481445e-01 3.892926871776580811e-01 4.266757667064666748e-01
2.172500044107437134e-01 6.765000224113464355e-01 9.674999862909317017e-02 9.392499923706054688e-01 9.047499895095825195e-01 6.832500100135803223e-01 2.206036150455474854e-01 7.309827208518981934e-01 2.906037271022796631e-01 9.172891974449157715e-01 9.951134324073791504e-01 5.787334442138671875e-01
7.262499928474426270e-01 3.008333444595336914e-01 2.924999967217445374e-02 6.517500281333923340e-01 3.974999859929084778e-02 5.482500195503234863e-01 7.972322106361389160e-01 3.565553426742553711e-01 1.213581860065460205e-01 5.118451118469238281e-01 3.485973551869392395e-02 7.050153613090515137e-01
2.562499940395355225e-01 6.324999928474426270e-01 7.047500014305114746e-01 3.497500121593475342e-01 2.192499935626983643e-01 1.677500009536743164e-01 2.719312906265258789e-01 5.812365412712097168e-01 6.370702981948852539e-01 3.907686769962310791e-01 2.235839366912841797e-01 3.578115403652191162e-01
3.402499854564666748e-01 7.441666722297668457e-01 1.987500041723251343e-01 1.917500048875808716e-01 2.012500017881393433e-01 2.897500097751617432e-01 3.480961024761199951e-01 7.310685515403747559e-01 3.102093338966369629e-01 2.139752358198165894e-01 2.100671231746673584e-01 3.766054511070251465e-01
8.162500262260437012e-01 6.061666607856750488e-01 4.707500040531158447e-01 2.437500059604644775e-01 1.947499960660934448e-01 3.232499957084655762e-01 8.509759902954101562e-01 5.390287637710571289e-01 3.883441388607025146e-01 1.909805238246917725e-01 1.979207694530487061e-01 5.193132758140563965e-01
5.237500071525573730e-01 5.421666502952575684e-01 4.572499990463256836e-01 7.225000113248825073e-02 6.075000017881393433e-02 4.832499921321868896e-01 4.713340997695922852e-01 4.302906692028045654e-01 3.011052906513214111e-01 1.014999449253082275e-01 4.917356371879577637e-02 5.386245846748352051e-01
3.097499907016754150e-01 5.391666889190673828e-01 8.897500038146972656e-01 1.025000028312206268e-02 7.647500038146972656e-01 5.742499828338623047e-01 3.817712664604187012e-01 4.090461134910583496e-01 4.528690874576568604e-01 2.299537509679794312e-01 7.851017713546752930e-01 6.320948004722595215e-01
3.567500114440917969e-01 3.388333320617675781e-01 5.867499709129333496e-01 6.472499966621398926e-01 5.577499866485595703e-01 3.337500095367431641e-01 3.908772170543670654e-01 3.853448629379272461e-01 6.646242737770080566e-01 6.039940118789672852e-01 5.798456072807312012e-01 4.245835840702056885e-01
3.424999862909317017e-02 4.754999876022338867e-01 7.697499990463256836e-01 2.577500045299530029e-01 8.107500076293945312e-01 5.792499780654907227e-01 3.091041557490825653e-02 5.467180013656616211e-01 8.077199459075927734e-01 3.748085200786590576e-01 7.722102999687194824e-01 4.554817974567413330e-01
7.137500047683715820e-01 4.058333337306976318e-01 9.047499895095825195e-01 5.977500081062316895e-01 2.067500054836273193e-01 6.487500071525573730e-01 7.905473709106445312e-01 2.540088593959808350e-01 6.935734748840332031e-01 4.590247869491577148e-01 1.980655789375305176e-01 4.491949677467346191e-01
1.562500000000000000e-01 2.598333358764648438e-01 1.867499947547912598e-01 7.337499856948852539e-01 2.272499948740005493e-01 7.625000178813934326e-02 2.096405476331710815e-01 5.039583444595336914e-01 5.819213986396789551e-01 4.444568455219268799e-01 1.475384086370468140e-01 4.147789180278778076e-01
5.992500185966491699e-01 7.551666498184204102e-01 8.052499890327453613e-01 4.177500009536743164e-01 7.957500219345092773e-01 1.612499952316284180e-01 6.201101541519165039e-01 5.748758316040039062e-01 4.733207225799560547e-01 6.069195270538330078e-01 7.962650656700134277e-01 4.731564521789550781e-01
8.725000172853469849e-02 5.738333463668823242e-01 8.117499947547912598e-01 8.967499732971191406e-01 4.697499871253967285e-01 8.602499961853027344e-01 3.871868550777435303e-02 5.081961750984191895e-01 7.446045875549316406e-01 7.549933195114135742e-01 4.622662961483001709e-01 5.586282014846801758e-01
7.037500143051147461e-01 2.081666737794876099e-01 5.124999955296516418e-02 8.377500176429748535e-01 9.057499766349792480e-01 5.697500109672546387e-01 6.246059536933898926e-01 3.231842219829559326e-01 4.158596694469451904e-01 6.630423069000244141e-01 8.574761152267456055e-01 4.962199330329895020e-01
7.152500152587890625e-01 2.968333363533020020e-01 3.749999916180968285e-03 2.847500145435333252e-01 3.277499973773956299e-01 7.597500085830688477e-01 7.684752345085144043e-01 3.886452615261077881e-01 1.524058878421783447e-01 5.885425955057144165e-02 3.384952843189239502e-01 8.299987912178039551e-01
5.137500166893005371e-01 6.348333358764648438e-01 5.807499885559082031e-01 9.202499985694885254e-01 1.557500064373016357e-01 5.582500100135803223e-01 5.107780694961547852e-01 4.258709251880645752e-01 5.446531176567077637e-01 7.198072075843811035e-01 1.899706274271011353e-01 4.960382580757141113e-01
6.597499847412109375e-01 2.834999859333038330e-01 8.867499828338623047e-01 8.802499771118164062e-01 9.377499818801879883e-01 3.167499899864196777e-01 6.134475469589233398e-01 3.025886714458465576e-01 7.988340258598327637e-01 9.388552904129028320e-01 9.180406332015991211e-01 4.087760746479034424e-01
3.557499945163726807e-01 4.548333287239074707e-01 2.712500095367431641e-01 3.907499909400939941e-01 8.172500133514404297e-01 9.425000101327896118e-02 4.651048183441162109e-01 5.122913122177124023e-01 3.324447870254516602e-01 3.716701269149780273e-01 7.934547066688537598e-01 6.125054955482482910e-01
1.992499977350234985e-01 3.591666519641876221e-01 9.657499790191650391e-01 3.250000067055225372e-03 8.375000208616256714e-02 1.747500002384185791e-01 1.455238610506057739e-01 2.192561924457550049e-01 6.445168256759643555e-01 6.218266859650611877e-02 4.652931168675422668e-02 4.331228733062744141e-01
6.287500262260437012e-01 3.498333394527435303e-01 2.857500016689300537e-01 3.732500076293945312e-01 4.812499880790710449e-01 6.352499723434448242e-01 5.390763282775878906e-01 5.624928474426269531e-01 5.432489514350891113e-01 4.026566147804260254e-01 4.798354506492614746e-01 4.306452274322509766e-01
2.367500066757202148e-01 5.378333330154418945e-01 3.197500109672546387e-01 2.102500051259994507e-01 3.602499961853027344e-01 9.782500267028808594e-01 2.059081494808197021e-01 4.023311734199523926e-01 1.468400359153747559e-01 1.278414875268936157e-01 3.661859333515167236e-01 8.533286452293395996e-01
3.167499899864196777e-01 7.714999914169311523e-01 3.377499878406524658e-01 3.597500026226043701e-01 8.707500100135803223e-01 7.347499728202819824e-01 4.275047779083251953e-01 6.626375317573547363e-01 2.516643106937408447e-01 9.649990499019622803e-02 9.662707448005676270e-01 7.728394865989685059e-01
6.424999982118606567e-02 3.221666812896728516e-01 1.432500034570693970e-01 9.674999862909317017e-02 7.162500023841857910e-01 4.102500081062316895e-01 1.011181101202964783e-01 7.072094678878784180e-01 3.132254481315612793e-01 1.863671094179153442e-01 6.161081194877624512e-01 6.609084010124206543e-01
4.174999892711639404e-02 7.754999995231628418e-01 2.872500121593475342e-01 9.377499818801879883e-01 2.587499916553497314e-01 1.472499966621398926e-01 3.489128127694129944e-02 7.935594916343688965e-01 3.568165004253387451e-01 9.117799401283264160e-01 2.882955670356750488e-01 3.957705497741699219e-01
2.225000038743019104e-02 6.468333601951599121e-01 7.072499990463256836e-01 3.307499885559082031e-01 7.882500290870666504e-01 4.342499971389770508e-01 2.399155125021934509e-02 6.325876116752624512e-01 7.392804622650146484e-01 3.100069463253021240e-01 9.912871718406677246e-01 5.424754619598388672e-01
9.197499752044677734e-01 7.251666784286499023e-01 5.852500200271606445e-01 9.272500276565551758e-01 1.032499969005584717e-01 7.707499861717224121e-01 9.386721849441528320e-01 4.796772301197052002e-01 3.897680342197418213e-01 9.033749699592590332e-01 1.030899882316589355e-01 6.057170629501342773e-01
4.962500035762786865e-01 5.658333301544189453e-01 8.657500147819519043e-01 8.772500157356262207e-01 2.282499969005584717e-01 8.112499713897705078e-01 4.940179884433746338e-01 4.733327925205230713e-01 6.705539822578430176e-01 7.626999616622924805e-01 2.540352046489715576e-01 4.791921675205230713e-01
8.177499771118164062e-01 5.158333182334899902e-01 9.177500009536743164e-01 6.962500214576721191e-01 9.737499952316284180e-01 9.702500104904174805e-01 7.640949487686157227e-01 4.374484717845916748e-01 6.696644425392150879e-01 7.803952097892761230e-01 9.517098665237426758e-01 4.838227629661560059e-01
8.997499942779541016e-01 3.171666562557220459e-01 7.972499728202819824e-01 1.452499926090240479e-01 7.557500004768371582e-01 7.992500066757202148e-01 8.555638194084167480e-01 4.228434264659881592e-01 5.843303799629211426e-01 2.565065324306488037e-01 7.466250061988830566e-01 4.734405875205993652e-01
6.862499713897705078e-01 1.848333328962326050e-01 1.072499975562095642e-01 1.247500032186508179e-01 1.492500007152557373e-01 7.677500247955322266e-01 7.022013068199157715e-01 2.833389341831207275e-01 1.513326019048690796e-01 8.156434446573257446e-02 1.101020127534866333e-01 8.034069538116455078e-01
4.032500088214874268e-01 2.255000025033950806e-01 6.592500209808349609e-01 9.312499761581420898e-01 5.867499709129333496e-01 9.574999660253524780e-02 4.373636245727539062e-01 3.715015947818756104e-01 7.753182053565979004e-01 8.345050811767578125e-01 5.810298323631286621e-01 3.935101628303527832e-01
5.707499980926513672e-01 2.768333256244659424e-01 2.472500056028366089e-01 4.202499985694885254e-01 6.162499785423278809e-01 5.925000086426734924e-02 5.591269135475158691e-01 5.161950588226318359e-01 5.830694437026977539e-01 3.802609443664550781e-01 5.716314315795898438e-01 4.430124759674072266e-01
1.502500027418136597e-01 6.945000290870666504e-01 7.067499756813049316e-01 2.177499979734420776e-01 9.425000101327896118e-02 7.327499985694885254e-01 1.116245090961456299e-01 5.636298656463623047e-01 5.276481509208679199e-01 2.966294884681701660e-01 1.474416702985763550e-01 3.932670652866363525e-01
4.422500133514404297e-01 1.764999926090240479e-01 4.402500092983245850e-01 1.772499978542327881e-01 7.625000178813934326e-02 4.262500107288360596e-01 4.229877293109893799e-01 1.621149033308029175e-01 5.098592638969421387e-01 8.491724729537963867e-02 4.198114201426506042e-02 4.839034676551818848e-01
4.192500114440917969e-01 8.331666588783264160e-01 2.402500063180923462e-01 3.272500038146972656e-01 2.727499902248382568e-01 9.457499980926513672e-01 4.406148195266723633e-01 6.670066714286804199e-01 2.095268964767456055e-01 1.904305070638656616e-01 3.031650185585021973e-01 6.202362179756164551e-01
2.542499899864196777e-01 5.245000123977661133e-01 5.952500104904174805e-01 8.477500081062316895e-01 5.725000053644180298e-02 4.232499897480010986e-01 2.346231937408447266e-01 3.846263885498046875e-01 5.978413820266723633e-01 7.667694687843322754e-01 5.844942852854728699e-02 4.588275253772735596e-01
7.067499756813049316e-01 2.685000002384185791e-01 5.397499799728393555e-01 7.762500047683715820e-01 7.002500295639038086e-01 1.207500025629997253e-01 7.173027992248535156e-01 3.916329145431518555e-01 7.073466777801513672e-01 5.965465903282165527e-01 6.837131977081298828e-01 3.895942568778991699e-01
3.762499988079071045e-01 2.175000011920928955e-01 1.457500010728836060e-01 2.972500026226043701e-01 3.892500102519989014e-01 4.632500112056732178e-01 4.643512368202209473e-01 3.962455987930297852e-01 2.555618882179260254e-01 2.732631266117095947e-01 3.723683357238769531e-01 6.748425960540771484e-01
2.517499923706054688e-01 6.198333501815795898e-01 4.977500140666961670e-01 7.227500081062316895e-01 5.952500104904174805e-01 5.182499885559082031e-01 2.484079152345657349e-01 5.413558483123779297e-01 3.915297687053680420e-01 8.244189620018005371e-01 6.388985514640808105e-01 5.262818336486816406e-01
9.192500114440917969e-01 4.514999985694885254e-01 6.262500286102294922e-01 7.275000214576721191e-02 7.157499790191650391e-01 9.662500023841857910e-01 8.702765703201293945e-01 4.703328311443328857e-01 4.141230881214141846e-01 1.761511266231536865e-01 7.326825261116027832e-01 6.411480307579040527e-01
1.197500005364418030e-01 7.655000090599060059e-01 3.937500119209289551e-01 4.627499878406524658e-01 2.425000071525573730e-02 7.352499961853027344e-01 8.758427947759628296e-02 6.243909001350402832e-01 1.778964102268218994e-01 3.297680616378784180e-01 1.139677837491035461e-01 6.147337555885314941e-01
9.992499947547912598e-01 2.108333259820938110e-01 4.542500078678131104e-01 9.667500257492065430e-01 7.722499966621398926e-01 5.147500038146972656e-01 8.978350758552551270e-01 3.222048878669738770e-01 7.495995759963989258e-01 7.804816961288452148e-01 7.696328163146972656e-01 4.074848592281341553e-01
3.617500066757202148e-01 1.958333402872085571e-01 1.767500042915344238e-01 4.187499880790710449e-01 8.402500152587890625e-01 6.582499742507934570e-01 3.518309593200683594e-01 3.631081283092498779e-01 2.479829341173171997e-01 5.755441784858703613e-01 8.129219412803649902e-01 6.632689833641052246e-01
8.477500081062316895e-01 6.428333520889282227e-01 2.902500033378601074e-01 9.562500119209289551e-01 7.402499914169311523e-01 1.697500050067901611e-01 8.566381931304931641e-01 6.816232800483703613e-01 3.885440230369567871e-01 8.792096376419067383e-01 7.377724647521972656e-01 4.364626705646514893e-01
2.087499946355819702e-01 8.308333158493041992e-01 8.952500224113464355e-01 2.347500026226043701e-01 1.957499980926513672e-01 4.662500023841857910e-01 2.173366546630859375e-01 5.954926013946533203e-01 6.164891719818115234e-01 3.119975030422210693e-01 2.578170895576477051e-01 3.563279807567596436e-01
6.132500171661376953e-01 4.048333466053009033e-01 4.632500112056732178e-01 7.622500061988830566e-01 1.612499952316284180e-01 7.892500162124633789e-01 6.294903755187988281e-01 4.880623519420623779e-01 4.931808114051818848e-01 5.917085409164428711e-01 1.314168423414230347e-01 5.003765225410461426e-01
8.425000309944152832e-02 3.655000030994415283e-01 1.875000074505805969e-02 4.672499895095825195e-01 2.232500016689300537e-01 3.777500092983245850e-01 1.033881157636642456e-01 5.929918885231018066e-01 8.134417980909347534e-02 6.761782765388488770e-01 1.395053267478942871e-01 7.017576694488525391e-01
1.782499998807907104e-01 5.178333520889282227e-01 6.672499775886535645e-01 5.974999815225601196e-02 6.962500214576721191e-01 1.482499986886978149e-01 2.436012625694274902e-01 5.028239488601684570e-01 6.208313107490539551e-01 2.116389572620391846e-01 6.877655982971191406e-01 4.662845432758331299e-01
9.942499995231628418e-01 2.911666631698608398e-01 8.725000172853469849e-02 9.897500276565551758e-01 3.057500123977661133e-01 6.042500138282775879e-01 9.326728582382202148e-01 4.140081405639648438e-01 3.306143283843994141e-01 6.790072917938232422e-01 3.861167132854461670e-01 6.169570684432983398e-01
8.942499756813049316e-01 6.038333177566528320e-01 5.497499704360961914e-01 4.132499992847442627e-01 4.922499954700469971e-01 4.357500076293945312e-01 9.028565287590026855e-01 5.125911831855773926e-01 5.525202155113220215e-01 2.728137969970703125e-01 5.641594529151916504e-01 4.619592428207397461e-01
6.677500009536743164e-01 6.388333439826965332e-01 2.257499992847442627e-01 1.757500022649765015e-01 1.952500045299530029e-01 1.592500060796737671e-01 7.154485583305358887e-01 6.959611773490905762e-01 2.710745632648468018e-01 1.761235147714614868e-01 1.869632601737976074e-01 4.654049575328826904e-01
1.967500001192092896e-01 5.351666808128356934e-01 5.907499790191650391e-01 6.075000017881393433e-02 9.127500057220458984e-01 9.517499804496765137e-01 2.148966640233993530e-01 5.696911215782165527e-01 4.290325045585632324e-01 6.044477969408035278e-02 9.960843324661254883e-01 8.563333153724670410e-01
1.117499992251396179e-01 3.808333277702331543e-01 1.052500009536743164e-01 5.272499918937683105e-01 7.074999809265136719e-02 1.727499961853027344e-01 1.553760766983032227e-01 4.901362359523773193e-01 2.807988822460174561e-01 5.988847017288208008e-01 3.144448995590209961e-02 4.384697079658508301e-01
3.957499861717224121e-01 2.851666808128356934e-01 4.972499907016754150e-01 6.037499904632568359e-01 7.942500114440917969e-01 1.222499981522560120e-01 4.403885900974273682e-01 4.099776744842529297e-01 5.551826953887939453e-01 7.349293231964111328e-01 7.731084227561950684e-01 4.655574560165405273e-01
5.147500038146972656e-01 7.461666464805603027e-01 4.427500069141387939e-01 2.087499946355819702e-01 4.997499883174896240e-01 3.462499976158142090e-01 4.938974976539611816e-01 6.931495666503906250e-01 4.344034194946289062e-01 3.394849598407745361e-01 4.920963943004608154e-01 3.859411180019378662e-01
1.617500036954879761e-01 3.955000042915344238e-01 7.982500195503234863e-01 6.612499952316284180e-01 5.727499723434448242e-01 7.487499713897705078e-01 1.042732596397399902e-01 3.629133999347686768e-01 7.212657928466796875e-01 8.353290557861328125e-01 5.997813940048217773e-01 5.903485417366027832e-01
5.182499885559082031e-01 2.278333306312561035e-01 1.567499935626983643e-01 8.647500276565551758e-01 6.932500004768371582e-01 1.417499929666519165e-01 5.848954319953918457e-01 2.906180322170257568e-01 3.405843079090118408e-01 6.655237674713134766e-01 7.072648406028747559e-01 5.214334726333618164e-01
8.012499809265136719e-01 2.465000003576278687e-01 1.237500011920928955e-01 8.877500295639038086e-01 9.302499890327453613e-01 4.457499980926513672e-01 7.122585177421569824e-01 5.698826909065246582e-01 5.145333409309387207e-01 8.720977306365966797e-01 8.655532598495483398e-01 4.770995080471038818e-01
5.567499995231628418e-01 4.368333220481872559e-01 8.874999731779098511e-02 9.472500085830688477e-01 8.372499942779541016e-01 5.387499928474426270e-01 5.602149367332458496e-01 6.015246510505676270e-01 2.810507714748382568e-01 9.220970273017883301e-01 8.160141706466674805e-01 5.108708739280700684e-01
5.922499895095825195e-01 3.555000126361846924e-01 8.552500009536743164e-01 7.402499914169311523e-01 2.752499878406524658e-01 4.337500035762786865e-01 6.498002409934997559e-01 3.075003623962402344e-01 7.202937602996826172e-01 6.370989084243774414e-01 3.067400455474853516e-01 4.357077777385711670e-01
3.842499852180480957e-01 7.928333282470703125e-01 6.317499876022338867e-01 7.692499756813049316e-01 8.192499876022338867e-01 7.407500147819519043e-01 4.248017668724060059e-01 5.974494218826293945e-01 5.043565630912780762e-01 6.611231565475463867e-01 8.543309569358825684e-01 4.573523104190826416e-01
4.147500097751617432e-01 2.754999995231628418e-01 9.357500076293945312e-01 5.447499752044677734e-01 4.547500014305114746e-01 2.727499902248382568e-01 4.271525442600250244e-01 2.808264791965484619e-01 8.675626516342163086e-01 4.011620283126831055e-01 4.616358280181884766e-01 2.787134647369384766e-01
