2.291425019502639771e-01 7.988243103027343750e-01 8.099225163459777832e-01 7.555599808692932129e-01 9.395350217819213867e-01 5.867105126380920410e-01 2.200309932231903076e-01 1.837590336799621582e-01 5.550554990768432617e-01 5.851184725761413574e-01 6.844319105148315430e-01 9.570619463920593262e-01 4.853312373161315918e-01 2.941439151763916016e-01
4.891099929809570312e-01 5.454931855201721191e-01 4.661380052566528320e-01 7.929674983024597168e-01 1.037275046110153198e-02 6.028006076812744141e-01 3.721086680889129639e-01 4.213835597038269043e-01 5.077170133590698242e-01 5.610679984092712402e-01 6.244025230407714844e-01 4.943584650754928589e-02 4.348208904266357422e-01 5.542072057723999023e-01
1.382649987936019897e-01 4.242379963397979736e-01 3.870057463645935059e-01 2.739222645759582520e-01 1.535300016403198242e-01 8.454275727272033691e-01 6.823347806930541992e-01 1.382717043161392212e-01 5.248929858207702637e-01 5.262632369995117188e-01 3.485654890537261963e-01 1.490241140127182007e-01 6.106652617454528809e-01 4.319092035293579102e-01
3.825249895453453064e-02 2.844470143318176270e-01 6.388379931449890137e-01 3.223335146903991699e-01 7.256242632865905762e-01 3.368747532367706299e-01 6.635733246803283691e-01 3.080533072352409363e-02 3.461031317710876465e-01 7.837504744529724121e-01 5.908011198043823242e-01 6.506643295288085938e-01 5.011884570121765137e-01 4.640861153602600098e-01
4.709349870681762695e-01 3.548451662063598633e-01 7.789080142974853516e-01 1.375962495803833008e-01 1.834249943494796753e-01 8.134646415710449219e-01 4.403123259544372559e-01 4.910680949687957764e-01 3.374154269695281982e-01 6.117677092552185059e-01 1.758050769567489624e-01 2.176916450262069702e-01 6.486424207687377930e-01 4.556368589401245117e-01
7.612250000238418579e-02 6.363673210144042969e-01 3.854382634162902832e-01 1.954012513160705566e-01 8.093104958534240723e-01 5.679041147232055664e-01 5.694033205509185791e-02 6.896267831325531006e-02 5.735059380531311035e-01 4.669564962387084961e-01 2.690584361553192139e-01 9.215095043182373047e-01 6.231760978698730469e-01 2.751418650150299072e-01
4.026250168681144714e-02 7.954681515693664551e-01 8.151177763938903809e-01 1.905857473611831665e-01 7.008910179138183594e-01 9.428991675376892090e-01 9.972299635410308838e-02 5.486721917986869812e-02 5.892998576164245605e-01 5.905054211616516113e-01 4.448667541146278381e-02 7.933495044708251953e-01 8.759810328483581543e-01 8.934503793716430664e-02
9.115700125694274902e-01 2.014214992523193359e-01 1.227905005216598511e-01 1.231812536716461182e-01 8.804874867200851440e-02 3.731257617473602295e-01 8.967713117599487305e-01 8.259912729263305664e-01 3.585806190967559814e-01 2.424657195806503296e-01 3.825339972972869873e-01 4.247207567095756531e-02 6.129686832427978516e-01 7.921488881111145020e-01
1.640650033950805664e-01 2.728306651115417480e-01 5.832762718200683594e-01 5.042325258255004883e-01 4.812425076961517334e-01 8.335813879966735840e-02 5.751573443412780762e-01 2.477990388870239258e-01 4.320544302463531494e-01 6.994315981864929199e-01 5.136368870735168457e-01 4.518963396549224854e-01 4.522511661052703857e-01 4.137799441814422607e-01
1.988250017166137695e-02 6.619135141372680664e-01 8.983749747276306152e-01 4.854847490787506104e-01 7.887985110282897949e-01 8.180000782012939453e-01 7.332437634468078613e-01 3.753326088190078735e-02 5.519868135452270508e-01 5.065425038337707520e-01 3.970775604248046875e-01 8.972142934799194336e-01 6.116347312927246094e-01 3.381883502006530762e-01
5.745649933815002441e-01 1.831691712141036987e-01 6.563194990158081055e-01 8.714874982833862305e-01 6.856409907341003418e-01 2.989600896835327148e-01 8.851518630981445312e-01 5.226631760597229004e-01 3.683778643608093262e-01 7.474714517593383789e-01 8.439471721649169922e-01 6.375397443771362305e-01 3.948009908199310303e-01 4.658594429492950439e-01
3.307375013828277588e-01 3.269171714782714844e-01 2.206532508134841919e-01 5.232500261627137661e-04 1.193580031394958496e-01 7.583325505256652832e-01 3.585340082645416260e-01 4.005342125892639160e-01 4.124775826930999756e-01 2.721786201000213623e-01 1.111029163002967834e-01 1.619373559951782227e-01 7.254061102867126465e-01 5.096226334571838379e-01
8.288250118494033813e-02 7.698554992675781250e-01 8.580407500267028809e-01 9.049124717712402344e-01 3.087849915027618408e-02 7.982417941093444824e-01 7.089091539382934570e-01 6.531581282615661621e-02 5.515983700752258301e-01 5.361268520355224609e-01 6.397628784179687500e-01 1.362303644418716431e-01 4.971348643302917480e-01 5.196361541748046875e-01
2.656599879264831543e-01 7.706983089447021484e-01 3.846769928932189941e-01 2.513934969902038574e-01 5.829137563705444336e-01 2.549786865711212158e-01 9.400420188903808594e-01 3.275137245655059814e-01 5.806419849395751953e-01 1.454231292009353638e-01 4.440476894378662109e-01 5.036090612411499023e-01 5.384207963943481445e-01 6.238119006156921387e-01
6.806275248527526855e-01 6.559263467788696289e-01 7.233687639236450195e-01 5.689550042152404785e-01 3.091317415237426758e-01 4.911198019981384277e-01 1.333433296531438828e-02 7.515980005264282227e-01 5.158427357673645020e-01 6.322378516197204590e-01 3.950185775756835938e-01 3.676872551441192627e-01 4.464367926120758057e-01 3.680300414562225342e-01
3.870750069618225098e-01 3.357258439064025879e-01 8.364717364311218262e-01 7.109050154685974121e-01 2.765842378139495850e-01 1.620801985263824463e-01 7.706966996192932129e-02 3.761749565601348877e-01 3.349840342998504639e-01 7.656250000000000000e-01 5.815611481666564941e-01 3.642048537731170654e-01 4.577868878841400146e-01 4.647036492824554443e-01
8.015725016593933105e-01 5.923038125038146973e-01 7.747370004653930664e-01 5.414500087499618530e-02 3.919857442378997803e-01 7.450779676437377930e-01 2.157640010118484497e-01 7.894593477249145508e-01 5.303274989128112793e-01 4.847803413867950439e-01 2.337425351142883301e-01 4.575363099575042725e-01 5.063827037811279297e-01 3.777106106281280518e-01
3.520975112915039062e-01 3.082848191261291504e-01 7.619307637214660645e-01 2.474567443132400513e-01 8.176295161247253418e-01 9.469219446182250977e-01 7.358211278915405273e-01 3.261320590972900391e-01 3.347854614257812500e-01 5.780810713768005371e-01 5.282955765724182129e-01 7.664064168930053711e-01 5.512239933013916016e-01 5.032079219818115234e-01
3.401150107383728027e-01 4.098608195781707764e-01 8.265535235404968262e-01 2.340075001120567322e-02 8.499457240104675293e-01 5.403444170951843262e-01 9.904894232749938965e-01 3.433925211429595947e-01 3.449373245239257812e-01 4.570088684558868408e-01 2.605887055397033691e-01 6.262258887290954590e-01 5.701667666435241699e-01 5.318200588226318359e-01
9.970824718475341797e-01 3.792193233966827393e-01 8.835369944572448730e-01 6.201500073075294495e-02 9.941319823265075684e-01 6.856448650360107422e-01 4.570056796073913574e-01 8.325991630554199219e-01 3.647578656673431396e-01 6.659561991691589355e-01 4.083615839481353760e-01 8.914449810981750488e-01 5.608735084533691406e-01 2.531148493289947510e-01
8.076450228691101074e-01 2.748398184776306152e-01 8.101195096969604492e-01 1.942099928855895996e-01 5.029797554016113281e-01 6.637082099914550781e-01 6.374236941337585449e-01 8.123525381088256836e-01 4.041397571563720703e-01 6.175527572631835938e-01 3.954882919788360596e-01 5.332285761833190918e-01 5.040340423583984375e-01 4.352565109729766846e-01
3.104799985885620117e-01 7.479196786880493164e-01 7.965440154075622559e-01 6.848474740982055664e-01 3.328649997711181641e-01 3.916097879409790039e-01 4.102066531777381897e-02 3.646543025970458984e-01 5.673274397850036621e-01 5.603623986244201660e-01 6.466121673583984375e-01 4.186554253101348877e-01 3.652284443378448486e-01 4.410684108734130859e-01
9.423925280570983887e-01 7.337131500244140625e-01 4.884625077247619629e-01 9.180124998092651367e-01 4.536060094833374023e-01 6.236575543880462646e-03 2.140016704797744751e-01 9.650726318359375000e-01 6.881951093673706055e-01 4.962204098701477051e-01 7.592288255691528320e-01 5.388584136962890625e-01 2.380988150835037231e-01 4.675706326961517334e-01
2.768650054931640625e-01 3.343124985694885254e-01 1.403087526559829712e-01 9.292724728584289551e-01 6.357747316360473633e-01 5.279412865638732910e-01 7.147667407989501953e-01 3.559834063053131104e-01 5.068035125732421875e-01 2.319667786359786987e-01 8.117304444313049316e-01 6.705372929573059082e-01 4.611721932888031006e-01 7.174210548400878906e-01
7.266225218772888184e-01 2.745763361454010010e-01 5.135664939880371094e-01 8.061174750328063965e-01 9.611989855766296387e-01 5.417202115058898926e-01 2.644590139389038086e-01 7.472022771835327148e-01 3.136315643787384033e-01 7.057514190673828125e-01 6.287555098533630371e-01 9.084137678146362305e-01 5.676110982894897461e-01 3.000588119029998779e-01
2.262825071811676025e-01 3.520023226737976074e-01 2.302384972572326660e-01 2.541489899158477783e-01 6.097245216369628906e-01 9.378677010536193848e-01 1.245416700839996338e-01 2.600119411945343018e-01 4.593864679336547852e-01 4.323933720588684082e-01 1.659426391124725342e-01 5.728290081024169922e-01 6.332749128341674805e-01 3.871269822120666504e-01
3.237150013446807861e-01 7.159793376922607422e-01 1.005389988422393799e-01 6.957774758338928223e-01 1.091347485780715942e-01 4.382783770561218262e-01 9.614337086677551270e-01 2.954803407192230225e-01 6.601818799972534180e-01 1.232187151908874512e-01 7.910193800926208496e-01 7.206758111715316772e-02 4.457684457302093506e-01 7.467281222343444824e-01
7.809500098228454590e-01 5.252936482429504395e-01 8.591882586479187012e-01 8.087325096130371094e-01 9.970407485961914062e-01 2.341383844614028931e-01 6.756131649017333984e-01 8.079613447189331055e-01 5.648293495178222656e-01 6.404358148574829102e-01 8.671475648880004883e-01 8.967996835708618164e-01 3.216362893581390381e-01 3.352970182895660400e-01
4.019599854946136475e-01 4.681201577186584473e-01 5.185887217521667480e-01 3.967222571372985840e-01 2.856342494487762451e-01 2.351643443107604980e-01 5.484333261847496033e-02 4.298923313617706299e-01 5.694864988327026367e-01 6.070122122764587402e-01 5.205711126327514648e-01 3.168428540229797363e-01 3.875676095485687256e-01 3.778972923755645752e-01
3.022249974310398102e-02 8.012443184852600098e-01 2.762752473354339600e-01 9.072750210762023926e-01 8.655869960784912109e-01 2.819007039070129395e-01 8.110892772674560547e-01 3.791364654898643494e-02 7.900252342224121094e-01 2.825815975666046143e-01 7.243550419807434082e-01 9.130427837371826172e-01 3.377265036106109619e-01 4.212546050548553467e-01
8.526775240898132324e-01 5.115010142326354980e-01 3.768150135874748230e-02 8.213700056076049805e-01 6.952049732208251953e-01 1.856072694063186646e-01 3.137840032577514648e-01 8.762769699096679688e-01 5.442661643028259277e-01 2.359633296728134155e-01 5.728337168693542480e-01 7.672156095504760742e-01 4.440434575080871582e-01 5.964999794960021973e-01
5.246300101280212402e-01 7.891093492507934570e-01 6.284675002098083496e-01 3.088797628879547119e-01 1.713967472314834595e-01 8.540242314338684082e-01 3.292213380336761475e-01 5.340427160263061523e-01 5.879176855087280273e-01 4.652952551841735840e-01 2.703036963939666748e-01 1.991819292306900024e-01 5.437963604927062988e-01 3.860945403575897217e-01
9.314125180244445801e-01 2.637443244457244873e-01 5.814767479896545410e-01 2.277624979615211487e-02 8.870834708213806152e-01 3.887223303318023682e-01 6.581820249557495117e-01 7.985705137252807617e-01 3.371880948543548584e-01 4.642959237098693848e-01 3.850553035736083984e-01 8.204457163810729980e-01 5.650782585144042969e-01 4.678025841712951660e-01
9.378799796104431152e-01 2.468235045671463013e-01 8.417827486991882324e-01 2.632252573966979980e-01 5.194742679595947266e-01 5.607881546020507812e-01 8.390653729438781738e-01 8.919864296913146973e-01 3.910156190395355225e-01 6.648243069648742676e-01 5.379016995429992676e-01 4.742502570152282715e-01 4.689391255378723145e-01 4.897331595420837402e-01
1.477124989032745361e-01 7.612910270690917969e-01 7.669077515602111816e-01 8.615375310182571411e-02 2.658597528934478760e-01 6.681354641914367676e-01 5.808043479919433594e-01 1.535860151052474976e-01 5.126825571060180664e-01 5.233659148216247559e-01 2.590430378913879395e-01 3.037158846855163574e-01 6.224505305290222168e-01 3.975678384304046631e-01
4.651749879121780396e-02 7.589908242225646973e-01 3.930207490921020508e-01 1.136192530393600464e-01 9.063389897346496582e-01 3.170475661754608154e-01 4.703536629676818848e-01 5.068776756525039673e-02 6.653921008110046387e-01 4.319918453693389893e-01 3.384059071540832520e-01 9.532542824745178223e-01 5.926257371902465820e-01 2.263599932193756104e-01
1.979175060987472534e-01 6.752796769142150879e-01 4.547674953937530518e-02 7.874624729156494141e-01 5.690722465515136719e-01 2.273631244897842407e-01 9.522694349288940430e-01 2.041133642196655273e-01 7.089802622795104980e-01 8.001533150672912598e-02 8.467071652412414551e-01 5.492132306098937988e-01 3.509277105331420898e-01 7.690573930740356445e-01
3.923675119876861572e-01 5.075591802597045898e-01 7.471457719802856445e-01 5.862674713134765625e-01 5.657017230987548828e-01 2.904629409313201904e-01 4.223130047321319580e-01 4.928981065750122070e-01 3.807558119297027588e-01 5.746866464614868164e-01 4.976371526718139648e-01 6.359539628028869629e-01 5.157426595687866211e-01 4.811278283596038818e-01
5.235400199890136719e-01 1.799228340387344360e-01 2.585499882698059082e-01 4.634810090065002441e-01 3.276025131344795227e-02 5.215286612510681152e-01 3.986496627330780029e-01 4.208795726299285889e-01 3.307244479656219482e-01 5.793683528900146484e-01 4.937473237514495850e-01 4.713227972388267517e-02 5.670445561408996582e-01 6.494839191436767578e-01
6.573550105094909668e-01 3.867893218994140625e-01 5.973952412605285645e-01 1.390857547521591187e-01 2.904852628707885742e-01 8.112040162086486816e-01 6.816638708114624023e-01 6.478660702705383301e-01 3.845390677452087402e-01 5.877286195755004883e-01 2.071252614259719849e-01 3.271455168724060059e-01 5.982381701469421387e-01 4.364193677902221680e-01
6.267899870872497559e-01 7.339239716529846191e-01 7.689437270164489746e-01 3.005647361278533936e-01 9.013969898223876953e-01 5.489408373832702637e-01 4.495436549186706543e-01 6.068626642227172852e-01 5.735613107681274414e-01 3.889897763729095459e-01 5.472075343132019043e-01 8.787286281585693359e-01 4.314230084419250488e-01 4.087346196174621582e-01
6.872249841690063477e-01 8.315606713294982910e-01 4.650804996490478516e-01 8.842549920082092285e-01 9.784927368164062500e-01 4.295774698257446289e-01 2.765719890594482422e-01 6.665282845497131348e-01 6.392320394515991211e-01 5.101577043533325195e-01 7.477858662605285645e-01 9.158205986022949219e-01 3.411083221435546875e-01 3.257611095905303955e-01
2.817200124263763428e-01 2.428318262100219727e-01 6.349735260009765625e-01 5.497174859046936035e-01 5.123487710952758789e-01 2.889033406972885132e-02 4.576143324375152588e-01 3.001953363418579102e-01 3.215574324131011963e-01 7.219927906990051270e-01 4.930689632892608643e-01 5.597611069679260254e-01 5.087584257125854492e-01 4.562115371227264404e-01
5.701324939727783203e-01 5.879386663436889648e-01 9.124447703361511230e-01 4.478504955768585205e-01 5.956705212593078613e-01 5.426297187805175781e-01 6.436336636543273926e-01 5.831306576728820801e-01 4.510154724121093750e-01 5.826022028923034668e-01 5.595487356185913086e-01 6.263481378555297852e-01 4.677970707416534424e-01 4.357025921344757080e-01
1.802050024271011353e-01 4.150078296661376953e-01 3.737749904394149780e-02 1.352314949035644531e-01 7.568194866180419922e-01 6.386690586805343628e-02 7.936084270477294922e-01 2.737461924552917480e-01 5.733346343040466309e-01 2.637512385845184326e-01 3.102384805679321289e-01 6.676341295242309570e-01 5.396385788917541504e-01 4.743201434612274170e-01
7.805600166320800781e-01 3.048731684684753418e-01 2.625592648983001709e-01 6.585775017738342285e-01 1.974067538976669312e-01 8.314639329910278320e-01 7.302883267402648926e-01 7.698384523391723633e-01 3.894571661949157715e-01 5.265707969665527344e-01 3.458356261253356934e-01 1.906898617744445801e-01 5.565595626831054688e-01 5.859244465827941895e-01
4.681299924850463867e-01 1.851781606674194336e-01 9.461502432823181152e-01 4.364475011825561523e-01 3.299537599086761475e-01 9.383332133293151855e-01 8.224333524703979492e-01 4.348670542240142822e-01 2.521465420722961426e-01 7.489252686500549316e-01 4.400054514408111572e-01 3.324325382709503174e-01 5.427281260490417480e-01 5.309733152389526367e-01
8.352324962615966797e-01 5.909068584442138672e-01 7.283250093460083008e-01 4.879472553730010986e-01 6.768722534179687500e-01 8.085382580757141113e-01 3.966679871082305908e-01 7.809147238731384277e-01 3.551359474658966064e-01 6.257053613662719727e-01 4.668874144554138184e-01 7.373663783073425293e-01 5.436556339263916016e-01 3.935558497905731201e-01
9.908249974250793457e-02 3.643186688423156738e-01 3.800162374973297119e-01 4.586944878101348877e-01 9.990582466125488281e-01 2.283266633749008179e-01 8.083066344261169434e-02 9.938034415245056152e-02 5.134015679359436035e-01 5.921553373336791992e-01 5.344338417053222656e-01 9.482599496841430664e-01 5.586693286895751953e-01 2.922769784927368164e-01
5.692874789237976074e-01 3.641664981842041016e-01 4.404575005173683167e-02 2.932477593421936035e-01 7.343674898147583008e-01 8.351206779479980469e-01 5.881213545799255371e-01 4.665040075778961182e-01 5.485126972198486328e-01 2.630733251571655273e-01 3.150864541530609131e-01 6.752785444259643555e-01 5.066706538200378418e-01 4.932961165904998779e-01
3.339149951934814453e-01 4.823488295078277588e-01 9.623647332191467285e-01 4.525727629661560059e-01 6.711884737014770508e-01 8.217902779579162598e-01 1.188416630029678345e-01 3.314338624477386475e-01 3.563520312309265137e-01 6.982990503311157227e-01 5.245643854141235352e-01 7.220817208290100098e-01 5.241336226463317871e-01 3.862601518630981445e-01
1.987649947404861450e-01 2.743841707706451416e-01 9.119752645492553711e-01 9.380350112915039062e-01 6.959974765777587891e-01 3.948940336704254150e-01 7.560707330703735352e-01 1.984305530786514282e-01 2.057008892297744751e-01 8.210038542747497559e-01 8.449119925498962402e-01 7.458441257476806641e-01 5.189730525016784668e-01 5.451865792274475098e-01
2.229599952697753906e-01 5.477301478385925293e-01 1.433512568473815918e-01 7.683675289154052734e-01 2.172455042600631714e-01 8.682365417480468750e-01 6.173650026321411133e-01 2.119024097919464111e-01 5.446649193763732910e-01 1.280728429555892944e-01 5.479575991630554199e-01 2.732264995574951172e-01 5.979491472244262695e-01 6.898698806762695312e-01
8.964675068855285645e-01 3.624795079231262207e-01 2.787545025348663330e-01 7.069125175476074219e-01 8.014817237854003906e-01 9.630825519561767578e-01 4.612233340740203857e-01 7.924826741218566895e-01 5.134688019752502441e-01 4.309604763984680176e-01 4.598022401332855225e-01 7.456877827644348145e-01 4.637716114521026611e-01 4.288856089115142822e-01
8.471350073814392090e-01 4.721638262271881104e-01 1.958574950695037842e-01 1.323132514953613281e-01 4.070807397365570068e-01 3.512502014636993408e-01 1.963299959897994995e-01 7.214308977127075195e-01 5.528649091720581055e-01 4.694952070713043213e-01 2.479112595319747925e-01 4.471126794815063477e-01 5.002190470695495605e-01 3.706990480422973633e-01
9.918649792671203613e-01 2.399043291807174683e-01 2.555755078792572021e-01 6.090649962425231934e-01 9.141659736633300781e-01 2.139394879341125488e-01 3.539999946951866150e-03 9.085309505462646484e-01 3.484146893024444580e-01 5.259031653404235840e-01 5.234153866767883301e-01 9.025387167930603027e-01 5.532752275466918945e-01 3.934637904167175293e-01
2.902024984359741211e-01 5.149865150451660156e-01 1.232604980468750000e-01 6.134899854660034180e-01 2.377225011587142944e-01 6.893795132637023926e-01 5.033299922943115234e-01 3.217114806175231934e-01 5.348757505416870117e-01 1.948484033346176147e-01 4.704357981681823730e-01 2.871053218841552734e-01 5.803437829017639160e-01 6.205888986587524414e-01
9.092400074005126953e-01 5.936956405639648438e-01 2.016207426786422729e-01 3.350412547588348389e-01 5.013005137443542480e-01 6.598384678363800049e-02 5.722113251686096191e-01 8.864315748214721680e-01 7.245692610740661621e-01 3.626861870288848877e-01 4.973001480102539062e-01 4.944112300872802734e-01 2.800426185131072998e-01 4.166835248470306396e-01
6.341400146484375000e-01 2.281313389539718628e-01 1.487150043249130249e-02 1.323725003749132156e-02 7.149450182914733887e-01 5.451665520668029785e-01 6.353093385696411133e-01 5.621854662895202637e-01 3.178316354751586914e-01 2.586948275566101074e-01 1.744073480367660522e-01 7.299750447273254395e-01 5.889050960540771484e-01 5.997563004493713379e-01
9.798499941825866699e-02 5.884426832199096680e-01 5.140967369079589844e-01 3.001849949359893799e-01 8.603529930114746094e-01 3.957545459270477295e-01 1.522736698389053345e-01 1.104213595390319824e-01 5.757761001586914062e-01 5.230900645256042480e-01 3.787697255611419678e-01 9.193811416625976562e-01 5.539626479148864746e-01 2.751725018024444580e-01
4.961249977350234985e-02 5.777558088302612305e-01 5.829795002937316895e-01 3.493617475032806396e-01 9.518602490425109863e-01 8.638531565666198730e-01 6.957533210515975952e-02 4.411597549915313721e-02 5.592224001884460449e-01 5.918335318565368652e-01 3.917199075222015381e-01 9.571650624275207520e-01 6.490765213966369629e-01 2.032789438962936401e-01
1.074424982070922852e-01 3.771494925022125244e-01 7.191944718360900879e-01 7.471150159835815430e-01 2.170749939978122711e-02 7.507810741662979126e-02 2.692546546459197998e-01 2.093304693698883057e-01 4.101860821247100830e-01 7.159066796302795410e-01 6.782314777374267578e-01 7.433265447616577148e-02 4.250418841838836670e-01 5.295128226280212402e-01
8.214499950408935547e-01 6.396030187606811523e-01 8.020964860916137695e-01 8.544650077819824219e-01 8.157207369804382324e-01 5.137507319450378418e-01 6.084013581275939941e-01 8.678387999534606934e-01 4.990641772747039795e-01 5.398094654083251953e-01 8.570112586021423340e-01 8.344470858573913574e-01 3.880285024642944336e-01 4.844560325145721436e-01
8.795400261878967285e-01 4.430179893970489502e-01 6.310387253761291504e-01 2.864712476730346680e-01 5.999267697334289551e-01 2.638386785984039307e-01 4.022533446550369263e-02 8.220192790031433105e-01 5.424049496650695801e-01 5.806531906127929688e-01 4.638974666595458984e-01 6.152203083038330078e-01 4.040983319282531738e-01 3.475880920886993408e-01
6.157274842262268066e-01 6.278780102729797363e-01 7.956697344779968262e-01 5.310574769973754883e-01 6.794289946556091309e-01 5.777800083160400391e-01 7.445900142192840576e-02 6.816715598106384277e-01 4.648244678974151611e-01 5.097438097000122070e-01 4.870498180389404297e-01 7.263138294219970703e-01 4.891061186790466309e-01 4.203283488750457764e-01
6.971150040626525879e-01 3.702096641063690186e-01 2.406907528638839722e-01 5.957549810409545898e-01 4.728960096836090088e-01 5.884084105491638184e-01 6.735448837280273438e-01 6.792945265769958496e-01 5.514674186706542969e-01 4.775838255882263184e-01 4.115606546401977539e-01 4.648444950580596924e-01 4.435850381851196289e-01 4.354340732097625732e-01
1.284125000238418579e-01 1.719155013561248779e-01 5.350260138511657715e-01 2.646502554416656494e-01 8.763049840927124023e-01 5.629256367683410645e-01 3.499099984765052795e-02 9.920574724674224854e-02 2.899131774902343750e-01 6.838169097900390625e-01 3.335756361484527588e-01 9.047061204910278320e-01 6.464365124702453613e-01 3.480645716190338135e-01
6.945325136184692383e-01 2.884384989738464355e-01 8.377732634544372559e-01 6.146925091743469238e-01 7.425462603569030762e-01 8.704830408096313477e-01 3.987466543912887573e-02 7.189022302627563477e-01 2.660526037216186523e-01 7.301711440086364746e-01 5.270578861236572266e-01 7.977424263954162598e-01 5.751299858093261719e-01 3.592890799045562744e-01
6.716700196266174316e-01 3.031946718692779541e-01 4.493922591209411621e-01 1.494902521371841431e-01 5.518347620964050293e-01 5.307163596153259277e-01 3.457366675138473511e-02 6.347593069076538086e-01 4.785599112510681152e-01 5.514422655105590820e-01 2.952337861061096191e-01 5.969948172569274902e-01 5.117090940475463867e-01 3.535922169685363770e-01
2.522799968719482422e-01 6.224631667137145996e-01 8.469499647617340088e-03 3.744035065174102783e-01 6.552180051803588867e-01 2.078589946031570435e-01 1.057523339986801147e-01 2.944394946098327637e-01 7.007164359092712402e-01 1.686234176158905029e-01 5.229789018630981445e-01 7.188191413879394531e-01 3.955020606517791748e-01 5.464732646942138672e-01
8.570424914360046387e-01 2.230241596698760986e-01 8.506785035133361816e-01 1.406340003013610840e-01 6.842997670173645020e-01 6.881133466958999634e-02 5.785366892814636230e-01 8.364560008049011230e-01 3.745972514152526855e-01 6.766096949577331543e-01 4.141461849212646484e-01 6.823818683624267578e-01 5.198657512664794922e-01 3.472162783145904541e-01
9.764050245285034180e-01 7.269231677055358887e-01 2.711445093154907227e-01 3.747839927673339844e-01 6.142227649688720703e-01 8.628149628639221191e-01 3.085440099239349365e-01 8.038603067398071289e-01 6.245514750480651855e-01 3.473300933837890625e-01 3.888257443904876709e-01 6.181615591049194336e-01 3.992319703102111816e-01 4.263030886650085449e-01
2.356700003147125244e-01 5.783045291900634766e-01 5.420337319374084473e-01 6.593250036239624023e-01 6.885660290718078613e-01 7.283633351325988770e-01 1.879143267869949341e-01 2.825336158275604248e-01 5.295448303222656250e-01 5.375194549560546875e-01 4.882180690765380859e-01 6.939392089843750000e-01 4.634039998054504395e-01 4.100867509841918945e-01
5.287899971008300781e-01 6.729981899261474609e-01 9.072967767715454102e-01 8.702225089073181152e-01 9.707217216491699219e-01 4.525095969438552856e-02 5.235880017280578613e-01 4.884732663631439209e-01 5.574010610580444336e-01 6.764665246009826660e-01 8.661349415779113770e-01 8.998122811317443848e-01 3.314016163349151611e-01 3.184261023998260498e-01
6.271250247955322266e-01 1.996716707944869995e-01 8.539312481880187988e-01 7.863399982452392578e-01 3.019177615642547607e-01 6.361659765243530273e-01 9.492045044898986816e-01 6.893075704574584961e-01 2.429625838994979858e-01 7.287676334381103516e-01 6.679306626319885254e-01 2.502320110797882080e-01 5.008354187011718750e-01 6.702647209167480469e-01
4.256824851036071777e-01 2.939333319664001465e-01 1.245462521910667419e-01 2.713499963283538818e-01 7.041749954223632812e-01 4.688818156719207764e-01 8.423999883234500885e-03 4.879863262176513672e-01 3.886390030384063721e-01 2.849196493625640869e-01 2.294363081455230713e-01 7.756586074829101562e-01 5.549862980842590332e-01 5.446054339408874512e-01
3.933550119400024414e-01 7.792611718177795410e-01 2.256225049495697021e-01 4.539837539196014404e-01 9.645607471466064453e-01 5.436675548553466797e-01 9.842261672019958496e-01 3.520535826683044434e-01 6.504628062248229980e-01 1.019134745001792908e-01 4.088970422744750977e-01 7.893822193145751953e-01 4.688566029071807861e-01 6.065887212753295898e-01
4.319350123405456543e-01 2.201023399829864502e-01 2.271544933319091797e-01 2.004617452621459961e-01 7.734645009040832520e-01 1.259227246046066284e-01 8.821533918380737305e-01 4.532057046890258789e-01 4.413200616836547852e-01 4.385817646980285645e-01 3.249765932559967041e-01 6.280962824821472168e-01 5.218631625175476074e-01 4.824330210685729980e-01
4.176250100135803223e-02 2.605246603488922119e-01 8.082550168037414551e-01 7.088400125503540039e-01 9.726099669933319092e-02 8.720312118530273438e-01 5.954156517982482910e-01 1.511420961469411850e-02 3.138898909091949463e-01 8.087206482887268066e-01 6.711198091506958008e-01 5.939291790127754211e-02 5.487268567085266113e-01 5.642351508140563965e-01
7.833675146102905273e-01 4.851410090923309326e-01 4.625167548656463623e-01 8.910225033760070801e-01 2.814037501811981201e-01 9.563513994216918945e-01 9.677899628877639771e-02 7.768389582633972168e-01 4.878212809562683105e-01 6.271722316741943359e-01 5.038360357284545898e-01 3.217748105525970459e-01 4.289388656616210938e-01 4.582619667053222656e-01
2.270675003528594971e-01 4.621528387069702148e-01 6.680135130882263184e-01 1.053114980459213257e-01 7.079409956932067871e-01 3.282281756401062012e-02 6.169936656951904297e-01 2.954153120517730713e-01 3.646530807018280029e-01 4.641182124614715576e-01 2.444060444831848145e-01 7.204771041870117188e-01 5.690872073173522949e-01 4.894446134567260742e-01
1.445074975490570068e-01 4.729340076446533203e-01 7.897175103425979614e-02 8.761600255966186523e-01 3.548862636089324951e-01 5.823444724082946777e-01 3.159376680850982666e-01 1.273358464241027832e-01 5.706881284713745117e-01 1.367755234241485596e-01 7.397069334983825684e-01 4.307811260223388672e-01 5.057890415191650391e-01 7.397854924201965332e-01
8.996000289916992188e-01 6.043524742126464844e-01 7.848539948463439941e-01 4.169670045375823975e-01 3.107174932956695557e-01 1.276740431785583496e-01 4.606069922447204590e-01 9.431224465370178223e-01 6.179186701774597168e-01 5.523838400840759277e-01 5.730823278427124023e-01 3.407282829284667969e-01 3.156249225139617920e-01 4.777434766292572021e-01
2.720350027084350586e-01 8.071784973144531250e-01 8.371084928512573242e-01 4.278457462787628174e-01 8.059327602386474609e-01 8.791138529777526855e-01 5.675200223922729492e-01 2.554304003715515137e-01 5.707842111587524414e-01 4.786081016063690186e-01 4.165289402008056641e-01 8.309932947158813477e-01 4.785688817501068115e-01 3.645209074020385742e-01
1.092374995350837708e-01 1.833164989948272705e-01 7.579747438430786133e-01 8.804849982261657715e-01 9.208365082740783691e-01 6.374710202217102051e-01 3.775483369827270508e-01 6.167255342006683350e-02 2.814372181892395020e-01 8.265117406845092773e-01 8.124909400939941406e-01 8.920547366142272949e-01 5.353966951370239258e-01 4.032767117023468018e-01
9.855474829673767090e-01 2.033886611461639404e-01 9.584337472915649414e-01 7.117875218391418457e-01 6.930927634239196777e-01 5.881259441375732422e-01 3.790040016174316406e-01 9.348738193511962891e-01 2.752683758735656738e-01 7.961869835853576660e-01 7.251464128494262695e-01 7.853456139564514160e-01 5.152267217636108398e-01 3.748098015785217285e-01
6.312825083732604980e-01 2.546228468418121338e-01 5.712372660636901855e-01 3.460980057716369629e-01 6.178572773933410645e-01 4.528657495975494385e-01 1.277023404836654663e-01 6.775026321411132812e-01 3.780983388423919678e-01 6.654194593429565430e-01 3.051146864891052246e-01 6.447274088859558105e-01 5.435684919357299805e-01 3.254060745239257812e-01
6.259425282478332520e-01 3.014331758022308350e-01 1.485912501811981201e-01 4.580957591533660889e-01 7.705637216567993164e-01 8.267338275909423828e-01 2.553633451461791992e-01 6.230213046073913574e-01 5.478907227516174316e-01 2.606250643730163574e-01 3.083384931087493896e-01 7.310312986373901367e-01 4.857929050922393799e-01 4.798270463943481445e-01
3.434999883174896240e-01 5.211371779441833496e-01 8.041267395019531250e-01 5.010049939155578613e-01 4.457629919052124023e-01 6.407568454742431641e-01 4.862506687641143799e-01 3.520184457302093506e-01 4.002885222434997559e-01 6.638455390930175781e-01 4.432666301727294922e-01 5.393219590187072754e-01 4.930953979492187500e-01 4.206577539443969727e-01
4.984774887561798096e-01 7.421206831932067871e-01 8.284729719161987305e-01 3.709172606468200684e-01 8.933074772357940674e-02 1.202331297099590302e-02 1.692630052566528320e-01 5.416051149368286133e-01 6.289245486259460449e-01 5.412462353706359863e-01 4.066231548786163330e-01 1.281810849905014038e-01 4.326007664203643799e-01 3.915361166000366211e-01
4.566274881362915039e-01 7.609930038452148438e-01 4.903362393379211426e-01 6.952674984931945801e-01 8.391277790069580078e-01 1.487612128257751465e-01 8.181467056274414062e-01 4.628118872642517090e-01 6.168244481086730957e-01 3.896635472774505615e-01 8.375067114830017090e-01 8.144739270210266113e-01 3.372597694396972656e-01 5.437679290771484375e-01
7.883725166320800781e-01 6.593629717826843262e-01 8.596755266189575195e-01 2.987412512302398682e-01 7.223179936408996582e-01 4.795535206794738770e-01 9.717208743095397949e-01 7.496815323829650879e-01 5.230861902236938477e-01 4.684061408042907715e-01 5.183915495872497559e-01 6.117959022521972656e-01 4.387230277061462402e-01 4.631601274013519287e-01
8.085849881172180176e-01 5.551509857177734375e-01 3.423945009708404541e-01 3.365197479724884033e-01 3.025574982166290283e-01 2.764036357402801514e-01 7.077468037605285645e-01 8.847624659538269043e-01 6.011478900909423828e-01 4.157849550247192383e-01 3.093199729919433594e-01 3.281649649143218994e-01 4.344116151332855225e-01 4.636409878730773926e-01
4.618175029754638672e-01 8.308724761009216309e-01 6.438454985618591309e-01 4.836890101432800293e-01 1.742827445268630981e-01 6.004298105835914612e-02 5.046179890632629395e-01 5.153669118881225586e-01 6.194618344306945801e-01 5.069255828857421875e-01 4.583331644535064697e-01 2.319664359092712402e-01 4.136685729026794434e-01 4.112209379673004150e-01
8.442950248718261719e-01 5.838288068771362305e-01 1.733697503805160522e-01 6.421350240707397461e-01 7.646177411079406738e-01 4.676388800144195557e-01 7.017969489097595215e-01 7.917273640632629395e-01 5.536471009254455566e-01 2.202461361885070801e-01 7.046436071395874023e-01 7.587181329727172852e-01 4.360074102878570557e-01 6.514002084732055664e-01
7.468674778938293457e-01 4.677500128746032715e-01 3.403122425079345703e-01 9.844074845314025879e-01 6.249527335166931152e-01 3.694692850112915039e-01 7.887266874313354492e-01 8.727905154228210449e-01 4.074262678623199463e-01 3.736568987369537354e-01 6.984857320785522461e-01 7.617787122726440430e-01 5.037187933921813965e-01 6.272442936897277832e-01
1.346125006675720215e-01 3.737258315086364746e-01 1.707367449998855591e-01 8.429499864578247070e-01 9.537982344627380371e-01 3.651761636137962341e-02 4.878459870815277100e-01 1.767993569374084473e-01 5.774749517440795898e-01 5.610316991806030273e-01 7.298905253410339355e-01 8.879310488700866699e-01 4.204920530319213867e-01 3.748852014541625977e-01
9.865124821662902832e-01 4.368748366832733154e-01 4.525982439517974854e-01 3.285277485847473145e-01 8.410974740982055664e-01 3.436492979526519775e-01 9.645522236824035645e-01 8.352300524711608887e-01 5.453603267669677734e-01 3.396573662757873535e-01 5.589694976806640625e-01 6.944110393524169922e-01 4.365352094173431396e-01 5.332332253456115723e-01
4.601399898529052734e-01 4.738574922084808350e-01 6.792887449264526367e-01 2.801632583141326904e-01 7.813665270805358887e-01 9.392333030700683594e-02 8.295833319425582886e-02 5.925704836845397949e-01 5.621095299720764160e-01 3.757464885711669922e-01 3.923760950565338135e-01 7.812997102737426758e-01 4.510476589202880859e-01 4.122494161128997803e-01
3.783524930477142334e-01 4.758246541023254395e-01 2.805329859256744385e-01 9.298049807548522949e-01 4.370642602443695068e-01 8.164232373237609863e-01 5.689759850502014160e-01 3.522058427333831787e-01 5.900600552558898926e-01 3.511335849761962891e-01 6.690433621406555176e-01 4.455661177635192871e-01 4.046545326709747314e-01 5.666269063949584961e-01
6.428874731063842773e-01 6.863654851913452148e-01 8.696272373199462891e-01 5.212299898266792297e-02 2.282877564430236816e-01 2.851262688636779785e-01 7.379709482192993164e-01 6.867775321006774902e-01 5.761996507644653320e-01 5.500266551971435547e-01 3.561581373214721680e-01 1.980190277099609375e-01 4.670570492744445801e-01 4.127306938171386719e-01
7.961149811744689941e-01 7.080058455467224121e-01 5.146562457084655762e-01 3.924799859523773193e-01 1.429699957370758057e-01 5.741235613822937012e-01 2.478723376989364624e-01 7.811196446418762207e-01 5.625968575477600098e-01 5.106921792030334473e-01 4.280324280261993408e-01 1.775738149881362915e-01 4.412993490695953369e-01 4.954643547534942627e-01
9.728350043296813965e-01 1.728146672248840332e-01 3.561397492885589600e-01 8.527474999427795410e-01 2.137182503938674927e-01 9.482091665267944336e-01 8.089429736137390137e-01 8.487954139709472656e-01 2.530139386653900146e-01 6.910652518272399902e-01 6.656758189201354980e-01 2.002889215946197510e-01 5.003882646560668945e-01 7.194834947586059570e-01
3.096500039100646973e-01 4.260173439979553223e-01 3.249287605285644531e-01 7.842350006103515625e-01 5.957267284393310547e-01 5.445885062217712402e-01 1.113356649875640869e-01 4.001944661140441895e-01 3.920267820358276367e-01 4.008169174194335938e-01 6.867462992668151855e-01 7.110152840614318848e-01 5.078392624855041504e-01 6.429460048675537109e-01
3.882024884223937988e-01 2.249021679162979126e-01 6.726797223091125488e-01 9.212700128555297852e-01 6.600842475891113281e-01 5.994726419448852539e-01 2.185086607933044434e-01 3.269945681095123291e-01 2.348456084728240967e-01 8.156215548515319824e-01 7.961646914482116699e-01 7.133063673973083496e-01 5.055305361747741699e-01 4.763754606246948242e-01
6.369550228118896484e-01 7.106475234031677246e-01 6.629995107650756836e-01 6.680275201797485352e-01 2.808440029621124268e-01 2.159877866506576538e-02 2.603693306446075439e-01 7.784689068794250488e-01 4.849646389484405518e-01 6.342809796333312988e-01 4.692039191722869873e-01 3.529672920703887939e-01 4.373768568038940430e-01 4.316330254077911377e-01
1.500625014305114746e-01 5.123521685600280762e-01 1.863054931163787842e-01 7.742224633693695068e-02 5.120747685432434082e-01 8.886257410049438477e-01 1.990929991006851196e-01 1.380336433649063110e-01 5.597333908081054688e-01 3.765147924423217773e-01 2.586180567741394043e-01 4.580393731594085693e-01 6.414217352867126465e-01 4.078478515148162842e-01
4.182874858379364014e-01 4.612033367156982422e-01 7.349099963903427124e-02 7.383800148963928223e-01 1.558504998683929443e-01 5.213742256164550781e-01 8.444640040397644043e-01 4.151189625263214111e-01 6.218308806419372559e-01 2.956878542900085449e-01 6.173664331436157227e-01 1.367747038602828979e-01 4.376558363437652588e-01 5.792972445487976074e-01
9.506275057792663574e-01 6.128249764442443848e-01 1.361224949359893799e-01 7.617350220680236816e-01 9.079587459564208984e-01 9.126816391944885254e-01 9.433433413505554199e-01 7.894111871719360352e-01 3.736325502395629883e-01 2.768806517124176025e-01 5.851192474365234375e-01 7.952676415443420410e-01 5.295240283012390137e-01 6.689248681068420410e-01
2.698175013065338135e-01 6.942576766014099121e-01 1.674434989690780640e-01 8.185899853706359863e-01 2.747847437858581543e-01 5.642480850219726562e-01 1.363613307476043701e-01 3.146049678325653076e-01 5.855110287666320801e-01 1.115588769316673279e-01 6.192538142204284668e-01 4.411630034446716309e-01 5.096952915191650391e-01 7.127030491828918457e-01
3.643549978733062744e-01 8.031976819038391113e-01 6.656810045242309570e-01 1.120777502655982971e-01 2.856124937534332275e-02 5.675760507583618164e-01 7.655128836631774902e-01 3.325365781784057617e-01 6.211978793144226074e-01 4.734812080860137939e-01 3.703539669513702393e-01 6.210342794656753540e-02 5.341933965682983398e-01 4.138955771923065186e-01
3.080675005912780762e-01 7.010611891746520996e-01 4.994640052318572998e-01 5.099800229072570801e-01 5.613575130701065063e-02 7.657982707023620605e-01 4.196510016918182373e-01 3.298427462577819824e-01 6.379575133323669434e-01 4.926093518733978271e-01 5.573474764823913574e-01 1.320933550596237183e-01 4.020187258720397949e-01 4.416792392730712891e-01
1.661400049924850464e-01 6.121063232421875000e-01 9.414732456207275391e-01 3.537087440490722656e-01 2.443282455205917358e-01 5.430192947387695312e-01 2.133366614580154419e-01 1.985012888908386230e-01 4.508866071701049805e-01 6.755008101463317871e-01 4.091898500919342041e-01 3.477073907852172852e-01 5.122116208076477051e-01 4.053326547145843506e-01
8.184524774551391602e-01 5.098446607589721680e-01 3.618807494640350342e-01 5.049499869346618652e-01 9.765369892120361328e-01 4.842854440212249756e-01 1.008686646819114685e-01 7.851896882057189941e-01 5.712441802024841309e-01 4.227081537246704102e-01 4.322924315929412842e-01 9.052060842514038086e-01 4.384232461452484131e-01 3.194935619831085205e-01
6.325374841690063477e-01 4.777173399925231934e-01 9.069085121154785156e-01 2.631149999797344208e-02 4.379667639732360840e-01 7.652301192283630371e-01 1.946966722607612610e-02 6.489931941032409668e-01 4.130151271820068359e-01 6.528888940811157227e-01 2.564379870891571045e-01 5.184347629547119141e-01 5.477096438407897949e-01 3.299425542354583740e-01
7.798550128936767578e-01 4.261656701564788818e-01 2.231547534465789795e-01 9.638224840164184570e-01 8.622482419013977051e-01 3.938568830490112305e-01 6.200990080833435059e-01 7.296531796455383301e-01 5.222467780113220215e-01 5.010570287704467773e-01 8.359473347663879395e-01 8.150391578674316406e-01 3.873232305049896240e-01 5.091914534568786621e-01
3.294275104999542236e-01 7.733401656150817871e-01 1.493985056877136230e-01 5.219424962997436523e-01 7.071182727813720703e-01 9.238082766532897949e-01 8.520923256874084473e-01 2.608304023742675781e-01 6.406911015510559082e-01 1.371539086103439331e-01 3.643288016319274902e-01 7.376235127449035645e-01 5.029349923133850098e-01 5.534793734550476074e-01
1.412000041455030441e-02 5.109578371047973633e-01 8.534232378005981445e-01 2.960324883460998535e-01 4.027594923973083496e-01 3.013576865196228027e-01 5.926493406295776367e-01 4.489116370677947998e-02 4.730632305145263672e-01 6.464951634407043457e-01 3.639543950557708740e-01 3.988057672977447510e-01 5.809612870216369629e-01 4.210593104362487793e-01
4.812900125980377197e-01 2.725526690483093262e-01 1.738772541284561157e-01 1.519527435302734375e-01 9.137692451477050781e-01 5.948666930198669434e-01 8.393558859825134277e-01 3.735281229019165039e-01 3.758035898208618164e-01 3.816886544227600098e-01 3.621227443218231201e-01 8.280457854270935059e-01 5.530130863189697266e-01 5.296220183372497559e-01
2.172224968671798706e-01 5.670261383056640625e-01 8.740835189819335938e-01 9.835324883460998535e-01 9.697797298431396484e-01 9.299288988113403320e-01 4.750596582889556885e-01 1.773080825805664062e-01 3.638092279434204102e-01 7.495700120925903320e-01 8.319731354713439941e-01 9.732185602188110352e-01 5.696990489959716797e-01 2.930377721786499023e-01
4.699699878692626953e-01 2.541689872741699219e-01 2.573255002498626709e-01 7.542175054550170898e-01 2.843067646026611328e-01 6.752315908670425415e-02 9.036083221435546875e-01 4.484341442584991455e-01 3.996962904930114746e-01 6.565227508544921875e-01 5.723217725753784180e-01 2.357766032218933105e-01 4.563977420330047607e-01 5.223219990730285645e-01
8.557350039482116699e-01 3.413478434085845947e-01 6.399185061454772949e-01 4.771282374858856201e-01 2.543214857578277588e-01 6.311722993850708008e-01 6.887222528457641602e-01 8.517763614654541016e-01 4.113534688949584961e-01 6.251215934753417969e-01 5.077720284461975098e-01 2.621463537216186523e-01 4.662091732025146484e-01 5.644755363464355469e-01
7.084274888038635254e-01 4.328461587429046631e-01 7.115697264671325684e-01 5.112199783325195312e-01 5.491034984588623047e-01 6.666193008422851562e-01 8.808780908584594727e-01 6.769769191741943359e-01 4.814134836196899414e-01 5.443283319473266602e-01 5.945905447006225586e-01 5.323694944381713867e-01 4.421584010124206543e-01 4.831428825855255127e-01
1.693174988031387329e-01 7.909858226776123047e-01 2.466634958982467651e-01 1.619444936513900757e-01 5.461649894714355469e-01 6.064682602882385254e-01 4.500993192195892334e-01 1.792598813772201538e-01 5.950865745544433594e-01 2.381853461265563965e-01 2.570839226245880127e-01 6.752737164497375488e-01 5.890585780143737793e-01 4.455513954162597656e-01
8.975899815559387207e-01 4.697036743164062500e-01 7.336025238037109375e-01 3.491324931383132935e-02 2.700837552547454834e-01 5.310596227645874023e-01 7.722600698471069336e-01 8.111664652824401855e-01 3.684150874614715576e-01 6.105410456657409668e-01 3.068828582763671875e-01 2.566590309143066406e-01 5.524750351905822754e-01 5.237322449684143066e-01
2.710725069046020508e-01 5.734021663665771484e-01 3.155847489833831787e-01 5.611975193023681641e-01 6.579167246818542480e-01 1.268856525421142578e-01 2.591633424162864685e-02 3.539363741874694824e-01 6.080016493797302246e-01 3.796091973781585693e-01 6.017594933509826660e-01 6.975116133689880371e-01 3.945787250995635986e-01 4.927577972412109375e-01
5.437625050544738770e-01 4.533329904079437256e-01 3.228259980678558350e-01 2.969120144844055176e-01 2.515499945729970932e-03 9.912050366401672363e-01 1.553283333778381348e-01 4.026893973350524902e-01 4.675929844379425049e-01 4.070563018321990967e-01 2.372156530618667603e-01 4.092329367995262146e-02 6.863912940025329590e-01 5.123494863510131836e-01
4.696499928832054138e-02 5.904046893119812012e-01 4.128272533416748047e-01 8.961125016212463379e-01 4.829832613468170166e-01 6.732547283172607422e-01 6.345176696777343750e-01 3.871367126703262329e-02 5.897112488746643066e-01 5.154129266738891602e-01 8.234090209007263184e-01 5.321080684661865234e-01 3.595832288265228271e-01 5.690893530845642090e-01
6.951050162315368652e-01 5.479220151901245117e-01 3.075642585754394531e-01 9.796925187110900879e-01 4.516704976558685303e-01 1.952718198299407959e-01 1.101979985833168030e-01 7.655870914459228516e-01 5.853633880615234375e-01 5.827279090881347656e-01 6.322411894798278809e-01 4.929623305797576904e-01 3.375500738620758057e-01 3.961804211139678955e-01
3.117224872112274170e-01 7.509760260581970215e-01 2.167277485132217407e-01 7.559850066900253296e-02 8.642495274543762207e-01 8.300188183784484863e-02 7.231480479240417480e-01 3.290931284427642822e-01 6.253679990768432617e-01 3.391896188259124756e-01 3.704938590526580811e-01 8.722832202911376953e-01 4.459899365901947021e-01 3.801267445087432861e-01
6.050000083632767200e-04 7.626801729202270508e-01 1.937910020351409912e-01 3.050400018692016602e-01 6.250527501106262207e-01 2.081033401191234589e-02 1.950639933347702026e-01 4.530563950538635254e-02 8.056458234786987305e-01 1.124315038323402405e-01 5.001577138900756836e-01 7.762780189514160156e-01 4.499478340148925781e-01 4.797714948654174805e-01
1.083974987268447876e-01 7.824605107307434082e-01 1.283230036497116089e-01 8.469774723052978516e-01 7.821302413940429688e-01 9.846647381782531738e-01 3.239319920539855957e-01 1.799948513507843018e-02 6.833145022392272949e-01 2.762607634067535400e-01 4.221496284008026123e-01 7.999387383460998535e-01 7.111136913299560547e-01 3.253617286682128906e-01
5.189650058746337891e-01 2.451331615447998047e-01 6.070244908332824707e-01 7.364624738693237305e-01 9.460164904594421387e-01 6.749446392059326172e-01 2.121790051460266113e-01 5.431103706359863281e-01 3.126182854175567627e-01 7.064658999443054199e-01 5.715328454971313477e-01 9.193391799926757812e-01 5.880385041236877441e-01 2.872730493545532227e-01
1.682250015437602997e-02 4.826410114765167236e-01 3.107782602310180664e-01 8.287500143051147461e-01 2.228614985942840576e-01 3.730318248271942139e-01 3.581836521625518799e-01 3.455523028969764709e-02 5.619248151779174805e-01 5.134719014167785645e-01 7.085320353507995605e-01 2.525672316551208496e-01 4.640903770923614502e-01 5.534204840660095215e-01
3.915224969387054443e-01 4.399886727333068848e-01 3.655945062637329102e-01 6.860575079917907715e-01 7.004935145378112793e-01 8.386942744255065918e-02 3.685076534748077393e-01 4.382956922054290771e-01 5.248209834098815918e-01 5.537424683570861816e-01 6.097012758255004883e-01 6.592673063278198242e-01 4.144311249256134033e-01 4.315252900123596191e-01
9.722474813461303711e-01 8.184563517570495605e-01 5.392625182867050171e-02 8.052600026130676270e-01 3.060939908027648926e-01 5.404233187437057495e-02 6.121023297309875488e-01 9.279270172119140625e-01 5.945955514907836914e-01 4.484375417232513428e-01 5.172011256217956543e-01 3.813781738281250000e-01 3.630419373512268066e-01 5.370547175407409668e-01
1.794025003910064697e-01 4.401108324527740479e-01 5.952695012092590332e-01 4.741952419281005859e-01 9.085032343864440918e-01 9.068393111228942871e-01 2.860616743564605713e-01 1.390657424926757812e-01 4.143347442150115967e-01 5.928907394409179688e-01 3.868820965290069580e-01 9.250352382659912109e-01 6.032409071922302246e-01 3.263320624828338623e-01
1.783100068569183350e-01 5.080066919326782227e-01 4.792632460594177246e-01 2.531862556934356689e-01 7.932427525520324707e-01 7.149228453636169434e-01 4.821993410587310791e-01 1.603737771511077881e-01 4.719480276107788086e-01 4.635511040687561035e-01 2.650364637374877930e-01 8.314242362976074219e-01 5.730200409889221191e-01 3.890171945095062256e-01
5.146424770355224609e-01 7.400485277175903320e-01 9.453434944152832031e-01 6.225699782371520996e-01 1.413842439651489258e-01 8.122097849845886230e-01 2.889286577701568604e-01 5.767342448234558105e-01 4.549204111099243164e-01 6.031110286712646484e-01 3.965528011322021484e-01 2.375524044036865234e-01 5.058868527412414551e-01 4.683320522308349609e-01
6.403974890708923340e-01 1.812776625156402588e-01 7.186290025711059570e-01 1.826110035181045532e-01 9.235674738883972168e-01 1.713234335184097290e-01 7.629056572914123535e-01 5.747723579406738281e-01 3.744376003742218018e-01 6.694835424423217773e-01 5.913507342338562012e-01 8.064408898353576660e-01 5.169146656990051270e-01 3.503013551235198975e-01
2.780900001525878906e-01 1.792176663875579834e-01 9.288704991340637207e-01 6.176350116729736328e-01 9.227149933576583862e-02 5.913984775543212891e-01 9.506603479385375977e-01 4.263361990451812744e-01 2.781288325786590576e-01 5.702011585235595703e-01 7.126997709274291992e-01 3.491761907935142517e-02 5.214073657989501953e-01 7.786069512367248535e-01
4.539249837398529053e-02 6.400160193443298340e-01 1.193045005202293396e-01 2.625067532062530518e-01 2.417974919080734253e-02 8.794419169425964355e-01 3.599239885807037354e-01 1.652237214148044586e-02 7.320353388786315918e-01 1.044573783874511719e-01 1.626271307468414307e-01 4.670459777116775513e-02 8.611469268798828125e-01 3.981515169143676758e-01
4.052499774843454361e-03 4.715193212032318115e-01 8.828007578849792480e-01 7.200124859809875488e-01 7.454494833946228027e-01 2.316546440124511719e-01 9.594941139221191406e-01 1.468955446034669876e-02 4.073346257209777832e-01 7.620117664337158203e-01 8.292995691299438477e-01 6.421809196472167969e-01 4.035057127475738525e-01 5.583250522613525391e-01
4.960150122642517090e-01 6.019331812858581543e-01 9.009832739830017090e-01 5.664924979209899902e-01 1.700827479362487793e-01 3.835171759128570557e-01 8.645050525665283203e-01 5.186655521392822266e-01 4.191944897174835205e-01 6.289150714874267578e-01 5.348395109176635742e-01 1.614095568656921387e-01 4.677049815654754639e-01 5.360348224639892578e-01
4.109925031661987305e-01 6.649144887924194336e-01 8.350780010223388672e-01 9.475824832916259766e-01 4.614642560482025146e-01 5.095159411430358887e-01 3.747733309864997864e-02 4.342461526393890381e-01 5.314911603927612305e-01 6.086230874061584473e-01 7.736847400665283203e-01 5.251502394676208496e-01 3.385347127914428711e-01 4.669062793254852295e-01
4.543924927711486816e-01 7.378360033035278320e-01 5.042652487754821777e-01 5.452425032854080200e-02 3.704949915409088135e-01 3.414631187915802002e-01 3.860243260860443115e-01 4.800993502140045166e-01 5.230128169059753418e-01 3.917803764343261719e-01 3.027988076210021973e-01 4.426437914371490479e-01 5.427793860435485840e-01 4.483444988727569580e-01
1.374125033617019653e-01 5.233963131904602051e-01 5.068612694740295410e-01 4.987154901027679443e-01 1.879700087010860443e-02 5.285377502441406250e-01 6.129043102264404297e-01 1.645095795392990112e-01 5.509727597236633301e-01 5.559924244880676270e-01 6.065137386322021484e-01 6.624394655227661133e-02 4.703214466571807861e-01 4.960150122642517090e-01
7.994899749755859375e-01 2.026771605014801025e-01 9.166177511215209961e-01 2.795712351799011230e-01 9.473620057106018066e-01 9.447643160820007324e-01 2.532186806201934814e-01 7.413163185119628906e-01 3.086195290088653564e-01 7.493269443511962891e-01 4.011813402175903320e-01 8.691669106483459473e-01 5.927933454513549805e-01 2.267511487007141113e-01
5.996025204658508301e-01 2.187239974737167358e-01 2.859387397766113281e-01 6.319125294685363770e-01 7.379267215728759766e-01 7.215978503227233887e-01 7.927479743957519531e-01 6.036968827247619629e-01 4.259392619132995605e-01 4.273117482662200928e-01 5.295239090919494629e-01 6.725652217864990234e-01 5.046380162239074707e-01 5.485266447067260742e-01
8.372499942779541016e-01 4.964953362941741943e-01 7.864217758178710938e-01 1.196952536702156067e-01 6.558899879455566406e-01 4.126114249229431152e-01 8.352743983268737793e-01 7.142938971519470215e-01 4.224423170089721680e-01 6.547538638114929199e-01 4.605740904808044434e-01 6.169620156288146973e-01 4.819869101047515869e-01 3.593860566616058350e-01
5.113499760627746582e-01 2.378431707620620728e-01 3.455624878406524658e-01 2.148524969816207886e-01 8.313295245170593262e-01 2.577446401119232178e-01 6.638646721839904785e-01 5.585344433784484863e-01 4.196600019931793213e-01 3.898897767066955566e-01 4.065276980400085449e-01 7.810270190238952637e-01 5.232428908348083496e-01 5.016091465950012207e-01
4.364775121212005615e-01 5.137766599655151367e-01 9.151265025138854980e-01 7.698475122451782227e-01 8.470377326011657715e-01 1.177074760198593140e-01 1.468826681375503540e-01 4.439847171306610107e-01 4.180310070514678955e-01 7.217505574226379395e-01 8.252967000007629395e-01 8.684980273246765137e-01 4.356645643711090088e-01 3.506448268890380859e-01
3.586100041866302490e-01 7.043098211288452148e-01 5.855717658996582031e-01 1.687217503786087036e-01 6.629977226257324219e-01 5.079816281795501709e-02 9.374176859855651855e-01 4.269528388977050781e-01 5.437822341918945312e-01 2.376712560653686523e-01 4.366218745708465576e-01 5.599098205566406250e-01 5.070613622665405273e-01 5.752372741699218750e-01
1.679424941539764404e-01 8.274276852607727051e-01 5.432714819908142090e-01 1.820649951696395874e-02 8.153262734413146973e-01 2.306262552738189697e-01 7.360599935054779053e-02 2.143892347812652588e-01 5.466411709785461426e-01 4.276672303676605225e-01 1.458330601453781128e-01 9.355168342590332031e-01 5.932051539421081543e-01 2.375872731208801270e-01
4.449824988842010498e-01 1.730004996061325073e-01 1.919837445020675659e-01 8.914049863815307617e-01 4.474482536315917969e-01 1.133459582924842834e-01 3.014020025730133057e-01 4.501442015171051025e-01 4.103736281394958496e-01 6.778091192245483398e-01 6.031916141510009766e-01 4.656215608119964600e-01 4.359267055988311768e-01 4.502892494201660156e-01
7.788749933242797852e-01 1.939969956874847412e-01 7.486305236816406250e-01 8.033400028944015503e-02 7.285297513008117676e-01 6.470609307289123535e-01 3.644200041890144348e-02 6.657103300094604492e-01 3.893063664436340332e-01 6.748813390731811523e-01 4.286922216415405273e-01 7.096794247627258301e-01 5.165437459945678711e-01 3.191391825675964355e-01
7.007849812507629395e-01 4.251696765422821045e-01 4.579209983348846436e-01 3.648525103926658630e-02 6.657435297966003418e-01 2.796197831630706787e-01 4.927276670932769775e-01 7.075176239013671875e-01 4.072061181068420410e-01 3.183690905570983887e-01 2.888117432594299316e-01 7.096322178840637207e-01 5.357809662818908691e-01 5.418058037757873535e-01
8.034999668598175049e-02 8.062493205070495605e-01 4.360064864158630371e-01 7.908400297164916992e-01 3.615710139274597168e-01 4.221536219120025635e-01 8.304058909416198730e-01 7.168643176555633545e-02 5.972744822502136230e-01 4.377094209194183350e-01 8.052185773849487305e-01 4.749201238155364990e-01 3.707141578197479248e-01 5.937157273292541504e-01
5.481150150299072266e-01 6.148309707641601562e-01 2.334485054016113281e-01 4.371657371520996094e-01 8.387942314147949219e-01 6.195420026779174805e-01 3.453060090541839600e-01 5.445305109024047852e-01 5.871858596801757812e-01 3.019503057003021240e-01 3.600966930389404297e-01 8.221613764762878418e-01 4.482132792472839355e-01 4.243468940258026123e-01
2.943474948406219482e-01 6.059141755104064941e-01 3.404900133609771729e-01 5.019899830222129822e-02 9.364472627639770508e-01 3.801256418228149414e-01 3.225743472576141357e-01 3.095240890979766846e-01 6.024017333984375000e-01 3.762013912200927734e-01 2.350562959909439087e-01 9.176165461540222168e-01 5.049783587455749512e-01 2.900345027446746826e-01
3.660899996757507324e-01 2.527939975261688232e-01 7.037402391433715820e-01 5.978599786758422852e-01 6.748697757720947266e-01 7.463386654853820801e-01 2.581023275852203369e-01 3.301459848880767822e-01 3.158212602138519287e-01 7.236175537109375000e-01 6.652964353561401367e-01 7.273779511451721191e-01 5.172702670097351074e-01 4.381680786609649658e-01
6.814774870872497559e-01 3.800818324089050293e-01 3.593422472476959229e-01 6.565399765968322754e-01 4.243335127830505371e-01 1.351579725742340088e-01 1.919530034065246582e-01 6.548459529876708984e-01 5.392695069313049316e-01 6.323263049125671387e-01 5.230617523193359375e-01 4.322879314422607422e-01 3.841383159160614014e-01 3.625649213790893555e-01
1.180450022220611572e-01 5.258161425590515137e-01 3.197174891829490662e-02 3.379600048065185547e-01 1.635382473468780518e-01 3.489731252193450928e-01 4.183226525783538818e-01 1.677526533603668213e-01 5.627798438072204590e-01 1.572731435298919678e-01 3.661236464977264404e-01 2.232467681169509888e-01 6.579568982124328613e-01 5.935614705085754395e-01
8.739100098609924316e-01 6.439178586006164551e-01 3.565104901790618896e-01 8.655250072479248047e-03 7.428217530250549316e-01 2.297111153602600098e-01 3.042726814746856689e-01 7.913048267364501953e-01 5.626406669616699219e-01 2.869449257850646973e-01 3.385716378688812256e-01 7.463799118995666504e-01 4.583005309104919434e-01 4.560469686985015869e-01
9.553149938583374023e-01 3.911499977111816406e-01 7.155485153198242188e-01 3.628087639808654785e-01 7.127962708473205566e-01 9.843708276748657227e-01 2.401273399591445923e-01 7.495425939559936523e-01 4.640727043151855469e-01 6.620253324508666992e-01 5.198572874069213867e-01 6.634516119956970215e-01 4.392230212688446045e-01 3.213502764701843262e-01
2.649224996566772461e-01 2.358601689338684082e-01 9.669939875602722168e-01 8.739550113677978516e-01 7.936995029449462891e-01 3.246545493602752686e-01 2.368256598711013794e-01 2.633434534072875977e-01 1.974913924932479858e-01 8.501651287078857422e-01 7.946755886077880859e-01 8.365054726600646973e-01 5.509805083274841309e-01 4.178722798824310303e-01
3.959375023841857910e-01 2.165694981813430786e-01 4.341965019702911377e-01 3.762249946594238281e-01 5.548002719879150391e-01 4.541881680488586426e-01 6.575070023536682129e-01 3.843950927257537842e-01 2.872551083564758301e-01 6.046740412712097168e-01 3.434429168701171875e-01 5.838428139686584473e-01 5.610386729240417480e-01 5.232005119323730469e-01
8.833774924278259277e-01 3.062469959259033203e-01 7.148334980010986328e-01 9.394775032997131348e-01 8.379694819450378418e-01 4.785756468772888184e-01 1.238410025835037231e-01 8.562322854995727539e-01 4.037920236587524414e-01 7.357552647590637207e-01 8.439584970474243164e-01 8.393594026565551758e-01 4.117218255996704102e-01 3.485875725746154785e-01
4.578525125980377197e-01 5.847293138504028320e-01 7.017765045166015625e-01 7.578824758529663086e-01 3.888577520847320557e-01 2.122800052165985107e-01 5.813996791839599609e-01 4.770271778106689453e-01 5.347642898559570312e-01 6.248543858528137207e-01 5.865495204925537109e-01 3.841724991798400879e-01 3.761228919029235840e-01 3.964998126029968262e-01
9.917999804019927979e-02 8.105639815330505371e-01 9.747987389564514160e-01 7.417950034141540527e-02 1.971040070056915283e-01 8.333922028541564941e-01 1.052133366465568542e-02 1.280218511819839478e-01 5.546540617942810059e-01 5.721420049667358398e-01 3.110256493091583252e-01 2.920890748500823975e-01 5.918958187103271484e-01 3.615057170391082764e-01
5.574300289154052734e-01 1.967226713895797729e-01 4.778167605400085449e-01 7.591174840927124023e-01 8.798952698707580566e-01 3.475827276706695557e-01 1.180666685104370117e-01 5.358805060386657715e-01 3.904420435428619385e-01 6.887166500091552734e-01 8.308801054954528809e-01 8.887978196144104004e-01 4.751120209693908691e-01 3.901160657405853271e-01
6.880224943161010742e-01 7.261505126953125000e-01 5.024064779281616211e-01 5.359575152397155762e-01 7.773067355155944824e-01 1.318297982215881348e-01 3.498750030994415283e-01 7.817145586013793945e-01 5.863679051399230957e-01 3.276139497756958008e-01 5.245076417922973633e-01 7.824969291687011719e-01 4.161190390586853027e-01 4.703494012355804443e-01
3.900099992752075195e-01 2.739291787147521973e-01 3.150264918804168701e-01 3.430207371711730957e-01 1.287014931440353394e-01 9.063737392425537109e-01 5.168513059616088867e-01 3.721082806587219238e-01 5.432784557342529297e-01 5.324940085411071777e-01 3.390527963638305664e-01 1.315027624368667603e-01 5.534929037094116211e-01 4.137396514415740967e-01
7.293300032615661621e-01 2.239926606416702271e-01 4.996367394924163818e-01 4.466232359409332275e-01 4.925682544708251953e-01 9.836612939834594727e-01 9.378047585487365723e-01 5.706194639205932617e-01 3.910470604896545410e-01 6.762588024139404297e-01 3.760136067867279053e-01 3.585533797740936279e-01 5.125153064727783203e-01 4.267085194587707520e-01
2.096750028431415558e-02 3.860625028610229492e-01 2.796250022947788239e-02 2.733870148658752441e-01 9.157245159149169922e-01 5.558437108993530273e-01 5.390610098838806152e-01 2.565614879131317139e-02 6.341585516929626465e-01 3.345924913883209229e-01 3.880284726619720459e-01 7.704366445541381836e-01 7.015632987022399902e-01 3.435383737087249756e-01
8.718374967575073242e-01 3.035014867782592773e-01 2.463639974594116211e-01 8.503274917602539062e-01 9.827795028686523438e-01 6.430036425590515137e-01 9.072946906089782715e-01 7.662078142166137695e-01 5.004799962043762207e-01 4.444489777088165283e-01 8.048154115676879883e-01 8.101863861083984375e-01 4.235758483409881592e-01 5.473933219909667969e-01
8.382124900817871094e-01 2.278251647949218750e-01 3.118360042572021484e-01 9.864724874496459961e-01 7.571529746055603027e-01 6.595295071601867676e-01 2.587586641311645508e-01 8.813099861145019531e-01 3.602973222732543945e-01 5.120558738708496094e-01 6.453997492790222168e-01 8.271645307540893555e-01 5.335616469383239746e-01 4.941349029541015625e-01
3.992750123143196106e-02 6.035388112068176270e-01 6.669340133666992188e-01 4.333457648754119873e-01 3.646380007266998291e-01 2.555052638053894043e-01 2.414180040359497070e-01 7.659792155027389526e-02 5.257680416107177734e-01 5.775648355484008789e-01 4.580045640468597412e-01 4.388791620731353760e-01 5.215967893600463867e-01 4.398704767227172852e-01
6.166499853134155273e-02 5.544776916503906250e-01 9.701694846153259277e-01 7.445949912071228027e-01 3.224112391471862793e-01 3.286957442760467529e-01 1.269143372774124146e-01 6.045819073915481567e-02 4.114612638950347900e-01 7.172030210494995117e-01 6.275144815444946289e-01 4.485180079936981201e-01 4.580361545085906982e-01 5.002382993698120117e-01
6.495425105094909668e-01 7.412800192832946777e-01 3.043000027537345886e-02 7.792050242424011230e-01 7.509437203407287598e-01 3.816798925399780273e-01 9.246689081192016602e-01 6.742760539054870605e-01 6.781964898109436035e-01 9.281449019908905029e-02 7.519510984420776367e-01 6.809682846069335938e-01 3.773225843906402588e-01 7.301358580589294434e-01
1.999824941158294678e-01 4.529278278350830078e-01 1.536564975976943970e-01 5.150550007820129395e-01 2.908100001513957977e-02 4.583289027214050293e-01 5.162556767463684082e-01 2.401605993509292603e-01 5.600716471672058105e-01 3.848410844802856445e-01 6.253139972686767578e-01 8.320985734462738037e-02 4.970964491367340088e-01 5.779609680175781250e-01
7.200924754142761230e-01 6.290853619575500488e-01 2.440380007028579712e-01 8.746700286865234375e-01 2.886202633380889893e-01 2.409722208976745605e-01 7.121522426605224609e-01 7.736781239509582520e-01 6.898669004440307617e-01 4.110549986362457275e-01 7.194135189056396484e-01 3.019769489765167236e-01 2.718330621719360352e-01 5.157527327537536621e-01
8.265799880027770996e-01 7.946988344192504883e-01 1.353474985808134079e-02 6.612499952316284180e-01 3.967007398605346680e-01 5.772690176963806152e-01 8.687244057655334473e-01 8.138327002525329590e-01 7.678162455558776855e-01 6.573403626680374146e-02 6.725093126296997070e-01 4.233908355236053467e-01 3.333438336849212646e-01 7.153460979461669922e-01
1.733749918639659882e-02 6.821466684341430664e-01 8.410032391548156738e-01 7.020475268363952637e-01 9.559684991836547852e-01 6.888074874877929688e-01 3.034853339195251465e-01 2.894297242164611816e-02 5.825604796409606934e-01 5.682411193847656250e-01 4.371541142463684082e-01 9.613689184188842773e-01 6.423261165618896484e-01 2.153131663799285889e-01
9.990050196647644043e-01 5.127146840095520020e-01 9.860417246818542480e-01 5.404725074768066406e-01 3.357677459716796875e-01 5.072447657585144043e-01 9.573369026184082031e-01 9.265018701553344727e-01 2.743011713027954102e-01 7.185491919517517090e-01 7.232019901275634766e-01 3.125254213809967041e-01 4.659236073493957520e-01 6.989864706993103027e-01
9.668574929237365723e-01 1.919428259134292603e-01 6.263830065727233887e-01 8.953624963760375977e-01 9.742457270622253418e-01 7.615771889686584473e-01 1.582150012254714966e-01 8.813613653182983398e-01 2.798781991004943848e-01 7.724538445472717285e-01 6.972626447677612305e-01 9.158641099929809570e-01 5.642393827438354492e-01 2.665077447891235352e-01
7.619249820709228516e-01 5.623946785926818848e-01 7.566737532615661621e-01 5.573624968528747559e-01 1.388995051383972168e-01 9.981855750083923340e-01 3.868726789951324463e-01 8.717685937881469727e-01 4.142270386219024658e-01 5.506811141967773438e-01 4.517434239387512207e-01 1.834683716297149658e-01 4.935066998004913330e-01 6.170517206192016602e-01
1.945874989032745361e-01 6.939941644668579102e-01 4.014810025691986084e-01 1.812302470207214355e-01 1.896084994077682495e-01 7.000187039375305176e-01 7.596010565757751465e-01 2.027278244495391846e-01 5.129010677337646484e-01 3.309180736541748047e-01 2.745434939861297607e-01 2.343895733356475830e-01 6.587532162666320801e-01 4.889969527721405029e-01
5.720275044441223145e-01 4.936041533946990967e-01 6.043180227279663086e-01 6.604175269603729248e-02 5.735285282135009766e-01 1.785506010055541992e-01 8.053066581487655640e-02 5.331534147262573242e-01 4.214121401309967041e-01 6.765068173408508301e-01 3.098235428333282471e-01 5.746419429779052734e-01 5.176921486854553223e-01 3.116950094699859619e-01
5.774924755096435547e-01 4.571650028228759766e-01 1.816727519035339355e-01 2.390747517347335815e-01 7.880027294158935547e-01 5.546672940254211426e-01 4.587976634502410889e-01 5.752713680267333984e-01 5.756140947341918945e-01 2.017130255699157715e-01 3.863643407821655273e-01 7.787639498710632324e-01 4.658997058868408203e-01 5.320653319358825684e-01
3.538450002670288086e-01 1.902383267879486084e-01 2.484862506389617920e-01 5.129550099372863770e-01 3.490292429924011230e-01 5.120608806610107422e-01 6.247966736555099487e-02 3.692371845245361328e-01 4.153196215629577637e-01 5.850603580474853516e-01 3.849167227745056152e-01 3.917878866195678711e-01 5.308025479316711426e-01 4.669886231422424316e-01
9.969300031661987305e-01 1.853153407573699951e-01 5.946162343025207520e-01 3.194234967231750488e-01 6.363099813461303711e-02 1.232825219631195068e-01 3.152573406696319580e-01 9.340066313743591309e-01 1.554623842239379883e-01 7.181169390678405762e-01 5.807792544364929199e-01 1.232566088438034058e-01 5.653960108757019043e-01 8.052305579185485840e-01
2.044575065374374390e-01 6.246816515922546387e-01 3.054497539997100830e-01 6.257774829864501953e-01 8.180882334709167480e-01 8.765958249568939209e-02 9.826537370681762695e-01 2.705454230308532715e-01 5.932543873786926270e-01 2.725979387760162354e-01 6.530671119689941406e-01 6.039527654647827148e-01 4.255290031433105469e-01 5.998242497444152832e-01
8.165749907493591309e-02 5.916183590888977051e-01 8.413150161504745483e-02 5.793750286102294922e-01 6.981599926948547363e-01 8.597926497459411621e-01 9.409117698669433594e-01 7.330420613288879395e-02 6.571393013000488281e-01 1.336213499307632446e-01 3.129357993602752686e-01 5.536518692970275879e-01 6.395198702812194824e-01 5.103706121444702148e-01
6.151000037789344788e-02 6.728168129920959473e-01 5.089524984359741211e-01 8.778125047683715820e-01 7.372587323188781738e-01 8.913036584854125977e-01 1.647300086915493011e-02 6.778976321220397949e-02 6.542676687240600586e-01 3.452386260032653809e-01 2.909407019615173340e-01 9.122892022132873535e-01 5.841736197471618652e-01 3.040808439254760742e-01
6.744599938392639160e-01 3.613803386688232422e-01 5.103832483291625977e-01 3.837450146675109863e-01 5.895657539367675781e-01 4.618036374449729919e-02 3.808499872684478760e-01 6.261370182037353516e-01 4.166263341903686523e-01 7.114937901496887207e-01 4.062079191207885742e-01 5.621677637100219727e-01 4.728516638278961182e-01 3.135813474655151367e-01
6.583349704742431641e-01 3.264728188514709473e-01 1.187812536954879761e-01 7.566974759101867676e-01 1.733645051717758179e-01 5.806132405996322632e-02 2.242893278598785400e-01 7.543534636497497559e-01 5.159716606140136719e-01 5.729387402534484863e-01 4.142851531505584717e-01 1.976305842399597168e-01 4.649663269519805908e-01 4.785818755626678467e-01
8.080250024795532227e-02 3.573994934558868408e-01 9.662290215492248535e-01 6.792899966239929199e-01 5.672724843025207520e-01 5.125874876976013184e-01 7.600963115692138672e-01 3.175116702914237976e-02 2.771905660629272461e-01 8.293213844299316406e-01 7.735710144042968750e-01 5.820229053497314453e-01 4.608487784862518311e-01 5.525619983673095703e-01
8.591175079345703125e-01 5.583998560905456543e-01 7.405387759208679199e-01 9.984325170516967773e-01 9.162707328796386719e-01 5.616476535797119141e-01 1.942483335733413696e-01 8.049533367156982422e-01 4.588871598243713379e-01 7.240968346595764160e-01 8.621976375579833984e-01 8.764488697052001953e-01 3.752299547195434570e-01 3.229888081550598145e-01
7.328374981880187988e-01 5.203235149383544922e-01 6.857187747955322266e-01 5.158724784851074219e-01 3.781472444534301758e-01 7.726946473121643066e-01 2.045466601848602295e-01 7.139123678207397461e-01 5.492672324180603027e-01 6.345306634902954102e-01 4.370324909687042236e-01 3.806248605251312256e-01 4.080201685428619385e-01 3.443400859832763672e-01
