1.382649987936019897e-01 4.242379963397979736e-01 3.870057463645935059e-01 2.739222645759582520e-01 1.535300016403198242e-01 8.454275727272033691e-01 6.823347806930541992e-01 1.015823781490325928e-01 4.780123531818389893e-01 2.857352793216705322e-01 3.865360319614410400e-01 1.374146640300750732e-01 4.811928570270538330e-01 5.556630492210388184e-01
4.109925031661987305e-01 6.649144887924194336e-01 8.350780010223388672e-01 9.475824832916259766e-01 4.614642560482025146e-01 5.095159411430358887e-01 3.747733309864997864e-02 4.903298914432525635e-01 4.799793064594268799e-01 5.388729572296142578e-01 6.845976710319519043e-01 5.972749590873718262e-01 3.383094966411590576e-01 3.697430789470672607e-01
6.583349704742431641e-01 3.264728188514709473e-01 1.187812536954879761e-01 7.566974759101867676e-01 1.733645051717758179e-01 5.806132405996322632e-02 2.242893278598785400e-01 7.297701239585876465e-01 4.516066610813140869e-01 3.861871659755706787e-01 5.603774189949035645e-01 1.662884652614593506e-01 4.177678525447845459e-01 3.702812790870666504e-01
2.096750028431415558e-02 3.860625028610229492e-01 2.796250022947788239e-02 2.733870148658752441e-01 9.157245159149169922e-01 5.558437108993530273e-01 5.390610098838806152e-01 5.307387560606002808e-02 4.590223729610443115e-01 5.229244381189346313e-02 1.441297233104705811e-01 9.463114142417907715e-01 6.071937680244445801e-01 5.092351436614990234e-01
1.999824941158294678e-01 4.529278278350830078e-01 1.536564975976943970e-01 5.150550007820129395e-01 2.908100001513957977e-02 4.583289027214050293e-01 5.162556767463684082e-01 1.989764571189880371e-01 4.378904700279235840e-01 2.672174274921417236e-01 4.497371017932891846e-01 7.246901094913482666e-02 4.851008355617523193e-01 5.600067973136901855e-01
3.933550119400024414e-01 7.792611718177795410e-01 2.256225049495697021e-01 4.539837539196014404e-01 9.645607471466064453e-01 5.436675548553466797e-01 9.842261672019958496e-01 4.259410798549652100e-01 6.940720677375793457e-01 1.050793305039405823e-01 4.716302454471588135e-01 9.158263206481933594e-01 6.543499231338500977e-01 8.436496257781982422e-01
4.539249837398529053e-02 6.400160193443298340e-01 1.193045005202293396e-01 2.625067532062530518e-01 2.417974919080734253e-02 8.794419169425964355e-01 3.599239885807037354e-01 1.273502316325902939e-02 6.823334693908691406e-01 1.131732761859893799e-02 1.092946454882621765e-01 2.856148034334182739e-02 7.883669734001159668e-01 5.207159519195556641e-01
9.668574929237365723e-01 1.919428259134292603e-01 6.263830065727233887e-01 8.953624963760375977e-01 9.742457270622253418e-01 7.615771889686584473e-01 1.582150012254714966e-01 8.821535706520080566e-01 2.783965766429901123e-01 7.402940392494201660e-01 6.943768858909606934e-01 8.879665732383728027e-01 5.990610122680664062e-01 2.330298423767089844e-01
4.319350123405456543e-01 2.201023399829864502e-01 2.271544933319091797e-01 2.004617452621459961e-01 7.734645009040832520e-01 1.259227246046066284e-01 8.821533918380737305e-01 4.234278202056884766e-01 4.219895601272583008e-01 4.370266795158386230e-01 4.870074689388275146e-01 6.737998127937316895e-01 4.764283895492553711e-01 5.255953073501586914e-01
4.449824988842010498e-01 1.730004996061325073e-01 1.919837445020675659e-01 8.914049863815307617e-01 4.474482536315917969e-01 1.133459582924842834e-01 3.014020025730133057e-01 4.585485458374023438e-01 3.323208987712860107e-01 5.606379508972167969e-01 5.365900397300720215e-01 4.463671445846557617e-01 4.900330305099487305e-01 3.821687102317810059e-01
3.339149951934814453e-01 4.823488295078277588e-01 9.623647332191467285e-01 4.525727629661560059e-01 6.711884737014770508e-01 8.217902779579162598e-01 1.188416630029678345e-01 3.016923666000366211e-01 3.354501128196716309e-01 6.914901733398437500e-01 6.003514528274536133e-01 6.978431940078735352e-01 5.465098619461059570e-01 3.501557111740112305e-01
9.506275057792663574e-01 6.128249764442443848e-01 1.361224949359893799e-01 7.617350220680236816e-01 9.079587459564208984e-01 9.126816391944885254e-01 9.433433413505554199e-01 7.281613945960998535e-01 5.574154853820800781e-01 2.475854158401489258e-01 5.668302178382873535e-01 8.637009859085083008e-01 7.282802462577819824e-01 7.820916771888732910e-01
6.259425282478332520e-01 3.014331758022308350e-01 1.485912501811981201e-01 4.580957591533660889e-01 7.705637216567993164e-01 8.267338275909423828e-01 2.553633451461791992e-01 5.175530314445495605e-01 5.147497057914733887e-01 2.395968288183212280e-01 4.624104201793670654e-01 7.600737810134887695e-01 4.799139499664306641e-01 5.759617090225219727e-01
4.176250100135803223e-02 2.605246603488922119e-01 8.082550168037414551e-01 7.088400125503540039e-01 9.726099669933319092e-02 8.720312118530273438e-01 5.954156517982482910e-01 3.531713504344224930e-03 2.755960822105407715e-01 9.144324064254760742e-01 5.633144974708557129e-01 1.455481909215450287e-02 9.046941995620727539e-01 7.282922267913818359e-01
2.044575065374374390e-01 6.246816515922546387e-01 3.054497539997100830e-01 6.257774829864501953e-01 8.180882334709167480e-01 8.765958249568939209e-02 9.826537370681762695e-01 2.512523531913757324e-01 6.050629019737243652e-01 3.632376194000244141e-01 6.168248057365417480e-01 7.216581702232360840e-01 2.723553478717803955e-01 5.411279201507568359e-01
3.900099992752075195e-01 2.739291787147521973e-01 3.150264918804168701e-01 3.430207371711730957e-01 1.287014931440353394e-01 9.063737392425537109e-01 5.168513059616088867e-01 2.868121862411499023e-01 3.773470818996429443e-01 3.264007568359375000e-01 4.185424149036407471e-01 1.115143373608589172e-01 5.230771899223327637e-01 4.642564952373504639e-01
8.557350039482116699e-01 3.413478434085845947e-01 6.399185061454772949e-01 4.771282374858856201e-01 2.543214857578277588e-01 6.311722993850708008e-01 6.887222528457641602e-01 8.835259675979614258e-01 4.078697264194488525e-01 6.777852177619934082e-01 6.086744070053100586e-01 2.459512203931808472e-01 6.249871850013732910e-01 4.150280356407165527e-01
6.814774870872497559e-01 3.800818324089050293e-01 3.593422472476959229e-01 6.565399765968322754e-01 4.243335127830505371e-01 1.351579725742340088e-01 1.919530034065246582e-01 6.749518513679504395e-01 4.157278537750244141e-01 4.211446642875671387e-01 5.970134139060974121e-01 3.871565759181976318e-01 3.563989996910095215e-01 2.947314381599426270e-01
1.180450022220611572e-01 5.258161425590515137e-01 3.197174891829490662e-02 3.379600048065185547e-01 1.635382473468780518e-01 3.489731252193450928e-01 4.183226525783538818e-01 1.387629359960556030e-01 6.282287836074829102e-01 1.034718304872512817e-01 3.678724765777587891e-01 2.814406752586364746e-01 5.574844479560852051e-01 7.221298217773437500e-01
2.780900001525878906e-01 1.792176663875579834e-01 9.288704991340637207e-01 6.176350116729736328e-01 9.227149933576583862e-02 5.913984775543212891e-01 9.506603479385375977e-01 4.087592959403991699e-01 2.816705405712127686e-01 7.106577157974243164e-01 5.334472656250000000e-01 4.931556805968284607e-02 7.705394625663757324e-01 7.784228920936584473e-01
7.619249820709228516e-01 5.623946785926818848e-01 7.566737532615661621e-01 5.573624968528747559e-01 1.388995051383972168e-01 9.981855750083923340e-01 3.868726789951324463e-01 8.959045410156250000e-01 4.205355644226074219e-01 6.617081165313720703e-01 5.689554214477539062e-01 1.837006807327270508e-01 6.785383224487304688e-01 4.810218811035156250e-01
4.019599854946136475e-01 4.681201577186584473e-01 5.185887217521667480e-01 3.967222571372985840e-01 2.856342494487762451e-01 2.351643443107604980e-01 5.484333261847496033e-02 3.978188037872314453e-01 4.045929312705993652e-01 3.889829218387603760e-01 5.065315365791320801e-01 3.237414658069610596e-01 3.931425213813781738e-01 3.573556542396545410e-01
3.882024884223937988e-01 2.249021679162979126e-01 6.726797223091125488e-01 9.212700128555297852e-01 6.600842475891113281e-01 5.994726419448852539e-01 2.185086607933044434e-01 3.954949378967285156e-01 2.392045855522155762e-01 8.436001539230346680e-01 7.303584218025207520e-01 7.134755849838256836e-01 7.194097042083740234e-01 3.608565032482147217e-01
6.312825083732604980e-01 2.546228468418121338e-01 5.712372660636901855e-01 3.460980057716369629e-01 6.178572773933410645e-01 4.528657495975494385e-01 1.277023404836654663e-01 6.616519093513488770e-01 3.171604871749877930e-01 5.641452074050903320e-01 4.942599833011627197e-01 6.405254006385803223e-01 5.658807158470153809e-01 3.938768506050109863e-01
9.314125180244445801e-01 2.637443244457244873e-01 5.814767479896545410e-01 2.277624979615211487e-02 8.870834708213806152e-01 3.887223303318023682e-01 6.581820249557495117e-01 7.808961272239685059e-01 3.774942457675933838e-01 4.468575417995452881e-01 4.859475791454315186e-01 7.983131408691406250e-01 5.515222549438476562e-01 4.639198482036590576e-01
