2.562499940395355225e-01 6.324999928474426270e-01 7.047500014305114746e-01 3.497500121593475342e-01 2.192499935626983643e-01 1.677500009536743164e-01 2.542879283428192139e-01 6.996769905090332031e-01 7.398740053176879883e-01 3.586993813514709473e-01 2.087873965501785278e-01 3.064341545104980469e-01
7.925000041723251343e-02 4.868333339691162109e-01 4.742499887943267822e-01 2.274999953806400299e-02 9.662500023841857910e-01 8.462499976158142090e-01 5.752296373248100281e-02 5.982651114463806152e-01 5.332183241844177246e-01 2.327612414956092834e-02 9.972757697105407715e-01 7.717831730842590332e-01
2.687500119209289551e-01 6.104999780654907227e-01 4.147500097751617432e-01 2.887499928474426270e-01 8.177499771118164062e-01 2.337500005960464478e-01 3.330744206905364990e-01 6.738512516021728516e-01 4.319379329681396484e-01 4.232616424560546875e-01 7.493768334388732910e-01 4.277964830398559570e-01
2.172500044107437134e-01 6.765000224113464355e-01 9.674999862909317017e-02 9.392499923706054688e-01 9.047499895095825195e-01 6.832500100135803223e-01 1.721830368041992188e-01 7.774183750152587891e-01 2.104660868644714355e-01 8.917426466941833496e-01 9.823051691055297852e-01 6.165096163749694824e-01
9.477499723434448242e-01 2.308333367109298706e-01 1.042499989271163940e-01 3.242500126361846924e-01 1.475000008940696716e-02 7.307500243186950684e-01 9.221394062042236328e-01 2.641905546188354492e-01 1.035600677132606506e-01 2.876149415969848633e-01 3.373643755912780762e-02 7.334149479866027832e-01
5.922499895095825195e-01 3.555000126361846924e-01 8.552500009536743164e-01 7.402499914169311523e-01 2.752499878406524658e-01 4.337500035762786865e-01 6.777091026306152344e-01 3.152072727680206299e-01 7.657887935638427734e-01 6.680126786231994629e-01 3.293059468269348145e-01 5.001277923583984375e-01
9.942499995231628418e-01 2.911666631698608398e-01 8.725000172853469849e-02 9.897500276565551758e-01 3.057500123977661133e-01 6.042500138282775879e-01 9.253478050231933594e-01 4.225738346576690674e-01 2.833597362041473389e-01 7.538355588912963867e-01 3.657144010066986084e-01 6.125315427780151367e-01
7.922499775886535645e-01 2.451666593551635742e-01 2.677499949932098389e-01 3.075000084936618805e-02 9.747499823570251465e-01 6.012499928474426270e-01 6.429244279861450195e-01 5.696352124214172363e-01 3.246220052242279053e-01 2.816528975963592529e-01 9.063454866409301758e-01 6.126517653465270996e-01
9.197499752044677734e-01 7.251666784286499023e-01 5.852500200271606445e-01 9.272500276565551758e-01 1.032499969005584717e-01 7.707499861717224121e-01 9.419420361518859863e-01 5.108767747879028320e-01 3.775675296783447266e-01 8.965608477592468262e-01 9.761639684438705444e-02 6.213402748107910156e-01
6.597499847412109375e-01 2.834999859333038330e-01 8.867499828338623047e-01 8.802499771118164062e-01 9.377499818801879883e-01 3.167499899864196777e-01 6.604965925216674805e-01 3.097209334373474121e-01 7.984160780906677246e-01 9.378335475921630859e-01 9.043793678283691406e-01 5.046787261962890625e-01
1.117499992251396179e-01 3.808333277702331543e-01 1.052500009536743164e-01 5.272499918937683105e-01 7.074999809265136719e-02 1.727499961853027344e-01 1.615416854619979858e-01 5.645043253898620605e-01 3.421855866909027100e-01 5.505533218383789062e-01 4.061848670244216919e-02 4.998674690723419189e-01
3.842499852180480957e-01 7.928333282470703125e-01 6.317499876022338867e-01 7.692499756813049316e-01 8.192499876022338867e-01 7.407500147819519043e-01 4.321112632751464844e-01 6.334337592124938965e-01 4.208216667175292969e-01 7.028045654296875000e-01 8.103382587432861328e-01 4.975484311580657959e-01
6.677500009536743164e-01 6.388333439826965332e-01 2.257499992847442627e-01 1.757500022649765015e-01 1.952500045299530029e-01 1.592500060796737671e-01 6.998267769813537598e-01 7.101454138755798340e-01 3.015573024749755859e-01 2.109706252813339233e-01 1.992817074060440063e-01 3.795081973075866699e-01
6.424999982118606567e-02 3.221666812896728516e-01 1.432500034570693970e-01 9.674999862909317017e-02 7.162500023841857910e-01 4.102500081062316895e-01 9.689873456954956055e-02 6.176055073738098145e-01 2.333875149488449097e-01 2.791515290737152100e-01 6.450075507164001465e-01 6.249780654907226562e-01
1.502500027418136597e-01 6.945000290870666504e-01 7.067499756813049316e-01 2.177499979734420776e-01 9.425000101327896118e-02 7.327499985694885254e-01 1.106183007359504700e-01 6.196795105934143066e-01 6.007816791534423828e-01 3.400033414363861084e-01 1.567603200674057007e-01 3.997049629688262939e-01
8.697500228881835938e-01 5.304999947547912598e-01 9.707499742507934570e-01 6.927499771118164062e-01 5.352500081062316895e-01 5.874999985098838806e-02 9.474343061447143555e-01 3.710710704326629639e-01 7.367684841156005859e-01 7.862092852592468262e-01 5.774165391921997070e-01 4.385455846786499023e-01
9.250000119209289551e-03 6.671666502952575684e-01 8.472499847412109375e-01 4.362500011920928955e-01 1.627500057220458984e-01 2.147500067949295044e-01 1.424336619675159454e-02 6.671156287193298340e-01 7.423223853111267090e-01 3.444772660732269287e-01 1.897927671670913696e-01 3.709955811500549316e-01
1.992499977350234985e-01 3.591666519641876221e-01 9.657499790191650391e-01 3.250000067055225372e-03 8.375000208616256714e-02 1.747500002384185791e-01 1.584737747907638550e-01 2.957007288932800293e-01 8.165635466575622559e-01 5.905052646994590759e-02 6.895280629396438599e-02 4.570667445659637451e-01
3.097499907016754150e-01 5.391666889190673828e-01 8.897500038146972656e-01 1.025000028312206268e-02 7.647500038146972656e-01 5.742499828338623047e-01 3.545646071434020996e-01 3.838500976562500000e-01 4.998967945575714111e-01 2.439366877079010010e-01 8.099461793899536133e-01 5.973449945449829102e-01
8.162500262260437012e-01 6.061666607856750488e-01 4.707500040531158447e-01 2.437500059604644775e-01 1.947499960660934448e-01 3.232499957084655762e-01 8.543967008590698242e-01 5.858506560325622559e-01 4.158089458942413330e-01 2.758458256721496582e-01 1.735159903764724731e-01 4.262576401233673096e-01
1.967500001192092896e-01 5.351666808128356934e-01 5.907499790191650391e-01 6.075000017881393433e-02 9.127500057220458984e-01 9.517499804496765137e-01 1.427491903305053711e-01 4.829834997653961182e-01 4.306177496910095215e-01 7.162506878376007080e-02 9.892922639846801758e-01 8.183422684669494629e-01
8.577499985694885254e-01 2.168333381414413452e-01 2.547500133514404297e-01 3.422499895095825195e-01 2.307499945163726807e-01 5.277500152587890625e-01 7.970405817031860352e-01 2.747531235218048096e-01 4.773124456405639648e-01 2.762371301651000977e-01 2.685791552066802979e-01 5.619783997535705566e-01
1.832499951124191284e-01 1.901666671037673950e-01 9.902499914169311523e-01 3.447499871253967285e-01 4.292500019073486328e-01 1.432500034570693970e-01 2.265120893716812134e-01 2.843988537788391113e-01 8.879485726356506348e-01 1.967415362596511841e-01 4.366930425167083740e-01 4.154675900936126709e-01
1.492500007152557373e-01 5.341666936874389648e-01 2.392500042915344238e-01 5.562499761581420898e-01 3.927499949932098389e-01 8.967499732971191406e-01 1.146092638373374939e-01 5.797176361083984375e-01 8.611246198415756226e-02 5.192668437957763672e-01 4.456712603569030762e-01 7.050729393959045410e-01
5.147500038146972656e-01 7.461666464805603027e-01 4.427500069141387939e-01 2.087499946355819702e-01 4.997499883174896240e-01 3.462499976158142090e-01 4.921013712882995605e-01 7.120934128761291504e-01 4.231755435466766357e-01 3.715246021747589111e-01 4.834793210029602051e-01 3.513517081737518311e-01
8.002499938011169434e-01 3.785000145435333252e-01 3.072499930858612061e-01 7.832499742507934570e-01 1.722500026226043701e-01 9.412500262260437012e-01 7.524160742759704590e-01 5.174553990364074707e-01 4.234973192214965820e-01 6.683882474899291992e-01 1.545645743608474731e-01 5.436052680015563965e-01
1.775000058114528656e-02 2.228333353996276855e-01 6.617500185966491699e-01 5.175000056624412537e-02 1.687500029802322388e-01 7.302500009536743164e-01 4.038541577756404877e-03 2.363856434822082520e-01 8.490913510322570801e-01 1.694209873676300049e-01 5.915292724967002869e-02 6.021825671195983887e-01
5.707499980926513672e-01 2.768333256244659424e-01 2.472500056028366089e-01 4.202499985694885254e-01 6.162499785423278809e-01 5.925000086426734924e-02 5.584998130798339844e-01 5.666604638099670410e-01 5.784014463424682617e-01 4.321095645427703857e-01 5.529304742813110352e-01 4.083706736564636230e-01
9.192500114440917969e-01 4.514999985694885254e-01 6.262500286102294922e-01 7.275000214576721191e-02 7.157499790191650391e-01 9.662500023841857910e-01 8.509984016418457031e-01 4.866717457771301270e-01 3.938320875167846680e-01 2.643660008907318115e-01 6.899723410606384277e-01 5.304270386695861816e-01
3.557499945163726807e-01 4.548333287239074707e-01 2.712500095367431641e-01 3.907499909400939941e-01 8.172500133514404297e-01 9.425000101327896118e-02 4.348677694797515869e-01 5.144690275192260742e-01 3.202541470527648926e-01 4.594582617282867432e-01 7.663996815681457520e-01 5.812088251113891602e-01
5.967500209808349609e-01 5.328333377838134766e-01 5.092499852180480957e-01 5.947499871253967285e-01 3.992500007152557373e-01 3.677499890327453613e-01 7.075973749160766602e-01 6.063559055328369141e-01 5.513857007026672363e-01 4.512198865413665771e-01 4.167842864990234375e-01 3.853721916675567627e-01
6.227499842643737793e-01 5.504999756813049316e-01 9.182500243186950684e-01 2.882499992847442627e-01 4.312500059604644775e-01 7.077500224113464355e-01 5.718989968299865723e-01 3.696079254150390625e-01 8.147158026695251465e-01 2.424619644880294800e-01 4.550175070762634277e-01 4.166715443134307861e-01
9.242500066757202148e-01 5.005000233650207520e-01 6.162499785423278809e-01 5.257499814033508301e-01 7.982500195503234863e-01 2.792499959468841553e-01 8.863824009895324707e-01 3.452212810516357422e-01 7.004395127296447754e-01 5.205096602439880371e-01 7.865602970123291016e-01 4.473052024841308594e-01
3.857499957084655762e-01 8.264999985694885254e-01 8.447499871253967285e-01 1.167500019073486328e-01 1.217499971389770508e-01 5.342500209808349609e-01 3.804120421409606934e-01 6.580391526222229004e-01 5.575209856033325195e-01 2.836290001869201660e-01 1.586311012506484985e-01 3.735013902187347412e-01
3.167499899864196777e-01 7.714999914169311523e-01 3.377499878406524658e-01 3.597500026226043701e-01 8.707500100135803223e-01 7.347499728202819824e-01 3.312604725360870361e-01 6.153690218925476074e-01 2.578933238983154297e-01 1.452468633651733398e-01 9.332594275474548340e-01 6.985486149787902832e-01
7.262499928474426270e-01 3.008333444595336914e-01 2.924999967217445374e-02 6.517500281333923340e-01 3.974999859929084778e-02 5.482500195503234863e-01 8.058032989501953125e-01 3.873894214630126953e-01 1.143732741475105286e-01 5.831696391105651855e-01 4.268322139978408813e-02 7.163162231445312500e-01
9.547500014305114746e-01 3.425000011920928955e-01 2.362499982118606567e-01 2.532500028610229492e-01 3.957499861717224121e-01 3.624999895691871643e-02 9.153067469596862793e-01 5.357772111892700195e-01 4.738384783267974854e-01 2.775658369064331055e-01 4.020210802555084229e-01 4.091203212738037109e-01
8.177499771118164062e-01 5.158333182334899902e-01 9.177500009536743164e-01 6.962500214576721191e-01 9.737499952316284180e-01 9.702500104904174805e-01 7.509174346923828125e-01 5.275792479515075684e-01 6.726530790328979492e-01 7.751008272171020508e-01 9.255174398422241211e-01 5.355082154273986816e-01
6.177499890327453613e-01 6.188333630561828613e-01 4.407500028610229492e-01 3.187499940395355225e-01 5.037500262260437012e-01 1.127500012516975403e-01 6.594780683517456055e-01 6.413580179214477539e-01 5.344679951667785645e-01 2.908047735691070557e-01 4.756686985492706299e-01 3.474471569061279297e-01
7.037500143051147461e-01 2.081666737794876099e-01 5.124999955296516418e-02 8.377500176429748535e-01 9.057499766349792480e-01 5.697500109672546387e-01 6.015197634696960449e-01 3.269187808036804199e-01 4.595062732696533203e-01 7.158638834953308105e-01 8.582377433776855469e-01 5.433207750320434570e-01
9.327499866485595703e-01 1.961666643619537354e-01 5.502499938011169434e-01 5.617499947547912598e-01 1.867499947547912598e-01 6.222500205039978027e-01 9.222360849380493164e-01 2.761546671390533447e-01 6.347571611404418945e-01 6.980752348899841309e-01 1.484043300151824951e-01 5.567514300346374512e-01
4.982500076293945312e-01 3.598333299160003662e-01 6.932500004768371582e-01 8.737499713897705078e-01 3.422499895095825195e-01 8.537499904632568359e-01 4.740919172763824463e-01 4.201201200485229492e-01 7.381727099418640137e-01 6.779080629348754883e-01 3.965857923030853271e-01 5.024287104606628418e-01
5.992500185966491699e-01 7.551666498184204102e-01 8.052499890327453613e-01 4.177500009536743164e-01 7.957500219345092773e-01 1.612499952316284180e-01 5.955430865287780762e-01 6.185858249664306641e-01 4.284090101718902588e-01 6.430395841598510742e-01 7.612346410751342773e-01 4.810524582862854004e-01
4.174999892711639404e-02 7.754999995231628418e-01 2.872500121593475342e-01 9.377499818801879883e-01 2.587499916553497314e-01 1.472499966621398926e-01 3.659402951598167419e-02 7.793333530426025391e-01 2.124722450971603394e-01 9.229009747505187988e-01 2.948893606662750244e-01 3.493503034114837646e-01
5.237500071525573730e-01 5.421666502952575684e-01 4.572499990463256836e-01 7.225000113248825073e-02 6.075000017881393433e-02 4.832499921321868896e-01 4.928423166275024414e-01 5.012335181236267090e-01 4.021840989589691162e-01 1.396671682596206665e-01 5.369453504681587219e-02 5.008735656738281250e-01
2.087499946355819702e-01 8.308333158493041992e-01 8.952500224113464355e-01 2.347500026226043701e-01 1.957499980926513672e-01 4.662500023841857910e-01 2.079972475767135620e-01 6.793261766433715820e-01 6.938494443893432617e-01 3.145689666271209717e-01 2.441622465848922729e-01 3.297650814056396484e-01
4.192500114440917969e-01 8.331666588783264160e-01 2.402500063180923462e-01 3.272500038146972656e-01 2.727499902248382568e-01 9.457499980926513672e-01 4.632084071636199951e-01 6.199617981910705566e-01 1.959836781024932861e-01 2.783408164978027344e-01 3.398937880992889404e-01 5.770411491394042969e-01
2.907499969005584717e-01 4.438333213329315186e-01 6.312500238418579102e-01 9.792500138282775879e-01 9.562500119209289551e-01 8.197500109672546387e-01 2.857106924057006836e-01 4.707967638969421387e-01 6.202871203422546387e-01 9.396208524703979492e-01 8.874729275703430176e-01 5.632197856903076172e-01
5.857499837875366211e-01 5.264999866485595703e-01 9.624999761581420898e-02 1.667499989271163940e-01 6.437500119209289551e-01 8.047500252723693848e-01 5.527007579803466797e-01 4.770612120628356934e-01 3.060299754142761230e-01 1.931758373975753784e-01 6.806610226631164551e-01 6.277978420257568359e-01
4.377500116825103760e-01 3.538333475589752197e-01 5.725000053644180298e-02 3.642500042915344238e-01 2.675000019371509552e-02 4.397499859333038330e-01 5.080615878105163574e-01 4.269013106822967529e-01 8.952290564775466919e-02 4.607243835926055908e-01 3.908178582787513733e-02 6.840217113494873047e-01
