8.591175079345703125e-01 5.583998560905456543e-01 7.405387759208679199e-01 9.984325170516967773e-01 9.162707328796386719e-01 5.616476535797119141e-01 1.942483335733413696e-01 8.439985513687133789e-01 4.802336394786834717e-01 7.006976604461669922e-01 8.877286911010742188e-01 8.998445272445678711e-01 3.741368055343627930e-01 3.744647800922393799e-01
1.999824941158294678e-01 4.529278278350830078e-01 1.536564975976943970e-01 5.150550007820129395e-01 2.908100001513957977e-02 4.583289027214050293e-01 5.162556767463684082e-01 2.250299304723739624e-01 5.157116055488586426e-01 3.371153771877288818e-01 6.384733319282531738e-01 8.068262785673141479e-02 5.247201919555664062e-01 6.222952008247375488e-01
9.506275057792663574e-01 6.128249764442443848e-01 1.361224949359893799e-01 7.617350220680236816e-01 9.079587459564208984e-01 9.126816391944885254e-01 9.433433413505554199e-01 7.918921113014221191e-01 4.357321560382843018e-01 2.902840971946716309e-01 5.010618567466735840e-01 7.284996509552001953e-01 4.615559279918670654e-01 6.179882884025573730e-01
1.477124989032745361e-01 7.612910270690917969e-01 7.669077515602111816e-01 8.615375310182571411e-02 2.658597528934478760e-01 6.681354641914367676e-01 5.808043479919433594e-01 1.601228266954421997e-01 4.774452447891235352e-01 5.355305075645446777e-01 2.706891596317291260e-01 3.335886299610137939e-01 6.017168760299682617e-01 4.232084155082702637e-01
2.172224968671798706e-01 5.670261383056640625e-01 8.740835189819335938e-01 9.835324883460998535e-01 9.697797298431396484e-01 9.299288988113403320e-01 4.750596582889556885e-01 1.761296242475509644e-01 4.732513427734375000e-01 7.273507118225097656e-01 8.367255330085754395e-01 9.882926344871520996e-01 4.688389003276824951e-01 2.861797213554382324e-01
4.364775121212005615e-01 5.137766599655151367e-01 9.151265025138854980e-01 7.698475122451782227e-01 8.470377326011657715e-01 1.177074760198593140e-01 1.468826681375503540e-01 4.934544861316680908e-01 4.492242038249969482e-01 7.195422649383544922e-01 8.945501446723937988e-01 9.082181453704833984e-01 3.973260521888732910e-01 3.792798817157745361e-01
8.372499942779541016e-01 4.964953362941741943e-01 7.864217758178710938e-01 1.196952536702156067e-01 6.558899879455566406e-01 4.126114249229431152e-01 8.352743983268737793e-01 7.768964171409606934e-01 4.136598408222198486e-01 5.952142477035522461e-01 4.127543568611145020e-01 6.241813898086547852e-01 5.234712958335876465e-01 4.026853740215301514e-01
8.085849881172180176e-01 5.551509857177734375e-01 3.423945009708404541e-01 3.365197479724884033e-01 3.025574982166290283e-01 2.764036357402801514e-01 7.077468037605285645e-01 9.385499954223632812e-01 5.748609900474548340e-01 4.618928432464599609e-01 3.373858928680419922e-01 3.598238527774810791e-01 4.617197811603546143e-01 4.289181530475616455e-01
8.265799880027770996e-01 7.946988344192504883e-01 1.353474985808134079e-02 6.612499952316284180e-01 3.967007398605346680e-01 5.772690176963806152e-01 8.687244057655334473e-01 8.571976423263549805e-01 6.830925941467285156e-01 4.668505862355232239e-02 6.259243488311767578e-01 4.243768453598022461e-01 4.277985692024230957e-01 7.244973778724670410e-01
2.262825071811676025e-01 3.520023226737976074e-01 2.302384972572326660e-01 2.541489899158477783e-01 6.097245216369628906e-01 9.378677010536193848e-01 1.245416700839996338e-01 2.961172163486480713e-01 4.549319744110107422e-01 4.374006092548370361e-01 1.595707684755325317e-01 6.104115843772888184e-01 6.196911931037902832e-01 3.761867582798004150e-01
1.693174988031387329e-01 7.909858226776123047e-01 2.466634958982467651e-01 1.619444936513900757e-01 5.461649894714355469e-01 6.064682602882385254e-01 4.500993192195892334e-01 1.840977966785430908e-01 6.029379963874816895e-01 1.797661036252975464e-01 2.692289352416992188e-01 6.773340106010437012e-01 5.626661181449890137e-01 4.447757601737976074e-01
9.855474829673767090e-01 2.033886611461639404e-01 9.584337472915649414e-01 7.117875218391418457e-01 6.930927634239196777e-01 5.881259441375732422e-01 3.790040016174316406e-01 9.726083278656005859e-01 2.638693153858184814e-01 8.062065243721008301e-01 7.240516543388366699e-01 8.041048049926757812e-01 4.848686754703521729e-01 4.272707402706146240e-01
2.943474948406219482e-01 6.059141755104064941e-01 3.404900133609771729e-01 5.019899830222129822e-02 9.364472627639770508e-01 3.801256418228149414e-01 3.225743472576141357e-01 3.453388512134552002e-01 5.483247041702270508e-01 3.901909589767456055e-01 2.363846302032470703e-01 9.590834379196166992e-01 5.352913141250610352e-01 2.895776629447937012e-01
8.739100098609924316e-01 6.439178586006164551e-01 3.565104901790618896e-01 8.655250072479248047e-03 7.428217530250549316e-01 2.297111153602600098e-01 3.042726814746856689e-01 8.080736994743347168e-01 5.249950289726257324e-01 3.315365910530090332e-01 3.326813578605651855e-01 7.374074459075927734e-01 4.915279746055603027e-01 4.449343085289001465e-01
7.798550128936767578e-01 4.261656701564788818e-01 2.231547534465789795e-01 9.638224840164184570e-01 8.622482419013977051e-01 3.938568830490112305e-01 6.200990080833435059e-01 7.688034772872924805e-01 4.648083746433258057e-01 5.170005559921264648e-01 8.001304268836975098e-01 7.948558330535888672e-01 4.174508452415466309e-01 5.373870134353637695e-01
7.468674778938293457e-01 4.677500128746032715e-01 3.403122425079345703e-01 9.844074845314025879e-01 6.249527335166931152e-01 3.694692850112915039e-01 7.887266874313354492e-01 9.096859693527221680e-01 4.326316416263580322e-01 4.058302938938140869e-01 5.855287313461303711e-01 6.937134861946105957e-01 4.499218761920928955e-01 5.985146760940551758e-01
8.352324962615966797e-01 5.909068584442138672e-01 7.283250093460083008e-01 4.879472553730010986e-01 6.768722534179687500e-01 8.085382580757141113e-01 3.966679871082305908e-01 8.022288084030151367e-01 3.574530482292175293e-01 6.058900952339172363e-01 3.412512838840484619e-01 7.040638327598571777e-01 5.508726239204406738e-01 3.966860771179199219e-01
6.325374841690063477e-01 4.777173399925231934e-01 9.069085121154785156e-01 2.631149999797344208e-02 4.379667639732360840e-01 7.652301192283630371e-01 1.946966722607612610e-02 6.408657431602478027e-01 3.976702392101287842e-01 6.351661682128906250e-01 2.430392354726791382e-01 4.926256537437438965e-01 5.915336608886718750e-01 3.386576473712921143e-01
3.882024884223937988e-01 2.249021679162979126e-01 6.726797223091125488e-01 9.212700128555297852e-01 6.600842475891113281e-01 5.994726419448852539e-01 2.185086607933044434e-01 3.840547204017639160e-01 2.963504493236541748e-01 7.863115668296813965e-01 8.577138781547546387e-01 6.961156725883483887e-01 4.513467550277709961e-01 5.293985605239868164e-01
8.964675068855285645e-01 3.624795079231262207e-01 2.787545025348663330e-01 7.069125175476074219e-01 8.014817237854003906e-01 9.630825519561767578e-01 4.612233340740203857e-01 7.888716459274291992e-01 4.850974678993225098e-01 4.811964333057403564e-01 4.322367906570434570e-01 7.149264216423034668e-01 4.845469594001770020e-01 4.287841618061065674e-01
4.651749879121780396e-02 7.589908242225646973e-01 3.930207490921020508e-01 1.136192530393600464e-01 9.063389897346496582e-01 3.170475661754608154e-01 4.703536629676818848e-01 3.988975286483764648e-02 6.905330419540405273e-01 4.695226848125457764e-01 4.137393236160278320e-01 9.686149954795837402e-01 4.960178434848785400e-01 2.925010025501251221e-01
9.908249974250793457e-02 3.643186688423156738e-01 3.800162374973297119e-01 4.586944878101348877e-01 9.990582466125488281e-01 2.283266633749008179e-01 8.083066344261169434e-02 8.077638596296310425e-02 5.534651875495910645e-01 6.170712113380432129e-01 4.950330257415771484e-01 9.756474494934082031e-01 5.340883731842041016e-01 2.704308331012725830e-01
6.341400146484375000e-01 2.281313389539718628e-01 1.487150043249130249e-02 1.323725003749132156e-02 7.149450182914733887e-01 5.451665520668029785e-01 6.353093385696411133e-01 5.997911691665649414e-01 3.508054316043853760e-01 2.907778620719909668e-01 1.220909729599952698e-01 7.244435548782348633e-01 5.731948614120483398e-01 5.365662574768066406e-01
7.883725166320800781e-01 6.593629717826843262e-01 8.596755266189575195e-01 2.987412512302398682e-01 7.223179936408996582e-01 4.795535206794738770e-01 9.717208743095397949e-01 8.163830041885375977e-01 4.942102432250976562e-01 3.940013051033020020e-01 5.040547251701354980e-01 6.082998514175415039e-01 4.614551067352294922e-01 5.390647649765014648e-01
7.007849812507629395e-01 4.251696765422821045e-01 4.579209983348846436e-01 3.648525103926658630e-02 6.657435297966003418e-01 2.796197831630706787e-01 4.927276670932769775e-01 7.169646024703979492e-01 4.246728122234344482e-01 2.947256267070770264e-01 2.217895090579986572e-01 6.887894272804260254e-01 5.305512547492980957e-01 5.286660790443420410e-01
5.146424770355224609e-01 7.400485277175903320e-01 9.453434944152832031e-01 6.225699782371520996e-01 1.413842439651489258e-01 8.122097849845886230e-01 2.889286577701568604e-01 5.729898214340209961e-01 4.406200349330902100e-01 5.802132487297058105e-01 3.710091710090637207e-01 2.404089868068695068e-01 5.421572923660278320e-01 4.689897596836090088e-01
8.570424914360046387e-01 2.230241596698760986e-01 8.506785035133361816e-01 1.406340003013610840e-01 6.842997670173645020e-01 6.881133466958999634e-02 5.785366892814636230e-01 8.803861737251281738e-01 3.583982288837432861e-01 6.509065628051757812e-01 3.699133098125457764e-01 6.677993535995483398e-01 5.405189394950866699e-01 3.901852369308471680e-01
2.780900001525878906e-01 1.792176663875579834e-01 9.288704991340637207e-01 6.176350116729736328e-01 9.227149933576583862e-02 5.913984775543212891e-01 9.506603479385375977e-01 6.092767119407653809e-01 3.061993122100830078e-01 5.284692049026489258e-01 6.261788010597229004e-01 1.864014007151126862e-02 5.372401475906372070e-01 7.798704504966735840e-01
8.718374967575073242e-01 3.035014867782592773e-01 2.463639974594116211e-01 8.503274917602539062e-01 9.827795028686523438e-01 6.430036425590515137e-01 9.072946906089782715e-01 7.728935480117797852e-01 4.701121449470520020e-01 5.059067606925964355e-01 7.671054601669311523e-01 7.747667431831359863e-01 4.249294996261596680e-01 5.302577614784240723e-01
6.271250247955322266e-01 1.996716707944869995e-01 8.539312481880187988e-01 7.863399982452392578e-01 3.019177615642547607e-01 6.361659765243530273e-01 9.492045044898986816e-01 6.789721846580505371e-01 2.726417481899261475e-01 7.398160099983215332e-01 6.381230354309082031e-01 2.197368741035461426e-01 4.959599375724792480e-01 6.305110454559326172e-01
4.578525125980377197e-01 5.847293138504028320e-01 7.017765045166015625e-01 7.578824758529663086e-01 3.888577520847320557e-01 2.122800052165985107e-01 5.813996791839599609e-01 4.984005093574523926e-01 5.315538644790649414e-01 6.264751553535461426e-01 6.386341452598571777e-01 4.525301754474639893e-01 4.187667369842529297e-01 4.089522957801818848e-01
5.745649933815002441e-01 1.831691712141036987e-01 6.563194990158081055e-01 8.714874982833862305e-01 6.856409907341003418e-01 2.989600896835327148e-01 8.851518630981445312e-01 5.242276191711425781e-01 3.817754387855529785e-01 6.840355992317199707e-01 8.393846750259399414e-01 6.562449932098388672e-01 4.261708855628967285e-01 5.148692727088928223e-01
5.235400199890136719e-01 1.799228340387344360e-01 2.585499882698059082e-01 4.634810090065002441e-01 3.276025131344795227e-02 5.215286612510681152e-01 3.986496627330780029e-01 4.228902459144592285e-01 3.557806015014648438e-01 5.944373011589050293e-01 4.427499473094940186e-01 3.209690749645233154e-02 5.728564262390136719e-01 6.295984983444213867e-01
8.557350039482116699e-01 3.413478434085845947e-01 6.399185061454772949e-01 4.771282374858856201e-01 2.543214857578277588e-01 6.311722993850708008e-01 6.887222528457641602e-01 8.895576596260070801e-01 4.251478016376495361e-01 6.199927330017089844e-01 4.657817482948303223e-01 2.819264829158782959e-01 4.758297502994537354e-01 5.413158535957336426e-01
9.668574929237365723e-01 1.919428259134292603e-01 6.263830065727233887e-01 8.953624963760375977e-01 9.742457270622253418e-01 7.615771889686584473e-01 1.582150012254714966e-01 8.994938731193542480e-01 2.975547611713409424e-01 7.672025561332702637e-01 6.621764302253723145e-01 9.339504241943359375e-01 5.424532890319824219e-01 2.779079079627990723e-01
7.994899749755859375e-01 2.026771605014801025e-01 9.166177511215209961e-01 2.795712351799011230e-01 9.473620057106018066e-01 9.447643160820007324e-01 2.532186806201934814e-01 7.627803683280944824e-01 2.946626842021942139e-01 7.481123805046081543e-01 3.696573972702026367e-01 8.899788856506347656e-01 6.041468381881713867e-01 2.456218153238296509e-01
8.442950248718261719e-01 5.838288068771362305e-01 1.733697503805160522e-01 6.421350240707397461e-01 7.646177411079406738e-01 4.676388800144195557e-01 7.017969489097595215e-01 8.073009848594665527e-01 5.217770338058471680e-01 2.434239089488983154e-01 6.740888357162475586e-01 7.382356524467468262e-01 4.256989061832427979e-01 6.187091469764709473e-01
8.214499950408935547e-01 6.396030187606811523e-01 8.020964860916137695e-01 8.544650077819824219e-01 8.157207369804382324e-01 5.137507319450378418e-01 6.084013581275939941e-01 8.880570530891418457e-01 4.817461967468261719e-01 5.930854082107543945e-01 8.227680325508117676e-01 8.195648193359375000e-01 3.969891667366027832e-01 4.761595726013183594e-01
9.917999804019927979e-02 8.105639815330505371e-01 9.747987389564514160e-01 7.417950034141540527e-02 1.971040070056915283e-01 8.333922028541564941e-01 1.052133366465568542e-02 9.882527589797973633e-02 5.229827165603637695e-01 6.104205250740051270e-01 3.485804796218872070e-01 3.055234551429748535e-01 5.739990472793579102e-01 3.956521749496459961e-01
9.970824718475341797e-01 3.792193233966827393e-01 8.835369944572448730e-01 6.201500073075294495e-02 9.941319823265075684e-01 6.856448650360107422e-01 4.570056796073913574e-01 8.425911068916320801e-01 3.638897538185119629e-01 6.614103317260742188e-01 3.973324000835418701e-01 8.843838572502136230e-01 5.635169744491577148e-01 2.858198285102844238e-01
3.586100041866302490e-01 7.043098211288452148e-01 5.855717658996582031e-01 1.687217503786087036e-01 6.629977226257324219e-01 5.079816281795501709e-02 9.374176859855651855e-01 4.320427775382995605e-01 5.241601467132568359e-01 2.933447062969207764e-01 4.059265553951263428e-01 5.784147381782531738e-01 5.008542537689208984e-01 5.023038983345031738e-01
7.788749933242797852e-01 1.939969956874847412e-01 7.486305236816406250e-01 8.033400028944015503e-02 7.285297513008117676e-01 6.470609307289123535e-01 3.644200041890144348e-02 7.514049410820007324e-01 3.667459785938262939e-01 6.095335483551025391e-01 3.413332998752593994e-01 7.503608465194702148e-01 5.580123066902160645e-01 3.640155792236328125e-01
5.996025204658508301e-01 2.187239974737167358e-01 2.859387397766113281e-01 6.319125294685363770e-01 7.379267215728759766e-01 7.215978503227233887e-01 7.927479743957519531e-01 6.303016543388366699e-01 4.375087916851043701e-01 4.617274999618530273e-01 5.142854452133178711e-01 6.385685205459594727e-01 4.803096354007720947e-01 5.251335501670837402e-01
7.619249820709228516e-01 5.623946785926818848e-01 7.566737532615661621e-01 5.573624968528747559e-01 1.388995051383972168e-01 9.981855750083923340e-01 3.868726789951324463e-01 9.166389703750610352e-01 4.280987977981567383e-01 5.682014226913452148e-01 4.411978125572204590e-01 1.806176602840423584e-01 4.863815009593963623e-01 5.885989069938659668e-01
7.293300032615661621e-01 2.239926606416702271e-01 4.996367394924163818e-01 4.466232359409332275e-01 4.925682544708251953e-01 9.836612939834594727e-01 9.378047585487365723e-01 5.865240097045898438e-01 4.025460183620452881e-01 6.672311425209045410e-01 3.501222431659698486e-01 3.795548975467681885e-01 5.461763739585876465e-01 4.016334712505340576e-01
8.015725016593933105e-01 5.923038125038146973e-01 7.747370004653930664e-01 5.414500087499618530e-02 3.919857442378997803e-01 7.450779676437377930e-01 2.157640010118484497e-01 8.059892058372497559e-01 5.016483068466186523e-01 5.332205891609191895e-01 2.795734405517578125e-01 4.273790419101715088e-01 5.336232185363769531e-01 3.549543023109436035e-01
5.437625050544738770e-01 4.533329904079437256e-01 3.228259980678558350e-01 2.969120144844055176e-01 2.515499945729970932e-03 9.912050366401672363e-01 1.553283333778381348e-01 3.772903084754943848e-01 4.761304855346679688e-01 4.526168107986450195e-01 2.261290997266769409e-01 3.370784595608711243e-02 6.520692110061645508e-01 4.939230978488922119e-01
1.979175060987472534e-01 6.752796769142150879e-01 4.547674953937530518e-02 7.874624729156494141e-01 5.690722465515136719e-01 2.273631244897842407e-01 9.522694349288940430e-01 1.672995537519454956e-01 6.998565793037414551e-01 4.721733182668685913e-02 9.058343768119812012e-01 5.133072733879089355e-01 3.633359074592590332e-01 7.567722201347351074e-01
2.270675003528594971e-01 4.621528387069702148e-01 6.680135130882263184e-01 1.053114980459213257e-01 7.079409956932067871e-01 3.282281756401062012e-02 6.169936656951904297e-01 3.263613581657409668e-01 3.933259844779968262e-01 5.137255191802978516e-01 2.561784088611602783e-01 7.531334757804870605e-01 5.563871860504150391e-01 4.401453137397766113e-01
6.583349704742431641e-01 3.264728188514709473e-01 1.187812536954879761e-01 7.566974759101867676e-01 1.733645051717758179e-01 5.806132405996322632e-02 2.242893278598785400e-01 7.723577022552490234e-01 5.442737936973571777e-01 5.581040978431701660e-01 4.528235197067260742e-01 2.303965687751770020e-01 4.592116773128509521e-01 4.317842721939086914e-01
1.794025003910064697e-01 4.401108324527740479e-01 5.952695012092590332e-01 4.741952419281005859e-01 9.085032343864440918e-01 9.068393111228942871e-01 2.860616743564605713e-01 1.270055025815963745e-01 5.071454644203186035e-01 5.815542936325073242e-01 4.155540168285369873e-01 9.544410109519958496e-01 5.519578456878662109e-01 2.981709539890289307e-01
9.553149938583374023e-01 3.911499977111816406e-01 7.155485153198242188e-01 3.628087639808654785e-01 7.127962708473205566e-01 9.843708276748657227e-01 2.401273399591445923e-01 7.680143117904663086e-01 4.534797370433807373e-01 6.272343993186950684e-01 5.423121452331542969e-01 6.690803170204162598e-01 4.803447425365447998e-01 3.781686425209045410e-01
5.574300289154052734e-01 1.967226713895797729e-01 4.778167605400085449e-01 7.591174840927124023e-01 8.798952698707580566e-01 3.475827276706695557e-01 1.180666685104370117e-01 5.606055855751037598e-01 4.055244922637939453e-01 6.732497811317443848e-01 8.685120344161987305e-01 8.911454677581787109e-01 4.245327711105346680e-01 4.498665630817413330e-01
2.356700003147125244e-01 5.783045291900634766e-01 5.420337319374084473e-01 6.593250036239624023e-01 6.885660290718078613e-01 7.283633351325988770e-01 1.879143267869949341e-01 2.973558008670806885e-01 5.079976916313171387e-01 5.223046541213989258e-01 4.584134221076965332e-01 7.469233870506286621e-01 5.032739043235778809e-01 4.070653021335601807e-01
5.720275044441223145e-01 4.936041533946990967e-01 6.043180227279663086e-01 6.604175269603729248e-02 5.735285282135009766e-01 1.785506010055541992e-01 8.053066581487655640e-02 5.460589528083801270e-01 3.899069130420684814e-01 6.588180661201477051e-01 2.956315577030181885e-01 5.605447888374328613e-01 5.745069980621337891e-01 3.438249826431274414e-01
2.698175013065338135e-01 6.942576766014099121e-01 1.674434989690780640e-01 8.185899853706359863e-01 2.747847437858581543e-01 5.642480850219726562e-01 1.363613307476043701e-01 2.990771830081939697e-01 5.809963941574096680e-01 1.088961437344551086e-01 6.122554540634155273e-01 4.335915446281433105e-01 4.830146431922912598e-01 6.493468284606933594e-01
3.870750069618225098e-01 3.357258439064025879e-01 8.364717364311218262e-01 7.109050154685974121e-01 2.765842378139495850e-01 1.620801985263824463e-01 7.706966996192932129e-02 3.946511745452880859e-01 3.400556445121765137e-01 7.728999853134155273e-01 5.911083817481994629e-01 4.126289188861846924e-01 4.992655515670776367e-01 4.750137627124786377e-01
1.445074975490570068e-01 4.729340076446533203e-01 7.897175103425979614e-02 8.761600255966186523e-01 3.548862636089324951e-01 5.823444724082946777e-01 3.159376680850982666e-01 1.502053588628768921e-01 5.862919688224792480e-01 1.072800010442733765e-01 8.119099140167236328e-01 4.329308271408081055e-01 4.385656416416168213e-01 7.233929634094238281e-01
1.180450022220611572e-01 5.258161425590515137e-01 3.197174891829490662e-02 3.379600048065185547e-01 1.635382473468780518e-01 3.489731252193450928e-01 4.183226525783538818e-01 1.836869865655899048e-01 5.898802280426025391e-01 1.021722853183746338e-01 3.888369500637054443e-01 2.238064408302307129e-01 5.814408063888549805e-01 6.050471067428588867e-01
5.701324939727783203e-01 5.879386663436889648e-01 9.124447703361511230e-01 4.478504955768585205e-01 5.956705212593078613e-01 5.426297187805175781e-01 6.436336636543273926e-01 4.994966685771942139e-01 5.063784122467041016e-01 5.862909555435180664e-01 6.327748894691467285e-01 5.516813993453979492e-01 4.366701245307922363e-01 4.350244700908660889e-01
4.984774887561798096e-01 7.421206831932067871e-01 8.284729719161987305e-01 3.709172606468200684e-01 8.933074772357940674e-02 1.202331297099590302e-02 1.692630052566528320e-01 5.451071858406066895e-01 5.683042407035827637e-01 5.878465771675109863e-01 4.225007891654968262e-01 1.611695289611816406e-01 4.805843234062194824e-01 3.757148981094360352e-01
4.709349870681762695e-01 3.548451662063598633e-01 7.789080142974853516e-01 1.375962495803833008e-01 1.834249943494796753e-01 8.134646415710449219e-01 4.403123259544372559e-01 4.761276841163635254e-01 3.726705312728881836e-01 6.170979738235473633e-01 1.614825874567031860e-01 1.795567721128463745e-01 6.570664048194885254e-01 4.093137085437774658e-01
2.096750028431415558e-02 3.860625028610229492e-01 2.796250022947788239e-02 2.733870148658752441e-01 9.157245159149169922e-01 5.558437108993530273e-01 5.390610098838806152e-01 4.518752172589302063e-02 7.074227929115295410e-01 1.821862459182739258e-01 2.808057665824890137e-01 7.739028334617614746e-01 5.888180136680603027e-01 3.489543795585632324e-01
4.539249837398529053e-02 6.400160193443298340e-01 1.193045005202293396e-01 2.625067532062530518e-01 2.417974919080734253e-02 8.794419169425964355e-01 3.599239885807037354e-01 1.935489848256111145e-02 7.552189230918884277e-01 2.721417322754859924e-02 1.463237702846527100e-01 2.964233048260211945e-02 7.650904655456542969e-01 5.062310695648193359e-01
6.872249841690063477e-01 8.315606713294982910e-01 4.650804996490478516e-01 8.842549920082092285e-01 9.784927368164062500e-01 4.295774698257446289e-01 2.765719890594482422e-01 6.532057523727416992e-01 5.914446115493774414e-01 5.842246413230895996e-01 8.563342094421386719e-01 9.305188655853271484e-01 3.481837213039398193e-01 3.836023211479187012e-01
1.500625014305114746e-01 5.123521685600280762e-01 1.863054931163787842e-01 7.742224633693695068e-02 5.120747685432434082e-01 8.886257410049438477e-01 1.990929991006851196e-01 1.318006366491317749e-01 5.568012595176696777e-01 3.189697265625000000e-01 2.111462056636810303e-01 4.761087596416473389e-01 6.293039917945861816e-01 3.943640291690826416e-01
4.109925031661987305e-01 6.649144887924194336e-01 8.350780010223388672e-01 9.475824832916259766e-01 4.614642560482025146e-01 5.095159411430358887e-01 3.747733309864997864e-02 4.408393204212188721e-01 5.279473066329956055e-01 6.120951771736145020e-01 8.332536816596984863e-01 5.619323849678039551e-01 3.700558245182037354e-01 4.765065312385559082e-01
8.833774924278259277e-01 3.062469959259033203e-01 7.148334980010986328e-01 9.394775032997131348e-01 8.379694819450378418e-01 4.785756468772888184e-01 1.238410025835037231e-01 8.991715908050537109e-01 4.658743441104888916e-01 6.943981647491455078e-01 8.251208066940307617e-01 8.754976391792297363e-01 4.070442020893096924e-01 3.462792634963989258e-01
1.661400049924850464e-01 6.121063232421875000e-01 9.414732456207275391e-01 3.537087440490722656e-01 2.443282455205917358e-01 5.430192947387695312e-01 2.133366614580154419e-01 1.839505732059478760e-01 4.618809521198272705e-01 6.457323431968688965e-01 4.607535302639007568e-01 3.393275141716003418e-01 5.299566388130187988e-01 4.516936540603637695e-01
9.798499941825866699e-02 5.884426832199096680e-01 5.140967369079589844e-01 3.001849949359893799e-01 8.603529930114746094e-01 3.957545459270477295e-01 1.522736698389053345e-01 1.007858216762542725e-01 5.852856636047363281e-01 5.611041188240051270e-01 3.840367197990417480e-01 9.613988995552062988e-01 5.406160950660705566e-01 2.644567191600799561e-01
8.996000289916992188e-01 6.043524742126464844e-01 7.848539948463439941e-01 4.169670045375823975e-01 3.107174932956695557e-01 1.276740431785583496e-01 4.606069922447204590e-01 9.818815588951110840e-01 5.624379515647888184e-01 5.790494084358215332e-01 5.297309160232543945e-01 4.168706536293029785e-01 3.895441889762878418e-01 4.646387398242950439e-01
9.764050245285034180e-01 7.269231677055358887e-01 2.711445093154907227e-01 3.747839927673339844e-01 6.142227649688720703e-01 8.628149628639221191e-01 3.085440099239349365e-01 8.433731794357299805e-01 5.822952985763549805e-01 3.336556553840637207e-01 4.357015788555145264e-01 5.983617305755615234e-01 4.511509239673614502e-01 4.693621695041656494e-01
6.267899870872497559e-01 7.339239716529846191e-01 7.689437270164489746e-01 3.005647361278533936e-01 9.013969898223876953e-01 5.489408373832702637e-01 4.495436549186706543e-01 6.574828028678894043e-01 4.895296692848205566e-01 4.979437291622161865e-01 6.157810688018798828e-01 9.053710103034973145e-01 4.608270525932312012e-01 4.109270870685577393e-01
5.774924755096435547e-01 4.571650028228759766e-01 1.816727519035339355e-01 2.390747517347335815e-01 7.880027294158935547e-01 5.546672940254211426e-01 4.587976634502410889e-01 5.944266915321350098e-01 5.360040664672851562e-01 2.250239402055740356e-01 3.787443935871124268e-01 7.948324680328369141e-01 4.740112721920013428e-01 5.086731910705566406e-01
4.681299924850463867e-01 1.851781606674194336e-01 9.461502432823181152e-01 4.364475011825561523e-01 3.299537599086761475e-01 9.383332133293151855e-01 8.224333524703979492e-01 4.513902664184570312e-01 2.798213362693786621e-01 7.376727461814880371e-01 3.795843720436096191e-01 2.849334478378295898e-01 5.641371011734008789e-01 5.343760251998901367e-01
9.990050196647644043e-01 5.127146840095520020e-01 9.860417246818542480e-01 5.404725074768066406e-01 3.357677459716796875e-01 5.072447657585144043e-01 9.573369026184082031e-01 9.754142165184020996e-01 3.088243007659912109e-01 7.039039731025695801e-01 6.326664686203002930e-01 3.060842156410217285e-01 4.446223080158233643e-01 6.851951479911804199e-01
8.165749907493591309e-02 5.916183590888977051e-01 8.413150161504745483e-02 5.793750286102294922e-01 6.981599926948547363e-01 8.597926497459411621e-01 9.409117698669433594e-01 6.061919406056404114e-02 7.205211520195007324e-01 4.291597381234169006e-02 3.482815027236938477e-01 5.363183021545410156e-01 5.583536624908447266e-01 5.622164011001586914e-01
9.728350043296813965e-01 1.728146672248840332e-01 3.561397492885589600e-01 8.527474999427795410e-01 2.137182503938674927e-01 9.482091665267944336e-01 8.089429736137390137e-01 8.870074748992919922e-01 2.897738218307495117e-01 6.970982551574707031e-01 6.140895485877990723e-01 1.464366614818572998e-01 4.817077517509460449e-01 6.887246370315551758e-01
1.374125033617019653e-01 5.233963131904602051e-01 5.068612694740295410e-01 4.987154901027679443e-01 1.879700087010860443e-02 5.285377502441406250e-01 6.129043102264404297e-01 1.497130841016769409e-01 4.743193984031677246e-01 5.763939619064331055e-01 5.728389024734497070e-01 8.410330861806869507e-02 5.269075036048889160e-01 5.610667467117309570e-01
3.660899996757507324e-01 2.527939975261688232e-01 7.037402391433715820e-01 5.978599786758422852e-01 6.748697757720947266e-01 7.463386654853820801e-01 2.581023275852203369e-01 3.666818439960479736e-01 3.658322989940643311e-01 7.243632674217224121e-01 6.743725538253784180e-01 7.712809443473815918e-01 5.070780515670776367e-01 4.014336764812469482e-01
6.716700196266174316e-01 3.031946718692779541e-01 4.493922591209411621e-01 1.494902521371841431e-01 5.518347620964050293e-01 5.307163596153259277e-01 3.457366675138473511e-02 6.746420860290527344e-01 4.480758905410766602e-01 5.371420383453369141e-01 2.892302572727203369e-01 5.830855965614318848e-01 5.556325316429138184e-01 3.622059226036071777e-01
9.115700125694274902e-01 2.014214992523193359e-01 1.227905005216598511e-01 1.231812536716461182e-01 8.804874867200851440e-02 3.731257617473602295e-01 8.967713117599487305e-01 7.164154648780822754e-01 4.291757345199584961e-01 4.205215573310852051e-01 4.149015545845031738e-01 2.176777459681034088e-02 5.595037341117858887e-01 6.710458397865295410e-01
3.096500039100646973e-01 4.260173439979553223e-01 3.249287605285644531e-01 7.842350006103515625e-01 5.957267284393310547e-01 5.445885062217712402e-01 1.113356649875640869e-01 3.826577663421630859e-01 4.525960981845855713e-01 4.090544879436492920e-01 7.400298118591308594e-01 6.585502028465270996e-01 4.494164586067199707e-01 5.815038084983825684e-01
1.412000041455030441e-02 5.109578371047973633e-01 8.534232378005981445e-01 2.960324883460998535e-01 4.027594923973083496e-01 3.013576865196228027e-01 5.926493406295776367e-01 2.378399856388568878e-02 4.949414432048797607e-01 6.815389990806579590e-01 4.138912856578826904e-01 4.248102903366088867e-01 5.560761690139770508e-01 4.305185377597808838e-01
1.679424941539764404e-01 8.274276852607727051e-01 5.432714819908142090e-01 1.820649951696395874e-02 8.153262734413146973e-01 2.306262552738189697e-01 7.360599935054779053e-02 2.322257459163665771e-01 5.441463589668273926e-01 4.184866249561309814e-01 1.618080437183380127e-01 9.651234745979309082e-01 5.855209827423095703e-01 2.471914291381835938e-01
4.019599854946136475e-01 4.681201577186584473e-01 5.185887217521667480e-01 3.967222571372985840e-01 2.856342494487762451e-01 2.351643443107604980e-01 5.484333261847496033e-02 4.234903454780578613e-01 5.460222363471984863e-01 6.064654588699340820e-01 5.634011626243591309e-01 3.725577294826507568e-01 4.415021538734436035e-01 4.027617871761322021e-01
5.246300101280212402e-01 7.891093492507934570e-01 6.284675002098083496e-01 3.088797628879547119e-01 1.713967472314834595e-01 8.540242314338684082e-01 3.292213380336761475e-01 5.321537852287292480e-01 5.085656046867370605e-01 4.954033792018890381e-01 2.281893640756607056e-01 2.248600125312805176e-01 5.976742506027221680e-01 3.689986169338226318e-01
1.987649947404861450e-01 2.743841707706451416e-01 9.119752645492553711e-01 9.380350112915039062e-01 6.959974765777587891e-01 3.948940336704254150e-01 7.560707330703735352e-01 2.269384115934371948e-01 2.402337789535522461e-01 8.173905014991760254e-01 9.060885906219482422e-01 6.867900490760803223e-01 4.389051496982574463e-01 6.223898530006408691e-01
8.471350073814392090e-01 4.721638262271881104e-01 1.958574950695037842e-01 1.323132514953613281e-01 4.070807397365570068e-01 3.512502014636993408e-01 1.963299959897994995e-01 7.347434759140014648e-01 4.939122796058654785e-01 4.893688857555389404e-01 2.525037527084350586e-01 4.171920716762542725e-01 5.579727292060852051e-01 3.727574348449707031e-01
6.259425282478332520e-01 3.014331758022308350e-01 1.485912501811981201e-01 4.580957591533660889e-01 7.705637216567993164e-01 8.267338275909423828e-01 2.553633451461791992e-01 6.188576221466064453e-01 5.322899818420410156e-01 2.360284477472305298e-01 3.150483667850494385e-01 7.291343212127685547e-01 4.970195293426513672e-01 4.850213825702667236e-01
4.449824988842010498e-01 1.730004996061325073e-01 1.919837445020675659e-01 8.914049863815307617e-01 4.474482536315917969e-01 1.133459582924842834e-01 3.014020025730133057e-01 4.608594477176666260e-01 4.290130138397216797e-01 6.324725747108459473e-01 6.233661174774169922e-01 4.687781035900115967e-01 4.701740145683288574e-01 4.849290251731872559e-01
9.722474813461303711e-01 8.184563517570495605e-01 5.392625182867050171e-02 8.052600026130676270e-01 3.060939908027648926e-01 5.404233187437057495e-02 6.121023297309875488e-01 9.782494902610778809e-01 5.044659972190856934e-01 5.112834572792053223e-01 4.891162514686584473e-01 4.618057012557983398e-01 4.245161116123199463e-01 5.515062808990478516e-01
1.640650033950805664e-01 2.728306651115417480e-01 5.832762718200683594e-01 5.042325258255004883e-01 4.812425076961517334e-01 8.335813879966735840e-02 5.751573443412780762e-01 2.378115355968475342e-01 4.483063519001007080e-01 7.043213844299316406e-01 6.120494008064270020e-01 4.883083403110504150e-01 4.752694666385650635e-01 4.426718354225158691e-01
8.080250024795532227e-02 3.573994934558868408e-01 9.662290215492248535e-01 6.792899966239929199e-01 5.672724843025207520e-01 5.125874876976013184e-01 7.600963115692138672e-01 2.150751464068889618e-02 3.465653657913208008e-01 8.685040473937988281e-01 9.359335899353027344e-01 5.501253008842468262e-01 4.109050333499908447e-01 5.950818061828613281e-01
6.166499853134155273e-02 5.544776916503906250e-01 9.701694846153259277e-01 7.445949912071228027e-01 3.224112391471862793e-01 3.286957442760467529e-01 1.269143372774124146e-01 2.755689807236194611e-02 4.877246320247650146e-01 7.255045175552368164e-01 7.193553447723388672e-01 4.140413105487823486e-01 4.689112305641174316e-01 5.125734806060791016e-01
6.312825083732604980e-01 2.546228468418121338e-01 5.712372660636901855e-01 3.460980057716369629e-01 6.178572773933410645e-01 4.528657495975494385e-01 1.277023404836654663e-01 7.035079598426818848e-01 3.459273278713226318e-01 6.729546785354614258e-01 2.648357450962066650e-01 6.556239128112792969e-01 5.911746621131896973e-01 3.177202939987182617e-01
4.256824851036071777e-01 2.939333319664001465e-01 1.245462521910667419e-01 2.713499963283538818e-01 7.041749954223632812e-01 4.688818156719207764e-01 8.423999883234500885e-03 5.231143236160278320e-01 4.401553869247436523e-01 2.686769068241119385e-01 2.679749727249145508e-01 7.677397727966308594e-01 5.134166479110717773e-01 5.207078456878662109e-01
3.104799985885620117e-01 7.479196786880493164e-01 7.965440154075622559e-01 6.848474740982055664e-01 3.328649997711181641e-01 3.916097879409790039e-01 4.102066531777381897e-02 3.728955090045928955e-01 5.459225773811340332e-01 5.798177123069763184e-01 6.817646026611328125e-01 4.540729820728302002e-01 4.178608357906341553e-01 4.466760158538818359e-01
1.802050024271011353e-01 4.150078296661376953e-01 3.737749904394149780e-02 1.352314949035644531e-01 7.568194866180419922e-01 6.386690586805343628e-02 7.936084270477294922e-01 2.831033766269683838e-01 5.852127671241760254e-01 2.100131809711456299e-01 3.656557500362396240e-01 6.778680086135864258e-01 5.110594630241394043e-01 4.804362952709197998e-01
2.656599879264831543e-01 7.706983089447021484e-01 3.846769928932189941e-01 2.513934969902038574e-01 5.829137563705444336e-01 2.549786865711212158e-01 9.400420188903808594e-01 3.410615026950836182e-01 5.750105977058410645e-01 1.812450587749481201e-01 4.091811478137969971e-01 5.511386394500732422e-01 5.082654953002929688e-01 5.303961634635925293e-01
3.080675005912780762e-01 7.010611891746520996e-01 4.994640052318572998e-01 5.099800229072570801e-01 5.613575130701065063e-02 7.657982707023620605e-01 4.196510016918182373e-01 3.229566216468811035e-01 5.492902398109436035e-01 4.832805693149566650e-01 5.533633828163146973e-01 1.642510443925857544e-01 4.850726723670959473e-01 4.869462251663208008e-01
4.960150122642517090e-01 6.019331812858581543e-01 9.009832739830017090e-01 5.664924979209899902e-01 1.700827479362487793e-01 3.835171759128570557e-01 8.645050525665283203e-01 5.405727624893188477e-01 4.380840063095092773e-01 6.249461174011230469e-01 5.070790052413940430e-01 1.573991626501083374e-01 4.955486059188842773e-01 5.108668804168701172e-01
3.992750123143196106e-02 6.035388112068176270e-01 6.669340133666992188e-01 4.333457648754119873e-01 3.646380007266998291e-01 2.555052638053894043e-01 2.414180040359497070e-01 5.814380571246147156e-02 5.317188501358032227e-01 5.851721167564392090e-01 4.613751173019409180e-01 4.439786970615386963e-01 5.249873399734497070e-01 4.518856406211853027e-01
7.809500098228454590e-01 5.252936482429504395e-01 8.591882586479187012e-01 8.087325096130371094e-01 9.970407485961914062e-01 2.341383844614028931e-01 6.756131649017333984e-01 8.514282107353210449e-01 5.483145713806152344e-01 6.502641439437866211e-01 9.139637351036071777e-01 9.091883301734924316e-01 3.290337026119232178e-01 4.181867539882659912e-01
8.526775240898132324e-01 5.115010142326354980e-01 3.768150135874748230e-02 8.213700056076049805e-01 6.952049732208251953e-01 1.856072694063186646e-01 3.137840032577514648e-01 9.129404425621032715e-01 5.292522907257080078e-01 2.636260986328125000e-01 5.064537525177001953e-01 7.504547238349914551e-01 4.342100322246551514e-01 5.730577111244201660e-01
6.971150040626525879e-01 3.702096641063690186e-01 2.406907528638839722e-01 5.957549810409545898e-01 4.728960096836090088e-01 5.884084105491638184e-01 6.735448837280273438e-01 6.343564987182617188e-01 5.121887922286987305e-01 5.404719710350036621e-01 4.745819866657257080e-01 4.525114297866821289e-01 4.744335711002349854e-01 4.329723119735717773e-01
4.182874858379364014e-01 4.612033367156982422e-01 7.349099963903427124e-02 7.383800148963928223e-01 1.558504998683929443e-01 5.213742256164550781e-01 8.444640040397644043e-01 3.253762722015380859e-01 5.685039758682250977e-01 2.467546463012695312e-01 5.757919549942016602e-01 1.292944401502609253e-01 5.146173834800720215e-01 5.875030159950256348e-01
2.710725069046020508e-01 5.734021663665771484e-01 3.155847489833831787e-01 5.611975193023681641e-01 6.579167246818542480e-01 1.268856525421142578e-01 2.591633424162864685e-02 3.509368598461151123e-01 5.615562200546264648e-01 4.052142202854156494e-01 6.443238258361816406e-01 7.230088710784912109e-01 4.390949010848999023e-01 4.769715368747711182e-01
1.284125000238418579e-01 1.719155013561248779e-01 5.350260138511657715e-01 2.646502554416656494e-01 8.763049840927124023e-01 5.629256367683410645e-01 3.499099984765052795e-02 8.350693434476852417e-02 3.777191638946533203e-01 7.441530227661132812e-01 3.534990251064300537e-01 9.448944926261901855e-01 6.051979064941406250e-01 2.708939909934997559e-01
9.378799796104431152e-01 2.468235045671463013e-01 8.417827486991882324e-01 2.632252573966979980e-01 5.194742679595947266e-01 5.607881546020507812e-01 8.390653729438781738e-01 9.425613880157470703e-01 3.647086918354034424e-01 6.686013340950012207e-01 4.838928580284118652e-01 5.110366940498352051e-01 4.841676950454711914e-01 5.136615037918090820e-01
6.951050162315368652e-01 5.479220151901245117e-01 3.075642585754394531e-01 9.796925187110900879e-01 4.516704976558685303e-01 1.952718198299407959e-01 1.101979985833168030e-01 7.740921974182128906e-01 5.453138947486877441e-01 6.001301407814025879e-01 6.674610972404479980e-01 5.386832356452941895e-01 4.007968008518218994e-01 4.169958233833312988e-01
8.034999668598175049e-02 8.062493205070495605e-01 4.360064864158630371e-01 7.908400297164916992e-01 3.615710139274597168e-01 4.221536219120025635e-01 8.304058909416198730e-01 6.037582829594612122e-02 5.960508584976196289e-01 3.321415185928344727e-01 8.746377825736999512e-01 4.132285714149475098e-01 4.044233858585357666e-01 6.506128311157226562e-01
6.806275248527526855e-01 6.559263467788696289e-01 7.233687639236450195e-01 5.689550042152404785e-01 3.091317415237426758e-01 4.911198019981384277e-01 1.333433296531438828e-02 7.903732657432556152e-01 4.730440378189086914e-01 6.077206730842590332e-01 3.829368948936462402e-01 3.952540457248687744e-01 4.992068409919738770e-01 3.995479345321655273e-01
5.287899971008300781e-01 6.729981899261474609e-01 9.072967767715454102e-01 8.702225089073181152e-01 9.707217216491699219e-01 4.525095969438552856e-02 5.235880017280578613e-01 5.672687292098999023e-01 5.487589240074157715e-01 6.861226558685302734e-01 9.270691871643066406e-01 9.297385811805725098e-01 3.282843828201293945e-01 3.883163332939147949e-01
5.113499760627746582e-01 2.378431707620620728e-01 3.455624878406524658e-01 2.148524969816207886e-01 8.313295245170593262e-01 2.577446401119232178e-01 6.638646721839904785e-01 6.077256798744201660e-01 4.314818084239959717e-01 4.214921295642852783e-01 4.201752841472625732e-01 7.697624564170837402e-01 4.910682737827301025e-01 4.966186583042144775e-01
7.612250000238418579e-02 6.363673210144042969e-01 3.854382634162902832e-01 1.954012513160705566e-01 8.093104958534240723e-01 5.679041147232055664e-01 5.694033205509185791e-02 5.050227046012878418e-02 6.024676561355590820e-01 5.169053077697753906e-01 2.928465306758880615e-01 9.597101807594299316e-01 5.684078931808471680e-01 2.621861398220062256e-01
6.880224943161010742e-01 7.261505126953125000e-01 5.024064779281616211e-01 5.359575152397155762e-01 7.773067355155944824e-01 1.318297982215881348e-01 3.498750030994415283e-01 8.038399815559387207e-01 5.308524966239929199e-01 3.955022096633911133e-01 5.207566022872924805e-01 7.826300263404846191e-01 4.475744068622589111e-01 4.677889645099639893e-01
4.543924927711486816e-01 7.378360033035278320e-01 5.042652487754821777e-01 5.452425032854080200e-02 3.704949915409088135e-01 3.414631187915802002e-01 3.860243260860443115e-01 4.865439832210540771e-01 5.033548474311828613e-01 3.329294621944427490e-01 2.938662767410278320e-01 4.306910634040832520e-01 5.604069828987121582e-01 4.599539041519165039e-01
3.339149951934814453e-01 4.823488295078277588e-01 9.623647332191467285e-01 4.525727629661560059e-01 6.711884737014770508e-01 8.217902779579162598e-01 1.188416630029678345e-01 3.611928820610046387e-01 4.177232384681701660e-01 6.621184349060058594e-01 5.188388228416442871e-01 7.454078793525695801e-01 5.235158205032348633e-01 3.736111819744110107e-01
7.805600166320800781e-01 3.048731684684753418e-01 2.625592648983001709e-01 6.585775017738342285e-01 1.974067538976669312e-01 8.314639329910278320e-01 7.302883267402648926e-01 7.631655931472778320e-01 4.347960352897644043e-01 5.585685968399047852e-01 3.250208199024200439e-01 1.510725468397140503e-01 5.521272420883178711e-01 5.046240091323852539e-01
2.291425019502639771e-01 7.988243103027343750e-01 8.099225163459777832e-01 7.555599808692932129e-01 9.395350217819213867e-01 5.867105126380920410e-01 2.200309932231903076e-01 2.045338302850723267e-01 5.330870747566223145e-01 6.230763792991638184e-01 6.551477909088134766e-01 9.846497178077697754e-01 4.897407591342926025e-01 2.742728888988494873e-01
3.538450002670288086e-01 1.902383267879486084e-01 2.484862506389617920e-01 5.129550099372863770e-01 3.490292429924011230e-01 5.120608806610107422e-01 6.247966736555099487e-02 4.096664190292358398e-01 4.493201673030853271e-01 5.946807861328125000e-01 4.377394616603851318e-01 3.849525749683380127e-01 5.215147733688354492e-01 4.511409997940063477e-01
1.074424982070922852e-01 3.771494925022125244e-01 7.191944718360900879e-01 7.471150159835815430e-01 2.170749939978122711e-02 7.507810741662979126e-02 2.692546546459197998e-01 1.380048096179962158e-01 3.797722160816192627e-01 7.221185564994812012e-01 5.613294243812561035e-01 5.692322552204132080e-02 5.461817383766174316e-01 5.723185539245605469e-01
8.975899815559387207e-01 4.697036743164062500e-01 7.336025238037109375e-01 3.491324931383132935e-02 2.700837552547454834e-01 5.310596227645874023e-01 7.722600698471069336e-01 8.413465619087219238e-01 4.147064685821533203e-01 6.012823581695556641e-01 2.887936234474182129e-01 2.376126348972320557e-01 5.487942695617675781e-01 4.764864146709442139e-01
7.266225218772888184e-01 2.745763361454010010e-01 5.135664939880371094e-01 8.061174750328063965e-01 9.611989855766296387e-01 5.417202115058898926e-01 2.644590139389038086e-01 7.178674340248107910e-01 3.384672105312347412e-01 6.965314745903015137e-01 6.210911870002746582e-01 9.142374992370605469e-01 5.373464822769165039e-01 3.229015767574310303e-01
8.288250118494033813e-02 7.698554992675781250e-01 8.580407500267028809e-01 9.049124717712402344e-01 3.087849915027618408e-02 7.982417941093444824e-01 7.089091539382934570e-01 4.204770177602767944e-02 5.220092535018920898e-01 6.217283606529235840e-01 6.765065193176269531e-01 1.741178035736083984e-01 4.936388432979583740e-01 5.467334389686584473e-01
1.346125006675720215e-01 3.737258315086364746e-01 1.707367449998855591e-01 8.429499864578247070e-01 9.537982344627380371e-01 3.651761636137962341e-02 4.878459870815277100e-01 1.914173364639282227e-01 5.649833083152770996e-01 5.890057682991027832e-01 7.157423496246337891e-01 9.386042952537536621e-01 4.458077847957611084e-01 3.545941710472106934e-01
5.481150150299072266e-01 6.148309707641601562e-01 2.334485054016113281e-01 4.371657371520996094e-01 8.387942314147949219e-01 6.195420026779174805e-01 3.453060090541839600e-01 5.881677865982055664e-01 5.412974357604980469e-01 3.048136234283447266e-01 4.192087352275848389e-01 8.462163805961608887e-01 4.689913392066955566e-01 4.528886377811431885e-01
2.522799968719482422e-01 6.224631667137145996e-01 8.469499647617340088e-03 3.744035065174102783e-01 6.552180051803588867e-01 2.078589946031570435e-01 1.057523339986801147e-01 2.774438261985778809e-01 6.743327975273132324e-01 1.061252206563949585e-01 5.565094351768493652e-01 7.241219878196716309e-01 4.387393295764923096e-01 5.526077747344970703e-01
4.601399898529052734e-01 4.738574922084808350e-01 6.792887449264526367e-01 2.801632583141326904e-01 7.813665270805358887e-01 9.392333030700683594e-02 8.295833319425582886e-02 5.891395807266235352e-01 5.078408122062683105e-01 4.196201860904693604e-01 4.391151964664459229e-01 7.837460041046142578e-01 4.778441190719604492e-01 4.343457818031311035e-01
3.783524930477142334e-01 4.758246541023254395e-01 2.805329859256744385e-01 9.298049807548522949e-01 4.370642602443695068e-01 8.164232373237609863e-01 5.689759850502014160e-01 3.498542606830596924e-01 5.631007552146911621e-01 4.475998282432556152e-01 7.175515294075012207e-01 4.490817487239837646e-01 4.238665997982025146e-01 5.024331808090209961e-01
9.865124821662902832e-01 4.368748366832733154e-01 4.525982439517974854e-01 3.285277485847473145e-01 8.410974740982055664e-01 3.436492979526519775e-01 9.645522236824035645e-01 8.598812222480773926e-01 5.146800875663757324e-01 3.654761016368865967e-01 5.325088500976562500e-01 6.560201048851013184e-01 4.469258487224578857e-01 5.426155328750610352e-01
2.720350027084350586e-01 8.071784973144531250e-01 8.371084928512573242e-01 4.278457462787628174e-01 8.059327602386474609e-01 8.791138529777526855e-01 5.675200223922729492e-01 2.699275910854339600e-01 5.399033427238464355e-01 4.823814034461975098e-01 4.238081574440002441e-01 8.846565485000610352e-01 5.047531127929687500e-01 3.643450736999511719e-01
6.403974890708923340e-01 1.812776625156402588e-01 7.186290025711059570e-01 1.826110035181045532e-01 9.235674738883972168e-01 1.713234335184097290e-01 7.629056572914123535e-01 5.936657190322875977e-01 3.970813751220703125e-01 6.545393466949462891e-01 5.889477729797363281e-01 8.201835155487060547e-01 5.121766924858093262e-01 3.559290170669555664e-01
7.328374981880187988e-01 5.203235149383544922e-01 6.857187747955322266e-01 5.158724784851074219e-01 3.781472444534301758e-01 7.726946473121643066e-01 2.045466601848602295e-01 7.336136698722839355e-01 5.408543944358825684e-01 6.103644967079162598e-01 4.781295955181121826e-01 4.108369648456573486e-01 4.471799731254577637e-01 3.598111271858215332e-01
4.176250100135803223e-02 2.605246603488922119e-01 8.082550168037414551e-01 7.088400125503540039e-01 9.726099669933319092e-02 8.720312118530273438e-01 5.954156517982482910e-01 8.965586312115192413e-03 3.543007969856262207e-01 8.696541190147399902e-01 7.882564663887023926e-01 5.362641066312789917e-02 5.212547779083251953e-01 6.109707951545715332e-01
6.151000037789344788e-02 6.728168129920959473e-01 5.089524984359741211e-01 8.778125047683715820e-01 7.372587323188781738e-01 8.913036584854125977e-01 1.647300086915493011e-02 5.393476039171218872e-02 6.467959284782409668e-01 4.086125791072845459e-01 3.162465691566467285e-01 9.562674760818481445e-01 5.399540066719055176e-01 2.998613119125366211e-01
7.961149811744689941e-01 7.080058455467224121e-01 5.146562457084655762e-01 3.924799859523773193e-01 1.429699957370758057e-01 5.741235613822937012e-01 2.478723376989364624e-01 8.101209998130798340e-01 5.422541499137878418e-01 5.200477242469787598e-01 4.426994919776916504e-01 2.061557620763778687e-01 4.688985943794250488e-01 4.645681083202362061e-01
2.817200124263763428e-01 2.428318262100219727e-01 6.349735260009765625e-01 5.497174859046936035e-01 5.123487710952758789e-01 2.889033406972885132e-02 4.576143324375152588e-01 3.790484368801116943e-01 3.516362309455871582e-01 6.955596804618835449e-01 5.122150778770446777e-01 5.417067408561706543e-01 5.125011205673217773e-01 4.766716063022613525e-01
3.900099992752075195e-01 2.739291787147521973e-01 3.150264918804168701e-01 3.430207371711730957e-01 1.287014931440353394e-01 9.063737392425537109e-01 5.168513059616088867e-01 3.811989724636077881e-01 4.848688840866088867e-01 5.281456112861633301e-01 3.095432519912719727e-01 1.331631690263748169e-01 5.902981758117675781e-01 4.443255960941314697e-01
9.314125180244445801e-01 2.637443244457244873e-01 5.814767479896545410e-01 2.277624979615211487e-02 8.870834708213806152e-01 3.887223303318023682e-01 6.581820249557495117e-01 8.475018143653869629e-01 3.573780059814453125e-01 5.086884498596191406e-01 3.166630566120147705e-01 8.181339502334594727e-01 5.380683541297912598e-01 4.388095438480377197e-01
2.768650054931640625e-01 3.343124985694885254e-01 1.403087526559829712e-01 9.292724728584289551e-01 6.357747316360473633e-01 5.279412865638732910e-01 7.147667407989501953e-01 3.729273974895477295e-01 4.899134635925292969e-01 2.842918634414672852e-01 8.515312671661376953e-01 6.487247347831726074e-01 4.126332700252532959e-01 6.522211432456970215e-01
6.050000083632767200e-04 7.626801729202270508e-01 1.937910020351409912e-01 3.050400018692016602e-01 6.250527501106262207e-01 2.081033401191234589e-02 1.950639933347702026e-01 3.153199702501296997e-02 8.009186387062072754e-01 5.180334672331809998e-02 5.152377486228942871e-01 8.101115822792053223e-01 4.532086849212646484e-01 5.321943759918212891e-01
3.520975112915039062e-01 3.082848191261291504e-01 7.619307637214660645e-01 2.474567443132400513e-01 8.176295161247253418e-01 9.469219446182250977e-01 7.358211278915405273e-01 3.510576188564300537e-01 3.926695883274078369e-01 5.703669190406799316e-01 4.875403642654418945e-01 7.616775035858154297e-01 5.130347013473510742e-01 4.700695872306823730e-01
3.022249974310398102e-02 8.012443184852600098e-01 2.762752473354339600e-01 9.072750210762023926e-01 8.655869960784912109e-01 2.819007039070129395e-01 8.110892772674560547e-01 2.680073119699954987e-02 7.783312797546386719e-01 2.524670660495758057e-01 7.344478964805603027e-01 9.489148259162902832e-01 3.717451095581054688e-01 4.538060724735260010e-01
9.918649792671203613e-01 2.399043291807174683e-01 2.555755078792572021e-01 6.090649962425231934e-01 9.141659736633300781e-01 2.139394879341125488e-01 3.539999946951866150e-03 9.424386620521545410e-01 3.954536020755767822e-01 5.137447118759155273e-01 4.844972789287567139e-01 9.003429412841796875e-01 4.954050779342651367e-01 4.205756187438964844e-01
4.618175029754638672e-01 8.308724761009216309e-01 6.438454985618591309e-01 4.836890101432800293e-01 1.742827445268630981e-01 6.004298105835914612e-02 5.046179890632629395e-01 5.151445269584655762e-01 5.472720265388488770e-01 5.246567726135253906e-01 4.547031223773956299e-01 2.778130173683166504e-01 4.843886494636535645e-01 4.176748394966125488e-01
1.682250015437602997e-02 4.826410114765167236e-01 3.107782602310180664e-01 8.287500143051147461e-01 2.228614985942840576e-01 3.730318248271942139e-01 3.581836521625518799e-01 2.077639661729335785e-02 5.606476664543151855e-01 4.711026251316070557e-01 7.551419138908386230e-01 2.207327187061309814e-01 4.808524250984191895e-01 6.107270121574401855e-01
3.933550119400024414e-01 7.792611718177795410e-01 2.256225049495697021e-01 4.539837539196014404e-01 9.645607471466064453e-01 5.436675548553466797e-01 9.842261672019958496e-01 4.083944261074066162e-01 5.974516868591308594e-01 1.196430549025535583e-01 4.236339628696441650e-01 8.157899379730224609e-01 4.651847183704376221e-01 5.467020869255065918e-01
3.434999883174896240e-01 5.211371779441833496e-01 8.041267395019531250e-01 5.010049939155578613e-01 4.457629919052124023e-01 6.407568454742431641e-01 4.862506687641143799e-01 3.916539847850799561e-01 4.291837811470031738e-01 6.364549994468688965e-01 4.344121515750885010e-01 5.452710986137390137e-01 5.219790339469909668e-01 4.090875983238220215e-01
1.382649987936019897e-01 4.242379963397979736e-01 3.870057463645935059e-01 2.739222645759582520e-01 1.535300016403198242e-01 8.454275727272033691e-01 6.823347806930541992e-01 1.229422613978385925e-01 5.080859661102294922e-01 4.573419392108917236e-01 3.964886665344238281e-01 1.534941792488098145e-01 5.897562503814697266e-01 5.039914250373840332e-01
4.699699878692626953e-01 2.541689872741699219e-01 2.573255002498626709e-01 7.542175054550170898e-01 2.843067646026611328e-01 6.752315908670425415e-02 9.036083221435546875e-01 4.741811454296112061e-01 4.072737991809844971e-01 6.290906667709350586e-01 5.331172943115234375e-01 2.209424972534179688e-01 5.047490000724792480e-01 5.255768895149230957e-01
6.573550105094909668e-01 3.867893218994140625e-01 5.973952412605285645e-01 1.390857547521591187e-01 2.904852628707885742e-01 8.112040162086486816e-01 6.816638708114624023e-01 6.029716730117797852e-01 4.341593980789184570e-01 5.738276839256286621e-01 1.933479905128479004e-01 2.652499079704284668e-01 6.164022088050842285e-01 3.719306290149688721e-01
1.988250017166137695e-02 6.619135141372680664e-01 8.983749747276306152e-01 4.854847490787506104e-01 7.887985110282897949e-01 8.180000782012939453e-01 7.332437634468078613e-01 2.257215045392513275e-02 5.962116718292236328e-01 5.620138049125671387e-01 3.416441380977630615e-01 9.475397467613220215e-01 5.708408355712890625e-01 2.879972457885742188e-01
1.083974987268447876e-01 7.824605107307434082e-01 1.283230036497116089e-01 8.469774723052978516e-01 7.821302413940429688e-01 9.846647381782531738e-01 3.239319920539855957e-01 2.171386219561100006e-02 7.918374538421630859e-01 8.579391241073608398e-02 3.262177407741546631e-01 7.926595211029052734e-01 5.681806802749633789e-01 3.730023801326751709e-01
8.795400261878967285e-01 4.430179893970489502e-01 6.310387253761291504e-01 2.864712476730346680e-01 5.999267697334289551e-01 2.638386785984039307e-01 4.022533446550369263e-02 9.085558652877807617e-01 5.022517442703247070e-01 5.262454748153686523e-01 4.417948424816131592e-01 6.604886651039123535e-01 4.669817388057708740e-01 4.115624725818634033e-01
3.643549978733062744e-01 8.031976819038391113e-01 6.656810045242309570e-01 1.120777502655982971e-01 2.856124937534332275e-02 5.675760507583618164e-01 7.655128836631774902e-01 3.369809389114379883e-01 5.164589881896972656e-01 5.140000581741333008e-01 3.229588568210601807e-01 6.489950418472290039e-02 5.890575051307678223e-01 4.517285525798797607e-01
6.945325136184692383e-01 2.884384989738464355e-01 8.377732634544372559e-01 6.146925091743469238e-01 7.425462603569030762e-01 8.704830408096313477e-01 3.987466543912887573e-02 7.381823062896728516e-01 2.765865921974182129e-01 7.495393157005310059e-01 4.165009856224060059e-01 8.457663059234619141e-01 5.878881812095642090e-01 2.952117025852203369e-01
6.814774870872497559e-01 3.800818324089050293e-01 3.593422472476959229e-01 6.565399765968322754e-01 4.243335127830505371e-01 1.351579725742340088e-01 1.919530034065246582e-01 6.598381400108337402e-01 5.095869302749633789e-01 6.094213724136352539e-01 5.570110082626342773e-01 4.785907268524169922e-01 4.444265365600585938e-01 4.046123623847961426e-01
3.401150107383728027e-01 4.098608195781707764e-01 8.265535235404968262e-01 2.340075001120567322e-02 8.499457240104675293e-01 5.403444170951843262e-01 9.904894232749938965e-01 3.942730128765106201e-01 3.782954812049865723e-01 4.692891836166381836e-01 2.141589522361755371e-01 6.690521240234375000e-01 5.615531802177429199e-01 4.737003445625305176e-01
9.969300031661987305e-01 1.853153407573699951e-01 5.946162343025207520e-01 3.194234967231750488e-01 6.363099813461303711e-02 1.232825219631195068e-01 3.152573406696319580e-01 9.467976093292236328e-01 2.278747707605361938e-01 7.564356327056884766e-01 5.891680121421813965e-01 7.443366944789886475e-02 4.884582459926605225e-01 7.504075169563293457e-01
3.915224969387054443e-01 4.399886727333068848e-01 3.655945062637329102e-01 6.860575079917907715e-01 7.004935145378112793e-01 8.386942744255065918e-02 3.685076534748077393e-01 4.438897371292114258e-01 5.306885242462158203e-01 5.970830321311950684e-01 6.788225173950195312e-01 6.475618481636047363e-01 4.216649830341339111e-01 4.122320711612701416e-01
1.945874989032745361e-01 6.939941644668579102e-01 4.014810025691986084e-01 1.812302470207214355e-01 1.896084994077682495e-01 7.000187039375305176e-01 7.596010565757751465e-01 2.095303684473037720e-01 5.189370512962341309e-01 2.457435131072998047e-01 3.038803637027740479e-01 2.202205061912536621e-01 6.113223433494567871e-01 5.306518077850341797e-01
1.092374995350837708e-01 1.833164989948272705e-01 7.579747438430786133e-01 8.804849982261657715e-01 9.208365082740783691e-01 6.374710202217102051e-01 3.775483369827270508e-01 6.428321450948715210e-02 3.446440398693084717e-01 8.333448171615600586e-01 8.825941085815429688e-01 9.350956082344055176e-01 4.774450957775115967e-01 4.294056594371795654e-01
4.052499774843454361e-03 4.715193212032318115e-01 8.828007578849792480e-01 7.200124859809875488e-01 7.454494833946228027e-01 2.316546440124511719e-01 9.594941139221191406e-01 4.993089009076356888e-03 4.930791556835174561e-01 8.335741162300109863e-01 9.518156051635742188e-01 6.066697239875793457e-01 3.692812919616699219e-01 5.808744430541992188e-01
2.044575065374374390e-01 6.246816515922546387e-01 3.054497539997100830e-01 6.257774829864501953e-01 8.180882334709167480e-01 8.765958249568939209e-02 9.826537370681762695e-01 2.778316140174865723e-01 5.574924349784851074e-01 3.178909122943878174e-01 6.821495294570922852e-01 6.148805618286132812e-01 4.421752691268920898e-01 5.529137849807739258e-01
7.084274888038635254e-01 4.328461587429046631e-01 7.115697264671325684e-01 5.112199783325195312e-01 5.491034984588623047e-01 6.666193008422851562e-01 8.808780908584594727e-01 7.117677927017211914e-01 4.565362036228179932e-01 5.088905096054077148e-01 5.613958239555358887e-01 5.351077914237976074e-01 4.739733040332794189e-01 5.249879956245422363e-01
5.692874789237976074e-01 3.641664981842041016e-01 4.404575005173683167e-02 2.932477593421936035e-01 7.343674898147583008e-01 8.351206779479980469e-01 5.881213545799255371e-01 5.001341104507446289e-01 5.128588080406188965e-01 2.425957322120666504e-01 2.605020403861999512e-01 6.951829195022583008e-01 5.293258428573608398e-01 4.663697779178619385e-01
3.923675119876861572e-01 5.075591802597045898e-01 7.471457719802856445e-01 5.862674713134765625e-01 5.657017230987548828e-01 2.904629409313201904e-01 4.223130047321319580e-01 5.384082794189453125e-01 3.949941396713256836e-01 5.610193610191345215e-01 4.450060427188873291e-01 6.351504921913146973e-01 5.112246274948120117e-01 4.724572002887725830e-01
5.189650058746337891e-01 2.451331615447998047e-01 6.070244908332824707e-01 7.364624738693237305e-01 9.460164904594421387e-01 6.749446392059326172e-01 2.121790051460266113e-01 6.078884005546569824e-01 3.357884585857391357e-01 7.168819904327392578e-01 5.940696597099304199e-01 9.370597004890441895e-01 5.519400238990783691e-01 2.845628857612609863e-01
4.319350123405456543e-01 2.201023399829864502e-01 2.271544933319091797e-01 2.004617452621459961e-01 7.734645009040832520e-01 1.259227246046066284e-01 8.821533918380737305e-01 4.732145965099334717e-01 4.672909080982208252e-01 4.125636219978332520e-01 3.278107345104217529e-01 6.443476080894470215e-01 5.200732350349426270e-01 4.554406404495239258e-01
6.495425105094909668e-01 7.412800192832946777e-01 3.043000027537345886e-02 7.792050242424011230e-01 7.509437203407287598e-01 3.816798925399780273e-01 9.246689081192016602e-01 6.560111045837402344e-01 6.469852924346923828e-01 7.453899830579757690e-02 7.492373585700988770e-01 6.703255772590637207e-01 3.964251875877380371e-01 6.991671919822692871e-01
8.382124900817871094e-01 2.278251647949218750e-01 3.118360042572021484e-01 9.864724874496459961e-01 7.571529746055603027e-01 6.595295071601867676e-01 2.587586641311645508e-01 8.987298607826232910e-01 4.080963432788848877e-01 5.538567304611206055e-01 5.489958524703979492e-01 8.029071092605590820e-01 4.916293025016784668e-01 4.380998611450195312e-01
2.229599952697753906e-01 5.477301478385925293e-01 1.433512568473815918e-01 7.683675289154052734e-01 2.172455042600631714e-01 8.682365417480468750e-01 6.173650026321411133e-01 2.424451261758804321e-01 5.638243556022644043e-01 9.986626356840133667e-02 4.968614876270294189e-01 2.857288718223571777e-01 5.397291183471679688e-01 6.536909937858581543e-01
1.733749918639659882e-02 6.821466684341430664e-01 8.410032391548156738e-01 7.020475268363952637e-01 9.559684991836547852e-01 6.888074874877929688e-01 3.034853339195251465e-01 2.571525424718856812e-02 6.330494284629821777e-01 6.436247229576110840e-01 4.060039222240447998e-01 9.758575558662414551e-01 5.484112501144409180e-01 2.286759763956069946e-01
