1.477124989032745361e-01 7.612910270690917969e-01 7.669077515602111816e-01 8.615375310182571411e-02 2.658597528934478760e-01 6.681354641914367676e-01 5.808043479919433594e-01 1.653253138065338135e-01 4.817385673522949219e-01 5.186198353767395020e-01 3.498071730136871338e-01 3.348675370216369629e-01 5.799539089202880859e-01 4.464184343814849854e-01
1.987649947404861450e-01 2.743841707706451416e-01 9.119752645492553711e-01 9.380350112915039062e-01 6.959974765777587891e-01 3.948940336704254150e-01 7.560707330703735352e-01 2.605285346508026123e-01 2.018841207027435303e-01 8.097401857376098633e-01 8.086321949958801270e-01 7.067599892616271973e-01 4.963621795177459717e-01 5.935775637626647949e-01
6.872249841690063477e-01 8.315606713294982910e-01 4.650804996490478516e-01 8.842549920082092285e-01 9.784927368164062500e-01 4.295774698257446289e-01 2.765719890594482422e-01 7.055597305297851562e-01 5.855287313461303711e-01 5.840548276901245117e-01 6.709101200103759766e-01 9.147919416427612305e-01 4.129107892513275146e-01 3.983634412288665771e-01
3.660899996757507324e-01 2.527939975261688232e-01 7.037402391433715820e-01 5.978599786758422852e-01 6.748697757720947266e-01 7.463386654853820801e-01 2.581023275852203369e-01 3.512184321880340576e-01 3.058975040912628174e-01 7.143247127532958984e-01 5.818395018577575684e-01 6.949966549873352051e-01 5.141781568527221680e-01 4.462782740592956543e-01
8.718374967575073242e-01 3.035014867782592773e-01 2.463639974594116211e-01 8.503274917602539062e-01 9.827795028686523438e-01 6.430036425590515137e-01 9.072946906089782715e-01 7.768665552139282227e-01 5.252898931503295898e-01 5.203875303268432617e-01 7.408180236816406250e-01 7.894209623336791992e-01 4.369173943996429443e-01 5.461744666099548340e-01
5.113499760627746582e-01 2.378431707620620728e-01 3.455624878406524658e-01 2.148524969816207886e-01 8.313295245170593262e-01 2.577446401119232178e-01 6.638646721839904785e-01 5.445864200592041016e-01 4.212079048156738281e-01 4.570078849792480469e-01 3.850310742855072021e-01 7.401216626167297363e-01 5.181940793991088867e-01 5.286223888397216797e-01
4.651749879121780396e-02 7.589908242225646973e-01 3.930207490921020508e-01 1.136192530393600464e-01 9.063389897346496582e-01 3.170475661754608154e-01 4.703536629676818848e-01 8.487920463085174561e-02 6.414883136749267578e-01 2.965437471866607666e-01 1.857574433088302612e-01 9.524769186973571777e-01 4.717978239059448242e-01 3.640348911285400391e-01
4.449824988842010498e-01 1.730004996061325073e-01 1.919837445020675659e-01 8.914049863815307617e-01 4.474482536315917969e-01 1.133459582924842834e-01 3.014020025730133057e-01 4.869904816150665283e-01 4.223502874374389648e-01 5.850604176521301270e-01 6.134070158004760742e-01 5.086266398429870605e-01 4.330370426177978516e-01 4.739046990871429443e-01
8.557350039482116699e-01 3.413478434085845947e-01 6.399185061454772949e-01 4.771282374858856201e-01 2.543214857578277588e-01 6.311722993850708008e-01 6.887222528457641602e-01 8.968221545219421387e-01 4.877507090568542480e-01 6.142216324806213379e-01 5.116877555847167969e-01 3.059688806533813477e-01 4.403425753116607666e-01 4.912592768669128418e-01
2.768650054931640625e-01 3.343124985694885254e-01 1.403087526559829712e-01 9.292724728584289551e-01 6.357747316360473633e-01 5.279412865638732910e-01 7.147667407989501953e-01 3.513617515563964844e-01 5.303006768226623535e-01 2.626560330390930176e-01 8.344545364379882812e-01 6.059017777442932129e-01 4.341865479946136475e-01 6.978421807289123535e-01
8.034999668598175049e-02 8.062493205070495605e-01 4.360064864158630371e-01 7.908400297164916992e-01 3.615710139274597168e-01 4.221536219120025635e-01 8.304058909416198730e-01 8.142179995775222778e-02 6.161069869995117188e-01 4.110275208950042725e-01 8.753650188446044922e-01 4.123873114585876465e-01 2.905995249748229980e-01 6.672266721725463867e-01
9.506275057792663574e-01 6.128249764442443848e-01 1.361224949359893799e-01 7.617350220680236816e-01 9.079587459564208984e-01 9.126816391944885254e-01 9.433433413505554199e-01 8.258401155471801758e-01 4.951686263084411621e-01 2.952573299407958984e-01 5.396836400032043457e-01 7.505552768707275391e-01 5.655385851860046387e-01 6.400355696678161621e-01
9.990050196647644043e-01 5.127146840095520020e-01 9.860417246818542480e-01 5.404725074768066406e-01 3.357677459716796875e-01 5.072447657585144043e-01 9.573369026184082031e-01 9.704552292823791504e-01 4.081717133522033691e-01 6.990620493888854980e-01 6.417096257209777832e-01 3.076822757720947266e-01 4.508391916751861572e-01 5.996937155723571777e-01
6.267899870872497559e-01 7.339239716529846191e-01 7.689437270164489746e-01 3.005647361278533936e-01 9.013969898223876953e-01 5.489408373832702637e-01 4.495436549186706543e-01 6.489677429199218750e-01 5.024532079696655273e-01 5.036438107490539551e-01 5.186678171157836914e-01 8.600978255271911621e-01 4.950583279132843018e-01 4.662744402885437012e-01
8.265799880027770996e-01 7.946988344192504883e-01 1.353474985808134079e-02 6.612499952316284180e-01 3.967007398605346680e-01 5.772690176963806152e-01 8.687244057655334473e-01 8.360523581504821777e-01 7.527977228164672852e-01 8.077727258205413818e-02 6.199377179145812988e-01 3.867501616477966309e-01 5.637078881263732910e-01 6.695008277893066406e-01
9.908249974250793457e-02 3.643186688423156738e-01 3.800162374973297119e-01 4.586944878101348877e-01 9.990582466125488281e-01 2.283266633749008179e-01 8.083066344261169434e-02 1.514641642570495605e-01 5.319699048995971680e-01 6.263949871063232422e-01 4.942043125629425049e-01 9.190195202827453613e-01 4.527565538883209229e-01 3.408969044685363770e-01
2.262825071811676025e-01 3.520023226737976074e-01 2.302384972572326660e-01 2.541489899158477783e-01 6.097245216369628906e-01 9.378677010536193848e-01 1.245416700839996338e-01 2.837858498096466064e-01 4.465465247631072998e-01 3.389849960803985596e-01 1.612681597471237183e-01 6.587046980857849121e-01 5.971946120262145996e-01 4.689802229404449463e-01
7.805600166320800781e-01 3.048731684684753418e-01 2.625592648983001709e-01 6.585775017738342285e-01 1.974067538976669312e-01 8.314639329910278320e-01 7.302883267402648926e-01 7.664589881896972656e-01 4.918083548545837402e-01 5.265861749649047852e-01 4.166697859764099121e-01 1.606030166149139404e-01 5.798787474632263184e-01 5.322008132934570312e-01
9.668574929237365723e-01 1.919428259134292603e-01 6.263830065727233887e-01 8.953624963760375977e-01 9.742457270622253418e-01 7.615771889686584473e-01 1.582150012254714966e-01 9.143594503402709961e-01 3.328591585159301758e-01 8.087094426155090332e-01 6.537392139434814453e-01 9.074249267578125000e-01 5.308244824409484863e-01 2.864103615283966064e-01
1.500625014305114746e-01 5.123521685600280762e-01 1.863054931163787842e-01 7.742224633693695068e-02 5.120747685432434082e-01 8.886257410049438477e-01 1.990929991006851196e-01 1.823647022247314453e-01 5.304456353187561035e-01 2.287699580192565918e-01 2.019395977258682251e-01 6.109330654144287109e-01 6.203034520149230957e-01 4.680833518505096436e-01
2.044575065374374390e-01 6.246816515922546387e-01 3.054497539997100830e-01 6.257774829864501953e-01 8.180882334709167480e-01 8.765958249568939209e-02 9.826537370681762695e-01 2.943682670593261719e-01 5.630736351013183594e-01 3.742145001888275146e-01 6.896191239356994629e-01 5.722367763519287109e-01 3.995745778083801270e-01 5.853282809257507324e-01
4.109925031661987305e-01 6.649144887924194336e-01 8.350780010223388672e-01 9.475824832916259766e-01 4.614642560482025146e-01 5.095159411430358887e-01 3.747733309864997864e-02 4.391362965106964111e-01 5.590891242027282715e-01 5.708737373352050781e-01 8.477547764778137207e-01 5.302222371101379395e-01 2.624650299549102783e-01 5.174725055694580078e-01
6.050000083632767200e-04 7.626801729202270508e-01 1.937910020351409912e-01 3.050400018692016602e-01 6.250527501106262207e-01 2.081033401191234589e-02 1.950639933347702026e-01 7.674684375524520874e-02 7.496485710144042969e-01 7.687910646200180054e-02 4.913365244865417480e-01 8.128653764724731445e-01 4.945927858352661133e-01 5.647731423377990723e-01
9.722474813461303711e-01 8.184563517570495605e-01 5.392625182867050171e-02 8.052600026130676270e-01 3.060939908027648926e-01 5.404233187437057495e-02 6.121023297309875488e-01 9.428581595420837402e-01 5.121937990188598633e-01 5.866349935531616211e-01 4.493714869022369385e-01 4.230568408966064453e-01 4.767674505710601807e-01 5.057575106620788574e-01
5.287899971008300781e-01 6.729981899261474609e-01 9.072967767715454102e-01 8.702225089073181152e-01 9.707217216491699219e-01 4.525095969438552856e-02 5.235880017280578613e-01 5.823866724967956543e-01 5.569698214530944824e-01 6.903535723686218262e-01 8.359499573707580566e-01 9.117481112480163574e-01 3.251346945762634277e-01 3.986215591430664062e-01
6.271250247955322266e-01 1.996716707944869995e-01 8.539312481880187988e-01 7.863399982452392578e-01 3.019177615642547607e-01 6.361659765243530273e-01 9.492045044898986816e-01 6.604310870170593262e-01 2.713311314582824707e-01 7.240512371063232422e-01 7.082443833351135254e-01 2.441443949937820435e-01 4.730013012886047363e-01 6.128742098808288574e-01
1.802050024271011353e-01 4.150078296661376953e-01 3.737749904394149780e-02 1.352314949035644531e-01 7.568194866180419922e-01 6.386690586805343628e-02 7.936084270477294922e-01 2.914898097515106201e-01 5.605704784393310547e-01 1.727071553468704224e-01 3.130820393562316895e-01 7.236223220825195312e-01 5.547785758972167969e-01 5.564537644386291504e-01
2.656599879264831543e-01 7.706983089447021484e-01 3.846769928932189941e-01 2.513934969902038574e-01 5.829137563705444336e-01 2.549786865711212158e-01 9.400420188903808594e-01 3.315674662590026855e-01 5.551980733871459961e-01 1.742298901081085205e-01 4.392951130867004395e-01 5.398449301719665527e-01 5.695052146911621094e-01 5.997617244720458984e-01
1.374125033617019653e-01 5.233963131904602051e-01 5.068612694740295410e-01 4.987154901027679443e-01 1.879700087010860443e-02 5.285377502441406250e-01 6.129043102264404297e-01 1.378926038742065430e-01 4.839744865894317627e-01 5.873855352401733398e-01 6.275897622108459473e-01 5.261481553316116333e-02 5.365451574325561523e-01 5.449749231338500977e-01
1.382649987936019897e-01 4.242379963397979736e-01 3.870057463645935059e-01 2.739222645759582520e-01 1.535300016403198242e-01 8.454275727272033691e-01 6.823347806930541992e-01 1.070785298943519592e-01 4.823009371757507324e-01 5.433866381645202637e-01 4.648896455764770508e-01 1.364510208368301392e-01 6.050560474395751953e-01 5.083910822868347168e-01
9.855474829673767090e-01 2.033886611461639404e-01 9.584337472915649414e-01 7.117875218391418457e-01 6.930927634239196777e-01 5.881259441375732422e-01 3.790040016174316406e-01 9.655805230140686035e-01 3.191469013690948486e-01 8.355078101158142090e-01 7.387763261795043945e-01 8.097882866859436035e-01 4.731872081756591797e-01 3.719727694988250732e-01
7.619249820709228516e-01 5.623946785926818848e-01 7.566737532615661621e-01 5.573624968528747559e-01 1.388995051383972168e-01 9.981855750083923340e-01 3.868726789951324463e-01 9.175912141799926758e-01 4.923584759235382080e-01 5.523294806480407715e-01 4.229038059711456299e-01 1.887119412422180176e-01 5.540438294410705566e-01 5.692698955535888672e-01
3.096500039100646973e-01 4.260173439979553223e-01 3.249287605285644531e-01 7.842350006103515625e-01 5.957267284393310547e-01 5.445885062217712402e-01 1.113356649875640869e-01 4.263791739940643311e-01 4.197274446487426758e-01 4.153870940208435059e-01 7.390480041503906250e-01 6.690535545349121094e-01 5.077275633811950684e-01 6.552707552909851074e-01
3.022249974310398102e-02 8.012443184852600098e-01 2.762752473354339600e-01 9.072750210762023926e-01 8.655869960784912109e-01 2.819007039070129395e-01 8.110892772674560547e-01 6.838990747928619385e-02 7.972010374069213867e-01 2.535910308361053467e-01 8.171701431274414062e-01 8.802832961082458496e-01 2.279203087091445923e-01 5.880393981933593750e-01
3.643549978733062744e-01 8.031976819038391113e-01 6.656810045242309570e-01 1.120777502655982971e-01 2.856124937534332275e-02 5.675760507583618164e-01 7.655128836631774902e-01 3.058407008647918701e-01 5.501266121864318848e-01 4.570210576057434082e-01 4.729289710521697998e-01 4.690597206354141235e-02 6.087699532508850098e-01 4.896924495697021484e-01
6.151000037789344788e-02 6.728168129920959473e-01 5.089524984359741211e-01 8.778125047683715820e-01 7.372587323188781738e-01 8.913036584854125977e-01 1.647300086915493011e-02 1.005368754267692566e-01 6.178420186042785645e-01 3.297280669212341309e-01 2.302229106426239014e-01 9.182956814765930176e-01 4.781555533409118652e-01 3.817334175109863281e-01
5.996025204658508301e-01 2.187239974737167358e-01 2.859387397766113281e-01 6.319125294685363770e-01 7.379267215728759766e-01 7.215978503227233887e-01 7.927479743957519531e-01 5.818994641304016113e-01 4.322021603584289551e-01 4.980410039424896240e-01 5.373203158378601074e-01 6.589770913124084473e-01 5.035775303840637207e-01 5.261469483375549316e-01
3.900099992752075195e-01 2.739291787147521973e-01 3.150264918804168701e-01 3.430207371711730957e-01 1.287014931440353394e-01 9.063737392425537109e-01 5.168513059616088867e-01 3.458147943019866943e-01 4.873922765254974365e-01 5.126415491104125977e-01 4.320160746574401855e-01 1.129162907600402832e-01 6.071101427078247070e-01 4.810341894626617432e-01
8.795400261878967285e-01 4.430179893970489502e-01 6.310387253761291504e-01 2.864712476730346680e-01 5.999267697334289551e-01 2.638386785984039307e-01 4.022533446550369263e-02 8.736338615417480469e-01 5.420015454292297363e-01 6.057403087615966797e-01 3.549033701419830322e-01 6.587576866149902344e-01 4.358480870723724365e-01 2.970152795314788818e-01
7.084274888038635254e-01 4.328461587429046631e-01 7.115697264671325684e-01 5.112199783325195312e-01 5.491034984588623047e-01 6.666193008422851562e-01 8.808780908584594727e-01 7.201565504074096680e-01 5.155500769615173340e-01 4.765456318855285645e-01 5.553481578826904297e-01 5.477750897407531738e-01 4.498375356197357178e-01 5.224127769470214844e-01
8.165749907493591309e-02 5.916183590888977051e-01 8.413150161504745483e-02 5.793750286102294922e-01 6.981599926948547363e-01 8.597926497459411621e-01 9.409117698669433594e-01 1.147559210658073425e-01 6.945026516914367676e-01 3.953618183732032776e-02 4.073982238769531250e-01 6.626299023628234863e-01 6.483438014984130859e-01 6.316634416580200195e-01
3.339149951934814453e-01 4.823488295078277588e-01 9.623647332191467285e-01 4.525727629661560059e-01 6.711884737014770508e-01 8.217902779579162598e-01 1.188416630029678345e-01 3.803468644618988037e-01 3.679316937923431396e-01 6.451023221015930176e-01 5.190778970718383789e-01 6.889253258705139160e-01 5.047563314437866211e-01 4.372263848781585693e-01
4.601399898529052734e-01 4.738574922084808350e-01 6.792887449264526367e-01 2.801632583141326904e-01 7.813665270805358887e-01 9.392333030700683594e-02 8.295833319425582886e-02 5.782147049903869629e-01 5.287677645683288574e-01 4.445699453353881836e-01 3.562185168266296387e-01 7.547982931137084961e-01 4.699990153312683105e-01 4.219524860382080078e-01
1.284125000238418579e-01 1.719155013561248779e-01 5.350260138511657715e-01 2.646502554416656494e-01 8.763049840927124023e-01 5.629256367683410645e-01 3.499099984765052795e-02 1.030312553048133850e-01 3.091087639331817627e-01 7.995894551277160645e-01 4.084624052047729492e-01 8.508418202400207520e-01 5.135978460311889648e-01 3.267712891101837158e-01
5.774924755096435547e-01 4.571650028228759766e-01 1.816727519035339355e-01 2.390747517347335815e-01 7.880027294158935547e-01 5.546672940254211426e-01 4.587976634502410889e-01 5.217766165733337402e-01 5.435541868209838867e-01 2.125320136547088623e-01 3.132129311561584473e-01 7.547747492790222168e-01 5.392374396324157715e-01 5.551091432571411133e-01
6.341400146484375000e-01 2.281313389539718628e-01 1.487150043249130249e-02 1.323725003749132156e-02 7.149450182914733887e-01 5.451665520668029785e-01 6.353093385696411133e-01 4.711602032184600830e-01 3.543608486652374268e-01 3.569138050079345703e-01 1.980492174625396729e-01 6.997008919715881348e-01 5.700259804725646973e-01 6.185088753700256348e-01
3.992750123143196106e-02 6.035388112068176270e-01 6.669340133666992188e-01 4.333457648754119873e-01 3.646380007266998291e-01 2.555052638053894043e-01 2.414180040359497070e-01 7.268290966749191284e-02 4.895357489585876465e-01 6.124439239501953125e-01 6.103006601333618164e-01 4.504994451999664307e-01 4.244709014892578125e-01 5.351688265800476074e-01
1.412000041455030441e-02 5.109578371047973633e-01 8.534232378005981445e-01 2.960324883460998535e-01 4.027594923973083496e-01 3.013576865196228027e-01 5.926493406295776367e-01 3.905714675784111023e-02 4.559274315834045410e-01 6.824186444282531738e-01 5.975342988967895508e-01 3.676306605339050293e-01 4.501119256019592285e-01 5.262454748153686523e-01
4.019599854946136475e-01 4.681201577186584473e-01 5.185887217521667480e-01 3.967222571372985840e-01 2.856342494487762451e-01 2.351643443107604980e-01 5.484333261847496033e-02 4.512439966201782227e-01 5.243207812309265137e-01 5.529453754425048828e-01 5.606079101562500000e-01 3.637622594833374023e-01 3.521648645401000977e-01 4.010429084300994873e-01
3.538450002670288086e-01 1.902383267879486084e-01 2.484862506389617920e-01 5.129550099372863770e-01 3.490292429924011230e-01 5.120608806610107422e-01 6.247966736555099487e-02 4.025248885154724121e-01 4.518583714962005615e-01 5.528253912925720215e-01 3.971984088420867920e-01 3.639550507068634033e-01 5.298060774803161621e-01 4.377661347389221191e-01
8.996000289916992188e-01 6.043524742126464844e-01 7.848539948463439941e-01 4.169670045375823975e-01 3.107174932956695557e-01 1.276740431785583496e-01 4.606069922447204590e-01 9.715824723243713379e-01 6.080930829048156738e-01 6.378207206726074219e-01 4.586519300937652588e-01 3.867062032222747803e-01 3.610661625862121582e-01 3.169515430927276611e-01
2.356700003147125244e-01 5.783045291900634766e-01 5.420337319374084473e-01 6.593250036239624023e-01 6.885660290718078613e-01 7.283633351325988770e-01 1.879143267869949341e-01 3.419097363948822021e-01 5.123086571693420410e-01 5.113050341606140137e-01 5.002536773681640625e-01 6.885223984718322754e-01 4.442117214202880859e-01 4.681130349636077881e-01
6.951050162315368652e-01 5.479220151901245117e-01 3.075642585754394531e-01 9.796925187110900879e-01 4.516704976558685303e-01 1.952718198299407959e-01 1.101979985833168030e-01 8.235375881195068359e-01 5.483741760253906250e-01 6.079289317131042480e-01 5.745629072189331055e-01 5.520922541618347168e-01 3.582783043384552002e-01 3.591022193431854248e-01
8.471350073814392090e-01 4.721638262271881104e-01 1.958574950695037842e-01 1.323132514953613281e-01 4.070807397365570068e-01 3.512502014636993408e-01 1.963299959897994995e-01 7.353692650794982910e-01 5.353108644485473633e-01 4.474923908710479736e-01 2.315801680088043213e-01 4.957583546638488770e-01 5.397589206695556641e-01 3.815701603889465332e-01
2.720350027084350586e-01 8.071784973144531250e-01 8.371084928512573242e-01 4.278457462787628174e-01 8.059327602386474609e-01 8.791138529777526855e-01 5.675200223922729492e-01 3.046777546405792236e-01 5.401992797851562500e-01 4.097983241081237793e-01 2.948128879070281982e-01 8.239447474479675293e-01 4.827727973461151123e-01 4.170976281166076660e-01
7.798550128936767578e-01 4.261656701564788818e-01 2.231547534465789795e-01 9.638224840164184570e-01 8.622482419013977051e-01 3.938568830490112305e-01 6.200990080833435059e-01 7.824086546897888184e-01 5.330947637557983398e-01 5.352818369865417480e-01 7.938728332519531250e-01 8.183529376983642578e-01 4.177580177783966064e-01 5.579484105110168457e-01
8.442950248718261719e-01 5.838288068771362305e-01 1.733697503805160522e-01 6.421350240707397461e-01 7.646177411079406738e-01 4.676388800144195557e-01 7.017969489097595215e-01 8.168463706970214844e-01 5.838698744773864746e-01 2.722755372524261475e-01 6.705021262168884277e-01 7.434833645820617676e-01 5.004766583442687988e-01 6.402317285537719727e-01
9.314125180244445801e-01 2.637443244457244873e-01 5.814767479896545410e-01 2.277624979615211487e-02 8.870834708213806152e-01 3.887223303318023682e-01 6.581820249557495117e-01 8.500416278839111328e-01 4.068199694156646729e-01 5.164188742637634277e-01 3.074804246425628662e-01 7.897541522979736328e-01 5.480243563652038574e-01 4.763248264789581299e-01
7.788749933242797852e-01 1.939969956874847412e-01 7.486305236816406250e-01 8.033400028944015503e-02 7.285297513008117676e-01 6.470609307289123535e-01 3.644200041890144348e-02 6.910104155540466309e-01 4.810650348663330078e-01 6.107382178306579590e-01 4.191502332687377930e-01 7.186306715011596680e-01 4.388733208179473877e-01 3.136006295680999756e-01
6.814774870872497559e-01 3.800818324089050293e-01 3.593422472476959229e-01 6.565399765968322754e-01 4.243335127830505371e-01 1.351579725742340088e-01 1.919530034065246582e-01 7.200791239738464355e-01 5.403683781623840332e-01 6.056383252143859863e-01 5.453906059265136719e-01 4.722155034542083740e-01 3.376421928405761719e-01 3.323625624179840088e-01
1.180450022220611572e-01 5.258161425590515137e-01 3.197174891829490662e-02 3.379600048065185547e-01 1.635382473468780518e-01 3.489731252193450928e-01 4.183226525783538818e-01 1.400737315416336060e-01 5.849832892417907715e-01 1.126475855708122253e-01 4.302354753017425537e-01 1.769957244396209717e-01 7.285921573638916016e-01 6.342211961746215820e-01
2.229599952697753906e-01 5.477301478385925293e-01 1.433512568473815918e-01 7.683675289154052734e-01 2.172455042600631714e-01 8.682365417480468750e-01 6.173650026321411133e-01 1.935682296752929688e-01 5.606303215026855469e-01 1.373859941959381104e-01 6.326263546943664551e-01 2.122261375188827515e-01 6.279342770576477051e-01 6.864582300186157227e-01
8.591175079345703125e-01 5.583998560905456543e-01 7.405387759208679199e-01 9.984325170516967773e-01 9.162707328796386719e-01 5.616476535797119141e-01 1.942483335733413696e-01 8.544390201568603516e-01 4.879912137985229492e-01 7.554976344108581543e-01 8.571940660476684570e-01 8.997572660446166992e-01 3.383466303348541260e-01 3.576242327690124512e-01
3.520975112915039062e-01 3.082848191261291504e-01 7.619307637214660645e-01 2.474567443132400513e-01 8.176295161247253418e-01 9.469219446182250977e-01 7.358211278915405273e-01 3.660476803779602051e-01 3.375277817249298096e-01 5.794764161109924316e-01 5.589681863784790039e-01 6.971751451492309570e-01 5.172145366668701172e-01 5.709590315818786621e-01
7.612250000238418579e-02 6.363673210144042969e-01 3.854382634162902832e-01 1.954012513160705566e-01 8.093104958534240723e-01 5.679041147232055664e-01 5.694033205509185791e-02 1.075078919529914856e-01 5.800120234489440918e-01 3.956864774227142334e-01 1.573363244533538818e-01 9.244065880775451660e-01 4.964028298854827881e-01 3.241894543170928955e-01
9.969300031661987305e-01 1.853153407573699951e-01 5.946162343025207520e-01 3.194234967231750488e-01 6.363099813461303711e-02 1.232825219631195068e-01 3.152573406696319580e-01 9.414163231849670410e-01 2.860065400600433350e-01 7.393412590026855469e-01 5.606907606124877930e-01 8.429072797298431396e-02 5.395460724830627441e-01 6.854789853096008301e-01
8.382124900817871094e-01 2.278251647949218750e-01 3.118360042572021484e-01 9.864724874496459961e-01 7.571529746055603027e-01 6.595295071601867676e-01 2.587586641311645508e-01 9.097978472709655762e-01 4.354315400123596191e-01 5.451936125755310059e-01 5.200836658477783203e-01 7.732526063919067383e-01 5.457927584648132324e-01 5.281113386154174805e-01
6.583349704742431641e-01 3.264728188514709473e-01 1.187812536954879761e-01 7.566974759101867676e-01 1.733645051717758179e-01 5.806132405996322632e-02 2.242893278598785400e-01 7.943635582923889160e-01 5.859856009483337402e-01 5.204172730445861816e-01 4.679123461246490479e-01 2.131714075803756714e-01 4.382994174957275391e-01 4.235997200012207031e-01
1.679424941539764404e-01 8.274276852607727051e-01 5.432714819908142090e-01 1.820649951696395874e-02 8.153262734413146973e-01 2.306262552738189697e-01 7.360599935054779053e-02 2.279446125030517578e-01 5.256001949310302734e-01 3.394720852375030518e-01 5.497042462229728699e-02 9.497782588005065918e-01 5.333242416381835938e-01 3.073950409889221191e-01
1.661400049924850464e-01 6.121063232421875000e-01 9.414732456207275391e-01 3.537087440490722656e-01 2.443282455205917358e-01 5.430192947387695312e-01 2.133366614580154419e-01 2.040273994207382202e-01 4.164779782295227051e-01 6.341556906700134277e-01 4.452563226222991943e-01 3.636596798896789551e-01 5.234104394912719727e-01 4.594890177249908447e-01
9.970824718475341797e-01 3.792193233966827393e-01 8.835369944572448730e-01 6.201500073075294495e-02 9.941319823265075684e-01 6.856448650360107422e-01 4.570056796073913574e-01 8.301572799682617188e-01 4.211704134941101074e-01 6.757237911224365234e-01 3.261403739452362061e-01 8.590148091316223145e-01 5.262423753738403320e-01 2.642931044101715088e-01
4.319350123405456543e-01 2.201023399829864502e-01 2.271544933319091797e-01 2.004617452621459961e-01 7.734645009040832520e-01 1.259227246046066284e-01 8.821533918380737305e-01 4.285737574100494385e-01 4.625217020511627197e-01 4.697197675704956055e-01 3.601174652576446533e-01 6.234434843063354492e-01 4.925308525562286377e-01 4.669001400470733643e-01
8.352324962615966797e-01 5.909068584442138672e-01 7.283250093460083008e-01 4.879472553730010986e-01 6.768722534179687500e-01 8.085382580757141113e-01 3.966679871082305908e-01 7.741881608963012695e-01 3.975193798542022705e-01 6.279314756393432617e-01 3.591554164886474609e-01 7.032262086868286133e-01 5.223751068115234375e-01 3.786865174770355225e-01
6.259425282478332520e-01 3.014331758022308350e-01 1.485912501811981201e-01 4.580957591533660889e-01 7.705637216567993164e-01 8.267338275909423828e-01 2.553633451461791992e-01 5.857905745506286621e-01 5.424838066101074219e-01 2.363320291042327881e-01 3.165300190448760986e-01 7.244845628738403320e-01 5.416469573974609375e-01 5.414565205574035645e-01
4.364775121212005615e-01 5.137766599655151367e-01 9.151265025138854980e-01 7.698475122451782227e-01 8.470377326011657715e-01 1.177074760198593140e-01 1.468826681375503540e-01 5.014070868492126465e-01 4.632017612457275391e-01 6.978536248207092285e-01 7.877573370933532715e-01 8.700645565986633301e-01 3.909503817558288574e-01 4.079793989658355713e-01
1.979175060987472534e-01 6.752796769142150879e-01 4.547674953937530518e-02 7.874624729156494141e-01 5.690722465515136719e-01 2.273631244897842407e-01 9.522694349288940430e-01 1.965598762035369873e-01 7.246189713478088379e-01 5.529525503516197205e-02 8.614627122879028320e-01 4.690438807010650635e-01 4.297087788581848145e-01 7.808901071548461914e-01
5.246300101280212402e-01 7.891093492507934570e-01 6.284675002098083496e-01 3.088797628879547119e-01 1.713967472314834595e-01 8.540242314338684082e-01 3.292213380336761475e-01 5.406326055526733398e-01 5.437232255935668945e-01 4.021103680133819580e-01 2.828056216239929199e-01 2.534093558788299561e-01 6.235226988792419434e-01 4.214816391468048096e-01
2.698175013065338135e-01 6.942576766014099121e-01 1.674434989690780640e-01 8.185899853706359863e-01 2.747847437858581543e-01 5.642480850219726562e-01 1.363613307476043701e-01 2.776171863079071045e-01 5.719865560531616211e-01 1.385926008224487305e-01 6.713989377021789551e-01 3.608729541301727295e-01 5.488502383232116699e-01 6.850070953369140625e-01
5.720275044441223145e-01 4.936041533946990967e-01 6.043180227279663086e-01 6.604175269603729248e-02 5.735285282135009766e-01 1.785506010055541992e-01 8.053066581487655640e-02 5.767900347709655762e-01 4.145477712154388428e-01 5.630561113357543945e-01 2.681868672370910645e-01 6.265882253646850586e-01 5.161921977996826172e-01 3.739171922206878662e-01
8.288250118494033813e-02 7.698554992675781250e-01 8.580407500267028809e-01 9.049124717712402344e-01 3.087849915027618408e-02 7.982417941093444824e-01 7.089091539382934570e-01 3.854028880596160889e-02 5.116119384765625000e-01 6.295661926269531250e-01 7.721478343009948730e-01 1.632330119609832764e-01 4.060631990432739258e-01 6.018909811973571777e-01
5.692874789237976074e-01 3.641664981842041016e-01 4.404575005173683167e-02 2.932477593421936035e-01 7.343674898147583008e-01 8.351206779479980469e-01 5.881213545799255371e-01 4.539610445499420166e-01 5.140867233276367188e-01 2.526717483997344971e-01 3.192179501056671143e-01 6.855133771896362305e-01 5.387904047966003418e-01 5.448776483535766602e-01
4.176250100135803223e-02 2.605246603488922119e-01 8.082550168037414551e-01 7.088400125503540039e-01 9.726099669933319092e-02 8.720312118530273438e-01 5.954156517982482910e-01 1.507658511400222778e-02 2.480400651693344116e-01 8.902903795242309570e-01 7.796253561973571777e-01 6.569550186395645142e-02 5.002351999282836914e-01 6.037346720695495605e-01
6.806275248527526855e-01 6.559263467788696289e-01 7.233687639236450195e-01 5.689550042152404785e-01 3.091317415237426758e-01 4.911198019981384277e-01 1.333433296531438828e-02 8.473013639450073242e-01 5.443817377090454102e-01 6.041357517242431641e-01 4.281165301799774170e-01 4.324573874473571777e-01 3.979595303535461426e-01 3.245397210121154785e-01
7.883725166320800781e-01 6.593629717826843262e-01 8.596755266189575195e-01 2.987412512302398682e-01 7.223179936408996582e-01 4.795535206794738770e-01 9.717208743095397949e-01 8.178179264068603516e-01 5.482337474822998047e-01 4.067527353763580322e-01 4.879873096942901611e-01 6.479085683822631836e-01 4.948356747627258301e-01 5.339850187301635742e-01
3.882024884223937988e-01 2.249021679162979126e-01 6.726797223091125488e-01 9.212700128555297852e-01 6.600842475891113281e-01 5.994726419448852539e-01 2.185086607933044434e-01 4.177001118659973145e-01 2.354929596185684204e-01 7.876753807067871094e-01 7.586618661880493164e-01 7.427145838737487793e-01 5.039802193641662598e-01 4.912498593330383301e-01
6.495425105094909668e-01 7.412800192832946777e-01 3.043000027537345886e-02 7.792050242424011230e-01 7.509437203407287598e-01 3.816798925399780273e-01 9.246689081192016602e-01 6.506780385971069336e-01 6.755960583686828613e-01 9.991676360368728638e-02 7.587425112724304199e-01 6.805927753448486328e-01 4.988958239555358887e-01 7.177628874778747559e-01
1.083974987268447876e-01 7.824605107307434082e-01 1.283230036497116089e-01 8.469774723052978516e-01 7.821302413940429688e-01 9.846647381782531738e-01 3.239319920539855957e-01 3.139964491128921509e-02 6.604826450347900391e-01 2.724111266434192657e-02 7.169017940759658813e-02 9.060111045837402344e-01 7.310081124305725098e-01 5.016040205955505371e-01
7.809500098228454590e-01 5.252936482429504395e-01 8.591882586479187012e-01 8.087325096130371094e-01 9.970407485961914062e-01 2.341383844614028931e-01 6.756131649017333984e-01 8.634586930274963379e-01 5.772181749343872070e-01 6.795501708984375000e-01 8.624496459960937500e-01 9.098080992698669434e-01 3.345609903335571289e-01 4.278641045093536377e-01
3.434999883174896240e-01 5.211371779441833496e-01 8.041267395019531250e-01 5.010049939155578613e-01 4.457629919052124023e-01 6.407568454742431641e-01 4.862506687641143799e-01 3.706873357295989990e-01 3.808583617210388184e-01 5.982235074043273926e-01 4.707246124744415283e-01 5.214960575103759766e-01 5.076091289520263672e-01 4.921944737434387207e-01
3.933550119400024414e-01 7.792611718177795410e-01 2.256225049495697021e-01 4.539837539196014404e-01 9.645607471466064453e-01 5.436675548553466797e-01 9.842261672019958496e-01 3.604880571365356445e-01 6.011787652969360352e-01 8.945242315530776978e-02 3.920215070247650146e-01 7.752261757850646973e-01 5.751345753669738770e-01 6.493806242942810059e-01
3.586100041866302490e-01 7.043098211288452148e-01 5.855717658996582031e-01 1.687217503786087036e-01 6.629977226257324219e-01 5.079816281795501709e-02 9.374176859855651855e-01 3.978996574878692627e-01 5.274678468704223633e-01 3.152328729629516602e-01 4.530493915081024170e-01 5.738294124603271484e-01 4.953286051750183105e-01 5.417558550834655762e-01
3.401150107383728027e-01 4.098608195781707764e-01 8.265535235404968262e-01 2.340075001120567322e-02 8.499457240104675293e-01 5.403444170951843262e-01 9.904894232749938965e-01 3.349589705467224121e-01 3.609682619571685791e-01 4.949700534343719482e-01 2.888137698173522949e-01 6.206257939338684082e-01 5.340481996536254883e-01 5.596586465835571289e-01
2.780900001525878906e-01 1.792176663875579834e-01 9.288704991340637207e-01 6.176350116729736328e-01 9.227149933576583862e-02 5.913984775543212891e-01 9.506603479385375977e-01 3.583359122276306152e-01 2.932103574275970459e-01 6.537350416183471680e-01 6.454544663429260254e-01 2.072902210056781769e-02 6.443351507186889648e-01 6.767172813415527344e-01
6.403974890708923340e-01 1.812776625156402588e-01 7.186290025711059570e-01 1.826110035181045532e-01 9.235674738883972168e-01 1.713234335184097290e-01 7.629056572914123535e-01 5.778643488883972168e-01 4.586915671825408936e-01 6.469985842704772949e-01 5.857750773429870605e-01 7.814372777938842773e-01 4.472500085830688477e-01 3.583562076091766357e-01
4.052499774843454361e-03 4.715193212032318115e-01 8.828007578849792480e-01 7.200124859809875488e-01 7.454494833946228027e-01 2.316546440124511719e-01 9.594941139221191406e-01 1.273309811949729919e-02 4.438336491584777832e-01 8.172829151153564453e-01 9.513980746269226074e-01 5.576942563056945801e-01 2.040814906358718872e-01 6.725842356681823730e-01
1.945874989032745361e-01 6.939941644668579102e-01 4.014810025691986084e-01 1.812302470207214355e-01 1.896084994077682495e-01 7.000187039375305176e-01 7.596010565757751465e-01 1.636166721582412720e-01 5.124107003211975098e-01 2.482852786779403687e-01 3.940654397010803223e-01 1.882818341255187988e-01 6.946099996566772461e-01 5.833575725555419922e-01
1.445074975490570068e-01 4.729340076446533203e-01 7.897175103425979614e-02 8.761600255966186523e-01 3.548862636089324951e-01 5.823444724082946777e-01 3.159376680850982666e-01 1.374021917581558228e-01 6.052588820457458496e-01 1.255266666412353516e-01 8.007376790046691895e-01 3.320203423500061035e-01 4.835572540760040283e-01 7.365340590476989746e-01
4.618175029754638672e-01 8.308724761009216309e-01 6.438454985618591309e-01 4.836890101432800293e-01 1.742827445268630981e-01 6.004298105835914612e-02 5.046179890632629395e-01 5.219422578811645508e-01 5.991944074630737305e-01 4.536114633083343506e-01 5.506569743156433105e-01 2.480623126029968262e-01 3.922949731349945068e-01 4.416031241416931152e-01
2.096750028431415558e-02 3.860625028610229492e-01 2.796250022947788239e-02 2.733870148658752441e-01 9.157245159149169922e-01 5.558437108993530273e-01 5.390610098838806152e-01 6.141429394483566284e-02 6.184612512588500977e-01 5.781318992376327515e-02 1.024682521820068359e-01 8.809924125671386719e-01 6.748301386833190918e-01 4.941642880439758301e-01
4.539249837398529053e-02 6.400160193443298340e-01 1.193045005202293396e-01 2.625067532062530518e-01 2.417974919080734253e-02 8.794419169425964355e-01 3.599239885807037354e-01 2.910621650516986847e-02 7.315952181816101074e-01 2.600617706775665283e-02 2.424641251564025879e-01 7.253103703260421753e-02 8.903333544731140137e-01 5.822772979736328125e-01
1.988250017166137695e-02 6.619135141372680664e-01 8.983749747276306152e-01 4.854847490787506104e-01 7.887985110282897949e-01 8.180000782012939453e-01 7.332437634468078613e-01 6.653480976819992065e-02 5.762680768966674805e-01 4.520365297794342041e-01 2.833114564418792725e-01 8.908290266990661621e-01 4.795317351818084717e-01 3.755764961242675781e-01
7.293300032615661621e-01 2.239926606416702271e-01 4.996367394924163818e-01 4.466232359409332275e-01 4.925682544708251953e-01 9.836612939834594727e-01 9.378047585487365723e-01 5.896969437599182129e-01 3.841594755649566650e-01 6.254520416259765625e-01 4.740758836269378662e-01 3.992657363414764404e-01 4.913660585880279541e-01 4.654737710952758789e-01
2.817200124263763428e-01 2.428318262100219727e-01 6.349735260009765625e-01 5.497174859046936035e-01 5.123487710952758789e-01 2.889033406972885132e-02 4.576143324375152588e-01 3.608026504516601562e-01 3.159689307212829590e-01 6.516544818878173828e-01 4.470714330673217773e-01 5.333819389343261719e-01 5.271419882774353027e-01 5.171017050743103027e-01
8.739100098609924316e-01 6.439178586006164551e-01 3.565104901790618896e-01 8.655250072479248047e-03 7.428217530250549316e-01 2.297111153602600098e-01 3.042726814746856689e-01 7.987954020500183105e-01 5.590562224388122559e-01 3.175418674945831299e-01 2.933913469314575195e-01 7.513229846954345703e-01 5.373305678367614746e-01 4.845701456069946289e-01
2.943474948406219482e-01 6.059141755104064941e-01 3.404900133609771729e-01 5.019899830222129822e-02 9.364472627639770508e-01 3.801256418228149414e-01 3.225743472576141357e-01 3.073637187480926514e-01 5.633322596549987793e-01 3.139613568782806396e-01 9.908422082662582397e-02 9.314277768135070801e-01 5.173546671867370605e-01 3.375377357006072998e-01
2.172224968671798706e-01 5.670261383056640625e-01 8.740835189819335938e-01 9.835324883460998535e-01 9.697797298431396484e-01 9.299288988113403320e-01 4.750596582889556885e-01 2.581813931465148926e-01 4.369232356548309326e-01 7.532368898391723633e-01 8.078237175941467285e-01 9.475938677787780762e-01 4.143978357315063477e-01 4.108720123767852783e-01
2.522799968719482422e-01 6.224631667137145996e-01 8.469499647617340088e-03 3.744035065174102783e-01 6.552180051803588867e-01 2.078589946031570435e-01 1.057523339986801147e-01 3.219819366931915283e-01 6.604805588722229004e-01 9.939103573560714722e-02 4.877559840679168701e-01 7.355484962463378906e-01 5.180621147155761719e-01 6.176546812057495117e-01
1.999824941158294678e-01 4.529278278350830078e-01 1.536564975976943970e-01 5.150550007820129395e-01 2.908100001513957977e-02 4.583289027214050293e-01 5.162556767463684082e-01 2.113782763481140137e-01 5.252566337585449219e-01 4.586476087570190430e-01 6.674400568008422852e-01 5.678746476769447327e-02 5.346093177795410156e-01 5.833881497383117676e-01
9.728350043296813965e-01 1.728146672248840332e-01 3.561397492885589600e-01 8.527474999427795410e-01 2.137182503938674927e-01 9.482091665267944336e-01 8.089429736137390137e-01 8.726726770401000977e-01 3.507948517799377441e-01 6.791438460350036621e-01 6.389272809028625488e-01 1.705953627824783325e-01 4.799788296222686768e-01 6.397364139556884766e-01
4.709349870681762695e-01 3.548451662063598633e-01 7.789080142974853516e-01 1.375962495803833008e-01 1.834249943494796753e-01 8.134646415710449219e-01 4.403123259544372559e-01 4.421708881855010986e-01 3.734801411628723145e-01 6.060078740119934082e-01 2.888832986354827881e-01 1.842192113399505615e-01 6.350181102752685547e-01 4.825975894927978516e-01
5.189650058746337891e-01 2.451331615447998047e-01 6.070244908332824707e-01 7.364624738693237305e-01 9.460164904594421387e-01 6.749446392059326172e-01 2.121790051460266113e-01 6.242064237594604492e-01 3.720311820507049561e-01 6.821032166481018066e-01 4.619110822677612305e-01 8.869006633758544922e-01 5.411891937255859375e-01 3.219752311706542969e-01
1.074424982070922852e-01 3.771494925022125244e-01 7.191944718360900879e-01 7.471150159835815430e-01 2.170749939978122711e-02 7.507810741662979126e-02 2.692546546459197998e-01 2.201564311981201172e-01 4.359872341156005859e-01 7.211188077926635742e-01 7.936968803405761719e-01 6.520301103591918945e-02 3.040386736392974854e-01 4.773326516151428223e-01
9.378799796104431152e-01 2.468235045671463013e-01 8.417827486991882324e-01 2.632252573966979980e-01 5.194742679595947266e-01 5.607881546020507812e-01 8.390653729438781738e-01 9.404720067977905273e-01 3.890678286552429199e-01 6.849541664123535156e-01 5.009000897407531738e-01 5.495243072509765625e-01 5.101484656333923340e-01 4.906232059001922607e-01
2.270675003528594971e-01 4.621528387069702148e-01 6.680135130882263184e-01 1.053114980459213257e-01 7.079409956932067871e-01 3.282281756401062012e-02 6.169936656951904297e-01 2.884498536586761475e-01 3.767936229705810547e-01 5.451673865318298340e-01 2.816948294639587402e-01 6.944038271903991699e-01 5.148264169692993164e-01 4.873828887939453125e-01
8.372499942779541016e-01 4.964953362941741943e-01 7.864217758178710938e-01 1.196952536702156067e-01 6.558899879455566406e-01 4.126114249229431152e-01 8.352743983268737793e-01 7.908299565315246582e-01 4.980354309082031250e-01 5.778406262397766113e-01 3.824496865272521973e-01 6.450437307357788086e-01 4.641810655593872070e-01 3.627615869045257568e-01
4.182874858379364014e-01 4.612033367156982422e-01 7.349099963903427124e-02 7.383800148963928223e-01 1.558504998683929443e-01 5.213742256164550781e-01 8.444640040397644043e-01 3.788132071495056152e-01 6.110326647758483887e-01 3.055875897407531738e-01 6.575460433959960938e-01 1.179878786206245422e-01 4.829262197017669678e-01 5.799527168273925781e-01
8.015725016593933105e-01 5.923038125038146973e-01 7.747370004653930664e-01 5.414500087499618530e-02 3.919857442378997803e-01 7.450779676437377930e-01 2.157640010118484497e-01 8.174805641174316406e-01 5.630748867988586426e-01 5.142345428466796875e-01 2.579610049724578857e-01 5.028614997863769531e-01 4.897847473621368408e-01 3.220964074134826660e-01
9.764050245285034180e-01 7.269231677055358887e-01 2.711445093154907227e-01 3.747839927673339844e-01 6.142227649688720703e-01 8.628149628639221191e-01 3.085440099239349365e-01 8.568072915077209473e-01 6.501761674880981445e-01 3.503191471099853516e-01 3.484542369842529297e-01 6.380570530891418457e-01 4.765270650386810303e-01 3.949976563453674316e-01
1.640650033950805664e-01 2.728306651115417480e-01 5.832762718200683594e-01 5.042325258255004883e-01 4.812425076961517334e-01 8.335813879966735840e-02 5.751573443412780762e-01 2.655478715896606445e-01 3.772424757480621338e-01 6.694142818450927734e-01 5.221960544586181641e-01 5.046960115432739258e-01 4.779860973358154297e-01 4.619689583778381348e-01
2.710725069046020508e-01 5.734021663665771484e-01 3.155847489833831787e-01 5.611975193023681641e-01 6.579167246818542480e-01 1.268856525421142578e-01 2.591633424162864685e-02 3.852489292621612549e-01 5.752781629562377930e-01 4.153616726398468018e-01 6.262955069541931152e-01 6.669741272926330566e-01 3.961828649044036865e-01 5.264928936958312988e-01
9.917999804019927979e-02 8.105639815330505371e-01 9.747987389564514160e-01 7.417950034141540527e-02 1.971040070056915283e-01 8.333922028541564941e-01 1.052133366465568542e-02 1.446191519498825073e-01 4.915969371795654297e-01 5.415364503860473633e-01 3.061600029468536377e-01 3.288536965847015381e-01 5.827742815017700195e-01 4.060792922973632812e-01
4.681299924850463867e-01 1.851781606674194336e-01 9.461502432823181152e-01 4.364475011825561523e-01 3.299537599086761475e-01 9.383332133293151855e-01 8.224333524703979492e-01 5.251961350440979004e-01 2.386601418256759644e-01 7.542091012001037598e-01 5.657813549041748047e-01 3.754833638668060303e-01 5.109285712242126465e-01 5.398676991462707520e-01
3.915224969387054443e-01 4.399886727333068848e-01 3.655945062637329102e-01 6.860575079917907715e-01 7.004935145378112793e-01 8.386942744255065918e-02 3.685076534748077393e-01 4.637947678565979004e-01 5.271248817443847656e-01 5.701951384544372559e-01 6.172943115234375000e-01 6.541618108749389648e-01 3.708330392837524414e-01 4.157487750053405762e-01
4.699699878692626953e-01 2.541689872741699219e-01 2.573255002498626709e-01 7.542175054550170898e-01 2.843067646026611328e-01 6.752315908670425415e-02 9.036083221435546875e-01 4.382189512252807617e-01 4.397321343421936035e-01 6.031044721603393555e-01 6.664683222770690918e-01 2.212155759334564209e-01 3.840141594409942627e-01 4.936990141868591309e-01
6.312825083732604980e-01 2.546228468418121338e-01 5.712372660636901855e-01 3.460980057716369629e-01 6.178572773933410645e-01 4.528657495975494385e-01 1.277023404836654663e-01 6.942741274833679199e-01 3.952787220478057861e-01 6.156848073005676270e-01 2.731164395809173584e-01 6.719617247581481934e-01 5.181101560592651367e-01 3.440179526805877686e-01
