7.925000041723251343e-02 4.868333339691162109e-01 4.742499887943267822e-01 2.274999953806400299e-02 9.662500023841857910e-01 8.462499976158142090e-01 6.099499762058258057e-02 4.326668083667755127e-01 5.734722614288330078e-01 3.710255399346351624e-02 8.780848383903503418e-01 8.180005550384521484e-01
4.392499923706054688e-01 7.818333506584167480e-01 6.822500228881835938e-01 7.642499804496765137e-01 5.087500214576721191e-01 1.137500032782554626e-01 4.340978860855102539e-01 6.665112376213073730e-01 5.715885758399963379e-01 7.193664908409118652e-01 5.004830956459045410e-01 1.439837068319320679e-01
2.152500003576278687e-01 8.138333559036254883e-01 9.817500114440917969e-01 6.437500119209289551e-01 5.357499718666076660e-01 7.532500028610229492e-01 1.700018197298049927e-01 7.115010619163513184e-01 6.825584769248962402e-01 7.801362872123718262e-01 5.827738642692565918e-01 3.423990905284881592e-01
9.682499766349792480e-01 3.831666707992553711e-01 5.927500128746032715e-01 7.587500214576721191e-01 1.567499935626983643e-01 6.412500143051147461e-01 9.330831766128540039e-01 5.358465313911437988e-01 7.269285321235656738e-01 7.343319058418273926e-01 1.121020391583442688e-01 4.984546005725860596e-01
2.732500135898590088e-01 6.215000152587890625e-01 2.217500060796737671e-01 8.912500143051147461e-01 7.947499752044677734e-01 2.242500036954879761e-01 2.663465142250061035e-01 7.429736852645874023e-01 4.696852564811706543e-01 7.712249159812927246e-01 7.302939891815185547e-01 2.723098993301391602e-01
5.652499794960021973e-01 6.051666736602783203e-01 2.692500054836273193e-01 4.037500023841857910e-01 1.512500047683715820e-01 5.232499837875366211e-01 5.824219584465026855e-01 6.092208623886108398e-01 1.918393224477767944e-01 4.664613604545593262e-01 1.819564402103424072e-01 6.568790078163146973e-01
1.992499977350234985e-01 3.591666519641876221e-01 9.657499790191650391e-01 3.250000067055225372e-03 8.375000208616256714e-02 1.747500002384185791e-01 1.124636158347129822e-01 4.555752277374267578e-01 6.138182282447814941e-01 3.511554598808288574e-01 1.351711153984069824e-01 2.499157488346099854e-01
2.367500066757202148e-01 5.378333330154418945e-01 3.197500109672546387e-01 2.102500051259994507e-01 3.602499961853027344e-01 9.782500267028808594e-01 1.903634965419769287e-01 5.253849029541015625e-01 3.350235819816589355e-01 1.944717615842819214e-01 4.439307749271392822e-01 8.644036054611206055e-01
9.382500052452087402e-01 3.701666593551635742e-01 8.425000309944152832e-02 3.137499988079071045e-01 5.662500262260437012e-01 3.982500135898590088e-01 8.781429529190063477e-01 5.313995480537414551e-01 2.483497262001037598e-01 2.126294523477554321e-01 5.498479008674621582e-01 5.779300332069396973e-01
5.147500038146972656e-01 7.461666464805603027e-01 4.427500069141387939e-01 2.087499946355819702e-01 4.997499883174896240e-01 3.462499976158142090e-01 4.675094485282897949e-01 6.617000102996826172e-01 3.205036818981170654e-01 3.350314199924468994e-01 5.702146291732788086e-01 4.115086495876312256e-01
9.607499837875366211e-01 1.688333302736282349e-01 9.202499985694885254e-01 7.357500195503234863e-01 8.472499847412109375e-01 3.482500016689300537e-01 8.975408673286437988e-01 2.959344983100891113e-01 8.537682890892028809e-01 8.013820648193359375e-01 7.985528707504272461e-01 2.685587704181671143e-01
6.697499752044677734e-01 2.458333373069763184e-01 1.750000054016709328e-03 1.677500009536743164e-01 2.412499934434890747e-01 8.547499775886535645e-01 5.658593773841857910e-01 4.219890832901000977e-01 1.029837355017662048e-01 3.241909146308898926e-01 2.430144548416137695e-01 7.705008983612060547e-01
9.192500114440917969e-01 4.514999985694885254e-01 6.262500286102294922e-01 7.275000214576721191e-02 7.157499790191650391e-01 9.662500023841857910e-01 8.840448856353759766e-01 4.597645699977874756e-01 3.947330713272094727e-01 1.848715394735336304e-01 6.756063103675842285e-01 5.136236548423767090e-01
7.737500071525573730e-01 4.474999904632568359e-01 6.207500100135803223e-01 8.602499961853027344e-01 5.787500143051147461e-01 4.107500016689300537e-01 8.305044174194335938e-01 4.919473826885223389e-01 6.489629745483398438e-01 8.317434191703796387e-01 6.077567338943481445e-01 5.574985146522521973e-01
5.517500042915344238e-01 6.575000286102294922e-01 1.012500002980232239e-01 8.642500042915344238e-01 5.892500281333923340e-01 6.257500052452087402e-01 5.739816427230834961e-01 6.334700584411621094e-01 1.312030404806137085e-01 7.434687614440917969e-01 5.657715797424316406e-01 6.301423907279968262e-01
1.617500036954879761e-01 3.955000042915344238e-01 7.982500195503234863e-01 6.612499952316284180e-01 5.727499723434448242e-01 7.487499713897705078e-01 1.360788643360137939e-01 4.391993880271911621e-01 7.253077626228332520e-01 7.435896396636962891e-01 6.043875813484191895e-01 6.269080638885498047e-01
6.677500009536743164e-01 6.388333439826965332e-01 2.257499992847442627e-01 1.757500022649765015e-01 1.952500045299530029e-01 1.592500060796737671e-01 6.478069424629211426e-01 7.565909028053283691e-01 1.901077628135681152e-01 2.470933645963668823e-01 2.317034900188446045e-01 2.380313128232955933e-01
3.872500061988830566e-01 4.365000128746032715e-01 9.387500286102294922e-01 8.342499732971191406e-01 6.622499823570251465e-01 1.447499990463256836e-01 3.479578197002410889e-01 3.127658367156982422e-01 8.508280515670776367e-01 8.260001540184020996e-01 6.579511165618896484e-01 1.763294339179992676e-01
8.697500228881835938e-01 5.304999947547912598e-01 9.707499742507934570e-01 6.927499771118164062e-01 5.352500081062316895e-01 5.874999985098838806e-02 9.250560402870178223e-01 4.127034842967987061e-01 7.804471254348754883e-01 7.619617581367492676e-01 5.542314052581787109e-01 2.916384041309356689e-01
7.812500000000000000e-01 1.751666665077209473e-01 3.517499864101409912e-01 4.552499949932098389e-01 5.249999929219484329e-03 9.752500057220458984e-01 6.326454281806945801e-01 3.890548646450042725e-01 4.107593595981597900e-01 6.528097391128540039e-01 5.667825788259506226e-02 6.335899829864501953e-01
8.997499942779541016e-01 3.171666562557220459e-01 7.972499728202819824e-01 1.452499926090240479e-01 7.557500004768371582e-01 7.992500066757202148e-01 7.494913935661315918e-01 3.282997310161590576e-01 6.629546880722045898e-01 3.715444207191467285e-01 7.452933192253112793e-01 5.487101078033447266e-01
1.562500000000000000e-01 2.598333358764648438e-01 1.867499947547912598e-01 7.337499856948852539e-01 2.272499948740005493e-01 7.625000178813934326e-02 2.326252460479736328e-01 3.684817552566528320e-01 5.004104375839233398e-01 6.310272812843322754e-01 2.090361416339874268e-01 3.678501546382904053e-01
4.192500114440917969e-01 8.331666588783264160e-01 2.402500063180923462e-01 3.272500038146972656e-01 2.727499902248382568e-01 9.457499980926513672e-01 4.363400936126708984e-01 7.017335891723632812e-01 1.162138581275939941e-01 2.707153260707855225e-01 3.167557716369628906e-01 7.556344866752624512e-01
8.577499985694885254e-01 2.168333381414413452e-01 2.547500133514404297e-01 3.422499895095825195e-01 2.307499945163726807e-01 5.277500152587890625e-01 6.558425426483154297e-01 3.898958563804626465e-01 5.472798943519592285e-01 4.332469999790191650e-01 2.147069722414016724e-01 6.156989336013793945e-01
1.492500007152557373e-01 5.341666936874389648e-01 2.392500042915344238e-01 5.562499761581420898e-01 3.927499949932098389e-01 8.967499732971191406e-01 2.166768312454223633e-01 4.782613217830657959e-01 2.270471155643463135e-01 3.565554320812225342e-01 3.309256434440612793e-01 9.093965888023376465e-01
9.022499918937683105e-01 2.164999991655349731e-01 8.612499833106994629e-01 5.582500100135803223e-01 6.122499704360961914e-01 6.552500128746032715e-01 8.097152709960937500e-01 3.218441605567932129e-01 8.316103219985961914e-01 7.719169259071350098e-01 6.410198211669921875e-01 3.115556836128234863e-01
7.137500047683715820e-01 4.058333337306976318e-01 9.047499895095825195e-01 5.977500081062316895e-01 2.067500054836273193e-01 6.487500071525573730e-01 7.189341187477111816e-01 4.036869704723358154e-01 8.079083561897277832e-01 7.448856830596923828e-01 2.021164745092391968e-01 6.866893172264099121e-01
9.972500205039978027e-01 4.148333370685577393e-01 4.582499861717224121e-01 3.007499873638153076e-01 2.467499971389770508e-01 1.374999992549419403e-02 8.810826539993286133e-01 4.872465431690216064e-01 6.084517836570739746e-01 4.584145843982696533e-01 2.448382228612899780e-01 2.122287154197692871e-01
4.422500133514404297e-01 1.764999926090240479e-01 4.402500092983245850e-01 1.772499978542327881e-01 7.625000178813934326e-02 4.262500107288360596e-01 4.468342959880828857e-01 3.195647895336151123e-01 4.804672300815582275e-01 1.244905292987823486e-01 8.389896154403686523e-02 5.499540567398071289e-01
3.182500004768371582e-01 1.988333314657211304e-01 7.272499799728393555e-01 1.267500072717666626e-01 9.882500171661376953e-01 7.675000280141830444e-02 3.946211934089660645e-01 3.411751091480255127e-01 6.242558956146240234e-01 7.679361850023269653e-02 9.332055449485778809e-01 2.221471518278121948e-01
9.952499866485595703e-01 6.638333201408386230e-01 9.117500185966491699e-01 1.942500025033950806e-01 2.500000118743628263e-04 1.842499971389770508e-01 8.858305215835571289e-01 6.526986360549926758e-01 7.705492973327636719e-01 5.514678955078125000e-01 4.891145601868629456e-02 2.542857527732849121e-01
9.392499923706054688e-01 3.638333380222320557e-01 9.022499918937683105e-01 4.647499918937683105e-01 7.072499990463256836e-01 7.712500095367431641e-01 8.547264933586120605e-01 3.019948303699493408e-01 7.435690164566040039e-01 5.810825824737548828e-01 6.978120207786560059e-01 4.456157684326171875e-01
4.174999892711639404e-02 7.754999995231628418e-01 2.872500121593475342e-01 9.377499818801879883e-01 2.587499916553497314e-01 1.472499966621398926e-01 8.485715091228485107e-02 7.903500795364379883e-01 2.959558367729187012e-01 9.176720380783081055e-01 3.046620190143585205e-01 2.943844199180603027e-01
9.502500295639038086e-01 4.421666562557220459e-01 6.302499771118164062e-01 3.707500100135803223e-01 3.777500092983245850e-01 6.525000184774398804e-02 8.789947032928466797e-01 4.352184832096099854e-01 7.328161597251892090e-01 5.092139244079589844e-01 3.450906872749328613e-01 9.251032769680023193e-02
9.422500133514404297e-01 5.985000133514404297e-01 2.437500059604644775e-01 3.787499964237213135e-01 7.767500281333923340e-01 7.297499775886535645e-01 9.281087517738342285e-01 5.012960433959960938e-01 1.318829804658889771e-01 3.154067397117614746e-01 8.208652138710021973e-01 6.417939066886901855e-01
2.172500044107437134e-01 6.765000224113464355e-01 9.674999862909317017e-02 9.392499923706054688e-01 9.047499895095825195e-01 6.832500100135803223e-01 2.362171113491058350e-01 6.204587221145629883e-01 8.095098286867141724e-02 8.598806858062744141e-01 8.853628635406494141e-01 7.420581579208374023e-01
1.017500013113021851e-01 8.181666731834411621e-01 4.687500000000000000e-01 5.482500195503234863e-01 1.012500002980232239e-01 6.250000093132257462e-03 9.236387908458709717e-02 8.422715663909912109e-01 4.524376392364501953e-01 5.756912231445312500e-01 1.158093437552452087e-01 3.098154999315738678e-02
5.572500228881835938e-01 6.501666903495788574e-01 5.007500052452087402e-01 8.547499775886535645e-01 7.812500000000000000e-01 9.452499747276306152e-01 5.148964524269104004e-01 5.509624481201171875e-01 4.617741703987121582e-01 8.320705890655517578e-01 8.123077750205993652e-01 6.932163238525390625e-01
1.775000058114528656e-02 2.228333353996276855e-01 6.617500185966491699e-01 5.175000056624412537e-02 1.687500029802322388e-01 7.302500009536743164e-01 2.177406568080186844e-03 2.734331190586090088e-01 8.767878413200378418e-01 1.103618070483207703e-01 1.291162818670272827e-01 8.711903095245361328e-01
8.012499809265136719e-01 2.465000003576278687e-01 1.237500011920928955e-01 8.877500295639038086e-01 9.302499890327453613e-01 4.457499980926513672e-01 8.563358783721923828e-01 4.270928800106048584e-01 2.982743680477142334e-01 8.030772805213928223e-01 8.965299129486083984e-01 6.932678222656250000e-01
1.317500025033950806e-01 3.211666643619537354e-01 9.142500162124633789e-01 2.262499928474426270e-01 9.742500185966491699e-01 8.707500100135803223e-01 1.727729588747024536e-01 4.580473601818084717e-01 7.420217394828796387e-01 1.278873533010482788e-01 9.345054626464843750e-01 8.559097647666931152e-01
7.067499756813049316e-01 2.685000002384185791e-01 5.397499799728393555e-01 7.762500047683715820e-01 7.002500295639038086e-01 1.207500025629997253e-01 7.334592938423156738e-01 2.894791364669799805e-01 7.608299851417541504e-01 6.578168272972106934e-01 6.933728456497192383e-01 3.732649087905883789e-01
7.262499928474426270e-01 3.008333444595336914e-01 2.924999967217445374e-02 6.517500281333923340e-01 3.974999859929084778e-02 5.482500195503234863e-01 6.589772701263427734e-01 3.946637213230133057e-01 1.501709222793579102e-01 7.524130940437316895e-01 5.401700362563133240e-02 6.434404850006103516e-01
8.477500081062316895e-01 6.428333520889282227e-01 2.902500033378601074e-01 9.562500119209289551e-01 7.402499914169311523e-01 1.697500050067901611e-01 9.068445563316345215e-01 5.846821665763854980e-01 4.245668947696685791e-01 7.502619624137878418e-01 6.817904710769653320e-01 2.617669105529785156e-01
5.562499761581420898e-01 3.861666619777679443e-01 6.532499790191650391e-01 4.712499976158142090e-01 6.737499833106994629e-01 8.522499799728393555e-01 4.291716217994689941e-01 3.489838838577270508e-01 6.499604582786560059e-01 6.091591119766235352e-01 6.725549101829528809e-01 5.322629213333129883e-01
9.327499866485595703e-01 1.961666643619537354e-01 5.502499938011169434e-01 5.617499947547912598e-01 1.867499947547912598e-01 6.222500205039978027e-01 8.702753782272338867e-01 5.166313052177429199e-01 6.947575807571411133e-01 6.663032174110412598e-01 1.491606235504150391e-01 5.787779688835144043e-01
8.772500157356262207e-01 2.208333313465118408e-01 2.672500014305114746e-01 1.457500010728836060e-01 7.042499780654907227e-01 9.747499823570251465e-01 8.111446499824523926e-01 2.688907086849212646e-01 2.149927616119384766e-01 1.688091456890106201e-01 7.218272089958190918e-01 7.138853073120117188e-01
7.922499775886535645e-01 2.451666593551635742e-01 2.677499949932098389e-01 3.075000084936618805e-02 9.747499823570251465e-01 6.012499928474426270e-01 8.273063898086547852e-01 2.600132822990417480e-01 1.529657691717147827e-01 9.704627096652984619e-02 9.327654838562011719e-01 6.984990835189819336e-01
2.517499923706054688e-01 6.198333501815795898e-01 4.977500140666961670e-01 7.227500081062316895e-01 5.952500104904174805e-01 5.182499885559082031e-01 2.240597456693649292e-01 6.782509684562683105e-01 5.909790396690368652e-01 7.566943764686584473e-01 5.944597125053405762e-01 4.262845516204833984e-01
5.507500171661376953e-01 3.238333463668823242e-01 8.967499732971191406e-01 2.862499952316284180e-01 4.297499954700469971e-01 5.047500133514404297e-01 4.477913975715637207e-01 3.359877169132232666e-01 7.167645692825317383e-01 4.904077053070068359e-01 4.691121876239776611e-01 3.933533430099487305e-01
5.882499814033508301e-01 7.901666760444641113e-01 9.967499971389770508e-01 7.422500252723693848e-01 2.624999918043613434e-02 1.942500025033950806e-01 8.458405733108520508e-01 6.628869771957397461e-01 7.500337362289428711e-01 4.635172784328460693e-01 4.564730823040008545e-02 1.834401339292526245e-01
1.197500005364418030e-01 7.655000090599060059e-01 3.937500119209289551e-01 4.627499878406524658e-01 2.425000071525573730e-02 7.352499961853027344e-01 7.550439983606338501e-02 5.335488915443420410e-01 2.293575108051300049e-01 3.773593604564666748e-01 9.451315551996231079e-02 5.560879111289978027e-01
3.992500007152557373e-01 4.884999990463256836e-01 2.152500003576278687e-01 9.512500166893005371e-01 1.624999940395355225e-02 1.362500041723251343e-01 6.409820318222045898e-01 4.776746630668640137e-01 3.050199151039123535e-01 7.202571630477905273e-01 4.760989919304847717e-02 5.352855324745178223e-01
3.627499938011169434e-01 5.935000181198120117e-01 5.862500071525573730e-01 1.075000036507844925e-02 5.074999853968620300e-02 5.107499957084655762e-01 3.556134104728698730e-01 3.876744508743286133e-01 5.002545118331909180e-01 7.215533405542373657e-02 8.616409450769424438e-02 6.118272542953491211e-01
2.742500007152557373e-01 2.431666702032089233e-01 6.825000047683715820e-02 1.872500032186508179e-01 7.892500162124633789e-01 7.912499904632568359e-01 2.829766571521759033e-01 4.124508202075958252e-01 1.195465475320816040e-01 2.717777788639068604e-01 7.912265062332153320e-01 8.736187815666198730e-01
7.507500052452087402e-01 7.124999761581420898e-01 6.712499856948852539e-01 7.547500133514404297e-01 1.647499948740005493e-01 3.532499969005584717e-01 8.797028660774230957e-01 5.434634089469909668e-01 5.864774584770202637e-01 6.788141131401062012e-01 1.451327800750732422e-01 5.839190483093261719e-01
9.242500066757202148e-01 5.005000233650207520e-01 6.162499785423278809e-01 5.257499814033508301e-01 7.982500195503234863e-01 2.792499959468841553e-01 8.742127418518066406e-01 3.351287543773651123e-01 7.018170952796936035e-01 5.736581087112426758e-01 8.585475683212280273e-01 5.899978280067443848e-01
6.842499971389770508e-01 2.198333293199539185e-01 5.412499904632568359e-01 3.177500069141387939e-01 4.387499988079071045e-01 1.007499992847442627e-01 6.856595873832702637e-01 3.332998454570770264e-01 6.670854091644287109e-01 1.698895096778869629e-01 4.012025594711303711e-01 2.624484896659851074e-01
3.097499907016754150e-01 5.391666889190673828e-01 8.897500038146972656e-01 1.025000028312206268e-02 7.647500038146972656e-01 5.742499828338623047e-01 2.702513039112091064e-01 4.170015752315521240e-01 7.038151025772094727e-01 1.503230631351470947e-01 8.656770586967468262e-01 7.174427509307861328e-01
9.917500019073486328e-01 1.704999953508377075e-01 3.627499938011169434e-01 4.262500107288360596e-01 4.727500081062316895e-01 2.197500020265579224e-01 8.926469087600708008e-01 3.721098601818084717e-01 5.526305437088012695e-01 3.941870629787445068e-01 4.787212610244750977e-01 3.117580115795135498e-01
6.287500262260437012e-01 3.498333394527435303e-01 2.857500016689300537e-01 3.732500076293945312e-01 4.812499880790710449e-01 6.352499723434448242e-01 5.522933602333068848e-01 4.318830668926239014e-01 3.809047043323516846e-01 3.805846571922302246e-01 4.589370787143707275e-01 5.660376548767089844e-01
4.032500088214874268e-01 2.255000025033950806e-01 6.592500209808349609e-01 9.312499761581420898e-01 5.867499709129333496e-01 9.574999660253524780e-02 4.157515764236450195e-01 3.119442760944366455e-01 8.127913475036621094e-01 7.394267320632934570e-01 5.691879987716674805e-01 1.792179048061370850e-01
9.547500014305114746e-01 3.425000011920928955e-01 2.362499982118606567e-01 2.532500028610229492e-01 3.957499861717224121e-01 3.624999895691871643e-02 8.588747382164001465e-01 5.856596231460571289e-01 3.977699577808380127e-01 2.830961048603057861e-01 3.328795731067657471e-01 5.306878313422203064e-02
5.802500247955322266e-01 2.501666545867919922e-01 4.724999889731407166e-02 3.677499890327453613e-01 6.427500247955322266e-01 2.027499973773956299e-01 6.758975386619567871e-01 3.448970913887023926e-01 2.664075195789337158e-01 2.042256742715835571e-01 6.095400452613830566e-01 6.278065443038940430e-01
6.597499847412109375e-01 2.834999859333038330e-01 8.867499828338623047e-01 8.802499771118164062e-01 9.377499818801879883e-01 3.167499899864196777e-01 7.783721685409545898e-01 2.606601715087890625e-01 8.405748009681701660e-01 8.755556941032409668e-01 9.381121397018432617e-01 4.192251563072204590e-01
8.162500262260437012e-01 6.061666607856750488e-01 4.707500040531158447e-01 2.437500059604644775e-01 1.947499960660934448e-01 3.232499957084655762e-01 7.797966599464416504e-01 6.386978030204772949e-01 3.977757990360260010e-01 3.921261727809906006e-01 1.960382759571075439e-01 1.531770527362823486e-01
2.687500119209289551e-01 6.104999780654907227e-01 4.147500097751617432e-01 2.887499928474426270e-01 8.177499771118164062e-01 2.337500005960464478e-01 2.653354108333587646e-01 6.376412510871887207e-01 3.784226179122924805e-01 3.517706990242004395e-01 9.023351073265075684e-01 3.415215015411376953e-01
5.967500209808349609e-01 5.328333377838134766e-01 5.092499852180480957e-01 5.947499871253967285e-01 3.992500007152557373e-01 3.677499890327453613e-01 6.132890582084655762e-01 5.396255254745483398e-01 4.252020418643951416e-01 6.018355488777160645e-01 4.046266376972198486e-01 4.501572847366333008e-01
8.777499794960021973e-01 4.665000140666961670e-01 8.137500286102294922e-01 7.487499713897705078e-01 5.057500004768371582e-01 6.837499737739562988e-01 8.732197284698486328e-01 3.640892803668975830e-01 7.786953449249267578e-01 7.003160715103149414e-01 5.336446166038513184e-01 4.140158295631408691e-01
2.562499940395355225e-01 6.324999928474426270e-01 7.047500014305114746e-01 3.497500121593475342e-01 2.192499935626983643e-01 1.677500009536743164e-01 2.544097304344177246e-01 5.506229400634765625e-01 6.460235714912414551e-01 3.533819615840911865e-01 2.311913520097732544e-01 2.404218018054962158e-01
9.112499952316284180e-01 2.748333215713500977e-01 8.147500157356262207e-01 7.077500224113464355e-01 8.597499728202819824e-01 8.862500190734863281e-01 8.918601274490356445e-01 4.380452334880828857e-01 6.728688478469848633e-01 8.004934191703796387e-01 7.673225402832031250e-01 5.678555965423583984e-01
8.725000172853469849e-02 5.738333463668823242e-01 8.117499947547912598e-01 8.967499732971191406e-01 4.697499871253967285e-01 8.602499961853027344e-01 5.572513118386268616e-02 5.506015419960021973e-01 7.921808362007141113e-01 8.537840247154235840e-01 5.196095705032348633e-01 7.895642518997192383e-01
9.197499752044677734e-01 7.251666784286499023e-01 5.852500200271606445e-01 9.272500276565551758e-01 1.032499969005584717e-01 7.707499861717224121e-01 8.985697031021118164e-01 5.408025383949279785e-01 7.409003376960754395e-01 7.328234314918518066e-01 9.198641031980514526e-02 6.513447761535644531e-01
1.687500029802322388e-01 6.371666789054870605e-01 9.317499995231628418e-01 7.975000143051147461e-02 8.197500109672546387e-01 5.082499980926513672e-01 1.102821677923202515e-01 4.937374889850616455e-01 8.697265982627868652e-01 1.433723866939544678e-01 9.287734031677246094e-01 5.437422394752502441e-01
3.557499945163726807e-01 4.548333287239074707e-01 2.712500095367431641e-01 3.907499909400939941e-01 8.172500133514404297e-01 9.425000101327896118e-02 3.288482725620269775e-01 5.689843297004699707e-01 3.626366555690765381e-01 2.977487742900848389e-01 8.269060254096984863e-01 2.040238678455352783e-01
9.525000303983688354e-02 5.774999856948852539e-01 1.882500052452087402e-01 4.282500147819519043e-01 5.407500267028808594e-01 2.332500070333480835e-01 1.449869126081466675e-01 6.128653287887573242e-01 3.368097245693206787e-01 4.240188896656036377e-01 5.847753286361694336e-01 4.206712841987609863e-01
7.152500152587890625e-01 2.968333363533020020e-01 3.749999916180968285e-03 2.847500145435333252e-01 3.277499973773956299e-01 7.597500085830688477e-01 5.516670942306518555e-01 2.649708092212677002e-01 1.902820616960525513e-01 2.012458145618438721e-01 3.378175795078277588e-01 7.011794447898864746e-01
4.377500116825103760e-01 3.538333475589752197e-01 5.725000053644180298e-02 3.642500042915344238e-01 2.675000019371509552e-02 4.397499859333038330e-01 4.686149656772613525e-01 3.616436421871185303e-01 5.525353923439979553e-02 4.552980661392211914e-01 5.932371690869331360e-02 5.277523398399353027e-01
6.862499713897705078e-01 1.848333328962326050e-01 1.072499975562095642e-01 1.247500032186508179e-01 1.492500007152557373e-01 7.677500247955322266e-01 5.957553386688232422e-01 3.473998904228210449e-01 2.453649044036865234e-01 1.234499514102935791e-01 1.367059350013732910e-01 6.683138012886047363e-01
8.067499995231628418e-01 7.524999976158142090e-01 9.367499947547912598e-01 5.612499713897705078e-01 4.272499978542327881e-01 8.757500052452087402e-01 7.768899798393249512e-01 4.737842679023742676e-01 6.578479409217834473e-01 7.000634670257568359e-01 4.659401774406433105e-01 4.388083517551422119e-01
9.477499723434448242e-01 2.308333367109298706e-01 1.042499989271163940e-01 3.242500126361846924e-01 1.475000008940696716e-02 7.307500243186950684e-01 6.204981803894042969e-01 4.799583256244659424e-01 2.639200687408447266e-01 6.465677022933959961e-01 5.985623598098754883e-02 4.684210121631622314e-01
4.222500026226043701e-01 3.244999945163726807e-01 6.075000017881393433e-02 5.477499961853027344e-01 8.737499713897705078e-01 9.267500042915344238e-01 4.273160994052886963e-01 3.248046040534973145e-01 5.159069225192070007e-02 4.622181057929992676e-01 8.883204460144042969e-01 8.603590130805969238e-01
6.227499842643737793e-01 5.504999756813049316e-01 9.182500243186950684e-01 2.882499992847442627e-01 4.312500059604644775e-01 7.077500224113464355e-01 6.194049715995788574e-01 3.674931228160858154e-01 6.344132423400878906e-01 2.480840235948562622e-01 4.227548539638519287e-01 4.435171186923980713e-01
7.462499737739562988e-01 4.435000121593475342e-01 5.262500047683715820e-01 9.722499847412109375e-01 5.317500233650207520e-01 2.937499880790710449e-01 7.773892283439636230e-01 4.853378236293792725e-01 7.185327410697937012e-01 8.846134543418884277e-01 5.404173731803894043e-01 5.453988909721374512e-01
4.324999824166297913e-02 3.465000092983245850e-01 9.724999964237213135e-02 9.907500147819519043e-01 2.837499976158142090e-01 4.697499871253967285e-01 8.903795480728149414e-02 3.710457384586334229e-01 6.225002184510231018e-02 9.096294045448303223e-01 9.308591485023498535e-02 5.182292461395263672e-01
8.207499980926513672e-01 3.451666533946990967e-01 3.482500016689300537e-01 8.142499923706054688e-01 9.872499704360961914e-01 8.472499847412109375e-01 7.822973132133483887e-01 2.953753769397735596e-01 3.608407080173492432e-01 8.046147227287292480e-01 9.653022885322570801e-01 7.059241533279418945e-01
2.907499969005584717e-01 4.438333213329315186e-01 6.312500238418579102e-01 9.792500138282775879e-01 9.562500119209289551e-01 8.197500109672546387e-01 3.413630127906799316e-01 4.391332566738128662e-01 7.109321355819702148e-01 8.949464559555053711e-01 8.967856168746948242e-01 7.541893124580383301e-01
5.182499885559082031e-01 2.278333306312561035e-01 1.567499935626983643e-01 8.647500276565551758e-01 6.932500004768371582e-01 1.417499929666519165e-01 5.602164864540100098e-01 4.457245469093322754e-01 5.036738514900207520e-01 6.083623766899108887e-01 6.154488921165466309e-01 3.045022487640380859e-01
1.912499964237213135e-01 2.818333208560943604e-01 2.477499991655349731e-01 2.682499885559082031e-01 9.972500205039978027e-01 6.417499780654907227e-01 2.300539910793304443e-01 3.266382217407226562e-01 3.731547594070434570e-01 1.971767693758010864e-01 9.309296607971191406e-01 8.998426198959350586e-01
5.237500071525573730e-01 5.421666502952575684e-01 4.572499990463256836e-01 7.225000113248825073e-02 6.075000017881393433e-02 4.832499921321868896e-01 5.134046077728271484e-01 4.347997903823852539e-01 3.155727386474609375e-01 2.112033367156982422e-01 1.064280420541763306e-01 5.358121395111083984e-01
9.942499995231628418e-01 2.911666631698608398e-01 8.725000172853469849e-02 9.897500276565551758e-01 3.057500123977661133e-01 6.042500138282775879e-01 8.486940860748291016e-01 3.787935376167297363e-01 2.634726464748382568e-01 9.089328646659851074e-01 2.816839516162872314e-01 8.331784605979919434e-01
8.002499938011169434e-01 3.785000145435333252e-01 3.072499930858612061e-01 7.832499742507934570e-01 1.722500026226043701e-01 9.412500262260437012e-01 7.333146929740905762e-01 5.063657760620117188e-01 4.970151484012603760e-01 7.069964408874511719e-01 1.367874741554260254e-01 6.973305344581604004e-01
1.724999956786632538e-02 2.105000019073486328e-01 3.075000084936618805e-02 3.967500030994415283e-01 8.824999630451202393e-02 2.392500042915344238e-01 3.791937977075576782e-02 3.107953965663909912e-01 8.439470827579498291e-02 4.108358919620513916e-01 2.636325731873512268e-02 3.294642865657806396e-01
1.782499998807907104e-01 5.178333520889282227e-01 6.672499775886535645e-01 5.974999815225601196e-02 6.962500214576721191e-01 1.482499986886978149e-01 1.569536775350570679e-01 4.673586487770080566e-01 7.651739120483398438e-01 1.498074382543563843e-01 8.789200186729431152e-01 4.475936591625213623e-01
5.137500166893005371e-01 6.348333358764648438e-01 5.807499885559082031e-01 9.202499985694885254e-01 1.557500064373016357e-01 5.582500100135803223e-01 6.353384852409362793e-01 4.104250073432922363e-01 6.255562901496887207e-01 6.643694639205932617e-01 1.389594823122024536e-01 6.781537532806396484e-01
1.062500029802322388e-01 4.724999964237213135e-01 6.117500066757202148e-01 7.057499885559082031e-01 7.172499895095825195e-01 2.262499928474426270e-01 1.366849243640899658e-01 5.030300021171569824e-01 7.742589712142944336e-01 6.966239809989929199e-01 7.039783596992492676e-01 3.763473033905029297e-01
1.152499988675117493e-01 6.201666593551635742e-01 2.342499941587448120e-01 6.475000083446502686e-02 4.577499926090240479e-01 2.692500054836273193e-01 1.044865548610687256e-01 6.293258666992187500e-01 2.798454761505126953e-01 1.025826483964920044e-01 4.859978258609771729e-01 2.165663838386535645e-01
7.232499718666076660e-01 4.351666569709777832e-01 1.682499945163726807e-01 6.122499704360961914e-01 1.682499945163726807e-01 6.467499732971191406e-01 5.669177174568176270e-01 3.706488609313964844e-01 3.486659228801727295e-01 7.476489543914794922e-01 1.742839664220809937e-01 6.651481389999389648e-01
3.122499883174896240e-01 2.651666700839996338e-01 5.387499928474426270e-01 6.875000149011611938e-02 8.587499856948852539e-01 9.777500033378601074e-01 2.327050566673278809e-01 3.525973260402679443e-01 6.331566572189331055e-01 1.195921972393989563e-01 9.050002098083496094e-01 8.744726777076721191e-01
8.942499756813049316e-01 6.038333177566528320e-01 5.497499704360961914e-01 4.132499992847442627e-01 4.922499954700469971e-01 4.357500076293945312e-01 8.570650219917297363e-01 4.481034576892852783e-01 4.869834780693054199e-01 3.410551846027374268e-01 4.546252191066741943e-01 2.196377515792846680e-01
6.557499766349792480e-01 3.031666576862335205e-01 8.272500038146972656e-01 2.447499930858612061e-01 3.577499985694885254e-01 2.302500009536743164e-01 6.125277280807495117e-01 3.707641363143920898e-01 7.369396090507507324e-01 5.231045484542846680e-01 3.627988696098327637e-01 2.858131527900695801e-01
7.249999791383743286e-03 5.961666703224182129e-01 8.457499742507934570e-01 3.867500126361846924e-01 4.352500140666961670e-01 6.575000286102294922e-02 2.419267408549785614e-02 6.507417559623718262e-01 9.018152356147766113e-01 4.601637125015258789e-01 4.135489761829376221e-01 1.369605809450149536e-01
4.982500076293945312e-01 3.598333299160003662e-01 6.932500004768371582e-01 8.737499713897705078e-01 3.422499895095825195e-01 8.537499904632568359e-01 6.110358238220214844e-01 3.520034849643707275e-01 6.179605722427368164e-01 6.989500522613525391e-01 3.148163557052612305e-01 6.905207037925720215e-01
1.832499951124191284e-01 1.901666671037673950e-01 9.902499914169311523e-01 3.447499871253967285e-01 4.292500019073486328e-01 1.432500034570693970e-01 2.097476720809936523e-01 3.691802322864532471e-01 7.595515251159667969e-01 4.882473051548004150e-01 4.717472195625305176e-01 3.160406053066253662e-01
4.162499904632568359e-01 3.471666574478149414e-01 4.787499904632568359e-01 3.037500083446502686e-01 8.972499966621398926e-01 8.075000345706939697e-02 3.661533594131469727e-01 3.261970579624176025e-01 6.305104494094848633e-01 2.249768674373626709e-01 9.123617410659790039e-01 1.394032090902328491e-01
6.177499890327453613e-01 6.188333630561828613e-01 4.407500028610229492e-01 3.187499940395355225e-01 5.037500262260437012e-01 1.127500012516975403e-01 6.289969682693481445e-01 5.734242796897888184e-01 4.124910533428192139e-01 3.606484532356262207e-01 4.977012276649475098e-01 2.096070200204849243e-01
7.432500123977661133e-01 3.411666750907897949e-01 5.337499976158142090e-01 6.142500042915344238e-01 6.477500200271606445e-01 8.992499709129333496e-01 7.318329811096191406e-01 3.418022096157073975e-01 5.078562498092651367e-01 5.552550554275512695e-01 6.332325935363769531e-01 6.850852966308593750e-01
7.777500152587890625e-01 5.548333525657653809e-01 2.002499997615814209e-01 6.624999642372131348e-02 9.717500209808349609e-01 1.587499976158142090e-01 7.481329441070556641e-01 5.781204104423522949e-01 2.151573449373245239e-01 1.020082831382751465e-01 9.228124618530273438e-01 2.467866539955139160e-01
3.167499899864196777e-01 7.714999914169311523e-01 3.377499878406524658e-01 3.597500026226043701e-01 8.707500100135803223e-01 7.347499728202819824e-01 3.380722999572753906e-01 4.708365201950073242e-01 2.249973565340042114e-01 3.034949004650115967e-01 9.276370406150817871e-01 8.505060076713562012e-01
5.582500100135803223e-01 3.838333189487457275e-01 3.772499859333038330e-01 4.975000023841857910e-02 5.062500238418579102e-01 7.472500205039978027e-01 5.200541615486145020e-01 3.679043054580688477e-01 2.889117598533630371e-01 1.810263395309448242e-01 5.738986134529113770e-01 6.599855422973632812e-01
9.324999898672103882e-02 5.198333263397216797e-01 2.852500081062316895e-01 6.117500066757202148e-01 8.752499818801879883e-01 9.907500147819519043e-01 8.284751325845718384e-02 4.687487185001373291e-01 3.099176585674285889e-01 3.902365267276763916e-01 7.981233596801757812e-01 9.052478671073913574e-01
9.982500076293945312e-01 3.438333272933959961e-01 5.212500095367431641e-01 3.122499883174896240e-01 3.732500076293945312e-01 3.824999928474426270e-02 8.822956085205078125e-01 3.672735989093780518e-01 6.770699024200439453e-01 4.480025768280029297e-01 3.968911170959472656e-01 1.361503899097442627e-01
5.922499895095825195e-01 3.555000126361846924e-01 8.552500009536743164e-01 7.402499914169311523e-01 2.752499878406524658e-01 4.337500035762786865e-01 7.167957425117492676e-01 4.037275910377502441e-01 8.111068606376647949e-01 7.211186885833740234e-01 2.369459271430969238e-01 6.085606217384338379e-01
4.962500035762786865e-01 5.658333301544189453e-01 8.657500147819519043e-01 8.772500157356262207e-01 2.282499969005584717e-01 8.112499713897705078e-01 6.522539258003234863e-01 4.204481244087219238e-01 6.715804338455200195e-01 7.590796351432800293e-01 2.077340781688690186e-01 7.418471574783325195e-01
6.202499866485595703e-01 6.754999756813049316e-01 3.052499890327453613e-01 7.287499904632568359e-01 2.812500000000000000e-01 8.947499990463256836e-01 6.339635252952575684e-01 5.695271492004394531e-01 2.832815051078796387e-01 5.494086742401123047e-01 2.557894289493560791e-01 6.964617967605590820e-01
8.177499771118164062e-01 5.158333182334899902e-01 9.177500009536743164e-01 6.962500214576721191e-01 9.737499952316284180e-01 9.702500104904174805e-01 8.081411123275756836e-01 4.947174489498138428e-01 7.061437368392944336e-01 7.934256196022033691e-01 8.844225406646728516e-01 5.375296473503112793e-01
1.967500001192092896e-01 5.351666808128356934e-01 5.907499790191650391e-01 6.075000017881393433e-02 9.127500057220458984e-01 9.517499804496765137e-01 1.404878646135330200e-01 4.553533196449279785e-01 6.843664050102233887e-01 1.230757981538772583e-01 9.391754269599914551e-01 8.917164206504821777e-01
5.432500243186950684e-01 4.318333268165588379e-01 2.807500064373016357e-01 1.127500012516975403e-01 6.707500219345092773e-01 2.037499994039535522e-01 5.120270252227783203e-01 3.232187032699584961e-01 4.330367743968963623e-01 1.421678215265274048e-01 7.658889889717102051e-01 4.683477282524108887e-01
1.117499992251396179e-01 3.808333277702331543e-01 1.052500009536743164e-01 5.272499918937683105e-01 7.074999809265136719e-02 1.727499961853027344e-01 1.229378208518028259e-01 4.036286473274230957e-01 2.773661017417907715e-01 3.809289634227752686e-01 5.343280732631683350e-02 1.803337931632995605e-01
3.567500114440917969e-01 3.388333320617675781e-01 5.867499709129333496e-01 6.472499966621398926e-01 5.577499866485595703e-01 3.337500095367431641e-01 3.769584000110626221e-01 3.396693468093872070e-01 6.904152631759643555e-01 5.458677411079406738e-01 5.602887868881225586e-01 4.846868515014648438e-01
3.857499957084655762e-01 8.264999985694885254e-01 8.447499871253967285e-01 1.167500019073486328e-01 1.217499971389770508e-01 5.342500209808349609e-01 4.754883944988250732e-01 5.775258541107177734e-01 4.536305963993072510e-01 1.603860706090927124e-01 1.327762901782989502e-01 5.695727467536926270e-01
3.957499861717224121e-01 2.851666808128356934e-01 4.972499907016754150e-01 6.037499904632568359e-01 7.942500114440917969e-01 1.222499981522560120e-01 3.778613507747650146e-01 3.336544930934906006e-01 6.258800029754638672e-01 5.461578965187072754e-01 7.446287870407104492e-01 2.426682859659194946e-01
6.872500181198120117e-01 1.895000040531158447e-01 7.222499847412109375e-01 8.382499814033508301e-01 9.427499771118164062e-01 2.312500029802322388e-01 6.881428956985473633e-01 2.569877505302429199e-01 8.289723992347717285e-01 8.261041641235351562e-01 9.035015702247619629e-01 3.282133638858795166e-01
6.492499709129333496e-01 7.601666450500488281e-01 4.250000230967998505e-03 4.437499940395355225e-01 9.767500162124633789e-01 4.572499990463256836e-01 7.343838810920715332e-01 6.970320940017700195e-01 2.418311312794685364e-02 3.244687616825103760e-01 9.366196393966674805e-01 5.625082850456237793e-01
5.352500081062316895e-01 2.551666796207427979e-01 8.397499918937683105e-01 2.217500060796737671e-01 1.412499994039535522e-01 5.712500214576721191e-01 4.817533791065216064e-01 3.008945584297180176e-01 7.551650404930114746e-01 2.951540350914001465e-01 1.615726798772811890e-01 5.425843000411987305e-01
9.322500228881835938e-01 6.085000038146972656e-01 8.602499961853027344e-01 9.147499799728393555e-01 2.832500040531158447e-01 8.952500224113464355e-01 9.172880053520202637e-01 4.813837110996246338e-01 7.796031832695007324e-01 9.511151313781738281e-01 2.776712775230407715e-01 6.938417553901672363e-01
8.474999666213989258e-02 4.178333282470703125e-01 2.502500116825103760e-01 3.462499976158142090e-01 1.792500019073486328e-01 7.874999940395355225e-02 8.433526009321212769e-02 5.446671247482299805e-01 5.812259316444396973e-01 2.663059234619140625e-01 1.401215195655822754e-01 1.683705449104309082e-01
9.250000119209289551e-03 6.671666502952575684e-01 8.472499847412109375e-01 4.362500011920928955e-01 1.627500057220458984e-01 2.147500067949295044e-01 1.407031249254941940e-02 6.192083954811096191e-01 8.578327894210815430e-01 3.364900052547454834e-01 1.819597780704498291e-01 2.404116839170455933e-01
2.542499899864196777e-01 5.245000123977661133e-01 5.952500104904174805e-01 8.477500081062316895e-01 5.725000053644180298e-02 4.232499897480010986e-01 3.893246948719024658e-01 3.273120522499084473e-01 3.434774875640869141e-01 7.569150328636169434e-01 8.356709778308868408e-02 5.177711844444274902e-01
9.367499947547912598e-01 3.151666522026062012e-01 9.037500023841857910e-01 7.222499847412109375e-01 3.497500121593475342e-01 3.747499883174896240e-01 9.185222387313842773e-01 3.633735477924346924e-01 9.007138013839721680e-01 8.974431753158569336e-01 3.532942831516265869e-01 3.651532232761383057e-01
1.612499952316284180e-01 5.575000047683715820e-01 7.357500195503234863e-01 9.762499928474426270e-01 4.097500145435333252e-01 1.532499939203262329e-01 1.840572506189346313e-01 4.845782220363616943e-01 8.759172558784484863e-01 7.194774150848388672e-01 3.599763512611389160e-01 1.599647402763366699e-01
9.812499880790710449e-01 5.708333253860473633e-01 7.732499837875366211e-01 2.982499897480010986e-01 1.337500065565109253e-01 6.247500181198120117e-01 8.738385438919067383e-01 5.306247472763061523e-01 7.182615399360656738e-01 5.246126055717468262e-01 1.252175569534301758e-01 4.108751714229583740e-01
9.212499856948852539e-01 5.285000205039978027e-01 5.617499947547912598e-01 9.492499828338623047e-01 5.022500157356262207e-01 6.872500181198120117e-01 9.046719074249267578e-01 4.859220385551452637e-01 6.323727369308471680e-01 8.609704971313476562e-01 5.444226264953613281e-01 5.678943395614624023e-01
6.424999982118606567e-02 3.221666812896728516e-01 1.432500034570693970e-01 9.674999862909317017e-02 7.162500023841857910e-01 4.102500081062316895e-01 8.099354803562164307e-02 5.047441124916076660e-01 2.898423969745635986e-01 1.331845223903656006e-01 6.703811883926391602e-01 7.539284825325012207e-01
3.402499854564666748e-01 7.441666722297668457e-01 1.987500041723251343e-01 1.917500048875808716e-01 2.012500017881393433e-01 2.897500097751617432e-01 4.000265002250671387e-01 7.599924206733703613e-01 2.421561926603317261e-01 1.057454273104667664e-01 1.741244792938232422e-01 4.567175507545471191e-01
8.377500176429748535e-01 7.304999828338623047e-01 8.007500171661376953e-01 3.725000098347663879e-02 3.237499892711639404e-01 1.352500021457672119e-01 7.605994343757629395e-01 5.492783784866333008e-01 5.275662541389465332e-01 2.575332522392272949e-01 2.994005680084228516e-01 7.941637188196182251e-02
5.857499837875366211e-01 5.264999866485595703e-01 9.624999761581420898e-02 1.667499989271163940e-01 6.437500119209289551e-01 8.047500252723693848e-01 5.651319622993469238e-01 4.153248369693756104e-01 1.041208431124687195e-01 1.510001122951507568e-01 6.788770556449890137e-01 7.705398797988891602e-01
6.075000017881393433e-02 1.908333301544189453e-01 2.627499997615814209e-01 1.117499992251396179e-01 8.874999731779098511e-02 7.127500176429748535e-01 1.656866259872913361e-02 2.581521570682525635e-01 3.457633554935455322e-01 8.059029281139373779e-02 4.759801924228668213e-02 8.368241190910339355e-01
5.807499885559082031e-01 3.148333430290222168e-01 5.957499742507934570e-01 1.624999940395355225e-02 9.624999761581420898e-02 6.322500109672546387e-01 4.916979074478149414e-01 3.665749728679656982e-01 6.108933687210083008e-01 1.599864065647125244e-01 1.173852086067199707e-01 4.914987683296203613e-01
9.992499947547912598e-01 2.108333259820938110e-01 4.542500078678131104e-01 9.667500257492065430e-01 7.722499966621398926e-01 5.147500038146972656e-01 8.789107203483581543e-01 3.186388313770294189e-01 7.920573353767395020e-01 8.437590003013610840e-01 8.008953332901000977e-01 5.220518708229064941e-01
6.132500171661376953e-01 4.048333466053009033e-01 4.632500112056732178e-01 7.622500061988830566e-01 1.612499952316284180e-01 7.892500162124633789e-01 6.982870101928710938e-01 4.797146022319793701e-01 4.639788568019866943e-01 6.432697176933288574e-01 1.276340931653976440e-01 6.489350795745849609e-01
1.502500027418136597e-01 6.945000290870666504e-01 7.067499756813049316e-01 2.177499979734420776e-01 9.425000101327896118e-02 7.327499985694885254e-01 8.651585131883621216e-02 5.421798229217529297e-01 5.274887084960937500e-01 2.623763978481292725e-01 1.899181455373764038e-01 6.379151940345764160e-01
2.225000038743019104e-02 6.468333601951599121e-01 7.072499990463256836e-01 3.307499885559082031e-01 7.882500290870666504e-01 4.342499971389770508e-01 2.941181696951389313e-02 6.366646885871887207e-01 7.616143226623535156e-01 3.016079962253570557e-01 7.930305600166320801e-01 4.175735414028167725e-01
1.597499996423721313e-01 2.758333384990692139e-01 2.612499892711639404e-01 7.782499790191650391e-01 6.602500081062316895e-01 3.822500109672546387e-01 1.779984235763549805e-01 3.942197561264038086e-01 4.995408058166503906e-01 7.145779728889465332e-01 6.260861754417419434e-01 5.789978504180908203e-01
3.897500038146972656e-01 7.645000219345092773e-01 2.977499961853027344e-01 9.697499871253967285e-01 2.027499973773956299e-01 3.512499928474426270e-01 5.604174137115478516e-01 6.835815906524658203e-01 3.815637230873107910e-01 7.340585589408874512e-01 1.343444436788558960e-01 3.975049853324890137e-01
8.425000309944152832e-02 3.655000030994415283e-01 1.875000074505805969e-02 4.672499895095825195e-01 2.232500016689300537e-01 3.777500092983245850e-01 1.179189011454582214e-01 5.096265673637390137e-01 1.780769675970077515e-01 4.674732983112335205e-01 1.089055687189102173e-01 6.422838568687438965e-01
3.842499852180480957e-01 7.928333282470703125e-01 6.317499876022338867e-01 7.692499756813049316e-01 8.192499876022338867e-01 7.407500147819519043e-01 3.584827482700347900e-01 6.646237373352050781e-01 5.772876143455505371e-01 7.906242609024047852e-01 8.636875748634338379e-01 5.823261737823486328e-01
3.617500066757202148e-01 1.958333402872085571e-01 1.767500042915344238e-01 4.187499880790710449e-01 8.402500152587890625e-01 6.582499742507934570e-01 3.768490552902221680e-01 3.226701319217681885e-01 1.988326162099838257e-01 4.910607933998107910e-01 8.594632744789123535e-01 7.892541885375976562e-01
6.927499771118164062e-01 6.318333148956298828e-01 3.787499964237213135e-01 6.617500185966491699e-01 3.747499883174896240e-01 4.137499928474426270e-01 6.954883933067321777e-01 6.780041456222534180e-01 3.125073909759521484e-01 6.415859460830688477e-01 3.643645346164703369e-01 2.453674823045730591e-01
4.147500097751617432e-01 2.754999995231628418e-01 9.357500076293945312e-01 5.447499752044677734e-01 4.547500014305114746e-01 2.727499902248382568e-01 3.405721485614776611e-01 2.714969813823699951e-01 8.510516881942749023e-01 5.984987616539001465e-01 4.968991577625274658e-01 3.756206929683685303e-01
6.422500014305114746e-01 5.651666522026062012e-01 7.967500090599060059e-01 4.024999961256980896e-02 5.324999988079071045e-02 3.187499940395355225e-01 6.319007873535156250e-01 4.942853748798370361e-01 5.709770321846008301e-01 3.244650065898895264e-01 1.061084941029548645e-01 4.168302118778228760e-01
7.657499909400939941e-01 6.545000076293945312e-01 7.587500214576721191e-01 7.607499957084655762e-01 2.025000005960464478e-02 8.997499942779541016e-01 7.817383408546447754e-01 5.572939515113830566e-01 7.338911890983581543e-01 6.478009819984436035e-01 5.111835524439811707e-02 6.038759946823120117e-01
6.397500038146972656e-01 7.154999971389770508e-01 5.697500109672546387e-01 5.147500038146972656e-01 6.047499775886535645e-01 2.947500050067901611e-01 6.268477439880371094e-01 5.431920886039733887e-01 4.520963132381439209e-01 5.420663356781005859e-01 5.744750499725341797e-01 2.301958650350570679e-01
3.762499988079071045e-01 2.175000011920928955e-01 1.457500010728836060e-01 2.972500026226043701e-01 3.892500102519989014e-01 4.632500112056732178e-01 5.237216353416442871e-01 3.418880105018615723e-01 1.801563054323196411e-01 2.063016444444656372e-01 3.183304667472839355e-01 6.988356113433837891e-01
7.037500143051147461e-01 2.081666737794876099e-01 5.124999955296516418e-02 8.377500176429748535e-01 9.057499766349792480e-01 5.697500109672546387e-01 6.600862145423889160e-01 2.345969229936599731e-01 1.803012043237686157e-01 7.659960389137268066e-01 8.855310082435607910e-01 7.174823284149169922e-01
7.552499771118164062e-01 8.301666378974914551e-01 2.422499954700469971e-01 5.624999850988388062e-02 4.752500057220458984e-01 4.487499892711639404e-01 6.831821799278259277e-01 6.530519127845764160e-01 1.698436439037322998e-01 1.344126462936401367e-01 4.839369654655456543e-01 4.611375629901885986e-01
2.522499859333038330e-01 2.831666767597198486e-01 6.997500061988830566e-01 4.477500021457672119e-01 3.902499973773956299e-01 6.952499747276306152e-01 2.147066146135330200e-01 3.099175691604614258e-01 7.050844430923461914e-01 4.459230899810791016e-01 4.065364003181457520e-01 5.141603946685791016e-01
2.607499957084655762e-01 3.608333468437194824e-01 9.957500100135803223e-01 7.667499780654907227e-01 4.282500147819519043e-01 1.707500070333480835e-01 3.222802877426147461e-01 3.750790357589721680e-01 8.331491351127624512e-01 6.918175816535949707e-01 4.592715799808502197e-01 3.261432945728302002e-01
9.157500267028808594e-01 3.728333413600921631e-01 5.482500195503234863e-01 9.407500028610229492e-01 3.007499873638153076e-01 1.907500028610229492e-01 9.607695937156677246e-01 4.956671297550201416e-01 7.175720334053039551e-01 7.833217978477478027e-01 2.916865944862365723e-01 2.198908030986785889e-01
7.357500195503234863e-01 6.741666793823242188e-01 3.927499949932098389e-01 8.432499766349792480e-01 2.797499895095825195e-01 8.092499971389770508e-01 7.758558988571166992e-01 5.615629553794860840e-01 4.123916923999786377e-01 6.858026385307312012e-01 2.397735416889190674e-01 5.807938575744628906e-01
2.087499946355819702e-01 8.308333158493041992e-01 8.952500224113464355e-01 2.347500026226043701e-01 1.957499980926513672e-01 4.662500023841857910e-01 1.484041810035705566e-01 6.117221117019653320e-01 6.242853999137878418e-01 3.247698545455932617e-01 2.506425976753234863e-01 2.330436557531356812e-01
8.632500171661376953e-01 4.165000021457672119e-01 4.027499854564666748e-01 8.617500066757202148e-01 4.562500119209289551e-01 8.847500085830688477e-01 8.409478664398193359e-01 4.479324817657470703e-01 3.190156519412994385e-01 8.412646055221557617e-01 4.894311428070068359e-01 6.908131837844848633e-01
5.707499980926513672e-01 2.768333256244659424e-01 2.472500056028366089e-01 4.202499985694885254e-01 6.162499785423278809e-01 5.925000086426734924e-02 5.112257003784179688e-01 4.410118460655212402e-01 4.512178897857666016e-01 4.456148147583007812e-01 6.189044713973999023e-01 1.970338523387908936e-01
5.567499995231628418e-01 4.368333220481872559e-01 8.874999731779098511e-02 9.472500085830688477e-01 8.372499942779541016e-01 5.387499928474426270e-01 6.464416384696960449e-01 4.894412457942962646e-01 9.031198173761367798e-02 8.046218156814575195e-01 7.942351102828979492e-01 6.738523244857788086e-01
5.452499985694885254e-01 3.055000007152557373e-01 9.522500038146972656e-01 7.967500090599060059e-01 7.602499723434448242e-01 7.032499909400939941e-01 4.791477322578430176e-01 2.962662279605865479e-01 8.566288352012634277e-01 9.166907072067260742e-01 8.175640106201171875e-01 5.417822599411010742e-01
5.992500185966491699e-01 7.551666498184204102e-01 8.052499890327453613e-01 4.177500009536743164e-01 7.957500219345092773e-01 1.612499952316284180e-01 5.950947403907775879e-01 6.234390735626220703e-01 5.471891164779663086e-01 6.656011343002319336e-01 8.499640226364135742e-01 3.362300097942352295e-01
8.624999970197677612e-02 7.328333258628845215e-01 8.352500200271606445e-01 5.232499837875366211e-01 8.042500019073486328e-01 1.337500065565109253e-01 6.284426152706146240e-02 6.501870751380920410e-01 8.552333712577819824e-01 4.641777873039245605e-01 8.994448184967041016e-01 2.360645830631256104e-01
3.242500126361846924e-01 4.478333294391632080e-01 5.707499980926513672e-01 1.307500004768371582e-01 1.082499995827674866e-01 5.767499804496765137e-01 3.447134196758270264e-01 3.550744354724884033e-01 4.699506461620330811e-01 1.127640381455421448e-01 1.143882200121879578e-01 6.084324717521667480e-01
8.332499861717224121e-01 3.888333439826965332e-01 5.274999886751174927e-02 4.912500083446502686e-01 2.452500015497207642e-01 1.102500036358833313e-01 7.597676515579223633e-01 5.652440786361694336e-01 4.349602162837982178e-01 4.138852357864379883e-01 2.350897043943405151e-01 2.516703009605407715e-01
6.567500233650207520e-01 6.668333411216735840e-01 1.217499971389770508e-01 8.567500114440917969e-01 1.202500015497207642e-01 8.427500128746032715e-01 6.292350292205810547e-01 6.292666196823120117e-01 1.930815875530242920e-01 8.059833049774169922e-01 9.671912342309951782e-02 6.430022716522216797e-01
7.222499847412109375e-01 1.968333274126052856e-01 7.652500271797180176e-01 6.532499790191650391e-01 3.502500057220458984e-01 9.597499966621398926e-01 6.392005085945129395e-01 3.352209925651550293e-01 7.801713943481445312e-01 7.551483511924743652e-01 3.477540910243988037e-01 6.546146869659423828e-01
4.137499928474426270e-01 6.748333573341369629e-01 6.282500028610229492e-01 5.052499771118164062e-01 7.272499799728393555e-01 6.477500200271606445e-01 3.733214437961578369e-01 5.641140341758728027e-01 5.261221528053283691e-01 6.851835250854492188e-01 7.856530547142028809e-01 5.623793601989746094e-01
8.874999731779098511e-02 5.541666746139526367e-01 6.437500119209289551e-01 8.057500123977661133e-01 3.427500128746032715e-01 7.642499804496765137e-01 6.642803549766540527e-02 4.902380406856536865e-01 6.260207295417785645e-01 8.355404734611511230e-01 3.621659278869628906e-01 7.574822902679443359e-01
3.424999862909317017e-02 4.754999876022338867e-01 7.697499990463256836e-01 2.577500045299530029e-01 8.107500076293945312e-01 5.792499780654907227e-01 3.950931131839752197e-02 5.345733761787414551e-01 8.675082921981811523e-01 3.603849411010742188e-01 8.348017334938049316e-01 6.090763211250305176e-01
5.397499799728393555e-01 4.061666727066040039e-01 6.297500133514404297e-01 3.267500102519989014e-01 3.487499952316284180e-01 5.725000053644180298e-02 4.259005486965179443e-01 4.094104766845703125e-01 6.908806562423706055e-01 3.834751248359680176e-01 3.559053540229797363e-01 1.422157138586044312e-01
