5.437499880790710449e-01 4.833333194255828857e-01 4.277499914169311523e-01 4.059999883174896240e-01 5.849999785423278809e-01 8.349999785423278809e-02 5.506627559661865234e-01 4.842019081115722656e-01 4.296908974647521973e-01 4.061171412467956543e-01 5.931099653244018555e-01 2.849335595965385437e-02
5.437499880790710449e-01 4.833333194255828857e-01 4.277499914169311523e-01 4.059999883174896240e-01 5.849999785423278809e-01 3.745000064373016357e-01 5.435810685157775879e-01 4.827116131782531738e-01 4.268437922000885010e-01 4.094870686531066895e-01 5.784076452255249023e-01 3.221862316131591797e-01
5.437499880790710449e-01 4.833333194255828857e-01 4.277499914169311523e-01 4.059999883174896240e-01 5.849999785423278809e-01 1.944999992847442627e-01 5.487041473388671875e-01 4.762256443500518799e-01 4.280092120170593262e-01 4.110601544380187988e-01 5.862952470779418945e-01 1.571524739265441895e-01
5.437499880790710449e-01 4.833333194255828857e-01 4.277499914169311523e-01 4.059999883174896240e-01 5.849999785423278809e-01 6.604999899864196777e-01 5.366301536560058594e-01 4.800451099872589111e-01 4.410308897495269775e-01 4.228198230266571045e-01 5.710094571113586426e-01 6.783838868141174316e-01
5.437499880790710449e-01 4.833333194255828857e-01 4.277499914169311523e-01 4.059999883174896240e-01 5.849999785423278809e-01 8.665000200271606445e-01 5.408492088317871094e-01 4.783992171287536621e-01 4.323809742927551270e-01 4.162567853927612305e-01 5.770902633666992188e-01 8.308176398277282715e-01
5.437499880790710449e-01 4.833333194255828857e-01 4.277499914169311523e-01 4.059999883174896240e-01 5.849999785423278809e-01 6.754999756813049316e-01 5.496994256973266602e-01 4.804245233535766602e-01 4.279355704784393311e-01 4.095073938369750977e-01 5.809820294380187988e-01 7.155771255493164062e-01
5.437499880790710449e-01 4.833333194255828857e-01 4.277499914169311523e-01 4.059999883174896240e-01 5.849999785423278809e-01 1.685000061988830566e-01 5.444179773330688477e-01 4.798163473606109619e-01 4.302146732807159424e-01 4.082487225532531738e-01 5.894985198974609375e-01 1.446557343006134033e-01
5.437499880790710449e-01 4.833333194255828857e-01 4.277499914169311523e-01 4.059999883174896240e-01 5.849999785423278809e-01 3.434999883174896240e-01 5.388560891151428223e-01 4.816797971725463867e-01 4.386049807071685791e-01 4.165406227111816406e-01 5.818132758140563965e-01 3.963795006275177002e-01
5.437499880790710449e-01 4.833333194255828857e-01 4.277499914169311523e-01 4.059999883174896240e-01 5.849999785423278809e-01 8.905000090599060059e-01 5.415935516357421875e-01 4.786091148853302002e-01 4.327375888824462891e-01 4.104062616825103760e-01 5.806586146354675293e-01 8.802468180656433105e-01
5.437499880790710449e-01 4.833333194255828857e-01 4.277499914169311523e-01 4.059999883174896240e-01 5.849999785423278809e-01 8.694999814033508301e-01 5.413973927497863770e-01 4.796939790248870850e-01 4.254508316516876221e-01 4.023525416851043701e-01 5.836480855941772461e-01 9.118110537528991699e-01
5.437499880790710449e-01 4.833333194255828857e-01 4.277499914169311523e-01 4.059999883174896240e-01 5.849999785423278809e-01 1.934999972581863403e-01 5.479494333267211914e-01 4.786188900470733643e-01 4.317059516906738281e-01 4.114717245101928711e-01 5.817534923553466797e-01 1.427087038755416870e-01
5.437499880790710449e-01 4.833333194255828857e-01 4.277499914169311523e-01 4.059999883174896240e-01 5.849999785423278809e-01 7.394999861717224121e-01 5.385851860046386719e-01 4.784291386604309082e-01 4.306354522705078125e-01 4.108405411243438721e-01 5.764185786247253418e-01 8.533149957656860352e-01
5.437499880790710449e-01 4.833333194255828857e-01 4.277499914169311523e-01 4.059999883174896240e-01 5.849999785423278809e-01 1.994999945163726807e-01 5.440928339958190918e-01 4.824175238609313965e-01 4.353663623332977295e-01 4.104842245578765869e-01 5.873105525970458984e-01 7.980272173881530762e-02
5.437499880790710449e-01 4.833333194255828857e-01 4.277499914169311523e-01 4.059999883174896240e-01 5.849999785423278809e-01 5.000000237487256527e-04 5.494228005409240723e-01 4.816271662712097168e-01 4.268221855163574219e-01 4.065582752227783203e-01 5.902921557426452637e-01 4.686479642987251282e-02
5.437499880790710449e-01 4.833333194255828857e-01 4.277499914169311523e-01 4.059999883174896240e-01 5.849999785423278809e-01 2.050000056624412537e-02 5.521835684776306152e-01 4.805856347084045410e-01 4.241045415401458740e-01 4.091436266899108887e-01 5.891119837760925293e-01 3.098855167627334595e-02
5.437499880790710449e-01 4.833333194255828857e-01 4.277499914169311523e-01 4.059999883174896240e-01 5.849999785423278809e-01 7.814999818801879883e-01 5.395549535751342773e-01 4.803185462951660156e-01 4.419126212596893311e-01 4.193168580532073975e-01 5.753560066223144531e-01 6.583985090255737305e-01
5.437499880790710449e-01 4.833333194255828857e-01 4.277499914169311523e-01 4.059999883174896240e-01 5.849999785423278809e-01 5.885000228881835938e-01 5.396209359169006348e-01 4.787366688251495361e-01 4.367017745971679688e-01 4.130057096481323242e-01 5.804156661033630371e-01 5.444713234901428223e-01
5.437499880790710449e-01 4.833333194255828857e-01 4.277499914169311523e-01 4.059999883174896240e-01 5.849999785423278809e-01 2.845000028610229492e-01 5.439325571060180664e-01 4.808760583400726318e-01 4.400967359542846680e-01 4.168375730514526367e-01 5.783137083053588867e-01 2.485155910253524780e-01
5.437499880790710449e-01 4.833333194255828857e-01 4.277499914169311523e-01 4.059999883174896240e-01 5.849999785423278809e-01 4.684999883174896240e-01 5.400056838989257812e-01 4.788422882556915283e-01 4.339399337768554688e-01 4.111679792404174805e-01 5.828736424446105957e-01 4.534748792648315430e-01
5.437499880790710449e-01 4.833333194255828857e-01 4.277499914169311523e-01 4.059999883174896240e-01 5.849999785423278809e-01 1.714999973773956299e-01 5.427718162536621094e-01 4.790840148925781250e-01 4.326775968074798584e-01 4.129944145679473877e-01 5.854313373565673828e-01 2.230500429868698120e-01
5.437499880790710449e-01 4.833333194255828857e-01 4.277499914169311523e-01 4.059999883174896240e-01 5.849999785423278809e-01 1.955000013113021851e-01 5.382620096206665039e-01 4.808635115623474121e-01 4.322606623172760010e-01 4.122871160507202148e-01 5.787515640258789062e-01 2.855948209762573242e-01
5.437499880790710449e-01 4.833333194255828857e-01 4.277499914169311523e-01 4.059999883174896240e-01 5.849999785423278809e-01 5.845000147819519043e-01 5.405526161193847656e-01 4.797820448875427246e-01 4.357599020004272461e-01 4.138272106647491455e-01 5.820178985595703125e-01 5.399452447891235352e-01
5.437499880790710449e-01 4.833333194255828857e-01 4.277499914169311523e-01 4.059999883174896240e-01 5.849999785423278809e-01 6.294999718666076660e-01 5.388591289520263672e-01 4.814317822456359863e-01 4.345273971557617188e-01 4.182997345924377441e-01 5.762626528739929199e-01 5.589258074760437012e-01
5.437499880790710449e-01 4.833333194255828857e-01 4.277499914169311523e-01 4.059999883174896240e-01 5.849999785423278809e-01 9.955000281333923340e-01 5.414986014366149902e-01 4.764110743999481201e-01 4.198009073734283447e-01 4.011214375495910645e-01 5.863932967185974121e-01 9.814686775207519531e-01
5.437499880790710449e-01 4.833333194255828857e-01 4.277499914169311523e-01 4.059999883174896240e-01 5.849999785423278809e-01 2.764999866485595703e-01 5.385673046112060547e-01 4.824122190475463867e-01 4.420419037342071533e-01 4.151164293289184570e-01 5.800999402999877930e-01 2.808413803577423096e-01
5.437499880790710449e-01 4.833333194255828857e-01 4.277499914169311523e-01 4.059999883174896240e-01 5.849999785423278809e-01 5.499999970197677612e-03 5.474228262901306152e-01 4.828672707080841064e-01 4.302267730236053467e-01 4.088913202285766602e-01 5.920712947845458984e-01 5.637273192405700684e-02
5.437499880790710449e-01 4.833333194255828857e-01 4.277499914169311523e-01 4.059999883174896240e-01 5.849999785423278809e-01 1.145000010728836060e-01 5.437439680099487305e-01 4.787934720516204834e-01 4.327982366085052490e-01 4.102292954921722412e-01 5.869050621986389160e-01 1.396339088678359985e-01
5.437499880790710449e-01 4.833333194255828857e-01 4.277499914169311523e-01 4.059999883174896240e-01 5.849999785423278809e-01 5.874999761581420898e-01 5.419812202453613281e-01 4.805350899696350098e-01 4.293782413005828857e-01 4.099836647510528564e-01 5.862537622451782227e-01 5.341371893882751465e-01
5.437499880790710449e-01 4.833333194255828857e-01 4.277499914169311523e-01 4.059999883174896240e-01 5.849999785423278809e-01 3.634999990463256836e-01 5.462138652801513672e-01 4.722296297550201416e-01 4.362958669662475586e-01 4.161271452903747559e-01 5.743007063865661621e-01 3.997054100036621094e-01
5.437499880790710449e-01 4.833333194255828857e-01 4.277499914169311523e-01 4.059999883174896240e-01 5.849999785423278809e-01 1.105000004172325134e-01 5.471710562705993652e-01 4.807150959968566895e-01 4.336762428283691406e-01 4.100992381572723389e-01 5.864941477775573730e-01 1.226198449730873108e-01
5.437499880790710449e-01 4.833333194255828857e-01 4.277499914169311523e-01 4.059999883174896240e-01 5.849999785423278809e-01 3.844999969005584717e-01 5.408487915992736816e-01 4.794814884662628174e-01 4.330323934555053711e-01 4.103844463825225830e-01 5.811947584152221680e-01 3.843786120414733887e-01
5.437499880790710449e-01 4.833333194255828857e-01 4.277499914169311523e-01 4.059999883174896240e-01 5.849999785423278809e-01 6.575000286102294922e-01 5.394778251647949219e-01 4.800760149955749512e-01 4.320002198219299316e-01 4.091269969940185547e-01 5.806166529655456543e-01 6.898471713066101074e-01
5.437499880790710449e-01 4.833333194255828857e-01 4.277499914169311523e-01 4.059999883174896240e-01 5.849999785423278809e-01 4.174999892711639404e-01 5.402604341506958008e-01 4.800079166889190674e-01 4.319772720336914062e-01 4.117304682731628418e-01 5.853298306465148926e-01 4.741717278957366943e-01
5.437499880790710449e-01 4.833333194255828857e-01 4.277499914169311523e-01 4.059999883174896240e-01 5.849999785423278809e-01 5.734999775886535645e-01 5.455293655395507812e-01 4.770612120628356934e-01 4.333185255527496338e-01 4.119905233383178711e-01 5.806876420974731445e-01 5.992020368576049805e-01
5.437499880790710449e-01 4.833333194255828857e-01 4.277499914169311523e-01 4.059999883174896240e-01 5.849999785423278809e-01 7.185000181198120117e-01 5.406274795532226562e-01 4.799110591411590576e-01 4.318776428699493408e-01 4.105458557605743408e-01 5.793597698211669922e-01 7.411605715751647949e-01
5.437499880790710449e-01 4.833333194255828857e-01 4.277499914169311523e-01 4.059999883174896240e-01 5.849999785423278809e-01 6.434999704360961914e-01 5.401005148887634277e-01 4.799807369709014893e-01 4.336028695106506348e-01 4.117296636104583740e-01 5.812233090400695801e-01 6.854751706123352051e-01
5.437499880790710449e-01 4.833333194255828857e-01 4.277499914169311523e-01 4.059999883174896240e-01 5.849999785423278809e-01 2.915000021457672119e-01 5.457841157913208008e-01 4.788848161697387695e-01 4.343439340591430664e-01 4.148260653018951416e-01 5.851063728332519531e-01 2.857208549976348877e-01
5.437499880790710449e-01 4.833333194255828857e-01 4.277499914169311523e-01 4.059999883174896240e-01 5.849999785423278809e-01 9.574999809265136719e-01 5.406156182289123535e-01 4.793625175952911377e-01 4.256645441055297852e-01 4.055687189102172852e-01 5.800676941871643066e-01 9.305582046508789062e-01
5.437499880790710449e-01 4.833333194255828857e-01 4.277499914169311523e-01 4.059999883174896240e-01 5.849999785423278809e-01 8.250000327825546265e-02 5.471567511558532715e-01 4.833682179450988770e-01 4.287713170051574707e-01 4.077324271202087402e-01 5.897958874702453613e-01 5.560893192887306213e-02
5.437499880790710449e-01 4.833333194255828857e-01 4.277499914169311523e-01 4.059999883174896240e-01 5.849999785423278809e-01 6.154999732971191406e-01 5.432206392288208008e-01 4.809747636318206787e-01 4.377876222133636475e-01 4.206624329090118408e-01 5.746222138404846191e-01 6.722366213798522949e-01
5.437499880790710449e-01 4.833333194255828857e-01 4.277499914169311523e-01 4.059999883174896240e-01 5.849999785423278809e-01 9.014999866485595703e-01 5.417886972427368164e-01 4.776179194450378418e-01 4.281450212001800537e-01 4.066535830497741699e-01 5.880140066146850586e-01 8.698527216911315918e-01
5.437499880790710449e-01 4.833333194255828857e-01 4.277499914169311523e-01 4.059999883174896240e-01 5.849999785423278809e-01 6.065000295639038086e-01 5.373023152351379395e-01 4.807668924331665039e-01 4.394835531711578369e-01 4.181133806705474854e-01 5.763032436370849609e-01 6.009109616279602051e-01
5.437499880790710449e-01 4.833333194255828857e-01 4.277499914169311523e-01 4.059999883174896240e-01 5.849999785423278809e-01 8.604999780654907227e-01 5.385557413101196289e-01 4.794397652149200439e-01 4.324440360069274902e-01 4.109672605991363525e-01 5.806474685668945312e-01 8.124170899391174316e-01
5.437499880790710449e-01 4.833333194255828857e-01 4.277499914169311523e-01 4.059999883174896240e-01 5.849999785423278809e-01 8.734999895095825195e-01 5.440890789031982422e-01 4.762794971466064453e-01 4.159141778945922852e-01 3.959622979164123535e-01 5.830717086791992188e-01 9.376497864723205566e-01
5.437499880790710449e-01 4.833333194255828857e-01 4.277499914169311523e-01 4.059999883174896240e-01 5.849999785423278809e-01 1.574999988079071045e-01 5.483480095863342285e-01 4.805698394775390625e-01 4.283888638019561768e-01 4.075134098529815674e-01 5.886245965957641602e-01 7.633025199174880981e-02
5.437499880790710449e-01 4.833333194255828857e-01 4.277499914169311523e-01 4.059999883174896240e-01 5.849999785423278809e-01 7.294999957084655762e-01 5.347204208374023438e-01 4.798974692821502686e-01 4.418786168098449707e-01 4.227427542209625244e-01 5.694555640220642090e-01 7.185264229774475098e-01
5.437499880790710449e-01 4.833333194255828857e-01 4.277499914169311523e-01 4.059999883174896240e-01 5.849999785423278809e-01 6.834999918937683105e-01 5.395053029060363770e-01 4.791687428951263428e-01 4.244850277900695801e-01 4.037742614746093750e-01 5.829794406890869141e-01 7.395171523094177246e-01
5.437499880790710449e-01 4.833333194255828857e-01 4.277499914169311523e-01 4.059999883174896240e-01 5.849999785423278809e-01 1.515000015497207642e-01 5.453709959983825684e-01 4.807823002338409424e-01 4.304719567298889160e-01 4.104822576045989990e-01 5.872233510017395020e-01 1.446696966886520386e-01
5.437499880790710449e-01 4.833333194255828857e-01 4.277499914169311523e-01 4.059999883174896240e-01 5.849999785423278809e-01 5.504999756813049316e-01 5.401624441146850586e-01 4.802230298519134521e-01 4.319894909858703613e-01 4.118595421314239502e-01 5.824252367019653320e-01 5.832338333129882812e-01
5.437499880790710449e-01 4.833333194255828857e-01 4.277499914169311523e-01 4.059999883174896240e-01 5.849999785423278809e-01 2.615000009536743164e-01 5.397922992706298828e-01 4.806245863437652588e-01 4.393808245658874512e-01 4.174355566501617432e-01 5.815396308898925781e-01 2.650396227836608887e-01
5.437499880790710449e-01 4.833333194255828857e-01 4.277499914169311523e-01 4.059999883174896240e-01 5.849999785423278809e-01 4.375000000000000000e-01 5.390304327011108398e-01 4.791457653045654297e-01 4.346369504928588867e-01 4.067719876766204834e-01 5.877035856246948242e-01 4.200398921966552734e-01
5.437499880790710449e-01 4.833333194255828857e-01 4.277499914169311523e-01 4.059999883174896240e-01 5.849999785423278809e-01 2.045000046491622925e-01 5.454410910606384277e-01 4.817354679107666016e-01 4.330411553382873535e-01 4.124618172645568848e-01 5.873975753784179688e-01 9.826686978340148926e-02
5.437499880790710449e-01 4.833333194255828857e-01 4.277499914169311523e-01 4.059999883174896240e-01 5.849999785423278809e-01 6.650000065565109253e-02 5.445426106452941895e-01 4.818278849124908447e-01 4.395017325878143311e-01 4.169605374336242676e-01 5.832579731941223145e-01 9.429842233657836914e-02
5.437499880790710449e-01 4.833333194255828857e-01 4.277499914169311523e-01 4.059999883174896240e-01 5.849999785423278809e-01 8.364999890327453613e-01 5.436729788780212402e-01 4.755715131759643555e-01 4.175946414470672607e-01 3.971811234951019287e-01 5.890079140663146973e-01 8.577756881713867188e-01
5.437499880790710449e-01 4.833333194255828857e-01 4.277499914169311523e-01 4.059999883174896240e-01 5.849999785423278809e-01 8.015000224113464355e-01 5.401076674461364746e-01 4.789256155490875244e-01 4.312495589256286621e-01 4.180915057659149170e-01 5.739276409149169922e-01 8.138478398323059082e-01
5.437499880790710449e-01 4.833333194255828857e-01 4.277499914169311523e-01 4.059999883174896240e-01 5.849999785423278809e-01 4.354999959468841553e-01 5.375747680664062500e-01 4.803191721439361572e-01 4.392184317111968994e-01 4.151453673839569092e-01 5.808524489402770996e-01 4.130112230777740479e-01
5.437499880790710449e-01 4.833333194255828857e-01 4.277499914169311523e-01 4.059999883174896240e-01 5.849999785423278809e-01 9.564999938011169434e-01 5.382496118545532227e-01 4.782857596874237061e-01 4.110532104969024658e-01 3.926838338375091553e-01 5.854837894439697266e-01 9.919053316116333008e-01
5.437499880790710449e-01 4.833333194255828857e-01 4.277499914169311523e-01 4.059999883174896240e-01 5.849999785423278809e-01 2.745000123977661133e-01 5.378706455230712891e-01 4.804154932498931885e-01 4.325329065322875977e-01 4.109074473381042480e-01 5.803043246269226074e-01 3.004655539989471436e-01
5.437499880790710449e-01 4.833333194255828857e-01 4.277499914169311523e-01 4.059999883174896240e-01 5.849999785423278809e-01 7.024999856948852539e-01 5.358884930610656738e-01 4.801420569419860840e-01 4.393760859966278076e-01 4.211500287055969238e-01 5.713419914245605469e-01 6.789971590042114258e-01
5.437499880790710449e-01 4.833333194255828857e-01 4.277499914169311523e-01 4.059999883174896240e-01 5.849999785423278809e-01 9.455000162124633789e-01 5.442624092102050781e-01 4.769111573696136475e-01 4.218332171440124512e-01 4.054599404335021973e-01 5.810890793800354004e-01 9.673376679420471191e-01
5.437499880790710449e-01 4.833333194255828857e-01 4.277499914169311523e-01 4.059999883174896240e-01 5.849999785423278809e-01 7.349999994039535522e-02 5.478751063346862793e-01 4.844238460063934326e-01 4.267157316207885742e-01 4.040382504463195801e-01 5.896679759025573730e-01 3.511093929409980774e-02
5.437499880790710449e-01 4.833333194255828857e-01 4.277499914169311523e-01 4.059999883174896240e-01 5.849999785423278809e-01 7.975000143051147461e-01 5.447706580162048340e-01 4.798082113265991211e-01 4.216130077838897705e-01 4.063813388347625732e-01 5.776886940002441406e-01 8.872525095939636230e-01
5.437499880790710449e-01 4.833333194255828857e-01 4.277499914169311523e-01 4.059999883174896240e-01 5.849999785423278809e-01 4.084999859333038330e-01 5.393906831741333008e-01 4.809014201164245605e-01 4.390294551849365234e-01 4.126431941986083984e-01 5.837920308113098145e-01 3.637053072452545166e-01
5.437499880790710449e-01 4.833333194255828857e-01 4.277499914169311523e-01 4.059999883174896240e-01 5.849999785423278809e-01 5.954999923706054688e-01 5.361450910568237305e-01 4.822215139865875244e-01 4.409212470054626465e-01 4.190527498722076416e-01 5.741350650787353516e-01 6.017562150955200195e-01
5.437499880790710449e-01 4.833333194255828857e-01 4.277499914169311523e-01 4.059999883174896240e-01 5.849999785423278809e-01 9.114999771118164062e-01 5.463710427284240723e-01 4.780969023704528809e-01 4.291537404060363770e-01 4.092313051223754883e-01 5.825311541557312012e-01 8.684976100921630859e-01
5.437499880790710449e-01 4.833333194255828857e-01 4.277499914169311523e-01 4.059999883174896240e-01 5.849999785423278809e-01 5.295000076293945312e-01 5.382209420204162598e-01 4.809854328632354736e-01 4.428539276123046875e-01 4.207144677639007568e-01 5.739547610282897949e-01 5.449375510215759277e-01
5.437499880790710449e-01 4.833333194255828857e-01 4.277499914169311523e-01 4.059999883174896240e-01 5.849999785423278809e-01 5.065000057220458984e-01 5.449108481407165527e-01 4.767298996448516846e-01 4.237940013408660889e-01 4.053966999053955078e-01 5.850414633750915527e-01 5.696575045585632324e-01
5.437499880790710449e-01 4.833333194255828857e-01 4.277499914169311523e-01 4.059999883174896240e-01 5.849999785423278809e-01 1.745000034570693970e-01 5.440158247947692871e-01 4.804671108722686768e-01 4.347743690013885498e-01 4.128118157386779785e-01 5.843567848205566406e-01 1.810263395309448242e-01
5.437499880790710449e-01 4.833333194255828857e-01 4.277499914169311523e-01 4.059999883174896240e-01 5.849999785423278809e-01 4.544999897480010986e-01 5.365410447120666504e-01 4.816901087760925293e-01 4.439971148967742920e-01 4.187920689582824707e-01 5.768337845802307129e-01 5.180767178535461426e-01
5.437499880790710449e-01 4.833333194255828857e-01 4.277499914169311523e-01 4.059999883174896240e-01 5.849999785423278809e-01 5.615000128746032715e-01 5.404530763626098633e-01 4.771233499050140381e-01 4.319656491279602051e-01 4.089824259281158447e-01 5.819145441055297852e-01 5.365518331527709961e-01
5.437499880790710449e-01 4.833333194255828857e-01 4.277499914169311523e-01 4.059999883174896240e-01 5.849999785423278809e-01 6.165000200271606445e-01 5.377529859542846680e-01 4.801730513572692871e-01 4.389475584030151367e-01 4.177261292934417725e-01 5.746453404426574707e-01 7.145310044288635254e-01
5.437499880790710449e-01 4.833333194255828857e-01 4.277499914169311523e-01 4.059999883174896240e-01 5.849999785423278809e-01 1.350000035017728806e-02 5.476483702659606934e-01 4.829683005809783936e-01 4.260052740573883057e-01 4.062871634960174561e-01 5.920128226280212402e-01 4.300949349999427795e-02
5.437499880790710449e-01 4.833333194255828857e-01 4.277499914169311523e-01 4.059999883174896240e-01 5.849999785423278809e-01 4.045000076293945312e-01 5.386258959770202637e-01 4.797604680061340332e-01 4.373662769794464111e-01 4.092227518558502197e-01 5.852717161178588867e-01 4.095997512340545654e-01
5.437499880790710449e-01 4.833333194255828857e-01 4.277499914169311523e-01 4.059999883174896240e-01 5.849999785423278809e-01 9.045000076293945312e-01 5.419157743453979492e-01 4.773315787315368652e-01 4.309127032756805420e-01 4.074020087718963623e-01 5.826960802078247070e-01 9.181103110313415527e-01
5.437499880790710449e-01 4.833333194255828857e-01 4.277499914169311523e-01 4.059999883174896240e-01 5.849999785423278809e-01 9.585000276565551758e-01 5.492135286331176758e-01 4.765975177288055420e-01 3.871571421623229980e-01 3.720807433128356934e-01 6.001436114311218262e-01 9.703171253204345703e-01
5.437499880790710449e-01 4.833333194255828857e-01 4.277499914169311523e-01 4.059999883174896240e-01 5.849999785423278809e-01 9.944999814033508301e-01 5.444287061691284180e-01 4.752315282821655273e-01 4.090010225772857666e-01 3.858626782894134521e-01 5.957916378974914551e-01 9.582187533378601074e-01
5.437499880790710449e-01 4.833333194255828857e-01 4.277499914169311523e-01 4.059999883174896240e-01 5.849999785423278809e-01 5.435000061988830566e-01 5.384358167648315430e-01 4.807102978229522705e-01 4.410211145877838135e-01 4.177367687225341797e-01 5.789275765419006348e-01 5.339344739913940430e-01
5.437499880790710449e-01 4.833333194255828857e-01 4.277499914169311523e-01 4.059999883174896240e-01 5.849999785423278809e-01 3.774999976158142090e-01 5.421085953712463379e-01 4.805201888084411621e-01 4.376892149448394775e-01 4.146147370338439941e-01 5.828046202659606934e-01 3.040471971035003662e-01
5.437499880790710449e-01 4.833333194255828857e-01 4.277499914169311523e-01 4.059999883174896240e-01 5.849999785423278809e-01 6.449999660253524780e-02 5.455722212791442871e-01 4.829164147377014160e-01 4.326453208923339844e-01 4.096679389476776123e-01 5.876147150993347168e-01 8.102697134017944336e-02
5.437499880790710449e-01 4.833333194255828857e-01 4.277499914169311523e-01 4.059999883174896240e-01 5.849999785423278809e-01 2.349999919533729553e-02 5.529055595397949219e-01 4.759861826896667480e-01 4.292861223220825195e-01 4.098761081695556641e-01 5.868120193481445312e-01 5.425342544913291931e-02
5.437499880790710449e-01 4.833333194255828857e-01 4.277499914169311523e-01 4.059999883174896240e-01 5.849999785423278809e-01 8.649999648332595825e-02 5.555638670921325684e-01 4.834217727184295654e-01 4.243948757648468018e-01 4.053724110126495361e-01 5.930220484733581543e-01 3.842512890696525574e-02
5.437499880790710449e-01 4.833333194255828857e-01 4.277499914169311523e-01 4.059999883174896240e-01 5.849999785423278809e-01 2.499999944120645523e-03 5.548685193061828613e-01 4.847317636013031006e-01 4.302004277706146240e-01 4.116510152816772461e-01 5.901876091957092285e-01 1.761489734053611755e-02
5.437499880790710449e-01 4.833333194255828857e-01 4.277499914169311523e-01 4.059999883174896240e-01 5.849999785423278809e-01 1.150000002235174179e-02 5.481488704681396484e-01 4.809013307094573975e-01 4.308820366859436035e-01 4.093568623065948486e-01 5.903859734535217285e-01 6.192165613174438477e-02
5.437499880790710449e-01 4.833333194255828857e-01 4.277499914169311523e-01 4.059999883174896240e-01 5.849999785423278809e-01 8.500000461935997009e-03 5.437343716621398926e-01 4.822548627853393555e-01 4.342826902866363525e-01 4.085814952850341797e-01 5.862364172935485840e-01 1.273802667856216431e-01
5.437499880790710449e-01 4.833333194255828857e-01 4.277499914169311523e-01 4.059999883174896240e-01 5.849999785423278809e-01 5.950000137090682983e-02 5.476931929588317871e-01 4.764897525310516357e-01 4.295894205570220947e-01 4.114451408386230469e-01 5.902801156044006348e-01 4.553075879812240601e-02
5.437499880790710449e-01 4.833333194255828857e-01 4.277499914169311523e-01 4.059999883174896240e-01 5.849999785423278809e-01 1.215000003576278687e-01 5.464687347412109375e-01 4.787372350692749023e-01 4.248823225498199463e-01 4.104683995246887207e-01 5.752337574958801270e-01 1.162589415907859802e-01
5.437499880790710449e-01 4.833333194255828857e-01 4.277499914169311523e-01 4.059999883174896240e-01 5.849999785423278809e-01 7.944999933242797852e-01 5.461773276329040527e-01 4.772594571113586426e-01 4.289810657501220703e-01 4.089704751968383789e-01 5.823603272438049316e-01 8.265838623046875000e-01
5.437499880790710449e-01 4.833333194255828857e-01 4.277499914169311523e-01 4.059999883174896240e-01 5.849999785423278809e-01 8.184999823570251465e-01 5.525428056716918945e-01 4.823455214500427246e-01 4.193294644355773926e-01 4.029169976711273193e-01 5.819993615150451660e-01 7.651007771492004395e-01
5.437499880790710449e-01 4.833333194255828857e-01 4.277499914169311523e-01 4.059999883174896240e-01 5.849999785423278809e-01 2.384999990463256836e-01 5.420275926589965820e-01 4.852199256420135498e-01 4.334199726581573486e-01 4.108754694461822510e-01 5.836549997329711914e-01 2.014211267232894897e-01
5.437499880790710449e-01 4.833333194255828857e-01 4.277499914169311523e-01 4.059999883174896240e-01 5.849999785423278809e-01 9.394999742507934570e-01 5.395991206169128418e-01 4.780892729759216309e-01 4.286484718322753906e-01 4.048692882061004639e-01 5.828789472579956055e-01 9.259166121482849121e-01
5.437499880790710449e-01 4.833333194255828857e-01 4.277499914169311523e-01 4.059999883174896240e-01 5.849999785423278809e-01 6.884999871253967285e-01 5.404435396194458008e-01 4.809423089027404785e-01 4.364204108715057373e-01 4.182107448577880859e-01 5.766460299491882324e-01 6.807900071144104004e-01
5.437499880790710449e-01 4.833333194255828857e-01 4.277499914169311523e-01 4.059999883174896240e-01 5.849999785423278809e-01 1.554999947547912598e-01 5.451510548591613770e-01 4.789404869079589844e-01 4.311857223510742188e-01 4.082078635692596436e-01 5.891529917716979980e-01 1.468493938446044922e-01
5.437499880790710449e-01 4.833333194255828857e-01 4.277499914169311523e-01 4.059999883174896240e-01 5.849999785423278809e-01 9.624999761581420898e-01 5.376745462417602539e-01 4.785872399806976318e-01 4.291323423385620117e-01 4.070805013179779053e-01 5.807358026504516602e-01 9.229307174682617188e-01
5.437499880790710449e-01 4.833333194255828857e-01 4.277499914169311523e-01 4.059999883174896240e-01 5.849999785423278809e-01 2.635000050067901611e-01 5.459091663360595703e-01 4.802490472793579102e-01 4.313193857669830322e-01 4.081203639507293701e-01 5.824928879737854004e-01 2.335422039031982422e-01
5.437499880790710449e-01 4.833333194255828857e-01 4.277499914169311523e-01 4.059999883174896240e-01 5.849999785423278809e-01 9.325000047683715820e-01 5.388496518135070801e-01 4.786394834518432617e-01 4.284953773021697998e-01 4.063048958778381348e-01 5.829238295555114746e-01 9.122058749198913574e-01
5.437499880790710449e-01 4.833333194255828857e-01 4.277499914169311523e-01 4.059999883174896240e-01 5.849999785423278809e-01 8.615000247955322266e-01 5.433771610260009766e-01 4.774105846881866455e-01 4.333820939064025879e-01 4.154822826385498047e-01 5.761311650276184082e-01 7.818872332572937012e-01
5.437499880790710449e-01 4.833333194255828857e-01 4.277499914169311523e-01 4.059999883174896240e-01 5.849999785423278809e-01 4.584999978542327881e-01 5.408263802528381348e-01 4.793826639652252197e-01 4.424132406711578369e-01 4.176397621631622314e-01 5.770500302314758301e-01 4.660979509353637695e-01
5.437499880790710449e-01 4.833333194255828857e-01 4.277499914169311523e-01 4.059999883174896240e-01 5.849999785423278809e-01 5.964999794960021973e-01 5.386721491813659668e-01 4.805240333080291748e-01 4.413892626762390137e-01 4.192667901515960693e-01 5.755102634429931641e-01 5.681381225585937500e-01
5.437499880790710449e-01 4.833333194255828857e-01 4.277499914169311523e-01 4.059999883174896240e-01 5.849999785423278809e-01 9.064999818801879883e-01 5.419434905052185059e-01 4.764446318149566650e-01 4.132607579231262207e-01 4.012279808521270752e-01 5.819249153137207031e-01 8.956559300422668457e-01
5.437499880790710449e-01 4.833333194255828857e-01 4.277499914169311523e-01 4.059999883174896240e-01 5.849999785423278809e-01 3.885000050067901611e-01 5.416201353073120117e-01 4.793452620506286621e-01 4.329105317592620850e-01 4.112922549247741699e-01 5.780930519104003906e-01 3.956009149551391602e-01
