3.097499907016754150e-01 5.391666889190673828e-01 8.897500038146972656e-01 1.025000028312206268e-02 7.647500038146972656e-01 5.742499828338623047e-01 3.269033133983612061e-01 3.927159011363983154e-01 6.804582476615905762e-01 1.761420667171478271e-01 7.278380990028381348e-01 6.452997922897338867e-01
3.842499852180480957e-01 7.928333282470703125e-01 6.317499876022338867e-01 7.692499756813049316e-01 8.192499876022338867e-01 7.407500147819519043e-01 4.236489236354827881e-01 6.233654022216796875e-01 4.967326223850250244e-01 7.187852859497070312e-01 8.102058172225952148e-01 5.021001696586608887e-01
5.967500209808349609e-01 5.328333377838134766e-01 5.092499852180480957e-01 5.947499871253967285e-01 3.992500007152557373e-01 3.677499890327453613e-01 6.742035746574401855e-01 5.898910164833068848e-01 5.532396435737609863e-01 4.160483479499816895e-01 4.014137983322143555e-01 4.265625178813934326e-01
6.177499890327453613e-01 6.188333630561828613e-01 4.407500028610229492e-01 3.187499940395355225e-01 5.037500262260437012e-01 1.127500012516975403e-01 6.117251515388488770e-01 6.310589909553527832e-01 5.240735411643981934e-01 2.436957955360412598e-01 4.630949795246124268e-01 3.657528162002563477e-01
1.967500001192092896e-01 5.351666808128356934e-01 5.907499790191650391e-01 6.075000017881393433e-02 9.127500057220458984e-01 9.517499804496765137e-01 1.641403436660766602e-01 4.498817324638366699e-01 4.417660832405090332e-01 2.327352948486804962e-02 9.851384758949279785e-01 8.212353587150573730e-01
8.162500262260437012e-01 6.061666607856750488e-01 4.707500040531158447e-01 2.437500059604644775e-01 1.947499960660934448e-01 3.232499957084655762e-01 8.257273435592651367e-01 5.480804443359375000e-01 3.830439746379852295e-01 2.033815681934356689e-01 1.781776100397109985e-01 4.008427560329437256e-01
9.942499995231628418e-01 2.911666631698608398e-01 8.725000172853469849e-02 9.897500276565551758e-01 3.057500123977661133e-01 6.042500138282775879e-01 9.061663150787353516e-01 4.036004543304443359e-01 3.755951523780822754e-01 7.550863623619079590e-01 3.876243531703948975e-01 5.633074045181274414e-01
2.562499940395355225e-01 6.324999928474426270e-01 7.047500014305114746e-01 3.497500121593475342e-01 2.192499935626983643e-01 1.677500009536743164e-01 2.420467883348464966e-01 6.948460936546325684e-01 7.801675200462341309e-01 2.643357515335083008e-01 1.975235342979431152e-01 3.284926712512969971e-01
4.982500076293945312e-01 3.598333299160003662e-01 6.932500004768371582e-01 8.737499713897705078e-01 3.422499895095825195e-01 8.537499904632568359e-01 5.510407686233520508e-01 3.844068646430969238e-01 8.027223348617553711e-01 6.693216562271118164e-01 3.444940447807312012e-01 6.195901632308959961e-01
3.557499945163726807e-01 4.548333287239074707e-01 2.712500095367431641e-01 3.907499909400939941e-01 8.172500133514404297e-01 9.425000101327896118e-02 4.272778630256652832e-01 4.789342880249023438e-01 3.701118230819702148e-01 4.551098644733428955e-01 7.392639517784118652e-01 5.939500331878662109e-01
6.597499847412109375e-01 2.834999859333038330e-01 8.867499828338623047e-01 8.802499771118164062e-01 9.377499818801879883e-01 3.167499899864196777e-01 7.333562970161437988e-01 2.269023209810256958e-01 9.066542387008666992e-01 9.344574809074401855e-01 9.015926122665405273e-01 2.401760220527648926e-01
1.492500007152557373e-01 5.341666936874389648e-01 2.392500042915344238e-01 5.562499761581420898e-01 3.927499949932098389e-01 8.967499732971191406e-01 1.194492056965827942e-01 5.121785998344421387e-01 1.077769845724105835e-01 5.667697787284851074e-01 3.963183760643005371e-01 7.892862558364868164e-01
5.237500071525573730e-01 5.421666502952575684e-01 4.572499990463256836e-01 7.225000113248825073e-02 6.075000017881393433e-02 4.832499921321868896e-01 4.775693714618682861e-01 4.857818484306335449e-01 4.010431766510009766e-01 1.145694702863693237e-01 4.339745268225669861e-02 5.182657241821289062e-01
7.262499928474426270e-01 3.008333444595336914e-01 2.924999967217445374e-02 6.517500281333923340e-01 3.974999859929084778e-02 5.482500195503234863e-01 7.765807509422302246e-01 3.271572887897491455e-01 1.696382313966751099e-01 5.305274128913879395e-01 4.722302034497261047e-02 6.694394946098327637e-01
9.197499752044677734e-01 7.251666784286499023e-01 5.852500200271606445e-01 9.272500276565551758e-01 1.032499969005584717e-01 7.707499861717224121e-01 9.364627003669738770e-01 4.616475105285644531e-01 4.393514692783355713e-01 8.684571385383605957e-01 1.148866787552833557e-01 5.951121449470520020e-01
6.677500009536743164e-01 6.388333439826965332e-01 2.257499992847442627e-01 1.757500022649765015e-01 1.952500045299530029e-01 1.592500060796737671e-01 6.537117958068847656e-01 6.702958941459655762e-01 2.686202824115753174e-01 1.497651338577270508e-01 2.086768597364425659e-01 2.793851196765899658e-01
6.227499842643737793e-01 5.504999756813049316e-01 9.182500243186950684e-01 2.882499992847442627e-01 4.312500059604644775e-01 7.077500224113464355e-01 6.588594913482666016e-01 3.234134912490844727e-01 8.579131364822387695e-01 1.985084712505340576e-01 3.872404098510742188e-01 6.052238941192626953e-01
9.250000119209289551e-03 6.671666502952575684e-01 8.472499847412109375e-01 4.362500011920928955e-01 1.627500057220458984e-01 2.147500067949295044e-01 1.395549345761537552e-02 6.681408286094665527e-01 8.909640908241271973e-01 2.473250031471252441e-01 1.423295736312866211e-01 3.755997717380523682e-01
9.192500114440917969e-01 4.514999985694885254e-01 6.262500286102294922e-01 7.275000214576721191e-02 7.157499790191650391e-01 9.662500023841857910e-01 7.979098558425903320e-01 4.708035290241241455e-01 4.265031814575195312e-01 2.598523795604705811e-01 6.661702990531921387e-01 5.471290946006774902e-01
1.502500027418136597e-01 6.945000290870666504e-01 7.067499756813049316e-01 2.177499979734420776e-01 9.425000101327896118e-02 7.327499985694885254e-01 1.033713743090629578e-01 6.256387233734130859e-01 7.227152585983276367e-01 3.047781586647033691e-01 1.157777607440948486e-01 4.639094769954681396e-01
7.925000041723251343e-02 4.868333339691162109e-01 4.742499887943267822e-01 2.274999953806400299e-02 9.662500023841857910e-01 8.462499976158142090e-01 5.883908271789550781e-02 4.976751804351806641e-01 5.535909533500671387e-01 4.449904430657625198e-03 9.966654181480407715e-01 6.495124697685241699e-01
8.002499938011169434e-01 3.785000145435333252e-01 3.072499930858612061e-01 7.832499742507934570e-01 1.722500026226043701e-01 9.412500262260437012e-01 7.455012798309326172e-01 4.787953794002532959e-01 4.776425063610076904e-01 6.203814148902893066e-01 1.598032116889953613e-01 5.715946555137634277e-01
8.697500228881835938e-01 5.304999947547912598e-01 9.707499742507934570e-01 6.927499771118164062e-01 5.352500081062316895e-01 5.874999985098838806e-02 9.487442374229431152e-01 3.138161301612854004e-01 8.151105046272277832e-01 7.152118086814880371e-01 5.585595965385437012e-01 3.311206996440887451e-01
9.327499866485595703e-01 1.961666643619537354e-01 5.502499938011169434e-01 5.617499947547912598e-01 1.867499947547912598e-01 6.222500205039978027e-01 9.361684918403625488e-01 2.161263674497604370e-01 7.371960878372192383e-01 5.880793333053588867e-01 1.374070197343826294e-01 5.829616189002990723e-01
2.087499946355819702e-01 8.308333158493041992e-01 8.952500224113464355e-01 2.347500026226043701e-01 1.957499980926513672e-01 4.662500023841857910e-01 1.923421174287796021e-01 6.831756830215454102e-01 7.536622881889343262e-01 2.343712449073791504e-01 2.269535511732101440e-01 3.576686084270477295e-01
