2.172224968671798706e-01 5.670261383056640625e-01 8.740835189819335938e-01 9.835324883460998535e-01 9.697797298431396484e-01 9.299288988113403320e-01 4.750596582889556885e-01 1.591277122497558594e-01 3.803128004074096680e-01 8.139612078666687012e-01 6.101744174957275391e-01 8.906267881393432617e-01 5.029626488685607910e-01 2.802703380584716797e-01
6.271250247955322266e-01 1.996716707944869995e-01 8.539312481880187988e-01 7.863399982452392578e-01 3.019177615642547607e-01 6.361659765243530273e-01 9.492045044898986816e-01 7.783937454223632812e-01 3.600755333900451660e-01 6.178886294364929199e-01 7.434270381927490234e-01 1.916488856077194214e-01 5.246801376342773438e-01 5.660244226455688477e-01
4.109925031661987305e-01 6.649144887924194336e-01 8.350780010223388672e-01 9.475824832916259766e-01 4.614642560482025146e-01 5.095159411430358887e-01 3.747733309864997864e-02 4.283550977706909180e-01 4.262422621250152588e-01 5.996847152709960938e-01 7.902880907058715820e-01 5.363808274269104004e-01 3.825856447219848633e-01 3.426250219345092773e-01
4.449824988842010498e-01 1.730004996061325073e-01 1.919837445020675659e-01 8.914049863815307617e-01 4.474482536315917969e-01 1.133459582924842834e-01 3.014020025730133057e-01 5.151444077491760254e-01 3.811238706111907959e-01 4.346219897270202637e-01 7.161927223205566406e-01 4.479429423809051514e-01 3.656522929668426514e-01 4.574345052242279053e-01
7.798550128936767578e-01 4.261656701564788818e-01 2.231547534465789795e-01 9.638224840164184570e-01 8.622482419013977051e-01 3.938568830490112305e-01 6.200990080833435059e-01 7.999602556228637695e-01 3.255908489227294922e-01 5.093858242034912109e-01 6.515084505081176758e-01 8.496337532997131348e-01 5.160892605781555176e-01 4.165754914283752441e-01
1.802050024271011353e-01 4.150078296661376953e-01 3.737749904394149780e-02 1.352314949035644531e-01 7.568194866180419922e-01 6.386690586805343628e-02 7.936084270477294922e-01 2.446866482496261597e-01 5.121254920959472656e-01 2.178599834442138672e-01 3.288273811340332031e-01 7.179214954376220703e-01 4.577123522758483887e-01 5.413644909858703613e-01
8.034999668598175049e-02 8.062493205070495605e-01 4.360064864158630371e-01 7.908400297164916992e-01 3.615710139274597168e-01 4.221536219120025635e-01 8.304058909416198730e-01 7.554378360509872437e-02 5.914182066917419434e-01 5.211858749389648438e-01 6.976154446601867676e-01 4.479943811893463135e-01 3.653626739978790283e-01 5.730034112930297852e-01
9.969300031661987305e-01 1.853153407573699951e-01 5.946162343025207520e-01 3.194234967231750488e-01 6.363099813461303711e-02 1.232825219631195068e-01 3.152573406696319580e-01 9.080628156661987305e-01 3.977840244770050049e-01 5.636049509048461914e-01 6.485084295272827148e-01 1.327204853296279907e-01 5.346351861953735352e-01 5.047705769538879395e-01
2.522799968719482422e-01 6.224631667137145996e-01 8.469499647617340088e-03 3.744035065174102783e-01 6.552180051803588867e-01 2.078589946031570435e-01 1.057523339986801147e-01 2.893892824649810791e-01 5.294567942619323730e-01 1.707496494054794312e-01 3.647480607032775879e-01 7.661469578742980957e-01 4.297049939632415771e-01 5.609821677207946777e-01
1.661400049924850464e-01 6.121063232421875000e-01 9.414732456207275391e-01 3.537087440490722656e-01 2.443282455205917358e-01 5.430192947387695312e-01 2.133366614580154419e-01 1.320013254880905151e-01 4.699952602386474609e-01 7.679128646850585938e-01 4.356924593448638916e-01 2.751883864402770996e-01 5.098075270652770996e-01 3.914446830749511719e-01
5.996025204658508301e-01 2.187239974737167358e-01 2.859387397766113281e-01 6.319125294685363770e-01 7.379267215728759766e-01 7.215978503227233887e-01 7.927479743957519531e-01 5.325368046760559082e-01 3.355472683906555176e-01 4.314023256301879883e-01 5.469041466712951660e-01 7.230668067932128906e-01 4.411354959011077881e-01 5.325256586074829102e-01
4.176250100135803223e-02 2.605246603488922119e-01 8.082550168037414551e-01 7.088400125503540039e-01 9.726099669933319092e-02 8.720312118530273438e-01 5.954156517982482910e-01 8.603242784738540649e-02 3.251368403434753418e-01 8.046392798423767090e-01 5.979278087615966797e-01 4.349049553275108337e-02 6.357292532920837402e-01 5.566000938415527344e-01
3.660899996757507324e-01 2.527939975261688232e-01 7.037402391433715820e-01 5.978599786758422852e-01 6.748697757720947266e-01 7.463386654853820801e-01 2.581023275852203369e-01 3.164563775062561035e-01 2.957850098609924316e-01 7.077277898788452148e-01 5.727468132972717285e-01 7.406815886497497559e-01 4.650767445564270020e-01 4.425317645072937012e-01
9.908249974250793457e-02 3.643186688423156738e-01 3.800162374973297119e-01 4.586944878101348877e-01 9.990582466125488281e-01 2.283266633749008179e-01 8.083066344261169434e-02 9.854357689619064331e-02 4.505362212657928467e-01 6.941934823989868164e-01 4.213508367538452148e-01 8.884557485580444336e-01 4.702747762203216553e-01 3.039827942848205566e-01
2.229599952697753906e-01 5.477301478385925293e-01 1.433512568473815918e-01 7.683675289154052734e-01 2.172455042600631714e-01 8.682365417480468750e-01 6.173650026321411133e-01 1.903145164251327515e-01 5.661368966102600098e-01 1.141955181956291199e-01 6.073254346847534180e-01 1.792714744806289673e-01 5.364716053009033203e-01 5.529147982597351074e-01
1.500625014305114746e-01 5.123521685600280762e-01 1.863054931163787842e-01 7.742224633693695068e-02 5.120747685432434082e-01 8.886257410049438477e-01 1.990929991006851196e-01 1.425561904907226562e-01 5.490270853042602539e-01 2.901739478111267090e-01 1.881921738386154175e-01 6.032456159591674805e-01 6.027155518531799316e-01 4.251570403575897217e-01
4.539249837398529053e-02 6.400160193443298340e-01 1.193045005202293396e-01 2.625067532062530518e-01 2.417974919080734253e-02 8.794419169425964355e-01 3.599239885807037354e-01 6.830719858407974243e-02 6.970322132110595703e-01 1.886471807956695557e-01 4.739071801304817200e-02 6.575960665941238403e-02 9.023117423057556152e-01 2.602060735225677490e-01
6.806275248527526855e-01 6.559263467788696289e-01 7.233687639236450195e-01 5.689550042152404785e-01 3.091317415237426758e-01 4.911198019981384277e-01 1.333433296531438828e-02 7.818267941474914551e-01 4.566939175128936768e-01 6.103047132492065430e-01 4.915663301944732666e-01 3.539121747016906738e-01 5.182577371597290039e-01 3.619172871112823486e-01
4.319350123405456543e-01 2.201023399829864502e-01 2.271544933319091797e-01 2.004617452621459961e-01 7.734645009040832520e-01 1.259227246046066284e-01 8.821533918380737305e-01 4.181259870529174805e-01 3.532595634460449219e-01 4.241720438003540039e-01 4.293853640556335449e-01 6.953515410423278809e-01 4.390554726123809814e-01 5.259668231010437012e-01
5.113499760627746582e-01 2.378431707620620728e-01 3.455624878406524658e-01 2.148524969816207886e-01 8.313295245170593262e-01 2.577446401119232178e-01 6.638646721839904785e-01 5.149118304252624512e-01 3.576713502407073975e-01 4.595848321914672852e-01 4.050581157207489014e-01 8.096863627433776855e-01 4.946160018444061279e-01 4.639074206352233887e-01
2.768650054931640625e-01 3.343124985694885254e-01 1.403087526559829712e-01 9.292724728584289551e-01 6.357747316360473633e-01 5.279412865638732910e-01 7.147667407989501953e-01 3.147949278354644775e-01 4.519549906253814697e-01 2.199587374925613403e-01 6.923043727874755859e-01 6.523170471191406250e-01 3.295979797840118408e-01 6.462076902389526367e-01
3.915224969387054443e-01 4.399886727333068848e-01 3.655945062637329102e-01 6.860575079917907715e-01 7.004935145378112793e-01 8.386942744255065918e-02 3.685076534748077393e-01 4.385738968849182129e-01 3.681305050849914551e-01 5.036172866821289062e-01 5.761188268661499023e-01 7.649995088577270508e-01 4.159193634986877441e-01 4.191739559173583984e-01
4.052499774843454361e-03 4.715193212032318115e-01 8.828007578849792480e-01 7.200124859809875488e-01 7.454494833946228027e-01 2.316546440124511719e-01 9.594941139221191406e-01 3.110102377831935883e-02 3.467452526092529297e-01 9.246177077293395996e-01 7.219708561897277832e-01 6.822139620780944824e-01 2.912626266479492188e-01 6.291133165359497070e-01
1.074424982070922852e-01 3.771494925022125244e-01 7.191944718360900879e-01 7.471150159835815430e-01 2.170749939978122711e-02 7.507810741662979126e-02 2.692546546459197998e-01 1.461559981107711792e-01 3.645550012588500977e-01 8.145657181739807129e-01 6.027863025665283203e-01 6.577990949153900146e-02 5.207073688507080078e-01 5.146285295486450195e-01
4.364775121212005615e-01 5.137766599655151367e-01 9.151265025138854980e-01 7.698475122451782227e-01 8.470377326011657715e-01 1.177074760198593140e-01 1.468826681375503540e-01 4.461103975772857666e-01 3.232793807983398438e-01 7.589100599288940430e-01 6.852543354034423828e-01 8.590273261070251465e-01 4.664803147315979004e-01 3.120976388454437256e-01
5.774924755096435547e-01 4.571650028228759766e-01 1.816727519035339355e-01 2.390747517347335815e-01 7.880027294158935547e-01 5.546672940254211426e-01 4.587976634502410889e-01 5.103306770324707031e-01 4.014447033405303955e-01 3.008862733840942383e-01 3.384818136692047119e-01 8.187308907508850098e-01 5.042563080787658691e-01 5.216896533966064453e-01
4.019599854946136475e-01 4.681201577186584473e-01 5.185887217521667480e-01 3.967222571372985840e-01 2.856342494487762451e-01 2.351643443107604980e-01 5.484333261847496033e-02 4.232102930545806885e-01 4.295764863491058350e-01 3.660171627998352051e-01 4.891599416732788086e-01 3.495021462440490723e-01 4.157358407974243164e-01 3.940427005290985107e-01
1.640650033950805664e-01 2.728306651115417480e-01 5.832762718200683594e-01 5.042325258255004883e-01 4.812425076961517334e-01 8.335813879966735840e-02 5.751573443412780762e-01 1.778193861246109009e-01 3.648384511470794678e-01 7.484181523323059082e-01 5.405986309051513672e-01 4.877132773399353027e-01 3.716306686401367188e-01 4.904664158821105957e-01
9.917999804019927979e-02 8.105639815330505371e-01 9.747987389564514160e-01 7.417950034141540527e-02 1.971040070056915283e-01 8.333922028541564941e-01 1.052133366465568542e-02 8.749371021986007690e-02 6.279316544532775879e-01 6.931506991386413574e-01 1.837364286184310913e-01 2.350975573062896729e-01 6.881157755851745605e-01 3.174514770507812500e-01
3.643549978733062744e-01 8.031976819038391113e-01 6.656810045242309570e-01 1.120777502655982971e-01 2.856124937534332275e-02 5.675760507583618164e-01 7.655128836631774902e-01 2.937643229961395264e-01 5.508333444595336914e-01 2.492251694202423096e-01 3.665382862091064453e-01 7.048204541206359863e-02 6.340272426605224609e-01 5.395857691764831543e-01
1.374125033617019653e-01 5.233963131904602051e-01 5.068612694740295410e-01 4.987154901027679443e-01 1.879700087010860443e-02 5.285377502441406250e-01 6.129043102264404297e-01 1.224042326211929321e-01 4.575587809085845947e-01 6.148612499237060547e-01 5.399165153503417969e-01 4.788604006171226501e-02 6.085948944091796875e-01 5.257492661476135254e-01
2.096750028431415558e-02 3.860625028610229492e-01 2.796250022947788239e-02 2.733870148658752441e-01 9.157245159149169922e-01 5.558437108993530273e-01 5.390610098838806152e-01 9.955537319183349609e-02 5.534971952438354492e-01 1.252725124359130859e-01 9.954001009464263916e-02 9.134685397148132324e-01 6.469756960868835449e-01 3.912718892097473145e-01
3.520975112915039062e-01 3.082848191261291504e-01 7.619307637214660645e-01 2.474567443132400513e-01 8.176295161247253418e-01 9.469219446182250977e-01 7.358211278915405273e-01 3.167886435985565186e-01 3.711959719657897949e-01 5.580930709838867188e-01 4.132851660251617432e-01 7.748523950576782227e-01 4.929803013801574707e-01 4.957002103328704834e-01
8.382124900817871094e-01 2.278251647949218750e-01 3.118360042572021484e-01 9.864724874496459961e-01 7.571529746055603027e-01 6.595295071601867676e-01 2.587586641311645508e-01 8.520100116729736328e-01 3.567225933074951172e-01 6.310063004493713379e-01 7.096642255783081055e-01 7.630256414413452148e-01 5.916610956192016602e-01 2.936572134494781494e-01
4.709349870681762695e-01 3.548451662063598633e-01 7.789080142974853516e-01 1.375962495803833008e-01 1.834249943494796753e-01 8.134646415710449219e-01 4.403123259544372559e-01 4.520701467990875244e-01 4.406265318393707275e-01 5.747677683830261230e-01 3.884178698062896729e-01 1.676920205354690552e-01 5.557977557182312012e-01 4.170341193675994873e-01
2.356700003147125244e-01 5.783045291900634766e-01 5.420337319374084473e-01 6.593250036239624023e-01 6.885660290718078613e-01 7.283633351325988770e-01 1.879143267869949341e-01 2.315391600131988525e-01 4.415473341941833496e-01 5.372623205184936523e-01 4.376376569271087646e-01 7.410764694213867188e-01 4.703870415687561035e-01 4.375700354576110840e-01
2.710725069046020508e-01 5.734021663665771484e-01 3.155847489833831787e-01 5.611975193023681641e-01 6.579167246818542480e-01 1.268856525421142578e-01 2.591633424162864685e-02 3.069331049919128418e-01 4.952183067798614502e-01 3.377711176872253418e-01 5.093107819557189941e-01 7.426316738128662109e-01 3.877444267272949219e-01 4.677444696426391602e-01
9.668574929237365723e-01 1.919428259134292603e-01 6.263830065727233887e-01 8.953624963760375977e-01 9.742457270622253418e-01 7.615771889686584473e-01 1.582150012254714966e-01 9.148904681205749512e-01 3.132912516593933105e-01 7.173686623573303223e-01 7.574452757835388184e-01 8.760479092597961426e-01 6.335961818695068359e-01 2.242957204580307007e-01
6.259425282478332520e-01 3.014331758022308350e-01 1.485912501811981201e-01 4.580957591533660889e-01 7.705637216567993164e-01 8.267338275909423828e-01 2.553633451461791992e-01 5.431060791015625000e-01 3.918676674365997314e-01 3.021395504474639893e-01 3.456417024135589600e-01 7.907550334930419922e-01 4.914220571517944336e-01 5.289505720138549805e-01
4.182874858379364014e-01 4.612033367156982422e-01 7.349099963903427124e-02 7.383800148963928223e-01 1.558504998683929443e-01 5.213742256164550781e-01 8.444640040397644043e-01 3.390698730945587158e-01 4.996089339256286621e-01 1.853059679269790649e-01 6.040686964988708496e-01 1.424646526575088501e-01 4.933216571807861328e-01 6.198385953903198242e-01
1.284125000238418579e-01 1.719155013561248779e-01 5.350260138511657715e-01 2.646502554416656494e-01 8.763049840927124023e-01 5.629256367683410645e-01 3.499099984765052795e-02 1.385312229394912720e-01 4.039470553398132324e-01 6.596142053604125977e-01 3.830511271953582764e-01 8.235796093940734863e-01 4.950568675994873047e-01 4.209735989570617676e-01
7.612250000238418579e-02 6.363673210144042969e-01 3.854382634162902832e-01 1.954012513160705566e-01 8.093104958534240723e-01 5.679041147232055664e-01 5.694033205509185791e-02 7.546725869178771973e-02 5.664269924163818359e-01 4.033468663692474365e-01 2.493354827165603638e-01 8.831295967102050781e-01 5.097579360008239746e-01 3.099498450756072998e-01
9.314125180244445801e-01 2.637443244457244873e-01 5.814767479896545410e-01 2.277624979615211487e-02 8.870834708213806152e-01 3.887223303318023682e-01 6.581820249557495117e-01 7.636287212371826172e-01 3.215836286544799805e-01 5.554295182228088379e-01 4.999963045120239258e-01 8.431023359298706055e-01 5.498286485671997070e-01 4.035651385784149170e-01
6.312825083732604980e-01 2.546228468418121338e-01 5.712372660636901855e-01 3.460980057716369629e-01 6.178572773933410645e-01 4.528657495975494385e-01 1.277023404836654663e-01 7.267075777053833008e-01 3.503083288669586182e-01 5.505127906799316406e-01 4.203084707260131836e-01 6.886715292930603027e-01 5.504574179649353027e-01 3.667870163917541504e-01
8.352324962615966797e-01 5.909068584442138672e-01 7.283250093460083008e-01 4.879472553730010986e-01 6.768722534179687500e-01 8.085382580757141113e-01 3.966679871082305908e-01 7.785204648971557617e-01 3.520963191986083984e-01 5.837197899818420410e-01 6.366594433784484863e-01 7.225173711776733398e-01 5.581041574478149414e-01 3.589420318603515625e-01
2.780900001525878906e-01 1.792176663875579834e-01 9.288704991340637207e-01 6.176350116729736328e-01 9.227149933576583862e-02 5.913984775543212891e-01 9.506603479385375977e-01 3.683947026729583740e-01 3.245719373226165771e-01 6.190748214721679688e-01 6.429940462112426758e-01 6.409213691949844360e-02 5.618484616279602051e-01 6.594491004943847656e-01
3.339149951934814453e-01 4.823488295078277588e-01 9.623647332191467285e-01 4.525727629661560059e-01 6.711884737014770508e-01 8.217902779579162598e-01 1.188416630029678345e-01 2.782862782478332520e-01 3.570603430271148682e-01 7.352982759475708008e-01 5.431421399116516113e-01 7.527613043785095215e-01 4.778956770896911621e-01 3.779979050159454346e-01
8.557350039482116699e-01 3.413478434085845947e-01 6.399185061454772949e-01 4.771282374858856201e-01 2.543214857578277588e-01 6.311722993850708008e-01 6.887222528457641602e-01 8.193956613540649414e-01 4.219667017459869385e-01 5.534278154373168945e-01 6.538678407669067383e-01 2.452061176300048828e-01 4.890458881855010986e-01 4.649416804313659668e-01
1.987649947404861450e-01 2.743841707706451416e-01 9.119752645492553711e-01 9.380350112915039062e-01 6.959974765777587891e-01 3.948940336704254150e-01 7.560707330703735352e-01 2.010579407215118408e-01 3.085834085941314697e-01 8.060514926910400391e-01 7.949898242950439453e-01 6.904749870300292969e-01 3.665902018547058105e-01 5.015729069709777832e-01
1.445074975490570068e-01 4.729340076446533203e-01 7.897175103425979614e-02 8.761600255966186523e-01 3.548862636089324951e-01 5.823444724082946777e-01 3.159376680850982666e-01 1.539275646209716797e-01 5.647560358047485352e-01 1.031799688935279846e-01 7.736179828643798828e-01 3.813988566398620605e-01 3.801422417163848877e-01 6.391391754150390625e-01
7.788749933242797852e-01 1.939969956874847412e-01 7.486305236816406250e-01 8.033400028944015503e-02 7.285297513008117676e-01 6.470609307289123535e-01 3.644200041890144348e-02 7.678285837173461914e-01 3.457251787185668945e-01 5.900011658668518066e-01 4.946612417697906494e-01 7.801991105079650879e-01 5.845584273338317871e-01 3.652243316173553467e-01
6.403974890708923340e-01 1.812776625156402588e-01 7.186290025711059570e-01 1.826110035181045532e-01 9.235674738883972168e-01 1.713234335184097290e-01 7.629056572914123535e-01 5.971905589103698730e-01 3.323231935501098633e-01 6.219659447669982910e-01 5.577452778816223145e-01 8.478363156318664551e-01 4.865997433662414551e-01 3.696114420890808105e-01
2.817200124263763428e-01 2.428318262100219727e-01 6.349735260009765625e-01 5.497174859046936035e-01 5.123487710952758789e-01 2.889033406972885132e-02 4.576143324375152588e-01 2.715632021427154541e-01 3.281523287296295166e-01 6.440693736076354980e-01 6.291177272796630859e-01 5.410851240158081055e-01 3.518979251384735107e-01 5.207715034484863281e-01
9.506275057792663574e-01 6.128249764442443848e-01 1.361224949359893799e-01 7.617350220680236816e-01 9.079587459564208984e-01 9.126816391944885254e-01 9.433433413505554199e-01 7.503762841224670410e-01 3.419593572616577148e-01 4.372584819793701172e-01 4.302069246768951416e-01 8.035070300102233887e-01 5.536598563194274902e-01 4.984673857688903809e-01
6.814774870872497559e-01 3.800818324089050293e-01 3.593422472476959229e-01 6.565399765968322754e-01 4.243335127830505371e-01 1.351579725742340088e-01 1.919530034065246582e-01 7.737142443656921387e-01 4.754480123519897461e-01 5.517311692237854004e-01 5.606868267059326172e-01 4.458160102367401123e-01 4.727908968925476074e-01 3.359395861625671387e-01
1.979175060987472534e-01 6.752796769142150879e-01 4.547674953937530518e-02 7.874624729156494141e-01 5.690722465515136719e-01 2.273631244897842407e-01 9.522694349288940430e-01 2.317656576633453369e-01 5.474188327789306641e-01 6.215362995862960815e-02 7.726230621337890625e-01 5.955076813697814941e-01 2.931402921676635742e-01 7.181035280227661133e-01
7.619249820709228516e-01 5.623946785926818848e-01 7.566737532615661621e-01 5.573624968528747559e-01 1.388995051383972168e-01 9.981855750083923340e-01 3.868726789951324463e-01 7.997055649757385254e-01 4.158949255943298340e-01 5.539733767509460449e-01 5.507658123970031738e-01 1.830482333898544312e-01 5.475482344627380371e-01 4.956653118133544922e-01
3.900099992752075195e-01 2.739291787147521973e-01 3.150264918804168701e-01 3.430207371711730957e-01 1.287014931440353394e-01 9.063737392425537109e-01 5.168513059616088867e-01 2.604625821113586426e-01 4.760556519031524658e-01 3.623800575733184814e-01 4.501156806945800781e-01 9.430541098117828369e-02 5.983998775482177734e-01 5.136936306953430176e-01
9.728350043296813965e-01 1.728146672248840332e-01 3.561397492885589600e-01 8.527474999427795410e-01 2.137182503938674927e-01 9.482091665267944336e-01 8.089429736137390137e-01 8.346436619758605957e-01 3.782803714275360107e-01 5.903678536415100098e-01 7.518437504768371582e-01 1.767511963844299316e-01 5.296084284782409668e-01 5.658439397811889648e-01
1.382649987936019897e-01 4.242379963397979736e-01 3.870057463645935059e-01 2.739222645759582520e-01 1.535300016403198242e-01 8.454275727272033691e-01 6.823347806930541992e-01 1.133468747138977051e-01 5.508387088775634766e-01 3.989197909832000732e-01 3.468752205371856689e-01 7.647395879030227661e-02 6.987805962562561035e-01 4.469050467014312744e-01
7.883725166320800781e-01 6.593629717826843262e-01 8.596755266189575195e-01 2.987412512302398682e-01 7.223179936408996582e-01 4.795535206794738770e-01 9.717208743095397949e-01 7.685394883155822754e-01 4.387158155441284180e-01 4.954365491867065430e-01 5.198758244514465332e-01 5.790046453475952148e-01 4.979547858238220215e-01 4.167332053184509277e-01
1.999824941158294678e-01 4.529278278350830078e-01 1.536564975976943970e-01 5.150550007820129395e-01 2.908100001513957977e-02 4.583289027214050293e-01 5.162556767463684082e-01 1.713170707225799561e-01 5.436637401580810547e-01 1.431221961975097656e-01 5.810008049011230469e-01 5.749738961458206177e-02 6.091396212577819824e-01 6.277083754539489746e-01
2.044575065374374390e-01 6.246816515922546387e-01 3.054497539997100830e-01 6.257774829864501953e-01 8.180882334709167480e-01 8.765958249568939209e-02 9.826537370681762695e-01 2.446003109216690063e-01 5.110157728195190430e-01 2.808324098587036133e-01 5.651968717575073242e-01 6.547864675521850586e-01 3.849222064018249512e-01 5.898365378379821777e-01
1.477124989032745361e-01 7.612910270690917969e-01 7.669077515602111816e-01 8.615375310182571411e-02 2.658597528934478760e-01 6.681354641914367676e-01 5.808043479919433594e-01 1.181761994957923889e-01 6.043348908424377441e-01 6.285892724990844727e-01 2.650070190429687500e-01 2.496253550052642822e-01 6.363741755485534668e-01 3.638239800930023193e-01
3.882024884223937988e-01 2.249021679162979126e-01 6.726797223091125488e-01 9.212700128555297852e-01 6.600842475891113281e-01 5.994726419448852539e-01 2.185086607933044434e-01 4.515278935432434082e-01 3.045943975448608398e-01 7.279311418533325195e-01 6.918449997901916504e-01 7.105756402015686035e-01 4.738107025623321533e-01 3.761682510375976562e-01
3.538450002670288086e-01 1.902383267879486084e-01 2.484862506389617920e-01 5.129550099372863770e-01 3.490292429924011230e-01 5.120608806610107422e-01 6.247966736555099487e-02 3.456756174564361572e-01 4.011301100254058838e-01 4.102116227149963379e-01 5.116055607795715332e-01 3.410208523273468018e-01 4.457435309886932373e-01 4.286881685256958008e-01
2.720350027084350586e-01 8.071784973144531250e-01 8.371084928512573242e-01 4.278457462787628174e-01 8.059327602386474609e-01 8.791138529777526855e-01 5.675200223922729492e-01 2.045804709196090698e-01 4.956538379192352295e-01 4.481892585754394531e-01 3.533993065357208252e-01 8.178451061248779297e-01 4.847439825534820557e-01 4.083483815193176270e-01
7.293300032615661621e-01 2.239926606416702271e-01 4.996367394924163818e-01 4.466232359409332275e-01 4.925682544708251953e-01 9.836612939834594727e-01 9.378047585487365723e-01 5.907619595527648926e-01 4.030914008617401123e-01 5.010489821434020996e-01 5.919603705406188965e-01 3.351918160915374756e-01 4.462159276008605957e-01 4.388179481029510498e-01
1.083974987268447876e-01 7.824605107307434082e-01 1.283230036497116089e-01 8.469774723052978516e-01 7.821302413940429688e-01 9.846647381782531738e-01 3.239319920539855957e-01 8.030612021684646606e-02 5.889950990676879883e-01 1.134099736809730530e-01 8.813403546810150146e-02 9.432601928710937500e-01 6.680917143821716309e-01 3.160702884197235107e-01
6.583349704742431641e-01 3.264728188514709473e-01 1.187812536954879761e-01 7.566974759101867676e-01 1.733645051717758179e-01 5.806132405996322632e-02 2.242893278598785400e-01 7.646281123161315918e-01 4.490754008293151855e-01 3.617418706417083740e-01 5.183431506156921387e-01 2.370147258043289185e-01 4.490656256675720215e-01 4.795763790607452393e-01
4.651749879121780396e-02 7.589908242225646973e-01 3.930207490921020508e-01 1.136192530393600464e-01 9.063389897346496582e-01 3.170475661754608154e-01 4.703536629676818848e-01 6.712514162063598633e-02 6.026456356048583984e-01 3.070163130760192871e-01 1.963659822940826416e-01 9.465967416763305664e-01 5.526878833770751953e-01 2.619718015193939209e-01
3.933550119400024414e-01 7.792611718177795410e-01 2.256225049495697021e-01 4.539837539196014404e-01 9.645607471466064453e-01 5.436675548553466797e-01 9.842261672019958496e-01 3.436955213546752930e-01 5.000710487365722656e-01 2.042190581560134888e-01 3.426083326339721680e-01 7.962489128112792969e-01 4.639457762241363525e-01 5.790342688560485840e-01
5.189650058746337891e-01 2.451331615447998047e-01 6.070244908332824707e-01 7.364624738693237305e-01 9.460164904594421387e-01 6.749446392059326172e-01 2.121790051460266113e-01 5.508140921592712402e-01 3.267186582088470459e-01 7.127815485000610352e-01 5.567073822021484375e-01 8.827067613601684570e-01 5.351748466491699219e-01 3.036309480667114258e-01
1.180450022220611572e-01 5.258161425590515137e-01 3.197174891829490662e-02 3.379600048065185547e-01 1.635382473468780518e-01 3.489731252193450928e-01 4.183226525783538818e-01 1.574601382017135620e-01 5.971962809562683105e-01 7.226648181676864624e-02 5.159468054771423340e-01 1.478627324104309082e-01 5.966530442237854004e-01 5.687641501426696777e-01
8.996000289916992188e-01 6.043524742126464844e-01 7.848539948463439941e-01 4.169670045375823975e-01 3.107174932956695557e-01 1.276740431785583496e-01 4.606069922447204590e-01 8.859177231788635254e-01 4.608884155750274658e-01 6.154290437698364258e-01 5.911976695060729980e-01 3.288293480873107910e-01 5.012207031250000000e-01 3.721386492252349854e-01
