4.109925031661987305e-01 6.649144887924194336e-01 8.350780010223388672e-01 9.475824832916259766e-01 4.614642560482025146e-01 5.095159411430358887e-01 3.747733309864997864e-02 4.251319169998168945e-01 5.302936434745788574e-01 5.875563025474548340e-01 8.734905123710632324e-01 5.567509531974792480e-01 2.900345921516418457e-01 5.155660510063171387e-01
3.915224969387054443e-01 4.399886727333068848e-01 3.655945062637329102e-01 6.860575079917907715e-01 7.004935145378112793e-01 8.386942744255065918e-02 3.685076534748077393e-01 4.676718711853027344e-01 5.090910196304321289e-01 5.815122127532958984e-01 6.390743851661682129e-01 7.361748814582824707e-01 3.600892126560211182e-01 4.347851872444152832e-01
1.988250017166137695e-02 6.619135141372680664e-01 8.983749747276306152e-01 4.854847490787506104e-01 7.887985110282897949e-01 8.180000782012939453e-01 7.332437634468078613e-01 5.454167351126670837e-02 6.610910296440124512e-01 5.564379096031188965e-01 6.030278652906417847e-02 9.458526372909545898e-01 5.395333170890808105e-01 4.018765091896057129e-01
2.710725069046020508e-01 5.734021663665771484e-01 3.155847489833831787e-01 5.611975193023681641e-01 6.579167246818542480e-01 1.268856525421142578e-01 2.591633424162864685e-02 3.812252283096313477e-01 6.149926781654357910e-01 3.513738512992858887e-01 6.127313971519470215e-01 7.921404838562011719e-01 3.692157268524169922e-01 4.948326051235198975e-01
7.619249820709228516e-01 5.623946785926818848e-01 7.566737532615661621e-01 5.573624968528747559e-01 1.388995051383972168e-01 9.981855750083923340e-01 3.868726789951324463e-01 8.286252617835998535e-01 4.398130178451538086e-01 6.967816352844238281e-01 3.955630064010620117e-01 1.410253345966339111e-01 5.614586472511291504e-01 4.164194762706756592e-01
8.352324962615966797e-01 5.909068584442138672e-01 7.283250093460083008e-01 4.879472553730010986e-01 6.768722534179687500e-01 8.085382580757141113e-01 3.966679871082305908e-01 8.088506460189819336e-01 2.841122150421142578e-01 6.829442977905273438e-01 4.310306012630462646e-01 7.064987421035766602e-01 6.013082861900329590e-01 3.644121289253234863e-01
4.176250100135803223e-02 2.605246603488922119e-01 8.082550168037414551e-01 7.088400125503540039e-01 9.726099669933319092e-02 8.720312118530273438e-01 5.954156517982482910e-01 1.681995391845703125e-02 1.481101959943771362e-01 9.297512173652648926e-01 7.068161368370056152e-01 1.008352786302566528e-01 6.265255212783813477e-01 7.363749742507934570e-01
1.999824941158294678e-01 4.529278278350830078e-01 1.536564975976943970e-01 5.150550007820129395e-01 2.908100001513957977e-02 4.583289027214050293e-01 5.162556767463684082e-01 2.059358209371566772e-01 5.129154324531555176e-01 3.070215284824371338e-01 5.920646190643310547e-01 7.617353647947311401e-02 5.406180620193481445e-01 5.886687636375427246e-01
8.442950248718261719e-01 5.838288068771362305e-01 1.733697503805160522e-01 6.421350240707397461e-01 7.646177411079406738e-01 4.676388800144195557e-01 7.017969489097595215e-01 7.859271168708801270e-01 5.196644067764282227e-01 2.444099187850952148e-01 6.332029700279235840e-01 7.640124559402465820e-01 4.602099657058715820e-01 5.543360710144042969e-01
1.979175060987472534e-01 6.752796769142150879e-01 4.547674953937530518e-02 7.874624729156494141e-01 5.690722465515136719e-01 2.273631244897842407e-01 9.522694349288940430e-01 2.030458301305770874e-01 7.201366424560546875e-01 2.984482608735561371e-02 9.305155873298645020e-01 4.464277625083923340e-01 2.824863493442535400e-01 6.613149642944335938e-01
1.640650033950805664e-01 2.728306651115417480e-01 5.832762718200683594e-01 5.042325258255004883e-01 4.812425076961517334e-01 8.335813879966735840e-02 5.751573443412780762e-01 1.753218472003936768e-01 3.223516643047332764e-01 7.543166875839233398e-01 5.175334215164184570e-01 5.066391229629516602e-01 4.533592164516448975e-01 5.221611857414245605e-01
6.583349704742431641e-01 3.264728188514709473e-01 1.187812536954879761e-01 7.566974759101867676e-01 1.733645051717758179e-01 5.806132405996322632e-02 2.242893278598785400e-01 7.741132974624633789e-01 5.656328201293945312e-01 3.642370998859405518e-01 5.261084437370300293e-01 1.603804230690002441e-01 3.864128291606903076e-01 3.380610048770904541e-01
3.434999883174896240e-01 5.211371779441833496e-01 8.041267395019531250e-01 5.010049939155578613e-01 4.457629919052124023e-01 6.407568454742431641e-01 4.862506687641143799e-01 3.463975191116333008e-01 3.244263827800750732e-01 6.340005993843078613e-01 4.969861209392547607e-01 5.478547215461730957e-01 4.580194652080535889e-01 4.962208271026611328e-01
2.698175013065338135e-01 6.942576766014099121e-01 1.674434989690780640e-01 8.185899853706359863e-01 2.747847437858581543e-01 5.642480850219726562e-01 1.363613307476043701e-01 2.897616028785705566e-01 5.892665982246398926e-01 1.148139461874961853e-01 7.301353216171264648e-01 4.043921232223510742e-01 3.823545575141906738e-01 6.065256595611572266e-01
8.034999668598175049e-02 8.062493205070495605e-01 4.360064864158630371e-01 7.908400297164916992e-01 3.615710139274597168e-01 4.221536219120025635e-01 8.304058909416198730e-01 4.202370718121528625e-02 7.431131005287170410e-01 3.830962479114532471e-01 8.863689303398132324e-01 4.455696046352386475e-01 2.796512842178344727e-01 6.119625568389892578e-01
8.015725016593933105e-01 5.923038125038146973e-01 7.747370004653930664e-01 5.414500087499618530e-02 3.919857442378997803e-01 7.450779676437377930e-01 2.157640010118484497e-01 7.518406510353088379e-01 4.935925900936126709e-01 5.510365366935729980e-01 2.709708809852600098e-01 3.702658414840698242e-01 5.528545975685119629e-01 3.130747973918914795e-01
4.709349870681762695e-01 3.548451662063598633e-01 7.789080142974853516e-01 1.375962495803833008e-01 1.834249943494796753e-01 8.134646415710449219e-01 4.403123259544372559e-01 4.358652234077453613e-01 3.269680142402648926e-01 6.462721228599548340e-01 2.460156232118606567e-01 1.548615992069244385e-01 6.377257704734802246e-01 4.760247468948364258e-01
7.788749933242797852e-01 1.939969956874847412e-01 7.486305236816406250e-01 8.033400028944015503e-02 7.285297513008117676e-01 6.470609307289123535e-01 3.644200041890144348e-02 7.348533868789672852e-01 3.280897140502929688e-01 6.079381704330444336e-01 3.936233222484588623e-01 7.460088133811950684e-01 5.475122332572937012e-01 3.601147532463073730e-01
3.401150107383728027e-01 4.098608195781707764e-01 8.265535235404968262e-01 2.340075001120567322e-02 8.499457240104675293e-01 5.403444170951843262e-01 9.904894232749938965e-01 2.776722013950347900e-01 3.794470131397247314e-01 6.151725649833679199e-01 2.568875551223754883e-01 6.113432645797729492e-01 4.869867563247680664e-01 4.532777369022369385e-01
9.668574929237365723e-01 1.919428259134292603e-01 6.263830065727233887e-01 8.953624963760375977e-01 9.742457270622253418e-01 7.615771889686584473e-01 1.582150012254714966e-01 9.270157217979431152e-01 2.657461166381835938e-01 7.918025255203247070e-01 6.609994769096374512e-01 9.328308105468750000e-01 6.549254059791564941e-01 2.985739707946777344e-01
7.798550128936767578e-01 4.261656701564788818e-01 2.231547534465789795e-01 9.638224840164184570e-01 8.622482419013977051e-01 3.938568830490112305e-01 6.200990080833435059e-01 7.422792315483093262e-01 4.906336069107055664e-01 5.470809936523437500e-01 8.400584459304809570e-01 8.267660140991210938e-01 3.656860888004302979e-01 4.659444093704223633e-01
3.992750123143196106e-02 6.035388112068176270e-01 6.669340133666992188e-01 4.333457648754119873e-01 3.646380007266998291e-01 2.555052638053894043e-01 2.414180040359497070e-01 4.126831889152526855e-02 6.642773747444152832e-01 8.163356781005859375e-01 3.099281489849090576e-01 4.282481968402862549e-01 3.948258757591247559e-01 3.980402052402496338e-01
8.382124900817871094e-01 2.278251647949218750e-01 3.118360042572021484e-01 9.864724874496459961e-01 7.571529746055603027e-01 6.595295071601867676e-01 2.587586641311645508e-01 8.514285683631896973e-01 3.697472214698791504e-01 6.046984791755676270e-01 6.928157210350036621e-01 7.821691632270812988e-01 4.890485107898712158e-01 4.052819609642028809e-01
9.764050245285034180e-01 7.269231677055358887e-01 2.711445093154907227e-01 3.747839927673339844e-01 6.142227649688720703e-01 8.628149628639221191e-01 3.085440099239349365e-01 8.495028018951416016e-01 6.230072975158691406e-01 2.022958397865295410e-01 3.945575058460235596e-01 6.184094548225402832e-01 4.772014021873474121e-01 4.100769460201263428e-01
2.356700003147125244e-01 5.783045291900634766e-01 5.420337319374084473e-01 6.593250036239624023e-01 6.885660290718078613e-01 7.283633351325988770e-01 1.879143267869949341e-01 2.854894101619720459e-01 5.432416796684265137e-01 5.867000222206115723e-01 4.501508474349975586e-01 7.910885214805603027e-01 4.296368658542633057e-01 4.387550652027130127e-01
2.522799968719482422e-01 6.224631667137145996e-01 8.469499647617340088e-03 3.744035065174102783e-01 6.552180051803588867e-01 2.078589946031570435e-01 1.057523339986801147e-01 3.024336397647857666e-01 6.387242674827575684e-01 5.909200385212898254e-02 4.677254259586334229e-01 7.800443768501281738e-01 3.887447416782379150e-01 5.906034708023071289e-01
5.692874789237976074e-01 3.641664981842041016e-01 4.404575005173683167e-02 2.932477593421936035e-01 7.343674898147583008e-01 8.351206779479980469e-01 5.881213545799255371e-01 4.866163432598114014e-01 4.977134466171264648e-01 2.949540019035339355e-01 2.740758657455444336e-01 7.041640281677246094e-01 4.890787303447723389e-01 5.071943998336791992e-01
1.382649987936019897e-01 4.242379963397979736e-01 3.870057463645935059e-01 2.739222645759582520e-01 1.535300016403198242e-01 8.454275727272033691e-01 6.823347806930541992e-01 7.566687464714050293e-02 5.659031867980957031e-01 6.036567687988281250e-01 3.028563261032104492e-01 1.279480159282684326e-01 5.793107151985168457e-01 5.116616487503051758e-01
1.987649947404861450e-01 2.743841707706451416e-01 9.119752645492553711e-01 9.380350112915039062e-01 6.959974765777587891e-01 3.948940336704254150e-01 7.560707330703735352e-01 1.985079795122146606e-01 2.073201984167098999e-01 8.179873824119567871e-01 8.985664248466491699e-01 7.585830688476562500e-01 4.889021813869476318e-01 6.116217970848083496e-01
1.477124989032745361e-01 7.612910270690917969e-01 7.669077515602111816e-01 8.615375310182571411e-02 2.658597528934478760e-01 6.681354641914367676e-01 5.808043479919433594e-01 1.138371452689170837e-01 5.449884533882141113e-01 6.336222290992736816e-01 1.897506266832351685e-01 3.372180461883544922e-01 5.652720332145690918e-01 4.606548547744750977e-01
3.586100041866302490e-01 7.043098211288452148e-01 5.855717658996582031e-01 1.687217503786087036e-01 6.629977226257324219e-01 5.079816281795501709e-02 9.374176859855651855e-01 4.239937663078308105e-01 5.216857194900512695e-01 2.756594717502593994e-01 4.818650782108306885e-01 5.690246224403381348e-01 4.310627877712249756e-01 5.542437434196472168e-01
1.284125000238418579e-01 1.719155013561248779e-01 5.350260138511657715e-01 2.646502554416656494e-01 8.763049840927124023e-01 5.629256367683410645e-01 3.499099984765052795e-02 8.303173631429672241e-02 2.755653560161590576e-01 8.352639675140380859e-01 3.737004995346069336e-01 9.135829210281372070e-01 5.602087378501892090e-01 3.985149860382080078e-01
4.449824988842010498e-01 1.730004996061325073e-01 1.919837445020675659e-01 8.914049863815307617e-01 4.474482536315917969e-01 1.133459582924842834e-01 3.014020025730133057e-01 5.193019509315490723e-01 3.700783848762512207e-01 5.251497626304626465e-01 5.941007733345031738e-01 5.046410560607910156e-01 4.119889736175537109e-01 4.967405200004577637e-01
2.044575065374374390e-01 6.246816515922546387e-01 3.054497539997100830e-01 6.257774829864501953e-01 8.180882334709167480e-01 8.765958249568939209e-02 9.826537370681762695e-01 2.427447289228439331e-01 5.934914350509643555e-01 3.006844222545623779e-01 7.042752504348754883e-01 6.733714342117309570e-01 3.647722601890563965e-01 5.730912089347839355e-01
5.774924755096435547e-01 4.571650028228759766e-01 1.816727519035339355e-01 2.390747517347335815e-01 7.880027294158935547e-01 5.546672940254211426e-01 4.587976634502410889e-01 5.433456897735595703e-01 5.454879999160766602e-01 2.409867495298385620e-01 3.685145974159240723e-01 7.914889454841613770e-01 4.622291624546051025e-01 5.130308866500854492e-01
1.074424982070922852e-01 3.771494925022125244e-01 7.191944718360900879e-01 7.471150159835815430e-01 2.170749939978122711e-02 7.507810741662979126e-02 2.692546546459197998e-01 1.339749991893768311e-01 3.689892590045928955e-01 6.943781375885009766e-01 5.522444844245910645e-01 8.617257326841354370e-02 4.703681766986846924e-01 5.968242287635803223e-01
6.259425282478332520e-01 3.014331758022308350e-01 1.485912501811981201e-01 4.580957591533660889e-01 7.705637216567993164e-01 8.267338275909423828e-01 2.553633451461791992e-01 5.858278870582580566e-01 5.135382413864135742e-01 2.617753744125366211e-01 3.120042681694030762e-01 7.427056431770324707e-01 4.839302301406860352e-01 5.059642791748046875e-01
1.180450022220611572e-01 5.258161425590515137e-01 3.197174891829490662e-02 3.379600048065185547e-01 1.635382473468780518e-01 3.489731252193450928e-01 4.183226525783538818e-01 1.597779393196105957e-01 5.469516515731811523e-01 5.672151222825050354e-02 2.975606620311737061e-01 1.945409476757049561e-01 5.846100449562072754e-01 5.728461742401123047e-01
1.374125033617019653e-01 5.233963131904602051e-01 5.068612694740295410e-01 4.987154901027679443e-01 1.879700087010860443e-02 5.285377502441406250e-01 6.129043102264404297e-01 7.956092059612274170e-02 5.220540761947631836e-01 6.353428959846496582e-01 4.907384216785430908e-01 7.063069194555282593e-02 4.968790411949157715e-01 5.418894290924072266e-01
9.917999804019927979e-02 8.105639815330505371e-01 9.747987389564514160e-01 7.417950034141540527e-02 1.971040070056915283e-01 8.333922028541564941e-01 1.052133366465568542e-02 8.343933522701263428e-02 5.806216001510620117e-01 6.988316178321838379e-01 1.128111481666564941e-01 2.792957127094268799e-01 6.023280620574951172e-01 3.931882381439208984e-01
4.539249837398529053e-02 6.400160193443298340e-01 1.193045005202293396e-01 2.625067532062530518e-01 2.417974919080734253e-02 8.794419169425964355e-01 3.599239885807037354e-01 4.709447920322418213e-02 6.558307409286499023e-01 1.292810589075088501e-01 1.250282046385109425e-03 2.346618101000785828e-02 9.144698977470397949e-01 2.397433966398239136e-01
6.271250247955322266e-01 1.996716707944869995e-01 8.539312481880187988e-01 7.863399982452392578e-01 3.019177615642547607e-01 6.361659765243530273e-01 9.492045044898986816e-01 7.273862361907958984e-01 1.944379061460494995e-01 6.988647580146789551e-01 8.078521490097045898e-01 2.499884665012359619e-01 5.165690779685974121e-01 7.219718694686889648e-01
2.270675003528594971e-01 4.621528387069702148e-01 6.680135130882263184e-01 1.053114980459213257e-01 7.079409956932067871e-01 3.282281756401062012e-02 6.169936656951904297e-01 2.333320379257202148e-01 3.249569535255432129e-01 6.142990589141845703e-01 2.242877632379531860e-01 7.619014978408813477e-01 5.452903509140014648e-01 4.645162522792816162e-01
3.882024884223937988e-01 2.249021679162979126e-01 6.726797223091125488e-01 9.212700128555297852e-01 6.600842475891113281e-01 5.994726419448852539e-01 2.185086607933044434e-01 4.076120555400848389e-01 2.040650248527526855e-01 6.990948915481567383e-01 6.887603402137756348e-01 7.231828570365905762e-01 5.820099115371704102e-01 5.418109297752380371e-01
6.951050162315368652e-01 5.479220151901245117e-01 3.075642585754394531e-01 9.796925187110900879e-01 4.516704976558685303e-01 1.952718198299407959e-01 1.101979985833168030e-01 8.150042295455932617e-01 4.600933492183685303e-01 4.925544559955596924e-01 6.795166134834289551e-01 5.705747008323669434e-01 3.659147918224334717e-01 4.148504436016082764e-01
4.182874858379364014e-01 4.612033367156982422e-01 7.349099963903427124e-02 7.383800148963928223e-01 1.558504998683929443e-01 5.213742256164550781e-01 8.444640040397644043e-01 4.135774970054626465e-01 5.234643816947937012e-01 2.354734838008880615e-01 7.026473879814147949e-01 1.243105307221412659e-01 4.400396645069122314e-01 5.789710879325866699e-01
9.855474829673767090e-01 2.033886611461639404e-01 9.584337472915649414e-01 7.117875218391418457e-01 6.930927634239196777e-01 5.881259441375732422e-01 3.790040016174316406e-01 9.612904787063598633e-01 2.456908822059631348e-01 8.214020729064941406e-01 7.300217151641845703e-01 7.331119179725646973e-01 5.972380638122558594e-01 4.452836513519287109e-01
3.933550119400024414e-01 7.792611718177795410e-01 2.256225049495697021e-01 4.539837539196014404e-01 9.645607471466064453e-01 5.436675548553466797e-01 9.842261672019958496e-01 3.724272549152374268e-01 6.112871766090393066e-01 1.219401732087135315e-01 4.235728681087493896e-01 7.838070988655090332e-01 4.088638722896575928e-01 5.650587677955627441e-01
7.809500098228454590e-01 5.252936482429504395e-01 8.591882586479187012e-01 8.087325096130371094e-01 9.970407485961914062e-01 2.341383844614028931e-01 6.756131649017333984e-01 8.705176711082458496e-01 5.443357229232788086e-01 6.117071509361267090e-01 8.965775370597839355e-01 9.388616681098937988e-01 3.496679365634918213e-01 3.983760774135589600e-01
6.312825083732604980e-01 2.546228468418121338e-01 5.712372660636901855e-01 3.460980057716369629e-01 6.178572773933410645e-01 4.528657495975494385e-01 1.277023404836654663e-01 7.058738470077514648e-01 2.786259353160858154e-01 6.969890594482421875e-01 2.583365142345428467e-01 5.818610191345214844e-01 6.422078609466552734e-01 3.196075856685638428e-01
9.728350043296813965e-01 1.728146672248840332e-01 3.561397492885589600e-01 8.527474999427795410e-01 2.137182503938674927e-01 9.482091665267944336e-01 8.089429736137390137e-01 8.648413419723510742e-01 2.290216833353042603e-01 7.316529750823974609e-01 7.476130127906799316e-01 2.078806459903717041e-01 5.190207362174987793e-01 6.904568672180175781e-01
7.293300032615661621e-01 2.239926606416702271e-01 4.996367394924163818e-01 4.466232359409332275e-01 4.925682544708251953e-01 9.836612939834594727e-01 9.378047585487365723e-01 5.509899854660034180e-01 3.053538501262664795e-01 6.147291660308837891e-01 4.236648380756378174e-01 3.319552838802337646e-01 5.331127047538757324e-01 5.508323907852172852e-01
4.364775121212005615e-01 5.137766599655151367e-01 9.151265025138854980e-01 7.698475122451782227e-01 8.470377326011657715e-01 1.177074760198593140e-01 1.468826681375503540e-01 4.658058285713195801e-01 3.850644826889038086e-01 7.171404957771301270e-01 7.539166808128356934e-01 8.940364122390747070e-01 4.540039896965026855e-01 4.512584805488586426e-01
4.601399898529052734e-01 4.738574922084808350e-01 6.792887449264526367e-01 2.801632583141326904e-01 7.813665270805358887e-01 9.392333030700683594e-02 8.295833319425582886e-02 5.615303516387939453e-01 5.438780188560485840e-01 4.126941561698913574e-01 4.286825358867645264e-01 8.092199563980102539e-01 4.345292448997497559e-01 4.409301578998565674e-01
6.806275248527526855e-01 6.559263467788696289e-01 7.233687639236450195e-01 5.689550042152404785e-01 3.091317415237426758e-01 4.911198019981384277e-01 1.333433296531438828e-02 7.989089488983154297e-01 4.462752044200897217e-01 6.368777751922607422e-01 3.558782935142517090e-01 3.370458185672760010e-01 5.440443754196166992e-01 3.723715841770172119e-01
4.019599854946136475e-01 4.681201577186584473e-01 5.185887217521667480e-01 3.967222571372985840e-01 2.856342494487762451e-01 2.351643443107604980e-01 5.484333261847496033e-02 4.540641903877258301e-01 4.611877202987670898e-01 4.728346765041351318e-01 5.053088665008544922e-01 3.747993111610412598e-01 4.014808833599090576e-01 4.752108454704284668e-01
5.996025204658508301e-01 2.187239974737167358e-01 2.859387397766113281e-01 6.319125294685363770e-01 7.379267215728759766e-01 7.215978503227233887e-01 7.927479743957519531e-01 5.397288799285888672e-01 3.614794611930847168e-01 4.527852833271026611e-01 4.931285679340362549e-01 6.502562165260314941e-01 4.746678769588470459e-01 5.236874222755432129e-01
1.661400049924850464e-01 6.121063232421875000e-01 9.414732456207275391e-01 3.537087440490722656e-01 2.443282455205917358e-01 5.430192947387695312e-01 2.133366614580154419e-01 1.351408660411834717e-01 4.820450544357299805e-01 7.343719005584716797e-01 3.342576920986175537e-01 3.489052057266235352e-01 4.622519314289093018e-01 4.496866166591644287e-01
9.908249974250793457e-02 3.643186688423156738e-01 3.800162374973297119e-01 4.586944878101348877e-01 9.990582466125488281e-01 2.283266633749008179e-01 8.083066344261169434e-02 1.259801536798477173e-01 5.785721540451049805e-01 7.717071771621704102e-01 4.665246009826660156e-01 9.726085662841796875e-01 4.509830772876739502e-01 3.394680321216583252e-01
8.718374967575073242e-01 3.035014867782592773e-01 2.463639974594116211e-01 8.503274917602539062e-01 9.827795028686523438e-01 6.430036425590515137e-01 9.072946906089782715e-01 6.819200515747070312e-01 4.839513301849365234e-01 5.570340752601623535e-01 7.958665490150451660e-01 7.918578386306762695e-01 3.625965118408203125e-01 4.573728144168853760e-01
8.591175079345703125e-01 5.583998560905456543e-01 7.405387759208679199e-01 9.984325170516967773e-01 9.162707328796386719e-01 5.616476535797119141e-01 1.942483335733413696e-01 9.065712690353393555e-01 4.397316575050354004e-01 6.773694157600402832e-01 8.924563527107238770e-01 9.243931174278259277e-01 4.287451803684234619e-01 3.997635543346405029e-01
4.651749879121780396e-02 7.589908242225646973e-01 3.930207490921020508e-01 1.136192530393600464e-01 9.063389897346496582e-01 3.170475661754608154e-01 4.703536629676818848e-01 9.899695217609405518e-02 6.998971104621887207e-01 4.189442694187164307e-01 2.028686925768852234e-02 9.922254085540771484e-01 5.048475265502929688e-01 2.691130936145782471e-01
1.445074975490570068e-01 4.729340076446533203e-01 7.897175103425979614e-02 8.761600255966186523e-01 3.548862636089324951e-01 5.823444724082946777e-01 3.159376680850982666e-01 1.193693801760673523e-01 5.674631595611572266e-01 5.497299879789352417e-02 8.922110795974731445e-01 3.983901739120483398e-01 3.718092143535614014e-01 7.003514766693115234e-01
7.612250000238418579e-02 6.363673210144042969e-01 3.854382634162902832e-01 1.954012513160705566e-01 8.093104958534240723e-01 5.679041147232055664e-01 5.694033205509185791e-02 8.819274604320526123e-02 6.641764044761657715e-01 5.280548930168151855e-01 5.421016365289688110e-02 9.647811651229858398e-01 5.155133605003356934e-01 3.379867374897003174e-01
1.945874989032745361e-01 6.939941644668579102e-01 4.014810025691986084e-01 1.812302470207214355e-01 1.896084994077682495e-01 7.000187039375305176e-01 7.596010565757751465e-01 1.777795404195785522e-01 5.499238967895507812e-01 3.668217062950134277e-01 2.368152439594268799e-01 2.210215628147125244e-01 6.311178803443908691e-01 5.097402930259704590e-01
6.814774870872497559e-01 3.800818324089050293e-01 3.593422472476959229e-01 6.565399765968322754e-01 4.243335127830505371e-01 1.351579725742340088e-01 1.919530034065246582e-01 7.701485157012939453e-01 4.584445357322692871e-01 4.845095276832580566e-01 5.509587526321411133e-01 4.870763421058654785e-01 4.100480079650878906e-01 4.256770312786102295e-01
1.412000041455030441e-02 5.109578371047973633e-01 8.534232378005981445e-01 2.960324883460998535e-01 4.027594923973083496e-01 3.013576865196228027e-01 5.926493406295776367e-01 2.353306673467159271e-02 6.198132038116455078e-01 8.902085423469543457e-01 4.015865027904510498e-01 3.355240225791931152e-01 3.790593445301055908e-01 4.379386007785797119e-01
3.339149951934814453e-01 4.823488295078277588e-01 9.623647332191467285e-01 4.525727629661560059e-01 6.711884737014770508e-01 8.217902779579162598e-01 1.188416630029678345e-01 3.501914143562316895e-01 4.021784961223602295e-01 6.739140152931213379e-01 4.782713651657104492e-01 7.651711702346801758e-01 4.420421719551086426e-01 4.312505424022674561e-01
9.378799796104431152e-01 2.468235045671463013e-01 8.417827486991882324e-01 2.632252573966979980e-01 5.194742679595947266e-01 5.607881546020507812e-01 8.390653729438781738e-01 8.931294679641723633e-01 2.781701683998107910e-01 7.509844899177551270e-01 5.149103999137878418e-01 4.935556948184967041e-01 5.916175246238708496e-01 4.681206643581390381e-01
2.229599952697753906e-01 5.477301478385925293e-01 1.433512568473815918e-01 7.683675289154052734e-01 2.172455042600631714e-01 8.682365417480468750e-01 6.173650026321411133e-01 2.026282697916030884e-01 5.988587737083435059e-01 1.848429739475250244e-01 5.304338932037353516e-01 2.460583895444869995e-01 4.423168003559112549e-01 5.683628916740417480e-01
2.817200124263763428e-01 2.428318262100219727e-01 6.349735260009765625e-01 5.497174859046936035e-01 5.123487710952758789e-01 2.889033406972885132e-02 4.576143324375152588e-01 3.686521947383880615e-01 2.631844878196716309e-01 6.124989986419677734e-01 4.075669348239898682e-01 5.525833964347839355e-01 5.340734124183654785e-01 5.058434605598449707e-01
4.699699878692626953e-01 2.541689872741699219e-01 2.573255002498626709e-01 7.542175054550170898e-01 2.843067646026611328e-01 6.752315908670425415e-02 9.036083221435546875e-01 4.479640126228332520e-01 3.183803558349609375e-01 5.397451519966125488e-01 6.775122284889221191e-01 2.126953452825546265e-01 4.498835504055023193e-01 6.438325047492980957e-01
1.500625014305114746e-01 5.123521685600280762e-01 1.863054931163787842e-01 7.742224633693695068e-02 5.120747685432434082e-01 8.886257410049438477e-01 1.990929991006851196e-01 1.438073515892028809e-01 5.530480146408081055e-01 3.292019367218017578e-01 9.132598340511322021e-02 5.658714771270751953e-01 6.294769048690795898e-01 4.822218716144561768e-01
5.113499760627746582e-01 2.378431707620620728e-01 3.455624878406524658e-01 2.148524969816207886e-01 8.313295245170593262e-01 2.577446401119232178e-01 6.638646721839904785e-01 5.389471054077148438e-01 3.852733075618743896e-01 4.517343640327453613e-01 3.477331995964050293e-01 8.070467710494995117e-01 5.210599303245544434e-01 4.980807304382324219e-01
3.538450002670288086e-01 1.902383267879486084e-01 2.484862506389617920e-01 5.129550099372863770e-01 3.490292429924011230e-01 5.120608806610107422e-01 6.247966736555099487e-02 4.132525920867919922e-01 3.573538362979888916e-01 5.366463065147399902e-01 4.445741772651672363e-01 4.103980064392089844e-01 4.599721729755401611e-01 4.951601326465606689e-01
9.970824718475341797e-01 3.792193233966827393e-01 8.835369944572448730e-01 6.201500073075294495e-02 9.941319823265075684e-01 6.856448650360107422e-01 4.570056796073913574e-01 8.540415763854980469e-01 3.825022280216217041e-01 6.450604796409606934e-01 4.349598586559295654e-01 8.957990407943725586e-01 5.696719288825988770e-01 3.021233081817626953e-01
3.643549978733062744e-01 8.031976819038391113e-01 6.656810045242309570e-01 1.120777502655982971e-01 2.856124937534332275e-02 5.675760507583618164e-01 7.655128836631774902e-01 3.168320357799530029e-01 5.022525191307067871e-01 3.700440227985382080e-01 3.199049234390258789e-01 7.045645266771316528e-02 5.668863058090209961e-01 5.105947852134704590e-01
9.969300031661987305e-01 1.853153407573699951e-01 5.946162343025207520e-01 3.194234967231750488e-01 6.363099813461303711e-02 1.232825219631195068e-01 3.152573406696319580e-01 9.235168099403381348e-01 2.495898157358169556e-01 8.583967685699462891e-01 4.546064734458923340e-01 1.066469997167587280e-01 6.154342889785766602e-01 5.493246912956237793e-01
2.720350027084350586e-01 8.071784973144531250e-01 8.371084928512573242e-01 4.278457462787628174e-01 8.059327602386474609e-01 8.791138529777526855e-01 5.675200223922729492e-01 2.893797159194946289e-01 5.951022505760192871e-01 4.186865687370300293e-01 3.053640425205230713e-01 9.032232165336608887e-01 4.728607833385467529e-01 4.679193794727325439e-01
9.314125180244445801e-01 2.637443244457244873e-01 5.814767479896545410e-01 2.277624979615211487e-02 8.870834708213806152e-01 3.887223303318023682e-01 6.581820249557495117e-01 8.383070826530456543e-01 3.386907875537872314e-01 6.230636239051818848e-01 3.401053249835968018e-01 8.151952624320983887e-01 6.013014316558837891e-01 3.261888623237609863e-01
3.660899996757507324e-01 2.527939975261688232e-01 7.037402391433715820e-01 5.978599786758422852e-01 6.748697757720947266e-01 7.463386654853820801e-01 2.581023275852203369e-01 3.181985616683959961e-01 2.269683778285980225e-01 7.377951145172119141e-01 5.998328924179077148e-01 7.412714958190917969e-01 5.589151978492736816e-01 4.996373951435089111e-01
8.557350039482116699e-01 3.413478434085845947e-01 6.399185061454772949e-01 4.771282374858856201e-01 2.543214857578277588e-01 6.311722993850708008e-01 6.887222528457641602e-01 8.568599224090576172e-01 3.781861662864685059e-01 6.860911846160888672e-01 5.295918583869934082e-01 2.377560585737228394e-01 5.274667143821716309e-01 4.823622703552246094e-01
5.189650058746337891e-01 2.451331615447998047e-01 6.070244908332824707e-01 7.364624738693237305e-01 9.460164904594421387e-01 6.749446392059326172e-01 2.121790051460266113e-01 5.511323809623718262e-01 3.520805537700653076e-01 6.737755537033081055e-01 4.827643632888793945e-01 9.161432385444641113e-01 5.517596006393432617e-01 3.610309660434722900e-01
2.096750028431415558e-02 3.860625028610229492e-01 2.796250022947788239e-02 2.733870148658752441e-01 9.157245159149169922e-01 5.558437108993530273e-01 5.390610098838806152e-01 7.825399935245513916e-02 5.889687538146972656e-01 1.072051152586936951e-01 1.812664908356964588e-03 8.482548594474792480e-01 7.428478598594665527e-01 3.085547983646392822e-01
2.768650054931640625e-01 3.343124985694885254e-01 1.403087526559829712e-01 9.292724728584289551e-01 6.357747316360473633e-01 5.279412865638732910e-01 7.147667407989501953e-01 3.169149458408355713e-01 5.332279801368713379e-01 2.164955884218215942e-01 8.745586872100830078e-01 6.268281340599060059e-01 3.713442087173461914e-01 6.558694243431091309e-01
8.165749907493591309e-02 5.916183590888977051e-01 8.413150161504745483e-02 5.793750286102294922e-01 6.981599926948547363e-01 8.597926497459411621e-01 9.409117698669433594e-01 1.026904284954071045e-01 5.914912223815917969e-01 7.590248435735702515e-02 8.048956841230392456e-02 5.950599908828735352e-01 6.279270648956298828e-01 5.832007527351379395e-01
4.319350123405456543e-01 2.201023399829864502e-01 2.271544933319091797e-01 2.004617452621459961e-01 7.734645009040832520e-01 1.259227246046066284e-01 8.821533918380737305e-01 4.264335334300994873e-01 4.163689911365509033e-01 5.219126343727111816e-01 4.120987057685852051e-01 6.604556441307067871e-01 4.488662481307983398e-01 4.817866981029510498e-01
3.520975112915039062e-01 3.082848191261291504e-01 7.619307637214660645e-01 2.474567443132400513e-01 8.176295161247253418e-01 9.469219446182250977e-01 7.358211278915405273e-01 2.813785374164581299e-01 2.676397562026977539e-01 5.731630325317382812e-01 4.868656694889068604e-01 8.167132735252380371e-01 5.682933926582336426e-01 5.765064954757690430e-01
7.883725166320800781e-01 6.593629717826843262e-01 8.596755266189575195e-01 2.987412512302398682e-01 7.223179936408996582e-01 4.795535206794738770e-01 9.717208743095397949e-01 8.060648441314697266e-01 4.990020096302032471e-01 3.885988891124725342e-01 5.390973687171936035e-01 6.183354258537292480e-01 4.436540007591247559e-01 4.540231525897979736e-01
3.900099992752075195e-01 2.739291787147521973e-01 3.150264918804168701e-01 3.430207371711730957e-01 1.287014931440353394e-01 9.063737392425537109e-01 5.168513059616088867e-01 3.156589865684509277e-01 4.526251554489135742e-01 4.316729903221130371e-01 3.834846317768096924e-01 1.162437200546264648e-01 5.606462359428405762e-01 5.384838581085205078e-01
5.287899971008300781e-01 6.729981899261474609e-01 9.072967767715454102e-01 8.702225089073181152e-01 9.707217216491699219e-01 4.525095969438552856e-02 5.235880017280578613e-01 5.606249570846557617e-01 5.489848256111145020e-01 6.989653110504150391e-01 8.592119812965393066e-01 9.293771386146545410e-01 3.311879932880401611e-01 4.092806577682495117e-01
1.802050024271011353e-01 4.150078296661376953e-01 3.737749904394149780e-02 1.352314949035644531e-01 7.568194866180419922e-01 6.386690586805343628e-02 7.936084270477294922e-01 2.730841040611267090e-01 5.195265412330627441e-01 1.411468237638473511e-01 1.828328520059585571e-01 7.154350876808166504e-01 5.013897418975830078e-01 5.815578699111938477e-01
1.083974987268447876e-01 7.824605107307434082e-01 1.283230036497116089e-01 8.469774723052978516e-01 7.821302413940429688e-01 9.846647381782531738e-01 3.239319920539855957e-01 5.565254762768745422e-02 6.638049483299255371e-01 5.205372720956802368e-02 4.530345613602548838e-04 8.753901124000549316e-01 7.351835966110229492e-01 2.900059819221496582e-01
9.506275057792663574e-01 6.128249764442443848e-01 1.361224949359893799e-01 7.617350220680236816e-01 9.079587459564208984e-01 9.126816391944885254e-01 9.433433413505554199e-01 7.405104637145996094e-01 5.015623569488525391e-01 2.507825791835784912e-01 5.943226218223571777e-01 7.500679492950439453e-01 4.731447100639343262e-01 5.604078173637390137e-01
8.996000289916992188e-01 6.043524742126464844e-01 7.848539948463439941e-01 4.169670045375823975e-01 3.107174932956695557e-01 1.276740431785583496e-01 4.606069922447204590e-01 9.292502999305725098e-01 5.237228870391845703e-01 6.620644330978393555e-01 4.351040720939636230e-01 3.131903707981109619e-01 4.714110493659973145e-01 3.238264620304107666e-01
2.780900001525878906e-01 1.792176663875579834e-01 9.288704991340637207e-01 6.176350116729736328e-01 9.227149933576583862e-02 5.913984775543212891e-01 9.506603479385375977e-01 2.667108476161956787e-01 1.858282387256622314e-01 7.409545779228210449e-01 5.930847525596618652e-01 5.857883393764495850e-02 5.930199027061462402e-01 7.453835010528564453e-01
4.052499774843454361e-03 4.715193212032318115e-01 8.828007578849792480e-01 7.200124859809875488e-01 7.454494833946228027e-01 2.316546440124511719e-01 9.594941139221191406e-01 5.342713557183742523e-03 4.048722982406616211e-01 9.627164006233215332e-01 9.673656821250915527e-01 7.981328964233398438e-01 2.850369513034820557e-01 7.057484388351440430e-01
2.172224968671798706e-01 5.670261383056640625e-01 8.740835189819335938e-01 9.835324883460998535e-01 9.697797298431396484e-01 9.299288988113403320e-01 4.750596582889556885e-01 1.531757265329360962e-01 4.533521234989166260e-01 8.552893400192260742e-01 8.627430200576782227e-01 9.741970300674438477e-01 4.701393544673919678e-01 4.603561162948608398e-01
2.943474948406219482e-01 6.059141755104064941e-01 3.404900133609771729e-01 5.019899830222129822e-02 9.364472627639770508e-01 3.801256418228149414e-01 3.225743472576141357e-01 3.239842951297760010e-01 5.619432330131530762e-01 3.169151842594146729e-01 9.313679486513137817e-02 9.547215104103088379e-01 5.589726567268371582e-01 4.243353903293609619e-01
6.403974890708923340e-01 1.812776625156402588e-01 7.186290025711059570e-01 1.826110035181045532e-01 9.235674738883972168e-01 1.713234335184097290e-01 7.629056572914123535e-01 5.538207888603210449e-01 4.496232271194458008e-01 6.145142912864685059e-01 6.044907569885253906e-01 8.162246346473693848e-01 4.029156863689422607e-01 4.075956940650939941e-01
