3.643549978733062744e-01 8.031976819038391113e-01 6.656810045242309570e-01 1.120777502655982971e-01 2.856124937534332275e-02 5.675760507583618164e-01 7.655128836631774902e-01 3.247065842151641846e-01 4.478805661201477051e-01 3.742547929286956787e-01 3.957700133323669434e-01 5.053552612662315369e-02 5.250858664512634277e-01 4.192805588245391846e-01
9.668574929237365723e-01 1.919428259134292603e-01 6.263830065727233887e-01 8.953624963760375977e-01 9.742457270622253418e-01 7.615771889686584473e-01 1.582150012254714966e-01 8.202464580535888672e-01 3.520379066467285156e-01 7.197532653808593750e-01 6.744307279586791992e-01 8.729608058929443359e-01 5.756766200065612793e-01 2.868946194648742676e-01
3.992750123143196106e-02 6.035388112068176270e-01 6.669340133666992188e-01 4.333457648754119873e-01 3.646380007266998291e-01 2.555052638053894043e-01 2.414180040359497070e-01 5.620601773262023926e-02 5.623022913932800293e-01 6.452828049659729004e-01 3.934728503227233887e-01 3.763210773468017578e-01 5.140275955200195312e-01 4.509646296501159668e-01
2.356700003147125244e-01 5.783045291900634766e-01 5.420337319374084473e-01 6.593250036239624023e-01 6.885660290718078613e-01 7.283633351325988770e-01 1.879143267869949341e-01 3.067830801010131836e-01 5.019230842590332031e-01 5.131759643554687500e-01 4.497795999050140381e-01 7.031341195106506348e-01 5.043138265609741211e-01 4.436889588832855225e-01
5.774924755096435547e-01 4.571650028228759766e-01 1.816727519035339355e-01 2.390747517347335815e-01 7.880027294158935547e-01 5.546672940254211426e-01 4.587976634502410889e-01 5.777623653411865234e-01 5.048580169677734375e-01 2.908828854560852051e-01 3.659498393535614014e-01 7.769656777381896973e-01 5.482361912727355957e-01 5.976659655570983887e-01
8.718374967575073242e-01 3.035014867782592773e-01 2.463639974594116211e-01 8.503274917602539062e-01 9.827795028686523438e-01 6.430036425590515137e-01 9.072946906089782715e-01 6.654427647590637207e-01 5.144565701484680176e-01 4.601914882659912109e-01 7.389186024665832520e-01 7.582896947860717773e-01 3.973011970520019531e-01 4.858201444149017334e-01
3.900099992752075195e-01 2.739291787147521973e-01 3.150264918804168701e-01 3.430207371711730957e-01 1.287014931440353394e-01 9.063737392425537109e-01 5.168513059616088867e-01 3.683757781982421875e-01 4.392591714859008789e-01 4.523630142211914062e-01 3.961751461029052734e-01 1.125524863600730896e-01 5.096312761306762695e-01 4.350787997245788574e-01
4.709349870681762695e-01 3.548451662063598633e-01 7.789080142974853516e-01 1.375962495803833008e-01 1.834249943494796753e-01 8.134646415710449219e-01 4.403123259544372559e-01 4.509902596473693848e-01 3.239283561706542969e-01 6.554845571517944336e-01 3.672602176666259766e-01 1.597347259521484375e-01 5.315675735473632812e-01 4.990655481815338135e-01
9.970824718475341797e-01 3.792193233966827393e-01 8.835369944572448730e-01 6.201500073075294495e-02 9.941319823265075684e-01 6.856448650360107422e-01 4.570056796073913574e-01 7.682555913925170898e-01 4.042353928089141846e-01 6.291652321815490723e-01 4.729259908199310303e-01 8.366270065307617188e-01 5.935497879981994629e-01 3.531178236007690430e-01
2.720350027084350586e-01 8.071784973144531250e-01 8.371084928512573242e-01 4.278457462787628174e-01 8.059327602386474609e-01 8.791138529777526855e-01 5.675200223922729492e-01 2.618434131145477295e-01 5.440747737884521484e-01 4.842145144939422607e-01 3.439689278602600098e-01 8.740780949592590332e-01 5.785793662071228027e-01 4.172882139682769775e-01
5.692874789237976074e-01 3.641664981842041016e-01 4.404575005173683167e-02 2.932477593421936035e-01 7.343674898147583008e-01 8.351206779479980469e-01 5.881213545799255371e-01 5.004587769508361816e-01 5.155606269836425781e-01 3.090578913688659668e-01 3.035863339900970459e-01 6.727433800697326660e-01 5.647079348564147949e-01 5.659477114677429199e-01
6.951050162315368652e-01 5.479220151901245117e-01 3.075642585754394531e-01 9.796925187110900879e-01 4.516704976558685303e-01 1.952718198299407959e-01 1.101979985833168030e-01 7.603393197059631348e-01 5.474424362182617188e-01 5.154016613960266113e-01 6.858772635459899902e-01 4.844112694263458252e-01 3.326143622398376465e-01 3.222905099391937256e-01
1.661400049924850464e-01 6.121063232421875000e-01 9.414732456207275391e-01 3.537087440490722656e-01 2.443282455205917358e-01 5.430192947387695312e-01 2.133366614580154419e-01 1.790099740028381348e-01 4.686241745948791504e-01 6.691372394561767578e-01 4.657547473907470703e-01 3.043245971202850342e-01 4.393997192382812500e-01 4.098366200923919678e-01
2.943474948406219482e-01 6.059141755104064941e-01 3.404900133609771729e-01 5.019899830222129822e-02 9.364472627639770508e-01 3.801256418228149414e-01 3.225743472576141357e-01 2.883308231830596924e-01 5.736173987388610840e-01 4.104674458503723145e-01 1.425387561321258545e-01 9.626201391220092773e-01 7.117818593978881836e-01 3.865197002887725830e-01
4.651749879121780396e-02 7.589908242225646973e-01 3.930207490921020508e-01 1.136192530393600464e-01 9.063389897346496582e-01 3.170475661754608154e-01 4.703536629676818848e-01 2.581091597676277161e-02 7.809081673622131348e-01 3.597870469093322754e-01 2.563483417034149170e-01 9.860162138938903809e-01 6.602221131324768066e-01 2.344997674226760864e-01
8.165749907493591309e-02 5.916183590888977051e-01 8.413150161504745483e-02 5.793750286102294922e-01 6.981599926948547363e-01 8.597926497459411621e-01 9.409117698669433594e-01 6.933309137821197510e-02 6.520455479621887207e-01 6.788317859172821045e-02 2.709893584251403809e-01 5.204252600669860840e-01 6.818183064460754395e-01 5.575353503227233887e-01
9.917999804019927979e-02 8.105639815330505371e-01 9.747987389564514160e-01 7.417950034141540527e-02 1.971040070056915283e-01 8.333922028541564941e-01 1.052133366465568542e-02 1.065340936183929443e-01 5.381708741188049316e-01 6.012694835662841797e-01 3.396766483783721924e-01 2.463505268096923828e-01 5.393348932266235352e-01 3.771955966949462891e-01
1.988250017166137695e-02 6.619135141372680664e-01 8.983749747276306152e-01 4.854847490787506104e-01 7.887985110282897949e-01 8.180000782012939453e-01 7.332437634468078613e-01 2.524342946708202362e-02 6.333527565002441406e-01 5.674763321876525879e-01 1.517161577939987183e-01 9.549574851989746094e-01 7.235926389694213867e-01 3.259170353412628174e-01
4.319350123405456543e-01 2.201023399829864502e-01 2.271544933319091797e-01 2.004617452621459961e-01 7.734645009040832520e-01 1.259227246046066284e-01 8.821533918380737305e-01 4.930610358715057373e-01 4.662366807460784912e-01 4.251900315284729004e-01 3.527013957500457764e-01 6.381473541259765625e-01 5.374294519424438477e-01 5.479043722152709961e-01
3.538450002670288086e-01 1.902383267879486084e-01 2.484862506389617920e-01 5.129550099372863770e-01 3.490292429924011230e-01 5.120608806610107422e-01 6.247966736555099487e-02 4.304991364479064941e-01 4.326660037040710449e-01 5.632756352424621582e-01 4.819267094135284424e-01 3.545734584331512451e-01 4.331135749816894531e-01 4.259069859981536865e-01
5.996025204658508301e-01 2.187239974737167358e-01 2.859387397766113281e-01 6.319125294685363770e-01 7.379267215728759766e-01 7.215978503227233887e-01 7.927479743957519531e-01 6.174385547637939453e-01 4.406248033046722412e-01 4.392952322959899902e-01 4.683205783367156982e-01 6.605352759361267090e-01 5.102726221084594727e-01 5.621651411056518555e-01
2.270675003528594971e-01 4.621528387069702148e-01 6.680135130882263184e-01 1.053114980459213257e-01 7.079409956932067871e-01 3.282281756401062012e-02 6.169936656951904297e-01 3.398763537406921387e-01 3.910232782363891602e-01 5.779966115951538086e-01 2.881650924682617188e-01 7.290514111518859863e-01 5.879220366477966309e-01 6.104776859283447266e-01
8.591175079345703125e-01 5.583998560905456543e-01 7.405387759208679199e-01 9.984325170516967773e-01 9.162707328796386719e-01 5.616476535797119141e-01 1.942483335733413696e-01 7.201456427574157715e-01 5.539356470108032227e-01 6.562203764915466309e-01 8.667618036270141602e-01 8.477124571800231934e-01 3.253710567951202393e-01 3.314433693885803223e-01
3.339149951934814453e-01 4.823488295078277588e-01 9.623647332191467285e-01 4.525727629661560059e-01 6.711884737014770508e-01 8.217902779579162598e-01 1.188416630029678345e-01 3.263337314128875732e-01 4.170410931110382080e-01 6.738303303718566895e-01 5.688580274581909180e-01 6.477868556976318359e-01 4.601482152938842773e-01 3.594088852405548096e-01
1.412000041455030441e-02 5.109578371047973633e-01 8.534232378005981445e-01 2.960324883460998535e-01 4.027594923973083496e-01 3.013576865196228027e-01 5.926493406295776367e-01 2.346476726233959198e-02 5.140464305877685547e-01 7.849258184432983398e-01 3.520863056182861328e-01 3.213391304016113281e-01 5.268882513046264648e-01 4.154402613639831543e-01
2.710725069046020508e-01 5.734021663665771484e-01 3.155847489833831787e-01 5.611975193023681641e-01 6.579167246818542480e-01 1.268856525421142578e-01 2.591633424162864685e-02 3.542903065681457520e-01 5.673890113830566406e-01 4.189398288726806641e-01 6.253488063812255859e-01 7.058165073394775391e-01 4.017927348613739014e-01 4.757322072982788086e-01
1.500625014305114746e-01 5.123521685600280762e-01 1.863054931163787842e-01 7.742224633693695068e-02 5.120747685432434082e-01 8.886257410049438477e-01 1.990929991006851196e-01 1.598043143749237061e-01 5.581238865852355957e-01 3.386583924293518066e-01 2.318774163722991943e-01 4.293967783451080322e-01 6.480388045310974121e-01 4.614761471748352051e-01
2.780900001525878906e-01 1.792176663875579834e-01 9.288704991340637207e-01 6.176350116729736328e-01 9.227149933576583862e-02 5.913984775543212891e-01 9.506603479385375977e-01 5.965430736541748047e-01 2.095430791378021240e-01 5.149396061897277832e-01 7.194288969039916992e-01 2.802838571369647980e-02 4.707757830619812012e-01 8.010800480842590332e-01
9.855474829673767090e-01 2.033886611461639404e-01 9.584337472915649414e-01 7.117875218391418457e-01 6.930927634239196777e-01 5.881259441375732422e-01 3.790040016174316406e-01 9.380144476890563965e-01 2.892395853996276855e-01 7.810913324356079102e-01 7.424935698509216309e-01 7.362353801727294922e-01 5.108442306518554688e-01 3.312340676784515381e-01
1.382649987936019897e-01 4.242379963397979736e-01 3.870057463645935059e-01 2.739222645759582520e-01 1.535300016403198242e-01 8.454275727272033691e-01 6.823347806930541992e-01 1.352804154157638550e-01 5.122959613800048828e-01 5.070046186447143555e-01 3.648953735828399658e-01 1.412308365106582642e-01 5.668134093284606934e-01 4.891304075717926025e-01
7.798550128936767578e-01 4.261656701564788818e-01 2.231547534465789795e-01 9.638224840164184570e-01 8.622482419013977051e-01 3.938568830490112305e-01 6.200990080833435059e-01 6.434842944145202637e-01 5.159667730331420898e-01 4.736823737621307373e-01 7.713481187820434570e-01 7.803627252578735352e-01 3.886083960533142090e-01 4.934244751930236816e-01
3.933550119400024414e-01 7.792611718177795410e-01 2.256225049495697021e-01 4.539837539196014404e-01 9.645607471466064453e-01 5.436675548553466797e-01 9.842261672019958496e-01 3.811426460742950439e-01 5.567337274551391602e-01 2.066944092512130737e-01 3.986614942550659180e-01 7.902495265007019043e-01 5.533282756805419922e-01 6.397864222526550293e-01
8.996000289916992188e-01 6.043524742126464844e-01 7.848539948463439941e-01 4.169670045375823975e-01 3.107174932956695557e-01 1.276740431785583496e-01 4.606069922447204590e-01 9.624015092849731445e-01 5.446755886077880859e-01 6.002668738365173340e-01 6.026014685630798340e-01 3.622641265392303467e-01 4.023264646530151367e-01 3.079284131526947021e-01
6.312825083732604980e-01 2.546228468418121338e-01 5.712372660636901855e-01 3.460980057716369629e-01 6.178572773933410645e-01 4.528657495975494385e-01 1.277023404836654663e-01 6.697589159011840820e-01 3.514366447925567627e-01 6.458109021186828613e-01 4.171541631221771240e-01 6.044605970382690430e-01 5.486096739768981934e-01 4.002338647842407227e-01
2.096750028431415558e-02 3.860625028610229492e-01 2.796250022947788239e-02 2.733870148658752441e-01 9.157245159149169922e-01 5.558437108993530273e-01 5.390610098838806152e-01 4.626199230551719666e-02 6.982098221778869629e-01 1.237725466489791870e-01 1.994156986474990845e-01 8.162581920623779297e-01 7.623832225799560547e-01 2.937588095664978027e-01
4.539249837398529053e-02 6.400160193443298340e-01 1.193045005202293396e-01 2.625067532062530518e-01 2.417974919080734253e-02 8.794419169425964355e-01 3.599239885807037354e-01 1.980900391936302185e-02 6.634061932563781738e-01 2.267600782215595245e-02 1.911350935697555542e-01 3.230963274836540222e-02 8.454684019088745117e-01 4.190632700920104980e-01
2.768650054931640625e-01 3.343124985694885254e-01 1.403087526559829712e-01 9.292724728584289551e-01 6.357747316360473633e-01 5.279412865638732910e-01 7.147667407989501953e-01 3.382538557052612305e-01 4.913655221462249756e-01 3.034771978855133057e-01 7.677688598632812500e-01 6.709200143814086914e-01 4.414044022560119629e-01 6.740500330924987793e-01
8.352324962615966797e-01 5.909068584442138672e-01 7.283250093460083008e-01 4.879472553730010986e-01 6.768722534179687500e-01 8.085382580757141113e-01 3.966679871082305908e-01 7.630072832107543945e-01 3.691845834255218506e-01 5.827401280403137207e-01 4.093754291534423828e-01 7.220900058746337891e-01 5.794225335121154785e-01 4.807636141777038574e-01
7.293300032615661621e-01 2.239926606416702271e-01 4.996367394924163818e-01 4.466232359409332275e-01 4.925682544708251953e-01 9.836612939834594727e-01 9.378047585487365723e-01 6.177729368209838867e-01 3.565046787261962891e-01 6.263517141342163086e-01 4.965558648109436035e-01 3.026017844676971436e-01 4.571865200996398926e-01 4.129657447338104248e-01
8.442950248718261719e-01 5.838288068771362305e-01 1.733697503805160522e-01 6.421350240707397461e-01 7.646177411079406738e-01 4.676388800144195557e-01 7.017969489097595215e-01 7.042333483695983887e-01 5.045107007026672363e-01 2.757873237133026123e-01 5.837914347648620605e-01 7.439647912979125977e-01 4.886624813079833984e-01 6.254587173461914062e-01
3.586100041866302490e-01 7.043098211288452148e-01 5.855717658996582031e-01 1.687217503786087036e-01 6.629977226257324219e-01 5.079816281795501709e-02 9.374176859855651855e-01 4.434659481048583984e-01 5.181765556335449219e-01 3.172325193881988525e-01 4.031875431537628174e-01 5.605800747871398926e-01 5.135056376457214355e-01 5.483927130699157715e-01
4.449824988842010498e-01 1.730004996061325073e-01 1.919837445020675659e-01 8.914049863815307617e-01 4.474482536315917969e-01 1.133459582924842834e-01 3.014020025730133057e-01 4.787828028202056885e-01 4.067201614379882812e-01 5.845964550971984863e-01 6.132823824882507324e-01 4.338123202323913574e-01 3.842082619667053223e-01 4.189673662185668945e-01
9.378799796104431152e-01 2.468235045671463013e-01 8.417827486991882324e-01 2.632252573966979980e-01 5.194742679595947266e-01 5.607881546020507812e-01 8.390653729438781738e-01 9.101840853691101074e-01 3.467864692211151123e-01 6.818932294845581055e-01 5.431657433509826660e-01 4.962888658046722412e-01 5.098155736923217773e-01 4.306272268295288086e-01
1.180450022220611572e-01 5.258161425590515137e-01 3.197174891829490662e-02 3.379600048065185547e-01 1.635382473468780518e-01 3.489731252193450928e-01 4.183226525783538818e-01 1.794217079877853394e-01 5.805685520172119141e-01 1.628972887992858887e-01 3.804258108139038086e-01 2.087097167968750000e-01 6.107333302497863770e-01 6.152277588844299316e-01
5.287899971008300781e-01 6.729981899261474609e-01 9.072967767715454102e-01 8.702225089073181152e-01 9.707217216491699219e-01 4.525095969438552856e-02 5.235880017280578613e-01 3.945036232471466064e-01 6.228982210159301758e-01 7.202120423316955566e-01 9.151381254196166992e-01 9.162873625755310059e-01 2.744281291961669922e-01 3.522457778453826904e-01
3.434999883174896240e-01 5.211371779441833496e-01 8.041267395019531250e-01 5.010049939155578613e-01 4.457629919052124023e-01 6.407568454742431641e-01 4.862506687641143799e-01 3.875153660774230957e-01 4.096761047840118408e-01 6.240645051002502441e-01 4.960536658763885498e-01 4.813451468944549561e-01 4.537250101566314697e-01 3.921287357807159424e-01
6.806275248527526855e-01 6.559263467788696289e-01 7.233687639236450195e-01 5.689550042152404785e-01 3.091317415237426758e-01 4.911198019981384277e-01 1.333433296531438828e-02 7.966658473014831543e-01 4.683695435523986816e-01 5.623592138290405273e-01 4.897999465465545654e-01 3.394254446029663086e-01 4.393643736839294434e-01 3.529494702816009521e-01
4.699699878692626953e-01 2.541689872741699219e-01 2.573255002498626709e-01 7.542175054550170898e-01 2.843067646026611328e-01 6.752315908670425415e-02 9.036083221435546875e-01 5.090145468711853027e-01 3.452906906604766846e-01 5.760934948921203613e-01 5.836831331253051758e-01 2.150245010852813721e-01 4.060232639312744141e-01 4.885754585266113281e-01
8.015725016593933105e-01 5.923038125038146973e-01 7.747370004653930664e-01 5.414500087499618530e-02 3.919857442378997803e-01 7.450779676437377930e-01 2.157640010118484497e-01 7.807744741439819336e-01 5.127733349800109863e-01 4.725228250026702881e-01 4.363381862640380859e-01 3.757765889167785645e-01 4.676076471805572510e-01 3.606782257556915283e-01
9.506275057792663574e-01 6.128249764442443848e-01 1.361224949359893799e-01 7.617350220680236816e-01 9.079587459564208984e-01 9.126816391944885254e-01 9.433433413505554199e-01 6.997731328010559082e-01 4.175440967082977295e-01 3.795800507068634033e-01 4.320142865180969238e-01 7.650016546249389648e-01 5.643514394760131836e-01 6.987314224243164062e-01
6.583349704742431641e-01 3.264728188514709473e-01 1.187812536954879761e-01 7.566974759101867676e-01 1.733645051717758179e-01 5.806132405996322632e-02 2.242893278598785400e-01 8.100594878196716309e-01 4.961325526237487793e-01 4.615578949451446533e-01 5.215767621994018555e-01 1.980130225419998169e-01 3.901865482330322266e-01 3.475154638290405273e-01
9.728350043296813965e-01 1.728146672248840332e-01 3.561397492885589600e-01 8.527474999427795410e-01 2.137182503938674927e-01 9.482091665267944336e-01 8.089429736137390137e-01 8.697473406791687012e-01 2.041337788105010986e-01 6.962408423423767090e-01 7.017384767532348633e-01 1.490900814533233643e-01 4.341479837894439697e-01 6.509352922439575195e-01
6.814774870872497559e-01 3.800818324089050293e-01 3.593422472476959229e-01 6.565399765968322754e-01 4.243335127830505371e-01 1.351579725742340088e-01 1.919530034065246582e-01 6.919328570365905762e-01 4.993968009948730469e-01 5.287637710571289062e-01 6.015746593475341797e-01 4.241541326045989990e-01 3.694881498813629150e-01 3.351458311080932617e-01
4.176250100135803223e-02 2.605246603488922119e-01 8.082550168037414551e-01 7.088400125503540039e-01 9.726099669933319092e-02 8.720312118530273438e-01 5.954156517982482910e-01 5.736035760492086411e-03 3.374393284320831299e-01 9.109134078025817871e-01 7.234180569648742676e-01 5.092211812734603882e-02 3.850352168083190918e-01 4.720713496208190918e-01
2.522799968719482422e-01 6.224631667137145996e-01 8.469499647617340088e-03 3.744035065174102783e-01 6.552180051803588867e-01 2.078589946031570435e-01 1.057523339986801147e-01 2.568155527114868164e-01 6.446551084518432617e-01 1.473450809717178345e-01 5.365299582481384277e-01 7.154011726379394531e-01 4.377739727497100830e-01 5.188487172126770020e-01
5.189650058746337891e-01 2.451331615447998047e-01 6.070244908332824707e-01 7.364624738693237305e-01 9.460164904594421387e-01 6.749446392059326172e-01 2.121790051460266113e-01 5.031639337539672852e-01 3.667523562908172607e-01 7.316121459007263184e-01 6.372144222259521484e-01 8.747099041938781738e-01 5.636913776397705078e-01 3.171885013580322266e-01
6.259425282478332520e-01 3.014331758022308350e-01 1.485912501811981201e-01 4.580957591533660889e-01 7.705637216567993164e-01 8.267338275909423828e-01 2.553633451461791992e-01 5.890781283378601074e-01 5.206972360610961914e-01 2.926298975944519043e-01 3.403777182102203369e-01 7.148435711860656738e-01 5.427334904670715332e-01 5.638893842697143555e-01
7.612250000238418579e-02 6.363673210144042969e-01 3.854382634162902832e-01 1.954012513160705566e-01 8.093104958534240723e-01 5.679041147232055664e-01 5.694033205509185791e-02 5.300882831215858459e-02 6.481910943984985352e-01 4.662010371685028076e-01 1.250797361135482788e-01 9.656540751457214355e-01 7.375388741493225098e-01 2.940033078193664551e-01
8.382124900817871094e-01 2.278251647949218750e-01 3.118360042572021484e-01 9.864724874496459961e-01 7.571529746055603027e-01 6.595295071601867676e-01 2.587586641311645508e-01 8.336708545684814453e-01 4.083662927150726318e-01 5.292892456054687500e-01 5.070964694023132324e-01 7.828596234321594238e-01 5.708130598068237305e-01 4.600035548210144043e-01
9.764050245285034180e-01 7.269231677055358887e-01 2.711445093154907227e-01 3.747839927673339844e-01 6.142227649688720703e-01 8.628149628639221191e-01 3.085440099239349365e-01 7.514989972114562988e-01 5.963808298110961914e-01 3.130647540092468262e-01 5.358206033706665039e-01 5.386832356452941895e-01 4.299231469631195068e-01 4.053553938865661621e-01
2.229599952697753906e-01 5.477301478385925293e-01 1.433512568473815918e-01 7.683675289154052734e-01 2.172455042600631714e-01 8.682365417480468750e-01 6.173650026321411133e-01 2.207211107015609741e-01 5.460907220840454102e-01 1.662307679653167725e-01 4.902999699115753174e-01 2.714882194995880127e-01 5.866476893424987793e-01 6.988932490348815918e-01
1.987649947404861450e-01 2.743841707706451416e-01 9.119752645492553711e-01 9.380350112915039062e-01 6.959974765777587891e-01 3.948940336704254150e-01 7.560707330703735352e-01 1.009426116943359375e-01 2.161160558462142944e-01 8.394647240638732910e-01 8.959081768989562988e-01 6.666001081466674805e-01 3.779962956905364990e-01 5.744413137435913086e-01
8.557350039482116699e-01 3.413478434085845947e-01 6.399185061454772949e-01 4.771282374858856201e-01 2.543214857578277588e-01 6.311722993850708008e-01 6.887222528457641602e-01 8.846553564071655273e-01 3.795052468776702881e-01 6.259173154830932617e-01 5.416209697723388672e-01 2.474366724491119385e-01 4.457712471485137939e-01 4.424709081649780273e-01
7.788749933242797852e-01 1.939969956874847412e-01 7.486305236816406250e-01 8.033400028944015503e-02 7.285297513008117676e-01 6.470609307289123535e-01 3.644200041890144348e-02 7.144175767898559570e-01 3.841671645641326904e-01 5.792978405952453613e-01 4.118312895298004150e-01 7.308697104454040527e-01 5.721051692962646484e-01 4.558328390121459961e-01
1.945874989032745361e-01 6.939941644668579102e-01 4.014810025691986084e-01 1.812302470207214355e-01 1.896084994077682495e-01 7.000187039375305176e-01 7.596010565757751465e-01 2.029697000980377197e-01 5.152978301048278809e-01 3.429370522499084473e-01 3.345564901828765869e-01 2.134200930595397949e-01 6.123726963996887207e-01 5.990531444549560547e-01
2.044575065374374390e-01 6.246816515922546387e-01 3.054497539997100830e-01 6.257774829864501953e-01 8.180882334709167480e-01 8.765958249568939209e-02 9.826537370681762695e-01 2.806954979896545410e-01 5.618524551391601562e-01 3.485050797462463379e-01 6.131426095962524414e-01 6.205661892890930176e-01 4.228071868419647217e-01 5.438780188560485840e-01
2.817200124263763428e-01 2.428318262100219727e-01 6.349735260009765625e-01 5.497174859046936035e-01 5.123487710952758789e-01 2.889033406972885132e-02 4.576143324375152588e-01 3.235476613044738770e-01 3.118547797203063965e-01 7.122837901115417480e-01 5.957834720611572266e-01 4.980129599571228027e-01 4.492885470390319824e-01 4.487066566944122314e-01
9.969300031661987305e-01 1.853153407573699951e-01 5.946162343025207520e-01 3.194234967231750488e-01 6.363099813461303711e-02 1.232825219631195068e-01 3.152573406696319580e-01 9.337835311889648438e-01 1.269319802522659302e-01 7.930946350097656250e-01 7.264661192893981934e-01 8.020187169313430786e-02 4.506737589836120605e-01 7.197489142417907715e-01
2.172224968671798706e-01 5.670261383056640625e-01 8.740835189819335938e-01 9.835324883460998535e-01 9.697797298431396484e-01 9.299288988113403320e-01 4.750596582889556885e-01 9.208818525075912476e-02 5.094158649444580078e-01 8.344597220420837402e-01 8.083612322807312012e-01 9.758291840553283691e-01 5.406302213668823242e-01 2.651423215866088867e-01
4.052499774843454361e-03 4.715193212032318115e-01 8.828007578849792480e-01 7.200124859809875488e-01 7.454494833946228027e-01 2.316546440124511719e-01 9.594941139221191406e-01 2.081787679344415665e-03 5.504059791564941406e-01 9.139872789382934570e-01 9.043514728546142578e-01 6.796615123748779297e-01 3.010683059692382812e-01 5.373334288597106934e-01
6.271250247955322266e-01 1.996716707944869995e-01 8.539312481880187988e-01 7.863399982452392578e-01 3.019177615642547607e-01 6.361659765243530273e-01 9.492045044898986816e-01 6.746085882186889648e-01 1.734174042940139771e-01 7.174760103225708008e-01 7.323592901229858398e-01 2.221591770648956299e-01 4.269340634346008301e-01 6.344265937805175781e-01
7.809500098228454590e-01 5.252936482429504395e-01 8.591882586479187012e-01 8.087325096130371094e-01 9.970407485961914062e-01 2.341383844614028931e-01 6.756131649017333984e-01 7.005739212036132812e-01 6.257373690605163574e-01 6.238132119178771973e-01 9.028469920158386230e-01 8.812762498855590820e-01 2.754135727882385254e-01 3.671316802501678467e-01
5.113499760627746582e-01 2.378431707620620728e-01 3.455624878406524658e-01 2.148524969816207886e-01 8.313295245170593262e-01 2.577446401119232178e-01 6.638646721839904785e-01 5.927247405052185059e-01 4.260641634464263916e-01 4.551426172256469727e-01 3.882219493389129639e-01 7.659038901329040527e-01 5.536297559738159180e-01 5.949483513832092285e-01
7.883725166320800781e-01 6.593629717826843262e-01 8.596755266189575195e-01 2.987412512302398682e-01 7.223179936408996582e-01 4.795535206794738770e-01 9.717208743095397949e-01 7.536255717277526855e-01 4.981649219989776611e-01 3.863669037818908691e-01 4.870349466800689697e-01 6.186635494232177734e-01 4.914401471614837646e-01 5.209110975265502930e-01
2.698175013065338135e-01 6.942576766014099121e-01 1.674434989690780640e-01 8.185899853706359863e-01 2.747847437858581543e-01 5.642480850219726562e-01 1.363613307476043701e-01 3.075782060623168945e-01 5.725679397583007812e-01 1.509891897439956665e-01 5.613404512405395508e-01 4.258509576320648193e-01 4.951351881027221680e-01 6.453992724418640137e-01
3.520975112915039062e-01 3.082848191261291504e-01 7.619307637214660645e-01 2.474567443132400513e-01 8.176295161247253418e-01 9.469219446182250977e-01 7.358211278915405273e-01 3.513073325157165527e-01 3.767710328102111816e-01 5.965031385421752930e-01 4.527602493762969971e-01 7.468024492263793945e-01 5.536900758743286133e-01 5.492037534713745117e-01
6.403974890708923340e-01 1.812776625156402588e-01 7.186290025711059570e-01 1.826110035181045532e-01 9.235674738883972168e-01 1.713234335184097290e-01 7.629056572914123535e-01 5.261657238006591797e-01 4.363621175289154053e-01 6.353648900985717773e-01 6.249385476112365723e-01 7.366382479667663574e-01 4.638310372829437256e-01 3.482341468334197998e-01
4.601399898529052734e-01 4.738574922084808350e-01 6.792887449264526367e-01 2.801632583141326904e-01 7.813665270805358887e-01 9.392333030700683594e-02 8.295833319425582886e-02 5.705112814903259277e-01 5.098907351493835449e-01 3.982897102832794189e-01 4.514983296394348145e-01 7.450265288352966309e-01 4.962181150913238525e-01 4.786338210105895996e-01
1.074424982070922852e-01 3.771494925022125244e-01 7.191944718360900879e-01 7.471150159835815430e-01 2.170749939978122711e-02 7.507810741662979126e-02 2.692546546459197998e-01 1.251242905855178833e-01 3.314600288867950439e-01 7.047859430313110352e-01 5.503242611885070801e-01 5.206855386495590210e-02 3.998464643955230713e-01 4.746520817279815674e-01
3.660899996757507324e-01 2.527939975261688232e-01 7.037402391433715820e-01 5.978599786758422852e-01 6.748697757720947266e-01 7.463386654853820801e-01 2.581023275852203369e-01 3.160853087902069092e-01 3.373931348323822021e-01 7.134130001068115234e-01 6.722747683525085449e-01 6.708487272262573242e-01 4.590655267238616943e-01 3.640698492527008057e-01
4.109925031661987305e-01 6.649144887924194336e-01 8.350780010223388672e-01 9.475824832916259766e-01 4.614642560482025146e-01 5.095159411430358887e-01 3.747733309864997864e-02 4.308005273342132568e-01 5.623713135719299316e-01 5.378129482269287109e-01 7.805927991867065430e-01 5.845458507537841797e-01 2.679102718830108643e-01 4.002443552017211914e-01
4.019599854946136475e-01 4.681201577186584473e-01 5.185887217521667480e-01 3.967222571372985840e-01 2.856342494487762451e-01 2.351643443107604980e-01 5.484333261847496033e-02 4.783578217029571533e-01 5.015810132026672363e-01 4.959449470043182373e-01 5.610754489898681641e-01 3.307087719440460205e-01 3.585499823093414307e-01 3.488974869251251221e-01
7.619249820709228516e-01 5.623946785926818848e-01 7.566737532615661621e-01 5.573624968528747559e-01 1.388995051383972168e-01 9.981855750083923340e-01 3.868726789951324463e-01 9.034986495971679688e-01 3.663960397243499756e-01 5.991258025169372559e-01 5.191140770912170410e-01 1.829652041196823120e-01 4.600783288478851318e-01 5.004533529281616211e-01
1.083974987268447876e-01 7.824605107307434082e-01 1.283230036497116089e-01 8.469774723052978516e-01 7.821302413940429688e-01 9.846647381782531738e-01 3.239319920539855957e-01 2.135896123945713043e-02 7.774766087532043457e-01 5.413879081606864929e-02 2.411597818136215210e-01 8.813740611076354980e-01 7.793565392494201660e-01 2.616794109344482422e-01
1.284125000238418579e-01 1.719155013561248779e-01 5.350260138511657715e-01 2.646502554416656494e-01 8.763049840927124023e-01 5.629256367683410645e-01 3.499099984765052795e-02 6.509721279144287109e-02 3.478260934352874756e-01 8.378509283065795898e-01 3.897610008716583252e-01 8.741537332534790039e-01 6.265821456909179688e-01 3.264442682266235352e-01
3.401150107383728027e-01 4.098608195781707764e-01 8.265535235404968262e-01 2.340075001120567322e-02 8.499457240104675293e-01 5.403444170951843262e-01 9.904894232749938965e-01 3.802252113819122314e-01 3.867764770984649658e-01 5.617037415504455566e-01 2.751616835594177246e-01 6.499047875404357910e-01 5.887749791145324707e-01 6.510395407676696777e-01
3.882024884223937988e-01 2.249021679162979126e-01 6.726797223091125488e-01 9.212700128555297852e-01 6.600842475891113281e-01 5.994726419448852539e-01 2.185086607933044434e-01 2.701035737991333008e-01 2.564536333084106445e-01 7.728112936019897461e-01 8.357723951339721680e-01 6.642193794250488281e-01 3.958066105842590332e-01 4.403923749923706055e-01
9.908249974250793457e-02 3.643186688423156738e-01 3.800162374973297119e-01 4.586944878101348877e-01 9.990582466125488281e-01 2.283266633749008179e-01 8.083066344261169434e-02 6.255260854959487915e-02 5.621947050094604492e-01 7.061240077018737793e-01 3.962458074092864990e-01 9.711599946022033691e-01 6.600517630577087402e-01 2.758268117904663086e-01
1.802050024271011353e-01 4.150078296661376953e-01 3.737749904394149780e-02 1.352314949035644531e-01 7.568194866180419922e-01 6.386690586805343628e-02 7.936084270477294922e-01 3.044218122959136963e-01 5.684762001037597656e-01 2.446817904710769653e-01 3.337709605693817139e-01 6.385278701782226562e-01 5.482876300811767578e-01 5.094406008720397949e-01
8.034999668598175049e-02 8.062493205070495605e-01 4.360064864158630371e-01 7.908400297164916992e-01 3.615710139274597168e-01 4.221536219120025635e-01 8.304058909416198730e-01 5.260086804628372192e-02 6.390219926834106445e-01 4.535382091999053955e-01 7.857479453086853027e-01 5.298222303390502930e-01 3.424860537052154541e-01 6.275692582130432129e-01
3.915224969387054443e-01 4.399886727333068848e-01 3.655945062637329102e-01 6.860575079917907715e-01 7.004935145378112793e-01 8.386942744255065918e-02 3.685076534748077393e-01 4.185691475868225098e-01 5.463600754737854004e-01 5.623660683631896973e-01 6.705648303031921387e-01 6.399511694908142090e-01 3.378054797649383545e-01 3.685656189918518066e-01
4.182874858379364014e-01 4.612033367156982422e-01 7.349099963903427124e-02 7.383800148963928223e-01 1.558504998683929443e-01 5.213742256164550781e-01 8.444640040397644043e-01 4.303160309791564941e-01 5.356295704841613770e-01 1.875526607036590576e-01 5.873091220855712891e-01 1.486706584692001343e-01 4.089242219924926758e-01 5.215612649917602539e-01
9.314125180244445801e-01 2.637443244457244873e-01 5.814767479896545410e-01 2.277624979615211487e-02 8.870834708213806152e-01 3.887223303318023682e-01 6.581820249557495117e-01 7.877076864242553711e-01 3.563327193260192871e-01 5.493622422218322754e-01 3.509932458400726318e-01 8.298103213310241699e-01 6.183146238327026367e-01 5.782682299613952637e-01
1.640650033950805664e-01 2.728306651115417480e-01 5.832762718200683594e-01 5.042325258255004883e-01 4.812425076961517334e-01 8.335813879966735840e-02 5.751573443412780762e-01 2.251189947128295898e-01 4.261235296726226807e-01 6.954476833343505859e-01 6.099255681037902832e-01 4.356867969036102295e-01 3.845292329788208008e-01 3.772179186344146729e-01
1.374125033617019653e-01 5.233963131904602051e-01 5.068612694740295410e-01 4.987154901027679443e-01 1.879700087010860443e-02 5.285377502441406250e-01 6.129043102264404297e-01 1.618273705244064331e-01 4.570607542991638184e-01 5.256512761116027832e-01 4.876216053962707520e-01 8.173081278800964355e-02 4.668349325656890869e-01 4.680054187774658203e-01
1.979175060987472534e-01 6.752796769142150879e-01 4.547674953937530518e-02 7.874624729156494141e-01 5.690722465515136719e-01 2.273631244897842407e-01 9.522694349288940430e-01 1.712445020675659180e-01 6.971404552459716797e-01 7.884395867586135864e-02 8.441019058227539062e-01 5.718322992324829102e-01 3.119142949581146240e-01 6.759435534477233887e-01
4.364775121212005615e-01 5.137766599655151367e-01 9.151265025138854980e-01 7.698475122451782227e-01 8.470377326011657715e-01 1.177074760198593140e-01 1.468826681375503540e-01 3.821003437042236328e-01 4.898389577865600586e-01 7.219585776329040527e-01 8.641480207443237305e-01 8.607458472251892090e-01 3.558011651039123535e-01 3.436121046543121338e-01
1.999824941158294678e-01 4.529278278350830078e-01 1.536564975976943970e-01 5.150550007820129395e-01 2.908100001513957977e-02 4.583289027214050293e-01 5.162556767463684082e-01 2.676910459995269775e-01 4.862786233425140381e-01 3.135199248790740967e-01 5.640288591384887695e-01 8.876419812440872192e-02 4.548660516738891602e-01 5.494701862335205078e-01
1.445074975490570068e-01 4.729340076446533203e-01 7.897175103425979614e-02 8.761600255966186523e-01 3.548862636089324951e-01 5.823444724082946777e-01 3.159376680850982666e-01 1.550446599721908569e-01 5.873476266860961914e-01 1.610913276672363281e-01 7.114515304565429688e-01 4.505121409893035889e-01 4.456535577774047852e-01 7.169058322906494141e-01
1.477124989032745361e-01 7.612910270690917969e-01 7.669077515602111816e-01 8.615375310182571411e-02 2.658597528934478760e-01 6.681354641914367676e-01 5.808043479919433594e-01 1.633017361164093018e-01 5.018824338912963867e-01 5.784835219383239746e-01 3.140070736408233643e-01 2.977931797504425049e-01 5.483465194702148438e-01 4.781512022018432617e-01
