6.127499938011169434e-01 5.501666665077209473e-01 9.612500071525573730e-01 7.837499976158142090e-01 5.824999883770942688e-02 6.387500166893005371e-01 7.130866050720214844e-01 4.277872145175933838e-01 7.154731750488281250e-01 6.730907559394836426e-01 9.894143790006637573e-02 5.844091773033142090e-01
4.362500011920928955e-01 7.868333458900451660e-01 7.212499976158142090e-01 8.757500052452087402e-01 8.637499809265136719e-01 6.962500214576721191e-01 4.528261423110961914e-01 5.524165630340576172e-01 3.691963255405426025e-01 8.079118132591247559e-01 8.868283629417419434e-01 4.498903155326843262e-01
8.992499709129333496e-01 6.918333172798156738e-01 2.242500036954879761e-01 5.402500033378601074e-01 2.182500064373016357e-01 5.622500181198120117e-01 8.904948234558105469e-01 5.696747303009033203e-01 4.253110885620117188e-01 2.965497374534606934e-01 2.149891853332519531e-01 4.929106533527374268e-01
1.157499998807907104e-01 3.418333232402801514e-01 9.507499933242797852e-01 1.417499929666519165e-01 6.342499852180480957e-01 7.857499718666076660e-01 1.553176343441009521e-01 2.822617590427398682e-01 6.097630858421325684e-01 3.244459927082061768e-01 6.583915948867797852e-01 6.628791689872741699e-01
6.312500238418579102e-01 1.851666718721389771e-01 3.242500126361846924e-01 8.372499942779541016e-01 1.187499985098838806e-01 1.537500023841857910e-01 6.610196232795715332e-01 4.585275352001190186e-01 6.482063531875610352e-01 6.876739263534545898e-01 1.071150824427604675e-01 6.098154783248901367e-01
2.682499885559082031e-01 6.144999861717224121e-01 6.832500100135803223e-01 5.902500152587890625e-01 2.842499911785125732e-01 2.822499871253967285e-01 3.052889108657836914e-01 5.325210690498352051e-01 5.372898578643798828e-01 6.834236979484558105e-01 3.016306459903717041e-01 3.493111729621887207e-01
2.187500000000000000e-01 7.838333249092102051e-01 6.067500114440917969e-01 7.847499847412109375e-01 3.152500092983245850e-01 5.562499761581420898e-01 2.290208786725997925e-01 6.072993278503417969e-01 4.584521949291229248e-01 7.506267428398132324e-01 3.605444133281707764e-01 3.622236251831054688e-01
5.347499847412109375e-01 3.081666529178619385e-01 6.502500176429748535e-01 5.077499747276306152e-01 1.327500045299530029e-01 9.724999964237213135e-02 6.402780413627624512e-01 4.343348741531372070e-01 6.197891235351562500e-01 4.755448997020721436e-01 1.409764438867568970e-01 5.579323768615722656e-01
8.632500171661376953e-01 4.165000021457672119e-01 4.027499854564666748e-01 8.617500066757202148e-01 4.562500119209289551e-01 8.847500085830688477e-01 8.549456596374511719e-01 5.863804221153259277e-01 6.145327687263488770e-01 6.496020555496215820e-01 4.405147135257720947e-01 5.142872929573059082e-01
2.442499995231628418e-01 7.541666626930236816e-01 1.702499985694885254e-01 4.425000026822090149e-02 8.027499914169311523e-01 6.592500209808349609e-01 1.818407922983169556e-01 5.786883831024169922e-01 9.490722417831420898e-02 2.168254703283309937e-01 8.083306550979614258e-01 6.948358416557312012e-01
3.392499983310699463e-01 6.681666374206542969e-01 5.567499995231628418e-01 6.827499866485595703e-01 6.324999779462814331e-02 8.557500243186950684e-01 4.017260372638702393e-01 5.155012011528015137e-01 5.347818732261657715e-01 5.194113850593566895e-01 6.326826661825180054e-02 6.562543511390686035e-01
6.617500185966491699e-01 2.601666748523712158e-01 5.052499771118164062e-01 2.247499972581863403e-01 5.792499780654907227e-01 4.542500078678131104e-01 5.905396938323974609e-01 3.691080510616302490e-01 5.939942598342895508e-01 4.297974109649658203e-01 5.586610436439514160e-01 4.776983261108398438e-01
3.627499938011169434e-01 5.935000181198120117e-01 5.862500071525573730e-01 1.075000036507844925e-02 5.074999853968620300e-02 5.107499957084655762e-01 3.540589511394500732e-01 5.104543566703796387e-01 5.069259405136108398e-01 1.151134744286537170e-01 8.238719403743743896e-02 6.207584142684936523e-01
3.217499852180480957e-01 3.901666700839996338e-01 2.992500066757202148e-01 8.887500166893005371e-01 8.942499756813049316e-01 6.607499718666076660e-01 3.283142745494842529e-01 4.167096316814422607e-01 5.132235884666442871e-01 6.963348984718322754e-01 8.763219714164733887e-01 6.070107221603393555e-01
6.062499880790710449e-01 4.608333408832550049e-01 9.107499718666076660e-01 3.367500007152557373e-01 6.172500252723693848e-01 9.127500057220458984e-01 6.397011876106262207e-01 4.697672724723815918e-01 5.372318029403686523e-01 5.308054685592651367e-01 6.267099380493164062e-01 6.517917513847351074e-01
7.007499933242797852e-01 2.828333377838134766e-01 3.007499873638153076e-01 1.912499964237213135e-01 1.642500013113021851e-01 4.825000092387199402e-02 7.215904593467712402e-01 4.487321674823760986e-01 5.224236249923706055e-01 2.328638434410095215e-01 1.485182791948318481e-01 4.026651084423065186e-01
2.417500019073486328e-01 2.541666626930236816e-01 2.197500020265579224e-01 6.497499942779541016e-01 5.417500138282775879e-01 9.632499814033508301e-01 2.760916054248809814e-01 3.480841517448425293e-01 2.019321471452713013e-01 5.508664250373840332e-01 5.237952470779418945e-01 7.797487378120422363e-01
5.367500185966491699e-01 6.115000247955322266e-01 4.712499976158142090e-01 8.387500047683715820e-01 2.482499927282333374e-01 9.402499794960021973e-01 4.800725877285003662e-01 5.114064216613769531e-01 5.094552636146545410e-01 7.608131766319274902e-01 2.445760071277618408e-01 5.599979758262634277e-01
9.572499990463256836e-01 2.585000097751617432e-01 7.447500228881835938e-01 9.007499814033508301e-01 1.324999984353780746e-02 6.362500190734863281e-01 8.339427709579467773e-01 3.486481904983520508e-01 9.049720168113708496e-01 9.480860829353332520e-01 6.297279149293899536e-02 4.907462894916534424e-01
2.932499945163726807e-01 3.311666548252105713e-01 1.082499995827674866e-01 9.267500042915344238e-01 8.247500061988830566e-01 5.702499747276306152e-01 2.638978958129882812e-01 5.013897418975830078e-01 2.646192312240600586e-01 8.905395269393920898e-01 7.864941358566284180e-01 5.671151280403137207e-01
2.982499897480010986e-01 6.458333134651184082e-01 7.452499866485595703e-01 7.157499790191650391e-01 2.657499909400939941e-01 1.174999959766864777e-02 3.360171020030975342e-01 6.260378360748291016e-01 7.292715311050415039e-01 6.141256093978881836e-01 2.509121000766754150e-01 2.501545846462249756e-01
2.467499971389770508e-01 5.404999852180480957e-01 7.572500109672546387e-01 7.272499799728393555e-01 9.002500176429748535e-01 4.582499861717224121e-01 3.052849471569061279e-01 3.729404807090759277e-01 6.624054312705993652e-01 6.293390989303588867e-01 9.038313627243041992e-01 6.155477166175842285e-01
1.022500023245811462e-01 8.068333268165588379e-01 9.697499871253967285e-01 3.092499971389770508e-01 4.842500090599060059e-01 7.692499756813049316e-01 1.265302598476409912e-01 5.163964033126831055e-01 6.323395967483520508e-01 3.436170518398284912e-01 6.399297118186950684e-01 6.684995889663696289e-01
5.687500238418579102e-01 6.238333582878112793e-01 3.957499861717224121e-01 7.152500152587890625e-01 8.249999955296516418e-03 9.342499971389770508e-01 5.666286349296569824e-01 5.505068302154541016e-01 3.303817212581634521e-01 7.098332047462463379e-01 4.406413063406944275e-02 7.039522528648376465e-01
6.575000286102294922e-02 3.571666777133941650e-01 3.947499990463256836e-01 3.837499916553497314e-01 2.274999953806400299e-02 3.272500038146972656e-01 4.470157250761985779e-02 3.962167799472808838e-01 7.049124240875244141e-01 3.638082444667816162e-01 2.649276703596115112e-02 4.215379953384399414e-01
5.927500128746032715e-01 6.478333473205566406e-01 2.462500035762786865e-01 9.087499976158142090e-01 7.032499909400939941e-01 1.987500041723251343e-01 5.910788178443908691e-01 5.739842057228088379e-01 4.256943166255950928e-01 7.285004258155822754e-01 7.333601117134094238e-01 4.509637355804443359e-01
8.824999630451202393e-02 5.034999847412109375e-01 5.457500219345092773e-01 1.502500027418136597e-01 5.422499775886535645e-01 8.224999904632568359e-02 1.319086253643035889e-01 4.864749014377593994e-01 6.382725238800048828e-01 1.635123640298843384e-01 4.786213040351867676e-01 3.224509060382843018e-01
8.047500252723693848e-01 4.308333396911621094e-01 6.127499938011169434e-01 6.982499957084655762e-01 4.712499976158142090e-01 3.132500052452087402e-01 7.761620879173278809e-01 5.254232883453369141e-01 7.183247804641723633e-01 7.543515563011169434e-01 4.683407247066497803e-01 5.300219058990478516e-01
1.282500028610229492e-01 2.711666524410247803e-01 1.292500048875808716e-01 4.867500066757202148e-01 2.427500039339065552e-01 5.177500247955322266e-01 1.843674927949905396e-01 4.248283505439758301e-01 2.760796248912811279e-01 3.639143109321594238e-01 1.673672646284103394e-01 6.882001757621765137e-01
1.702499985694885254e-01 7.588333487510681152e-01 7.137500047683715820e-01 9.262499809265136719e-01 2.897500097751617432e-01 5.612499713897705078e-01 1.531834304332733154e-01 6.662426590919494629e-01 6.082036495208740234e-01 8.460497856140136719e-01 3.331195414066314697e-01 3.011119961738586426e-01
2.307499945163726807e-01 5.914999842643737793e-01 2.087499946355819702e-01 6.362500190734863281e-01 1.122500002384185791e-01 9.372500181198120117e-01 1.965215653181076050e-01 5.346038341522216797e-01 1.454353034496307373e-01 3.875926434993743896e-01 1.050430759787559509e-01 6.697724461555480957e-01
5.947499871253967285e-01 3.871666789054870605e-01 6.367499828338623047e-01 1.482499986886978149e-01 9.607499837875366211e-01 3.517499864101409912e-01 6.386426091194152832e-01 3.704962730407714844e-01 4.696077108383178711e-01 3.286179602146148682e-01 9.163246750831604004e-01 4.975842237472534180e-01
3.962500095367431641e-01 2.495000064373016357e-01 3.642500042915344238e-01 1.642500013113021851e-01 3.787499964237213135e-01 9.657499790191650391e-01 3.655635118484497070e-01 5.015761256217956543e-01 4.987862408161163330e-01 1.059874072670936584e-01 3.389703035354614258e-01 5.358850359916687012e-01
9.802500009536743164e-01 5.631666779518127441e-01 7.392500042915344238e-01 2.292499989271163940e-01 2.577500045299530029e-01 8.552500009536743164e-01 8.664656281471252441e-01 5.257939100265502930e-01 6.290518641471862793e-01 4.300328195095062256e-01 2.838202714920043945e-01 6.122292876243591309e-01
6.475000083446502686e-02 7.858333587646484375e-01 6.872500181198120117e-01 5.007500052452087402e-01 1.249999972060322762e-03 1.457500010728836060e-01 2.804292179644107819e-02 7.528074979782104492e-01 7.967997193336486816e-01 4.070144891738891602e-01 4.828763753175735474e-02 9.724533557891845703e-02
4.502499997615814209e-01 3.651666641235351562e-01 1.962500065565109253e-01 9.617499709129333496e-01 3.312500119209289551e-01 5.074999853968620300e-02 5.281226038932800293e-01 5.587523579597473145e-01 4.378536045551300049e-01 8.067191839218139648e-01 3.122195601463317871e-01 5.724698305130004883e-01
8.052499890327453613e-01 5.931666493415832520e-01 6.174999848008155823e-02 9.624999761581420898e-02 2.807500064373016357e-01 6.317499876022338867e-01 7.773429751396179199e-01 6.054567694664001465e-01 1.439490169286727905e-01 7.419496029615402222e-02 2.941407263278961182e-01 6.311161518096923828e-01
7.932500243186950684e-01 4.811666607856750488e-01 5.324999988079071045e-02 2.942500114440917969e-01 4.142499864101409912e-01 6.072499752044677734e-01 6.696765422821044922e-01 5.402153730392456055e-01 2.061189562082290649e-01 3.075335621833801270e-01 3.743371367454528809e-01 4.669369757175445557e-01
6.662499904632568359e-01 7.758333086967468262e-01 3.577499985694885254e-01 3.962500095367431641e-01 9.757500290870666504e-01 6.724999845027923584e-02 7.624108195304870605e-01 4.877410829067230225e-01 3.494542837142944336e-01 3.560324907302856445e-01 9.414843916893005371e-01 4.989861547946929932e-01
2.777499854564666748e-01 3.585000038146972656e-01 7.175000011920928955e-02 6.442499756813049316e-01 2.132499963045120239e-01 5.782499909400939941e-01 3.380975723266601562e-01 5.174481868743896484e-01 2.021767944097518921e-01 5.238846540451049805e-01 1.327199786901473999e-01 7.737501859664916992e-01
8.987500071525573730e-01 6.611666679382324219e-01 6.197500228881835938e-01 1.842499971389770508e-01 5.887500047683715820e-01 6.542500257492065430e-01 8.689199686050415039e-01 4.403880238533020020e-01 5.399698019027709961e-01 2.055818885564804077e-01 6.059126853942871094e-01 4.820799827575683594e-01
5.462499856948852539e-01 3.104999959468841553e-01 6.507499814033508301e-01 9.782500267028808594e-01 6.487500071525573730e-01 3.237499892711639404e-01 5.124183893203735352e-01 2.734927237033843994e-01 8.346644639968872070e-01 8.565673232078552246e-01 6.749244928359985352e-01 5.623105168342590332e-01
2.072499990463256836e-01 2.894999980926513672e-01 9.637500047683715820e-01 1.992499977350234985e-01 4.207499921321868896e-01 4.492500126361846924e-01 2.218735814094543457e-01 3.477066457271575928e-01 7.919807434082031250e-01 2.274700254201889038e-01 3.791630268096923828e-01 3.971447050571441650e-01
4.282500147819519043e-01 3.445000052452087402e-01 5.507500171661376953e-01 2.802500128746032715e-01 4.942499995231628418e-01 1.247500032186508179e-01 3.761939406394958496e-01 4.859066009521484375e-01 7.349988222122192383e-01 3.862319886684417725e-01 4.393622875213623047e-01 2.011289894580841064e-01
3.250000067055225372e-03 4.805000126361846924e-01 1.487500071525573730e-01 1.922499984502792358e-01 4.637500047683715820e-01 5.682500004768371582e-01 5.960724130272865295e-02 5.167901515960693359e-01 6.381467729806900024e-02 1.312153935432434082e-01 4.696685373783111572e-01 6.558335423469543457e-01
3.252499997615814209e-01 4.561666548252105713e-01 1.977500021457672119e-01 6.562500000000000000e-01 9.332500100135803223e-01 1.317500025033950806e-01 3.197019696235656738e-01 4.982150495052337646e-01 3.930203616619110107e-01 7.184150815010070801e-01 8.922196626663208008e-01 4.838019311428070068e-01
1.202500015497207642e-01 8.321666717529296875e-01 1.652500033378601074e-01 6.387500166893005371e-01 8.262500166893005371e-01 9.527500271797180176e-01 3.552638739347457886e-02 4.852257370948791504e-01 3.991532698273658752e-02 2.384241372346878052e-01 9.334170818328857422e-01 8.317494988441467285e-01
8.447499871253967285e-01 2.988333404064178467e-01 8.102499842643737793e-01 6.952499747276306152e-01 8.407499790191650391e-01 5.542500019073486328e-01 8.341550827026367188e-01 4.010111093521118164e-01 7.687361240386962891e-01 8.227173686027526855e-01 8.296470642089843750e-01 4.234732687473297119e-01
6.772500276565551758e-01 3.501666784286499023e-01 2.975000068545341492e-02 4.862500131130218506e-01 9.574999660253524780e-02 7.157499790191650391e-01 6.236697435379028320e-01 5.080456137657165527e-01 2.826564013957977295e-01 3.600560724735260010e-01 7.959191501140594482e-02 6.105098724365234375e-01
2.867499887943267822e-01 8.008333444595336914e-01 2.842499911785125732e-01 7.307500243186950684e-01 8.417500257492065430e-01 3.302499949932098389e-01 3.003716766834259033e-01 6.221306920051574707e-01 1.657693088054656982e-01 7.262021303176879883e-01 8.772318959236145020e-01 4.145230948925018311e-01
4.324999824166297913e-02 3.465000092983245850e-01 9.724999964237213135e-02 9.907500147819519043e-01 2.837499976158142090e-01 4.697499871253967285e-01 3.941572830080986023e-02 4.320181906223297119e-01 1.482421010732650757e-01 9.511995315551757812e-01 2.238115966320037842e-01 4.329416453838348389e-01
5.607500076293945312e-01 6.931666731834411621e-01 1.252499967813491821e-01 2.607499957084655762e-01 8.687499761581420898e-01 5.257499814033508301e-01 5.232061147689819336e-01 5.916879773139953613e-01 1.757221072912216187e-01 2.974698841571807861e-01 8.531520962715148926e-01 5.107227563858032227e-01
3.497500121593475342e-01 5.798333287239074707e-01 1.722500026226043701e-01 9.037500023841857910e-01 8.067499995231628418e-01 3.002499938011169434e-01 3.457649946212768555e-01 5.525545477867126465e-01 2.560545802116394043e-01 8.428706526756286621e-01 8.330870270729064941e-01 3.903612196445465088e-01
3.877499997615814209e-01 1.818333268165588379e-01 4.752500057220458984e-01 6.547499895095825195e-01 9.807500243186950684e-01 7.357500195503234863e-01 4.604192674160003662e-01 4.232819974422454834e-01 5.952453613281250000e-01 5.141386985778808594e-01 8.938779234886169434e-01 6.008404493331909180e-01
7.042499780654907227e-01 3.005000054836273193e-01 2.732500135898590088e-01 6.082500219345092773e-01 9.787499904632568359e-01 9.362499713897705078e-01 5.624580979347229004e-01 4.269578456878662109e-01 5.383737683296203613e-01 4.449980258941650391e-01 9.098755717277526855e-01 4.939305484294891357e-01
8.067499995231628418e-01 7.524999976158142090e-01 9.367499947547912598e-01 5.612499713897705078e-01 4.272499978542327881e-01 8.757500052452087402e-01 8.307391405105590820e-01 4.670816957950592041e-01 7.521866559982299805e-01 4.228316247463226318e-01 4.762826263904571533e-01 6.645721793174743652e-01
2.667500078678131104e-01 7.311666607856750488e-01 7.667499780654907227e-01 8.824999630451202393e-02 7.012500166893005371e-01 8.267499804496765137e-01 3.055943250656127930e-01 5.512424707412719727e-01 5.020539164543151855e-01 1.717810928821563721e-01 7.260566949844360352e-01 6.168771982192993164e-01
2.197500020265579224e-01 8.058333396911621094e-01 8.257499933242797852e-01 1.467500030994415283e-01 1.357499957084655762e-01 1.152499988675117493e-01 2.363995611667633057e-01 6.702998876571655273e-01 7.158803343772888184e-01 7.435187697410583496e-02 1.669243723154067993e-01 3.321248292922973633e-01
1.167500019073486328e-01 3.364999890327453613e-01 7.632499933242797852e-01 8.127499818801879883e-01 9.007499814033508301e-01 9.952499866485595703e-01 1.075874790549278259e-01 2.630919218063354492e-01 7.648491263389587402e-01 7.859925031661987305e-01 9.057560563087463379e-01 6.779735684394836426e-01
1.567499935626983643e-01 2.861666679382324219e-01 7.597500085830688477e-01 2.687500119209289551e-01 1.347499936819076538e-01 2.032500058412551880e-01 2.045567631721496582e-01 3.652835190296173096e-01 7.233290672302246094e-01 1.887587457895278931e-01 8.618935197591781616e-02 4.557558894157409668e-01
2.567499876022338867e-01 6.265000104904174805e-01 6.792500019073486328e-01 7.072499990463256836e-01 5.997499823570251465e-01 4.932500123977661133e-01 3.094145357608795166e-01 5.461276173591613770e-01 6.146290302276611328e-01 6.453988552093505859e-01 6.215243339538574219e-01 4.938062727451324463e-01
3.187499940395355225e-01 4.541666805744171143e-01 9.552500247955322266e-01 2.757500112056732178e-01 9.750000201165676117e-03 8.037499785423278809e-01 3.079333603382110596e-01 4.253818392753601074e-01 7.095145583152770996e-01 3.386767506599426270e-01 4.421383887529373169e-02 5.121201276779174805e-01
4.275000095367431641e-02 6.234999895095825195e-01 1.077499985694885254e-01 3.097499907016754150e-01 1.212500035762786865e-01 3.742499947547912598e-01 8.397392183542251587e-02 6.752792000770568848e-01 6.007416918873786926e-02 3.212335109710693359e-01 1.209721267223358154e-01 4.062419235706329346e-01
6.337500214576721191e-01 6.301666498184204102e-01 6.382499933242797852e-01 8.627499938011169434e-01 3.917500078678131104e-01 7.047500014305114746e-01 6.340967416763305664e-01 4.907634556293487549e-01 6.509394049644470215e-01 7.076044082641601562e-01 4.274397790431976318e-01 5.736030936241149902e-01
6.747499704360961914e-01 1.868333369493484497e-01 5.947499871253967285e-01 5.837500095367431641e-01 6.747499704360961914e-01 3.172500133514404297e-01 6.749971508979797363e-01 2.942416965961456299e-01 7.604430913925170898e-01 5.248492360115051270e-01 6.591271162033081055e-01 5.630750656127929688e-01
4.047499895095825195e-01 1.698333323001861572e-01 3.322499990463256836e-01 3.737500011920928955e-01 8.275000005960464478e-02 7.997499704360961914e-01 3.787925541400909424e-01 4.389772117137908936e-01 5.009741187095642090e-01 3.364826440811157227e-01 7.223277539014816284e-02 5.069879889488220215e-01
1.757500022649765015e-01 6.495000123977661133e-01 3.167499899864196777e-01 5.142499804496765137e-01 5.762500166893005371e-01 4.847500026226043701e-01 2.036974877119064331e-01 5.366645455360412598e-01 2.417728304862976074e-01 4.676304757595062256e-01 5.677634477615356445e-01 4.542893767356872559e-01
4.382500052452087402e-01 7.001666426658630371e-01 6.707500219345092773e-01 5.632500052452087402e-01 5.432500243186950684e-01 8.422499895095825195e-01 3.959170579910278320e-01 5.882944464683532715e-01 6.341633796691894531e-01 4.293430745601654053e-01 5.522474050521850586e-01 4.118515849113464355e-01
1.777500063180923462e-01 3.745000064373016357e-01 5.750000011175870895e-03 1.425000000745058060e-02 5.612499713897705078e-01 9.997500181198120117e-01 1.308795064687728882e-01 4.968095123767852783e-01 5.043783783912658691e-02 9.125836938619613647e-02 5.252177715301513672e-01 7.885363101959228516e-01
7.977499961853027344e-01 6.784999966621398926e-01 1.027500033378601074e-01 7.074999809265136719e-02 1.287499964237213135e-01 1.502500027418136597e-01 8.343893289566040039e-01 6.239076256752014160e-01 1.949656456708908081e-01 1.694761514663696289e-01 9.661813080310821533e-02 4.650389552116394043e-01
8.137500286102294922e-01 4.774999916553497314e-01 7.637500166893005371e-01 2.542499899864196777e-01 4.892500042915344238e-01 8.042500019073486328e-01 7.902191877365112305e-01 4.219512939453125000e-01 6.723191738128662109e-01 3.526614904403686523e-01 5.216541290283203125e-01 6.207677721977233887e-01
3.707500100135803223e-01 2.618333399295806885e-01 4.307500123977661133e-01 2.407499998807907104e-01 7.827500104904174805e-01 3.687500059604644775e-01 3.989361226558685303e-01 4.581759572029113770e-01 6.423553228378295898e-01 3.013834655284881592e-01 7.468255758285522461e-01 4.763656258583068848e-01
3.227500021457672119e-01 4.831666648387908936e-01 6.222500205039978027e-01 9.532499909400939941e-01 4.967499971389770508e-01 3.382500112056732178e-01 2.925546765327453613e-01 5.316269397735595703e-01 7.472220659255981445e-01 8.819843530654907227e-01 4.850211739540100098e-01 4.209328889846801758e-01
2.975000068545341492e-02 5.345000028610229492e-01 4.374999925494194031e-02 6.382499933242797852e-01 9.527500271797180176e-01 8.637499809265136719e-01 1.303636818192899227e-04 1.217411234974861145e-01 2.023074048338457942e-04 1.909386639908916550e-07 9.821159839630126953e-01 9.522539377212524414e-01
3.247500061988830566e-01 2.258333265781402588e-01 9.842500090599060059e-01 6.552500128746032715e-01 7.052500247955322266e-01 3.892500102519989014e-01 3.989909589290618896e-01 2.579849362373352051e-01 7.705375552177429199e-01 6.503372788429260254e-01 7.150471806526184082e-01 4.741465449333190918e-01
1.422500014305114746e-01 3.748333454132080078e-01 7.167500257492065430e-01 6.832500100135803223e-01 5.525000020861625671e-02 4.412499964237213135e-01 1.513352692127227783e-01 3.637140393257141113e-01 7.608547806739807129e-01 5.373708009719848633e-01 4.585373774170875549e-02 4.630318880081176758e-01
9.432500004768371582e-01 2.364999949932098389e-01 9.922500252723693848e-01 2.037499994039535522e-01 3.842499852180480957e-01 7.442499995231628418e-01 8.392639756202697754e-01 3.733629286289215088e-01 8.310758471488952637e-01 4.506152868270874023e-01 3.956231474876403809e-01 5.455985069274902344e-01
6.412500143051147461e-01 7.338333129882812500e-01 7.927500009536743164e-01 7.637500166893005371e-01 7.657499909400939941e-01 2.372500002384185791e-01 6.880033016204833984e-01 5.211601257324218750e-01 5.504491925239562988e-01 8.153392672538757324e-01 8.150151968002319336e-01 4.369026720523834229e-01
3.887499868869781494e-01 5.494999885559082031e-01 2.447499930858612061e-01 8.117499947547912598e-01 7.482500076293945312e-01 7.932500243186950684e-01 3.394737839698791504e-01 5.256369709968566895e-01 2.423067092895507812e-01 8.115032315254211426e-01 7.680607438087463379e-01 5.109000802040100098e-01
8.422499895095825195e-01 6.071666479110717773e-01 3.292500078678131104e-01 1.557500064373016357e-01 2.374999970197677612e-02 8.367499709129333496e-01 7.481802105903625488e-01 5.491362810134887695e-01 3.373521566390991211e-01 2.930323779582977295e-01 5.300432443618774414e-02 5.485728383064270020e-01
4.852499961853027344e-01 2.621666789054870605e-01 4.622499942779541016e-01 6.177499890327453613e-01 1.602499932050704956e-01 6.667500138282775879e-01 5.098623633384704590e-01 4.161703586578369141e-01 6.396251320838928223e-01 4.954661130905151367e-01 1.169886961579322815e-01 5.272430777549743652e-01
2.332500070333480835e-01 7.258333563804626465e-01 2.374999970197677612e-02 3.087500035762786865e-01 7.622500061988830566e-01 2.892499864101409912e-01 2.497190088033676147e-01 5.992601513862609863e-01 7.029595226049423218e-02 5.187698006629943848e-01 8.069787621498107910e-01 4.983857572078704834e-01
7.907500267028808594e-01 6.424999833106994629e-01 2.307499945163726807e-01 4.062500000000000000e-01 4.042499959468841553e-01 7.522500157356262207e-01 8.063246607780456543e-01 6.101505756378173828e-01 2.021424174308776855e-01 2.495747953653335571e-01 3.903555572032928467e-01 5.316498279571533203e-01
5.452499985694885254e-01 3.055000007152557373e-01 9.522500038146972656e-01 7.967500090599060059e-01 7.602499723434448242e-01 7.032499909400939941e-01 5.673106312751770020e-01 3.118993043899536133e-01 7.910511493682861328e-01 8.107146620750427246e-01 7.722351551055908203e-01 6.155308485031127930e-01
6.947500109672546387e-01 7.384999990463256836e-01 7.925000041723251343e-02 1.587499976158142090e-01 9.862499833106994629e-01 3.967500030994415283e-01 5.848019719123840332e-01 5.569939017295837402e-01 2.444209158420562744e-01 2.788725793361663818e-01 9.250937700271606445e-01 5.500133633613586426e-01
3.927499949932098389e-01 4.581666588783264160e-01 8.742499947547912598e-01 7.992500066757202148e-01 8.202499747276306152e-01 6.497499942779541016e-01 4.278895258903503418e-01 3.693412244319915771e-01 7.120867967605590820e-01 8.112497329711914062e-01 8.369561433792114258e-01 6.100737452507019043e-01
8.087499737739562988e-01 2.848333418369293213e-01 3.525000065565109253e-02 1.347499936819076538e-01 3.467499911785125732e-01 4.675000160932540894e-02 8.190364837646484375e-01 5.461576581001281738e-01 3.070129454135894775e-01 1.134245172142982483e-01 2.903207242488861084e-01 3.038578927516937256e-01
4.749999847263097763e-03 6.775000095367431641e-01 9.077500104904174805e-01 5.152500271797180176e-01 4.174999892711639404e-02 2.072499990463256836e-01 9.248576126992702484e-03 5.473752617835998535e-01 8.980546593666076660e-01 4.802017509937286377e-01 6.887450069189071655e-02 1.728963106870651245e-01
4.524999856948852539e-02 4.848333299160003662e-01 1.782499998807907104e-01 9.092500209808349609e-01 8.717499971389770508e-01 7.067499756813049316e-01 5.887022241950035095e-02 4.937872588634490967e-01 1.268566250801086426e-01 7.338482737541198730e-01 8.159018754959106445e-01 6.564546823501586914e-01
7.275000214576721191e-02 5.571666955947875977e-01 9.947500228881835938e-01 1.572500020265579224e-01 4.072499871253967285e-01 1.722500026226043701e-01 7.384308427572250366e-02 3.620822131633758545e-01 8.106247782707214355e-01 1.192122846841812134e-01 4.321558773517608643e-01 3.437212109565734863e-01
3.932499885559082031e-01 1.748333275318145752e-01 2.552500069141387939e-01 5.167499780654907227e-01 2.125000022351741791e-02 4.032500088214874268e-01 5.183408856391906738e-01 4.498312473297119141e-01 4.532810747623443604e-01 3.674656748771667480e-01 3.625669330358505249e-02 6.136133670806884766e-01
4.872500002384185791e-01 5.408333539962768555e-01 1.847500056028366089e-01 6.925000250339508057e-02 5.067499876022338867e-01 4.637500047683715820e-01 4.636025428771972656e-01 5.783427953720092773e-01 2.629107534885406494e-01 7.286154478788375854e-02 5.168651342391967773e-01 5.918313860893249512e-01
6.522499918937683105e-01 1.681666672229766846e-01 3.824999928474426270e-02 8.687499761581420898e-01 5.907499790191650391e-01 3.117499947547912598e-01 6.824079751968383789e-01 4.722487330436706543e-01 3.566361665725708008e-01 7.236716747283935547e-01 5.568522810935974121e-01 6.248187422752380371e-01
4.182499945163726807e-01 2.074999958276748657e-01 1.475000008940696716e-02 8.727499842643737793e-01 6.717500090599060059e-01 3.342500030994415283e-01 4.227540194988250732e-01 5.177794098854064941e-01 2.780840694904327393e-01 8.261398077011108398e-01 6.244533658027648926e-01 5.597139596939086914e-01
9.152500033378601074e-01 1.854999959468841553e-01 3.202500045299530029e-01 1.937499940395355225e-01 9.577500224113464355e-01 7.632499933242797852e-01 7.580599188804626465e-01 4.174925684928894043e-01 4.207918643951416016e-01 2.789045870304107666e-01 9.029106497764587402e-01 5.086758732795715332e-01
4.307500123977661133e-01 7.498333454132080078e-01 1.527500003576278687e-01 2.249999903142452240e-03 7.387499809265136719e-01 2.342499941587448120e-01 4.673999249935150146e-01 6.303167939186096191e-01 1.117685288190841675e-01 1.396210938692092896e-01 7.368848919868469238e-01 5.811034440994262695e-01
6.117500066757202148e-01 7.428333163261413574e-01 2.227499932050704956e-01 5.017499923706054688e-01 3.222500085830688477e-01 9.322500228881835938e-01 7.560207843780517578e-01 6.539325714111328125e-01 7.523076981306076050e-02 2.294993847608566284e-01 3.050747513771057129e-01 6.682406663894653320e-01
9.002500176429748535e-01 4.108333289623260498e-01 2.167499959468841553e-01 6.967499852180480957e-01 1.177499964833259583e-01 7.002500295639038086e-01 8.377295136451721191e-01 5.607403516769409180e-01 4.288830757141113281e-01 6.069876551628112793e-01 1.002028658986091614e-01 6.158857345581054688e-01
7.867500185966491699e-01 6.558333039283752441e-01 9.912499785423278809e-01 5.122500061988830566e-01 1.197500005364418030e-01 8.252500295639038086e-01 7.538893818855285645e-01 4.630958437919616699e-01 6.519139409065246582e-01 7.090086936950683594e-01 1.292843222618103027e-01 5.506700873374938965e-01
9.702500104904174805e-01 5.665000081062316895e-01 5.272499918937683105e-01 6.492499709129333496e-01 6.527500152587890625e-01 4.012500047683715820e-01 8.338245153427124023e-01 4.617204964160919189e-01 7.522629499435424805e-01 6.857858896255493164e-01 6.672891378402709961e-01 5.098276138305664062e-01
3.072499930858612061e-01 5.311666727066040039e-01 5.917500257492065430e-01 2.232500016689300537e-01 7.102500200271606445e-01 3.127500116825103760e-01 3.570643961429595947e-01 4.899656474590301514e-01 5.313569903373718262e-01 3.101668953895568848e-01 6.643865108489990234e-01 4.148031175136566162e-01
4.682500064373016357e-01 4.311666786670684814e-01 4.277499914169311523e-01 4.557499885559082031e-01 2.397499978542327881e-01 2.432499974966049194e-01 4.983489513397216797e-01 4.685396254062652588e-01 5.487496256828308105e-01 3.321456313133239746e-01 2.348499149084091187e-01 3.957856893539428711e-01
5.662500262260437012e-01 2.628333270549774170e-01 6.917499899864196777e-01 2.067500054836273193e-01 9.652500152587890625e-01 9.947500228881835938e-01 6.364859938621520996e-01 4.268907308578491211e-01 4.747877120971679688e-01 2.492855936288833618e-01 9.073997735977172852e-01 5.949446558952331543e-01
8.037499785423278809e-01 5.945000052452087402e-01 6.852499842643737793e-01 4.332500100135803223e-01 3.162499964237213135e-01 5.067499876022338867e-01 7.993065714836120605e-01 4.739131629467010498e-01 6.109325885772705078e-01 4.622345268726348877e-01 3.123031258583068848e-01 5.584965944290161133e-01
1.792500019073486328e-01 4.201666712760925293e-01 5.687500238418579102e-01 9.017500281333923340e-01 3.397499918937683105e-01 2.837499976158142090e-01 1.626323163509368896e-01 5.140978693962097168e-01 8.289110660552978516e-01 7.790620923042297363e-01 2.702893614768981934e-01 2.440609186887741089e-01
4.817500114440917969e-01 4.638333320617675781e-01 7.152500152587890625e-01 2.787500023841857910e-01 5.032500028610229492e-01 4.574999958276748657e-02 5.415841937065124512e-01 4.397192299365997314e-01 6.323456764221191406e-01 2.373601049184799194e-01 4.800420403480529785e-01 2.942962646484375000e-01
8.672500252723693848e-01 5.191666483879089355e-01 7.562500238418579102e-01 4.242500066757202148e-01 7.492499947547912598e-01 4.742499887943267822e-01 7.910265326499938965e-01 4.066929519176483154e-01 6.839818358421325684e-01 5.761388540267944336e-01 7.682377696037292480e-01 4.915987253189086914e-01
2.017499953508377075e-01 4.605000019073486328e-01 5.772500038146972656e-01 8.725000172853469849e-02 3.657500147819519043e-01 2.597500085830688477e-01 2.006811350584030151e-01 4.383581280708312988e-01 7.026494741439819336e-01 1.071360111236572266e-01 3.813855051994323730e-01 3.403633832931518555e-01
8.307499885559082031e-01 5.364999771118164062e-01 4.102500081062316895e-01 8.467500209808349609e-01 1.477500051259994507e-01 1.217499971389770508e-01 8.243538141250610352e-01 4.521405100822448730e-01 7.242538928985595703e-01 6.634402871131896973e-01 1.491777598857879639e-01 5.279884934425354004e-01
7.957500219345092773e-01 6.934999823570251465e-01 9.282500147819519043e-01 1.342500001192092896e-01 4.532499909400939941e-01 2.682499885559082031e-01 9.034363627433776855e-01 6.109268069267272949e-01 4.536988139152526855e-01 4.229105412960052490e-01 4.420287609100341797e-01 4.261988103389739990e-01
3.547500073909759521e-01 6.801666617393493652e-01 9.682499766349792480e-01 7.524999976158142090e-02 8.122500181198120117e-01 7.524999976158142090e-02 3.793958723545074463e-01 5.061607360839843750e-01 6.140440702438354492e-01 4.009227752685546875e-01 8.332779407501220703e-01 5.379799604415893555e-01
9.222499728202819824e-01 7.145000100135803223e-01 7.062500119209289551e-01 4.252499938011169434e-01 6.827499866485595703e-01 6.572499871253967285e-01 8.733097314834594727e-01 5.381982922554016113e-01 5.525921583175659180e-01 4.864530265331268311e-01 6.921491026878356934e-01 5.021640658378601074e-01
4.687500000000000000e-01 7.724999785423278809e-01 7.682499885559082031e-01 2.500000118743628263e-04 6.837499737739562988e-01 3.047499954700469971e-01 4.616715908050537109e-01 5.433484315872192383e-01 4.337074756622314453e-01 1.842918097972869873e-01 7.058344483375549316e-01 4.613146781921386719e-01
3.152500092983245850e-01 2.888333201408386230e-01 4.202499985694885254e-01 4.157499969005584717e-01 4.987500011920928955e-01 7.175000011920928955e-02 2.633802294731140137e-01 3.924680054187774658e-01 7.671415209770202637e-01 2.675274908542633057e-01 4.933366775512695312e-01 1.741085350513458252e-01
1.592500060796737671e-01 2.815000116825103760e-01 1.632499992847442627e-01 3.827500045299530029e-01 4.612500071525573730e-01 4.672499895095825195e-01 2.339213341474533081e-01 4.002639353275299072e-01 2.946423292160034180e-01 3.807933628559112549e-01 4.435861408710479736e-01 5.793611407279968262e-01
2.537499964237213135e-01 2.531666755676269531e-01 1.912499964237213135e-01 5.575000122189521790e-02 4.932500123977661133e-01 3.947499990463256836e-01 2.791837453842163086e-01 4.108243584632873535e-01 4.705549776554107666e-01 1.097486615180969238e-01 4.745299816131591797e-01 4.810285568237304688e-01
4.697499871253967285e-01 5.164999961853027344e-01 2.125000022351741791e-02 4.207499921321868896e-01 6.217499971389770508e-01 9.867500066757202148e-01 4.166375994682312012e-01 5.500916242599487305e-01 1.374785155057907104e-01 1.559730321168899536e-01 6.086015105247497559e-01 7.230642437934875488e-01
7.392500042915344238e-01 5.454999804496765137e-01 1.542499959468841553e-01 5.887500047683715820e-01 6.882500052452087402e-01 4.327499866485595703e-01 6.253158450126647949e-01 5.958776473999023438e-01 3.523687124252319336e-01 6.365409493446350098e-01 6.732775568962097168e-01 4.510525166988372803e-01
1.125000044703483582e-02 5.074999928474426270e-01 8.474999666213989258e-02 6.182500123977661133e-01 6.472499966621398926e-01 6.172500252723693848e-01 4.297703132033348083e-02 4.842793941497802734e-01 6.108941510319709778e-02 4.313943982124328613e-01 7.778080105781555176e-01 7.462884783744812012e-01
2.817499935626983643e-01 7.914999723434448242e-01 8.787500262260437012e-01 4.632500112056732178e-01 8.622499704360961914e-01 8.442500233650207520e-01 2.859916985034942627e-01 5.264048576354980469e-01 5.783711075782775879e-01 4.764732122421264648e-01 8.840661048889160156e-01 6.347014307975769043e-01
1.252499967813491821e-01 7.141666412353515625e-01 1.222499981522560120e-01 2.327499985694885254e-01 3.852500021457672119e-01 9.437500238418579102e-01 9.635876119136810303e-02 5.573245882987976074e-01 6.112735718488693237e-02 6.196122616529464722e-02 4.648539721965789795e-01 6.988193988800048828e-01
2.632499933242797852e-01 4.671666622161865234e-01 8.892499804496765137e-01 1.017500013113021851e-01 3.817499876022338867e-01 1.577499955892562866e-01 2.845657765865325928e-01 5.108969211578369141e-01 7.683545947074890137e-01 7.995953410863876343e-02 3.491750061511993408e-01 1.438229531049728394e-01
4.712499976158142090e-01 6.688333153724670410e-01 1.422500014305114746e-01 7.512500286102294922e-01 3.507499992847442627e-01 7.137500047683715820e-01 5.139633417129516602e-01 6.229493021965026855e-01 4.548782110214233398e-02 7.129253745079040527e-01 3.462173640727996826e-01 7.110524773597717285e-01
1.032499969005584717e-01 3.305000066757202148e-01 9.127500057220458984e-01 9.022499918937683105e-01 7.975000143051147461e-02 3.024999983608722687e-02 1.903756707906723022e-01 3.255779743194580078e-01 7.906708121299743652e-01 5.913320183753967285e-01 4.834699258208274841e-02 4.612084031105041504e-01
7.657499909400939941e-01 6.545000076293945312e-01 7.587500214576721191e-01 7.607499957084655762e-01 2.025000005960464478e-02 8.997499942779541016e-01 7.545274496078491211e-01 4.411996304988861084e-01 6.768705248832702637e-01 6.883186101913452148e-01 7.736244797706604004e-02 6.195322871208190918e-01
3.722499907016754150e-01 7.465000152587890625e-01 4.812499880790710449e-01 7.824999839067459106e-02 4.874999821186065674e-02 4.722500145435333252e-01 3.625760078430175781e-01 5.351706147193908691e-01 4.604669809341430664e-01 1.350091099739074707e-01 8.124784380197525024e-02 6.257941722869873047e-01
4.327499866485595703e-01 6.451666951179504395e-01 7.802500128746032715e-01 2.032500058412551880e-01 5.282499790191650391e-01 4.562500119209289551e-01 3.919157683849334717e-01 5.556522607803344727e-01 7.224832177162170410e-01 1.906222403049468994e-01 5.556132197380065918e-01 2.319537699222564697e-01
1.392499953508377075e-01 3.194999992847442627e-01 2.337500005960464478e-01 5.082499980926513672e-01 4.262500107288360596e-01 3.317500054836273193e-01 2.038006335496902466e-01 4.616216123104095459e-01 4.678293168544769287e-01 4.451920688152313232e-01 3.925368785858154297e-01 3.743959963321685791e-01
3.697499930858612061e-01 7.471666932106018066e-01 6.777499914169311523e-01 2.377499938011169434e-01 9.397500157356262207e-01 9.075000137090682983e-02 4.210133254528045654e-01 5.566173791885375977e-01 4.394778907299041748e-01 4.125601947307586670e-01 9.148136377334594727e-01 5.478669404983520508e-01
8.392500281333923340e-01 4.238333404064178467e-01 7.747499942779541016e-01 9.922500252723693848e-01 8.524999767541885376e-02 5.262500047683715820e-01 8.402934074401855469e-01 3.508807122707366943e-01 8.747523427009582520e-01 8.856461048126220703e-01 1.014482453465461731e-01 5.121352672576904297e-01
3.852500021457672119e-01 3.858333230018615723e-01 6.327499747276306152e-01 5.897499918937683105e-01 9.727500081062316895e-01 2.802500128746032715e-01 4.030787944793701172e-01 3.870234787464141846e-01 6.025805473327636719e-01 7.235382199287414551e-01 9.091899991035461426e-01 5.471487045288085938e-01
5.225000157952308655e-02 1.768333315849304199e-01 8.842499852180480957e-01 2.107499986886978149e-01 7.017499804496765137e-01 7.197499871253967285e-01 1.773521900177001953e-01 2.372968792915344238e-01 5.539869070053100586e-01 1.207474321126937866e-01 6.866863965988159180e-01 7.039206027984619141e-01
2.022500038146972656e-01 6.651666760444641113e-01 1.002499982714653015e-01 7.500000065192580223e-04 5.077499747276306152e-01 9.707499742507934570e-01 1.229949817061424255e-01 5.574632287025451660e-01 3.367110714316368103e-02 5.853288248181343079e-02 5.222498178482055664e-01 7.623973488807678223e-01
8.812500238418579102e-01 5.338333249092102051e-01 4.627499878406524658e-01 3.882499933242797852e-01 5.902500152587890625e-01 2.377499938011169434e-01 9.162968397140502930e-01 4.664616286754608154e-01 5.523006319999694824e-01 2.367244660854339600e-01 5.692510604858398438e-01 4.492913484573364258e-01
2.857500016689300537e-01 4.111666679382324219e-01 2.652499973773956299e-01 3.987500071525573730e-01 6.497499942779541016e-01 2.452500015497207642e-01 3.127457499504089355e-01 4.744945466518402100e-01 4.164046347141265869e-01 5.491908788681030273e-01 6.159662008285522461e-01 5.296837687492370605e-01
9.317499995231628418e-01 4.221666753292083740e-01 9.857500195503234863e-01 7.962499856948852539e-01 7.422500252723693848e-01 5.202500224113464355e-01 8.468919396400451660e-01 3.570068776607513428e-01 9.034610390663146973e-01 8.864389061927795410e-01 7.562050819396972656e-01 4.206427633762359619e-01
2.192499935626983643e-01 4.658333361148834229e-01 3.647499978542327881e-01 4.057500064373016357e-01 2.082500010728836060e-01 2.074999921023845673e-02 2.483084350824356079e-01 5.718632936477661133e-01 5.947465300559997559e-01 2.200785428285598755e-01 1.747835129499435425e-01 1.745012104511260986e-01
7.087500095367431641e-01 6.898333430290222168e-01 5.702499747276306152e-01 9.925000369548797607e-02 5.092499852180480957e-01 7.277500033378601074e-01 7.343152761459350586e-01 5.410502552986145020e-01 3.986160755157470703e-01 1.450637280941009521e-01 5.270189642906188965e-01 4.403058290481567383e-01
1.487500071525573730e-01 6.768333315849304199e-01 1.492500007152557373e-01 1.067499965429306030e-01 1.092500016093254089e-01 4.512499868869781494e-01 1.844204962253570557e-01 5.702823400497436523e-01 3.255216032266616821e-02 1.432385891675949097e-01 1.198421195149421692e-01 7.539130449295043945e-01
8.282499909400939941e-01 4.258333444595336914e-01 1.137500032782554626e-01 5.457500219345092773e-01 8.397499918937683105e-01 8.867499828338623047e-01 7.643636465072631836e-01 5.144877433776855469e-01 3.370056748390197754e-01 2.655180394649505615e-01 8.477563858032226562e-01 5.804034471511840820e-01
8.867499828338623047e-01 4.718333184719085693e-01 5.874999985098838806e-02 5.022500157356262207e-01 1.517499983310699463e-01 8.877500295639038086e-01 7.815536260604858398e-01 5.161828398704528809e-01 3.135925829410552979e-01 3.393632769584655762e-01 1.295421868562698364e-01 5.009283423423767090e-01
1.557500064373016357e-01 3.908333480358123779e-01 6.727499961853027344e-01 3.132500052452087402e-01 9.125000238418579102e-02 7.957500219345092773e-01 1.279074102640151978e-01 3.531018495559692383e-01 7.205798625946044922e-01 1.686197668313980103e-01 7.616394013166427612e-02 6.750238537788391113e-01
3.112500011920928955e-01 5.205000042915344238e-01 2.492499947547912598e-01 9.862499833106994629e-01 3.867500126361846924e-01 9.247499704360961914e-01 2.505764067173004150e-01 4.155914485454559326e-01 1.870814114809036255e-01 9.180641174316406250e-01 4.328436255455017090e-01 7.242278456687927246e-01
1.117499992251396179e-01 3.808333277702331543e-01 1.052500009536743164e-01 5.272499918937683105e-01 7.074999809265136719e-02 1.727499961853027344e-01 1.576954722404479980e-01 5.078128576278686523e-01 3.597135841846466064e-01 3.742153644561767578e-01 5.103716626763343811e-02 5.087770223617553711e-01
6.777499914169311523e-01 2.668333351612091064e-01 9.882500171661376953e-01 7.249999791383743286e-03 3.227500021457672119e-01 2.317499965429306030e-01 6.483592391014099121e-01 3.426380753517150879e-01 7.791097760200500488e-01 3.349955677986145020e-01 3.175510168075561523e-01 3.465295732021331787e-01
6.002500057220458984e-01 3.768333196640014648e-01 7.325000315904617310e-02 2.374999970197677612e-02 9.572499990463256836e-01 5.447499752044677734e-01 4.720225930213928223e-01 5.039431452751159668e-01 3.626580834388732910e-01 2.212821990251541138e-01 8.803583383560180664e-01 6.131085157394409180e-01
9.917500019073486328e-01 1.704999953508377075e-01 3.627499938011169434e-01 4.262500107288360596e-01 4.727500081062316895e-01 2.197500020265579224e-01 9.015648365020751953e-01 4.277354478836059570e-01 6.914879679679870605e-01 3.686593174934387207e-01 4.430126845836639404e-01 4.576117992401123047e-01
9.875000268220901489e-02 5.511666536331176758e-01 1.057500019669532776e-01 8.367499709129333496e-01 7.417500019073486328e-01 4.182499945163726807e-01 9.232033044099807739e-02 5.179556608200073242e-01 1.620445996522903442e-01 8.273158669471740723e-01 7.578143477439880371e-01 4.687981903553009033e-01
8.287500143051147461e-01 3.801666796207427979e-01 5.832499861717224121e-01 2.932499945163726807e-01 9.352499842643737793e-01 3.112500011920928955e-01 7.304776906967163086e-01 4.593149125576019287e-01 5.015640258789062500e-01 6.160963773727416992e-01 8.996654152870178223e-01 4.532515704631805420e-01
7.222499847412109375e-01 1.968333274126052856e-01 7.652500271797180176e-01 6.532499790191650391e-01 3.502500057220458984e-01 9.597499966621398926e-01 7.376195192337036133e-01 3.313592672348022461e-01 7.805000543594360352e-01 5.672849416732788086e-01 3.421157896518707275e-01 5.870802998542785645e-01
2.257499992847442627e-01 6.054999828338623047e-01 2.522499859333038330e-01 5.772500038146972656e-01 2.167499959468841553e-01 3.992500007152557373e-01 2.391861677169799805e-01 5.279871821403503418e-01 2.825233936309814453e-01 4.753836691379547119e-01 2.210628390312194824e-01 4.313799142837524414e-01
2.312500029802322388e-01 6.488333344459533691e-01 9.750000201165676117e-03 8.622499704360961914e-01 1.087500005960464478e-01 5.747500061988830566e-01 2.328696101903915405e-01 6.801795959472656250e-01 1.069986354559659958e-02 8.946736454963684082e-01 9.326903522014617920e-02 6.682880520820617676e-01
2.474999986588954926e-02 5.814999938011169434e-01 5.249999929219484329e-03 2.547500133514404297e-01 5.712500214576721191e-01 8.577499985694885254e-01 1.046245779434684664e-05 1.977706849575042725e-01 2.871324795705731958e-05 1.125946974545044554e-10 9.799478054046630859e-01 9.804338812828063965e-01
4.517500102519989014e-01 2.538333237171173096e-01 1.792500019073486328e-01 6.297500133514404297e-01 4.212499856948852539e-01 7.962499856948852539e-01 4.802288115024566650e-01 4.748362302780151367e-01 2.426397949457168579e-01 4.469298720359802246e-01 3.914687633514404297e-01 6.671187281608581543e-01
6.067500114440917969e-01 6.731666922569274902e-01 4.437499940395355225e-01 3.947499990463256836e-01 6.957499980926513672e-01 8.032500147819519043e-01 5.782006382942199707e-01 5.591875314712524414e-01 2.730112373828887939e-01 4.587421119213104248e-01 7.479166984558105469e-01 5.916748642921447754e-01
7.407500147819519043e-01 4.101666808128356934e-01 6.497499942779541016e-01 8.597499728202819824e-01 4.392499923706054688e-01 4.857499897480010986e-01 7.534037232398986816e-01 4.815938472747802734e-01 7.430063486099243164e-01 8.390231728553771973e-01 4.181003272533416748e-01 4.854116141796112061e-01
8.902500271797180176e-01 6.924999952316284180e-01 8.592500090599060059e-01 8.282499909400939941e-01 5.377500057220458984e-01 6.762499809265136719e-01 8.548902273178100586e-01 5.078090429306030273e-01 8.088421821594238281e-01 8.249901533126831055e-01 5.687783360481262207e-01 5.335828065872192383e-01
8.977500200271606445e-01 5.648333430290222168e-01 4.902499914169311523e-01 8.275000005960464478e-02 2.402500063180923462e-01 4.277499914169311523e-01 8.693957328796386719e-01 5.286403894424438477e-01 4.154231548309326172e-01 2.423222810029983521e-01 2.159152776002883911e-01 3.709812462329864502e-01
5.622500181198120117e-01 5.718333125114440918e-01 8.507500290870666504e-01 9.232500195503234863e-01 7.182499766349792480e-01 7.377499938011169434e-01 5.458336472511291504e-01 4.768111407756805420e-01 6.995220780372619629e-01 8.826422095298767090e-01 7.333276271820068359e-01 5.680809617042541504e-01
8.612499833106994629e-01 3.215000033378601074e-01 5.157499909400939941e-01 4.072499871253967285e-01 1.637499928474426270e-01 5.452499985694885254e-01 7.373985052108764648e-01 4.441345930099487305e-01 6.787288188934326172e-01 5.264179110527038574e-01 1.812713146209716797e-01 5.957805514335632324e-01
3.774999827146530151e-02 7.088333368301391602e-01 8.697500228881835938e-01 2.572500109672546387e-01 6.024999916553497314e-02 8.747500181198120117e-01 5.272497236728668213e-02 5.321490168571472168e-01 5.850280523300170898e-01 1.117118149995803833e-01 1.323340982198715210e-01 6.390771865844726562e-01
1.722500026226043701e-01 7.701666951179504395e-01 9.132500290870666504e-01 3.727500140666961670e-01 3.792499899864196777e-01 1.607500016689300537e-01 2.106361836194992065e-01 5.559082031250000000e-01 6.360788941383361816e-01 2.571733593940734863e-01 4.088156521320343018e-01 2.073172479867935181e-01
3.492499887943267822e-01 5.201666951179504395e-01 4.702500104904174805e-01 8.792499899864196777e-01 1.797499954700469971e-01 6.912500262260437012e-01 3.993614017963409424e-01 4.528182744979858398e-01 5.585536360740661621e-01 7.086794972419738770e-01 1.612816751003265381e-01 6.025465726852416992e-01
9.212499856948852539e-01 5.285000205039978027e-01 5.617499947547912598e-01 9.492499828338623047e-01 5.022500157356262207e-01 6.872500181198120117e-01 8.321219682693481445e-01 5.153489708900451660e-01 7.704167962074279785e-01 8.680580854415893555e-01 5.105271935462951660e-01 5.020684003829956055e-01
2.167499959468841553e-01 5.895000100135803223e-01 3.567500114440917969e-01 7.392500042915344238e-01 1.727499961853027344e-01 6.567500233650207520e-01 2.188617587089538574e-01 5.214807391166687012e-01 3.576725721359252930e-01 6.495757699012756348e-01 1.834664791822433472e-01 5.721883773803710938e-01
8.482499718666076660e-01 4.081666767597198486e-01 4.017499983310699463e-01 1.902499943971633911e-01 5.942500233650207520e-01 7.217500209808349609e-01 7.780031561851501465e-01 4.973829388618469238e-01 4.709525704383850098e-01 1.909212172031402588e-01 5.924665927886962891e-01 5.127933621406555176e-01
5.327500104904174805e-01 5.068333148956298828e-01 4.417499899864196777e-01 1.537500023841857910e-01 2.507500052452087402e-01 8.027499914169311523e-01 5.519328117370605469e-01 5.226919054985046387e-01 2.562569081783294678e-01 2.189130485057830811e-01 2.285791486501693726e-01 6.088784933090209961e-01
7.377499938011169434e-01 4.045000076293945312e-01 8.127499818801879883e-01 1.827500015497207642e-01 4.677500128746032715e-01 6.637499928474426270e-01 7.395790815353393555e-01 3.832657635211944580e-01 6.469606757164001465e-01 3.212844431400299072e-01 4.749741554260253906e-01 5.471023917198181152e-01
4.692499935626983643e-01 6.818333268165588379e-01 6.462500095367431641e-01 8.224999904632568359e-02 9.477499723434448242e-01 9.077500104904174805e-01 4.022994339466094971e-01 4.626906812191009521e-01 5.178899168968200684e-01 2.541117966175079346e-01 9.042400717735290527e-01 6.174572706222534180e-01
2.637499868869781494e-01 3.971666693687438965e-01 3.412500023841857910e-01 4.942499995231628418e-01 3.325000032782554626e-02 3.057500123977661133e-01 3.417575657367706299e-01 4.628408849239349365e-01 5.321148633956909180e-01 3.474848568439483643e-01 5.035398900508880615e-02 5.763553977012634277e-01
4.677500128746032715e-01 4.788333475589752197e-01 3.187499940395355225e-01 9.257500171661376953e-01 6.657500267028808594e-01 7.222499847412109375e-01 3.641628026962280273e-01 4.996084570884704590e-01 4.850398600101470947e-01 9.186215996742248535e-01 6.879780292510986328e-01 6.835840940475463867e-01
5.922499895095825195e-01 3.555000126361846924e-01 8.552500009536743164e-01 7.402499914169311523e-01 2.752499878406524658e-01 4.337500035762786865e-01 6.231777667999267578e-01 3.917525410652160645e-01 7.552386522293090820e-01 8.151220083236694336e-01 2.605207860469818115e-01 5.649126172065734863e-01
5.052499771118164062e-01 5.858333110809326172e-01 2.027499973773956299e-01 7.067499756813049316e-01 6.282500028610229492e-01 8.712499737739562988e-01 4.539166390895843506e-01 5.780427455902099609e-01 9.083603322505950928e-02 7.649563550949096680e-01 6.029322743415832520e-01 5.954279303550720215e-01
5.732499957084655762e-01 1.781666725873947144e-01 8.057500123977661133e-01 7.517499923706054688e-01 6.052500009536743164e-01 9.925000369548797607e-02 5.747212767601013184e-01 3.314474821090698242e-01 8.215211033821105957e-01 8.634062409400939941e-01 5.882365703582763672e-01 5.143133401870727539e-01
6.757500171661376953e-01 5.224999785423278809e-01 1.482499986886978149e-01 1.617500036954879761e-01 1.497499942779541016e-01 6.277499794960021973e-01 6.115743517875671387e-01 5.458989143371582031e-01 2.776450812816619873e-01 2.428576350212097168e-01 1.346158236265182495e-01 6.182498335838317871e-01
9.852499961853027344e-01 4.778333306312561035e-01 4.462499916553497314e-01 5.832499861717224121e-01 7.392500042915344238e-01 2.742500007152557373e-01 9.104282855987548828e-01 5.070219039916992188e-01 6.081073880195617676e-01 6.025578379631042480e-01 7.349399924278259277e-01 4.138828814029693604e-01
8.097500205039978027e-01 7.068333625793457031e-01 1.967500001192092896e-01 1.327500045299530029e-01 8.987500071525573730e-01 4.362500011920928955e-01 6.520996093750000000e-01 4.634699523448944092e-01 3.658316731452941895e-01 2.795344591140747070e-01 8.993455767631530762e-01 5.484914183616638184e-01
9.397500157356262207e-01 6.438333392143249512e-01 5.912500023841857910e-01 3.247500061988830566e-01 5.752500295639038086e-01 5.012500286102294922e-01 9.025726914405822754e-01 4.818140566349029541e-01 5.717540979385375977e-01 3.564667403697967529e-01 5.624965429306030273e-01 5.187183022499084473e-01
7.552499771118164062e-01 8.301666378974914551e-01 2.422499954700469971e-01 5.624999850988388062e-02 4.752500057220458984e-01 4.487499892711639404e-01 7.119321227073669434e-01 6.302630901336669922e-01 2.259352058172225952e-01 1.138483285903930664e-01 4.816786348819732666e-01 4.748238623142242432e-01
9.342499971389770508e-01 1.801666617393493652e-01 8.762500286102294922e-01 8.807500004768371582e-01 2.357500046491622925e-01 2.797499895095825195e-01 8.197402954101562500e-01 3.357720375061035156e-01 9.293169975280761719e-01 9.508393406867980957e-01 2.180655598640441895e-01 4.760074019432067871e-01
6.222500205039978027e-01 7.185000181198120117e-01 3.667500019073486328e-01 5.682500004768371582e-01 1.374999992549419403e-02 9.802500009536743164e-01 5.984459519386291504e-01 5.165803432464599609e-01 4.489841461181640625e-01 4.300435185432434082e-01 6.054830178618431091e-02 6.575469374656677246e-01
2.827500104904174805e-01 5.398333072662353516e-01 9.867500066757202148e-01 2.837499976158142090e-01 7.037500143051147461e-01 6.082500219345092773e-01 3.477984070777893066e-01 4.642517864704132080e-01 7.021410465240478516e-01 3.762303590774536133e-01 7.546703219413757324e-01 6.047642230987548828e-01
6.832500100135803223e-01 2.718333303928375244e-01 7.877500057220458984e-01 2.492499947547912598e-01 4.762499928474426270e-01 9.477499723434448242e-01 7.047894597053527832e-01 4.000512659549713135e-01 7.220366597175598145e-01 2.610984146595001221e-01 4.835397899150848389e-01 5.009057521820068359e-01
7.592499852180480957e-01 3.434999883174896240e-01 5.742499828338623047e-01 6.724999845027923584e-02 8.222500085830688477e-01 7.392500042915344238e-01 7.001766562461853027e-01 4.124360978603363037e-01 4.514624774456024170e-01 2.536875307559967041e-01 8.332699537277221680e-01 5.397993326187133789e-01
5.902500152587890625e-01 6.901666522026062012e-01 8.422499895095825195e-01 6.147500276565551758e-01 3.837499916553497314e-01 9.562500119209289551e-01 6.083862185478210449e-01 4.734160304069519043e-01 5.454800128936767578e-01 6.283845305442810059e-01 4.134039580821990967e-01 5.756379365921020508e-01
4.912500083446502686e-01 2.008333355188369751e-01 6.877499818801879883e-01 8.882499933242797852e-01 2.462500035762786865e-01 7.602499723434448242e-01 6.233730912208557129e-01 3.719040453433990479e-01 6.896939873695373535e-01 6.274521946907043457e-01 1.876128166913986206e-01 5.702514052391052246e-01
4.352500140666961670e-01 7.478333115577697754e-01 9.607499837875366211e-01 1.527500003576278687e-01 8.702499866485595703e-01 8.702499866485595703e-01 4.571730494499206543e-01 5.422860383987426758e-01 5.268893241882324219e-01 2.142391353845596313e-01 8.850352764129638672e-01 6.579485535621643066e-01
3.782500028610229492e-01 5.821666717529296875e-01 6.237499713897705078e-01 5.177500247955322266e-01 6.227499842643737793e-01 5.797500014305114746e-01 3.665787875652313232e-01 4.978809058666229248e-01 5.381918549537658691e-01 5.951868891716003418e-01 6.107799410820007324e-01 4.235709905624389648e-01
4.882499873638153076e-01 5.348333120346069336e-01 6.622499823570251465e-01 4.122500121593475342e-01 3.807500004768371582e-01 1.025000028312206268e-02 5.342184305191040039e-01 4.803627729415893555e-01 7.391237616539001465e-01 1.667237579822540283e-01 3.851581513881683350e-01 1.945048421621322632e-01
8.947499990463256836e-01 6.491666436195373535e-01 3.912500143051147461e-01 2.125000022351741791e-02 8.757500052452087402e-01 8.972499966621398926e-01 7.300124764442443848e-01 4.664234519004821777e-01 3.955594301223754883e-01 2.850439250469207764e-01 8.851581811904907227e-01 5.329989194869995117e-01
6.407499909400939941e-01 2.935000061988830566e-01 1.627500057220458984e-01 1.797499954700469971e-01 5.287500023841857910e-01 1.857499927282333374e-01 6.442497372627258301e-01 5.826497673988342285e-01 4.145805537700653076e-01 1.355608403682708740e-01 4.889160394668579102e-01 3.859625160694122314e-01
7.207499742507934570e-01 4.625000059604644775e-01 6.332499980926513672e-01 8.207499980926513672e-01 5.007500052452087402e-01 6.102499961853027344e-01 7.016703486442565918e-01 4.305034577846527100e-01 7.530286312103271484e-01 7.469655871391296387e-01 5.130886435508728027e-01 5.579014420509338379e-01
6.317499876022338867e-01 2.221666723489761353e-01 8.312500119209289551e-01 5.097500085830688477e-01 2.987500131130218506e-01 4.237500131130218506e-01 7.157272100448608398e-01 3.527744114398956299e-01 7.305239439010620117e-01 5.263472199440002441e-01 2.835906147956848145e-01 5.855089426040649414e-01
8.152499794960021973e-01 5.684999823570251465e-01 5.137500166893005371e-01 2.647500038146972656e-01 5.474999919533729553e-02 6.662499904632568359e-01 7.800497412681579590e-01 4.853170514106750488e-01 4.992981255054473877e-01 3.466463387012481689e-01 9.289056062698364258e-02 5.382691621780395508e-01
5.557500123977661133e-01 4.505000114440917969e-01 4.267500042915344238e-01 2.027499973773956299e-01 3.252499997615814209e-01 1.367499977350234985e-01 5.739180445671081543e-01 5.009917616844177246e-01 5.283519625663757324e-01 1.598222851753234863e-01 3.281209170818328857e-01 3.281565904617309570e-01
1.267500072717666626e-01 6.718333363533020020e-01 6.102499961853027344e-01 3.717499971389770508e-01 6.797500252723693848e-01 6.902499794960021973e-01 1.642280220985412598e-01 5.184049606323242188e-01 4.904251396656036377e-01 5.513781309127807617e-01 7.303434610366821289e-01 6.367214918136596680e-01
3.817499876022338867e-01 6.894999742507934570e-01 9.992499947547912598e-01 9.047499895095825195e-01 6.297500133514404297e-01 9.612500071525573730e-01 3.711853623390197754e-01 4.924605190753936768e-01 6.917392015457153320e-01 8.594818115234375000e-01 6.486909389495849609e-01 5.893455743789672852e-01
5.172500014305114746e-01 3.561666607856750488e-01 2.382500022649765015e-01 2.702499926090240479e-01 8.937500119209289551e-01 5.527499914169311523e-01 5.298987627029418945e-01 5.789459347724914551e-01 2.679821848869323730e-01 2.987077236175537109e-01 8.773133754730224609e-01 5.712963938713073730e-01
8.827499747276306152e-01 3.191666603088378906e-01 5.775000154972076416e-02 8.174999803304672241e-02 2.362499982118606567e-01 2.107499986886978149e-01 7.793303728103637695e-01 5.636808872222900391e-01 2.486789077520370483e-01 2.842309772968292236e-01 1.754829883575439453e-01 4.884829223155975342e-01
3.947499990463256836e-01 5.594999790191650391e-01 7.374999672174453735e-02 1.875000074505805969e-02 1.042499989271163940e-01 8.852499723434448242e-01 3.911640048027038574e-01 5.760089755058288574e-01 3.898813948035240173e-02 4.447921365499496460e-02 7.688008248805999756e-02 8.927437663078308105e-01
3.417499959468841553e-01 3.018333315849304199e-01 9.762499928474426270e-01 5.107499957084655762e-01 1.102500036358833313e-01 8.362500071525573730e-01 3.450163006782531738e-01 3.771478533744812012e-01 7.568474411964416504e-01 5.450423359870910645e-01 7.234337180852890015e-02 4.982131421566009521e-01
1.937499940395355225e-01 7.021666765213012695e-01 1.727499961853027344e-01 3.797500133514404297e-01 2.792499959468841553e-01 7.362499833106994629e-01 1.782244294881820679e-01 5.755167603492736816e-01 3.172715753316879272e-02 3.122889697551727295e-01 2.863586843013763428e-01 6.548919081687927246e-01
1.957499980926513672e-01 6.941666603088378906e-01 8.002499938011169434e-01 3.062500059604644775e-01 2.172500044107437134e-01 1.525000017136335373e-02 2.140893489122390747e-01 6.512966156005859375e-01 6.866197586059570312e-01 1.808294504880905151e-01 2.073793411254882812e-01 1.375455558300018311e-01
4.477500021457672119e-01 7.591666579246520996e-01 2.657499909400939941e-01 2.142499983310699463e-01 6.982499957084655762e-01 1.277499943971633911e-01 4.263204932212829590e-01 6.133736371994018555e-01 2.233057916164398193e-01 4.412107169628143311e-01 7.123112678527832031e-01 4.613870084285736084e-01
4.897499978542327881e-01 4.411666691303253174e-01 3.387500047683715820e-01 2.047500014305114746e-01 2.967500090599060059e-01 3.522500097751617432e-01 5.018858909606933594e-01 5.079685449600219727e-01 4.610356986522674561e-01 1.264398396015167236e-01 2.881775200366973877e-01 3.037284612655639648e-01
8.637499809265136719e-01 6.121666431427001953e-01 3.432500064373016357e-01 9.382500052452087402e-01 8.447499871253967285e-01 6.624999642372131348e-02 9.110665321350097656e-01 5.165878534317016602e-01 5.786101818084716797e-01 6.752571463584899902e-01 8.355703353881835938e-01 3.662752211093902588e-01
6.727499961853027344e-01 7.841666936874389648e-01 9.342499971389770508e-01 9.927499890327453613e-01 5.242499709129333496e-01 2.472500056028366089e-01 8.288297057151794434e-01 4.958312511444091797e-01 7.948295474052429199e-01 8.030360937118530273e-01 5.599378943443298340e-01 5.110258460044860840e-01
1.287499964237213135e-01 7.501666545867919922e-01 9.207500219345092773e-01 4.922499954700469971e-01 3.462499976158142090e-01 2.022500038146972656e-01 1.340239942073822021e-01 6.854430437088012695e-01 7.986357808113098145e-01 3.500557839870452881e-01 3.161839544773101807e-01 2.444761991500854492e-01
8.997499942779541016e-01 3.171666562557220459e-01 7.972499728202819824e-01 1.452499926090240479e-01 7.557500004768371582e-01 7.992500066757202148e-01 8.279724121093750000e-01 3.424854874610900879e-01 6.397573351860046387e-01 3.505223393440246582e-01 7.632598280906677246e-01 5.070707798004150391e-01
3.287500143051147461e-01 4.991666674613952637e-01 1.802500039339065552e-01 4.947499930858612061e-01 1.137500032782554626e-01 9.967499971389770508e-01 3.053413331508636475e-01 5.246405005455017090e-01 1.181171238422393799e-01 2.903271913528442383e-01 8.456459641456604004e-02 7.836112976074218750e-01
2.924999967217445374e-02 3.045000135898590088e-01 8.347499966621398926e-01 4.787499904632568359e-01 9.982500076293945312e-01 3.974999859929084778e-02 1.219509840011596680e-01 2.653392851352691650e-01 7.880183458328247070e-01 4.301282167434692383e-01 9.170052409172058105e-01 5.902290344238281250e-01
8.372499942779541016e-01 8.065000176429748535e-01 1.127500012516975403e-01 1.837500035762786865e-01 4.017499983310699463e-01 6.922500133514404297e-01 8.418149948120117188e-01 6.529913544654846191e-01 1.179508641362190247e-01 1.201500892639160156e-01 4.029250442981719971e-01 5.311102271080017090e-01
3.087500035762786865e-01 3.574999868869781494e-01 1.224999967962503433e-02 6.972500085830688477e-01 9.782500267028808594e-01 3.327499926090240479e-01 3.920246660709381104e-01 5.689458250999450684e-01 2.086805552244186401e-01 5.668317079544067383e-01 8.884146809577941895e-01 4.722385704517364502e-01
9.382500052452087402e-01 3.701666593551635742e-01 8.425000309944152832e-02 3.137499988079071045e-01 5.662500262260437012e-01 3.982500135898590088e-01 8.329859972000122070e-01 4.479995071887969971e-01 4.758154451847076416e-01 1.929217129945755005e-01 5.467147231101989746e-01 4.788115620613098145e-01
4.527499973773956299e-01 6.551666855812072754e-01 9.042500257492065430e-01 1.924999989569187164e-02 6.624999642372131348e-02 5.777500271797180176e-01 4.273431599140167236e-01 4.905606210231781006e-01 6.270737051963806152e-01 2.352352589368820190e-01 8.798603713512420654e-02 4.113178849220275879e-01
8.802499771118164062e-01 6.315000057220458984e-01 2.282499969005584717e-01 2.392500042915344238e-01 4.737499952316284180e-01 3.352499902248382568e-01 8.201661705970764160e-01 5.500248074531555176e-01 3.541203439235687256e-01 2.119288146495819092e-01 4.362558722496032715e-01 3.662669360637664795e-01
3.277499973773956299e-01 7.845000028610229492e-01 3.562499880790710449e-01 7.802500128746032715e-01 2.642500102519989014e-01 4.797500073909759521e-01 3.477411866188049316e-01 5.950813889503479004e-01 1.256050318479537964e-01 7.990578413009643555e-01 2.982370257377624512e-01 5.196799039840698242e-01
3.692499995231628418e-01 6.958333253860473633e-01 2.757500112056732178e-01 9.302499890327453613e-01 7.707499861717224121e-01 1.757500022649765015e-01 3.273327946662902832e-01 5.658521056175231934e-01 2.972265779972076416e-01 9.524374604225158691e-01 8.328933119773864746e-01 4.827812016010284424e-01
7.027500271797180176e-01 6.535000205039978027e-01 4.612500071525573730e-01 4.352500140666961670e-01 6.125000119209289551e-02 9.042500257492065430e-01 6.670972704887390137e-01 4.635082781314849854e-01 4.066528677940368652e-01 4.268360435962677002e-01 8.921251446008682251e-02 6.022872328758239746e-01
4.027499854564666748e-01 6.591666936874389648e-01 7.517499923706054688e-01 7.627500295639038086e-01 1.875000074505805969e-02 4.617500007152557373e-01 4.925312995910644531e-01 4.393139183521270752e-01 5.714138746261596680e-01 5.923963189125061035e-01 7.241851091384887695e-02 5.857281088829040527e-01
8.657500147819519043e-01 5.544999837875366211e-01 6.467499732971191406e-01 6.207500100135803223e-01 2.437500059604644775e-01 8.397499918937683105e-01 7.807196974754333496e-01 4.177000224590301514e-01 7.473050355911254883e-01 5.696768760681152344e-01 2.487742453813552856e-01 5.706757307052612305e-01
9.257500171661376953e-01 6.524999737739562988e-01 5.782499909400939941e-01 4.917500019073486328e-01 8.022500276565551758e-01 2.637499868869781494e-01 8.323783278465270996e-01 4.480167329311370850e-01 6.503543853759765625e-01 6.549751162528991699e-01 8.253629207611083984e-01 4.743779897689819336e-01
5.627499818801879883e-01 5.051666498184204102e-01 5.977500081062316895e-01 3.012500107288360596e-01 8.322499990463256836e-01 9.347500205039978027e-01 6.297013163566589355e-01 4.737840294837951660e-01 5.065470337867736816e-01 1.436562687158584595e-01 8.752965331077575684e-01 6.654547452926635742e-01
3.437500000000000000e-01 4.524999856948852539e-01 2.322500050067901611e-01 7.697499990463256836e-01 6.877499818801879883e-01 6.875000149011611938e-02 4.074153006076812744e-01 5.456535220146179199e-01 6.300740242004394531e-01 4.289414584636688232e-01 6.733044981956481934e-01 4.326328933238983154e-01
7.327499985694885254e-01 3.001666665077209473e-01 2.912499904632568359e-01 7.177500128746032715e-01 2.497500032186508179e-01 8.357499837875366211e-01 7.082366347312927246e-01 4.502045810222625732e-01 5.730415582656860352e-01 4.827263355255126953e-01 2.220435887575149536e-01 5.709906220436096191e-01
9.067500233650207520e-01 5.278333425521850586e-01 4.312500059604644775e-01 4.732500016689300537e-01 2.074999921023845673e-02 5.997499823570251465e-01 7.685374617576599121e-01 4.604449868202209473e-01 6.254495382308959961e-01 5.483762025833129883e-01 7.365243136882781982e-02 6.223802566528320312e-01
7.762500047683715820e-01 1.918333321809768677e-01 7.332500219345092773e-01 2.727499902248382568e-01 1.917500048875808716e-01 4.122500121593475342e-01 7.910290360450744629e-01 3.963033556938171387e-01 7.103739976882934570e-01 3.777467906475067139e-01 1.786682456731796265e-01 4.863149523735046387e-01
9.687500000000000000e-01 2.088333368301391602e-01 9.102500081062316895e-01 3.274999931454658508e-02 3.942500054836273193e-01 3.467499911785125732e-01 8.680768609046936035e-01 4.168447852134704590e-01 7.637468576431274414e-01 3.739832639694213867e-01 3.892629742622375488e-01 5.232899188995361328e-01
5.062500238418579102e-01 7.064999938011169434e-01 6.125000119209289551e-02 7.552499771118164062e-01 6.374999880790710449e-02 7.187500000000000000e-01 5.834380984306335449e-01 6.307364702224731445e-01 5.039855092763900757e-02 4.987691044807434082e-01 7.491176575422286987e-02 7.454720735549926758e-01
2.952499985694885254e-01 7.488333582878112793e-01 8.957499861717224121e-01 6.482499837875366211e-01 2.325000055134296417e-02 9.607499837875366211e-01 3.340056538581848145e-01 5.179228186607360840e-01 5.955415964126586914e-01 5.964027643203735352e-01 5.560769140720367432e-02 6.157972216606140137e-01
4.577499926090240479e-01 5.831666588783264160e-01 5.217499732971191406e-01 6.807500123977661133e-01 7.712500095367431641e-01 6.312500238418579102e-01 4.136743545532226562e-01 5.027364492416381836e-01 4.829628169536590576e-01 7.756953239440917969e-01 8.264467716217041016e-01 5.905342698097229004e-01
5.412499904632568359e-01 2.261666655540466309e-01 1.097500026226043701e-01 7.887499928474426270e-01 8.677499890327453613e-01 2.167499959468841553e-01 5.355009436607360840e-01 3.900203704833984375e-01 5.751186609268188477e-01 5.912357568740844727e-01 8.574972748756408691e-01 6.038237214088439941e-01
1.097500026226043701e-01 2.434999942779541016e-01 4.857499897480010986e-01 7.927500009536743164e-01 4.897499978542327881e-01 2.192499935626983643e-01 1.665117591619491577e-01 2.843775749206542969e-01 6.072660684585571289e-01 6.793730258941650391e-01 4.778639972209930420e-01 3.415336310863494873e-01
6.937500238418579102e-01 4.761666655540466309e-01 9.442499876022338867e-01 8.425000309944152832e-02 2.112500071525573730e-01 8.782500028610229492e-01 7.014101147651672363e-01 4.433240592479705811e-01 5.459934473037719727e-01 3.889055252075195312e-01 2.145950943231582642e-01 5.603571534156799316e-01
2.457499951124191284e-01 5.168333053588867188e-01 5.824999883770942688e-02 9.122499823570251465e-01 4.167500138282775879e-01 1.572500020265579224e-01 2.901763617992401123e-01 6.366200447082519531e-01 1.234797090291976929e-01 8.865608572959899902e-01 4.066695570945739746e-01 4.182133972644805908e-01
6.125000119209289551e-02 5.948333144187927246e-01 6.412500143051147461e-01 8.322499990463256836e-01 8.932499885559082031e-01 5.572500228881835938e-01 8.825574070215225220e-02 4.576512277126312256e-01 6.504712104797363281e-01 8.538258075714111328e-01 9.391192197799682617e-01 7.347124814987182617e-01
7.172499895095825195e-01 2.581666707992553711e-01 7.977499961853027344e-01 7.592499852180480957e-01 9.227499961853027344e-01 6.037499904632568359e-01 6.353049278259277344e-01 3.699273765087127686e-01 8.005439043045043945e-01 8.855548501014709473e-01 8.987040519714355469e-01 4.969580471515655518e-01
2.372500002384185791e-01 8.004999756813049316e-01 7.172499895095825195e-01 6.432499885559082031e-01 5.392500162124633789e-01 3.832499980926513672e-01 2.391981482505798340e-01 6.054454445838928223e-01 4.698807001113891602e-01 6.991781592369079590e-01 5.681388974189758301e-01 4.032171964645385742e-01
8.187500238418579102e-01 5.291666388511657715e-01 9.587500095367431641e-01 8.357499837875366211e-01 6.674999743700027466e-02 5.172500014305114746e-01 8.171218633651733398e-01 3.933700323104858398e-01 8.352603912353515625e-01 9.025281071662902832e-01 9.305728226900100708e-02 5.407053828239440918e-01
5.657500028610229492e-01 7.931666374206542969e-01 3.767499923706054688e-01 8.007500171661376953e-01 9.102500081062316895e-01 7.847499847412109375e-01 5.051857829093933105e-01 5.923057794570922852e-01 3.478080630302429199e-01 6.763420104980468750e-01 9.031337499618530273e-01 5.225923061370849609e-01
7.767500281333923340e-01 7.561666369438171387e-01 8.737499713897705078e-01 2.575000002980232239e-02 6.597499847412109375e-01 3.247500061988830566e-01 8.175524473190307617e-01 4.950077831745147705e-01 4.681194126605987549e-01 2.460083663463592529e-01 7.028570175170898438e-01 4.794063866138458252e-01
7.917500138282775879e-01 7.515000104904174805e-01 2.767499983310699463e-01 1.374999992549419403e-02 4.702500104904174805e-01 4.207499921321868896e-01 7.957257628440856934e-01 5.849958658218383789e-01 2.191617786884307861e-01 1.513895988464355469e-01 4.396738708019256592e-01 3.935541510581970215e-01
1.775000058114528656e-02 2.228333353996276855e-01 6.617500185966491699e-01 5.175000056624412537e-02 1.687500029802322388e-01 7.302500009536743164e-01 4.380268976092338562e-02 2.174369990825653076e-01 7.079000473022460938e-01 7.207520306110382080e-02 6.660592555999755859e-02 7.706255912780761719e-01
9.007499814033508301e-01 5.748333334922790527e-01 8.717499971389770508e-01 2.122499942779541016e-01 6.575000286102294922e-02 8.622499704360961914e-01 8.482028245925903320e-01 4.911239445209503174e-01 5.954895019531250000e-01 4.928906261920928955e-01 8.818871527910232544e-02 5.847828388214111328e-01
8.962500095367431641e-01 7.158333063125610352e-01 4.537500143051147461e-01 7.374999672174453735e-02 7.962499856948852539e-01 5.517500042915344238e-01 8.960579037666320801e-01 5.855900645256042480e-01 3.149313926696777344e-01 1.623822450637817383e-01 8.435773849487304688e-01 6.409478783607482910e-01
1.182499974966049194e-01 4.945000112056732178e-01 4.967499971389770508e-01 1.957499980926513672e-01 7.124999910593032837e-02 8.082500100135803223e-01 9.608978778123855591e-02 4.497480392456054688e-01 5.705913305282592773e-01 1.491523236036300659e-01 6.346675753593444824e-02 7.624458670616149902e-01
9.582499861717224121e-01 1.938333362340927124e-01 8.025000244379043579e-02 7.732499837875366211e-01 1.267500072717666626e-01 6.717500090599060059e-01 7.295941710472106934e-01 4.240387678146362305e-01 6.351917386054992676e-01 5.807837247848510742e-01 1.151601374149322510e-01 5.977798700332641602e-01
8.227499723434448242e-01 6.541666388511657715e-01 4.422500133514404297e-01 2.502500116825103760e-01 2.097499966621398926e-01 4.887500107288360596e-01 8.823239207267761230e-01 6.195635795593261719e-01 3.257754743099212646e-01 2.488707304000854492e-01 1.992226094007492065e-01 4.459704458713531494e-01
9.832500219345092773e-01 6.011666655540466309e-01 3.592500090599060059e-01 3.397499918937683105e-01 3.447499871253967285e-01 1.322499960660934448e-01 8.667070865631103516e-01 4.479851424694061279e-01 6.613133549690246582e-01 3.123727440834045410e-01 3.585350811481475830e-01 4.891811907291412354e-01
9.867500066757202148e-01 4.431666731834411621e-01 2.942500114440917969e-01 3.857499957084655762e-01 5.592499971389770508e-01 5.972499847412109375e-01 8.666656017303466797e-01 5.073779821395874023e-01 5.071938633918762207e-01 4.014073014259338379e-01 5.415515899658203125e-01 5.432730317115783691e-01
2.037499994039535522e-01 4.244999885559082031e-01 8.167499899864196777e-01 8.447499871253967285e-01 3.832499980926513672e-01 5.167499780654907227e-01 1.612428873777389526e-01 3.350933790206909180e-01 7.783250808715820312e-01 8.409700989723205566e-01 3.931633830070495605e-01 4.166540801525115967e-01
1.132500022649765015e-01 8.051666617393493652e-01 5.142499804496765137e-01 3.175000101327896118e-02 6.097499728202819824e-01 8.012499809265136719e-01 6.220446154475212097e-02 5.090190768241882324e-01 1.929566413164138794e-01 3.864287734031677246e-01 7.594062685966491699e-01 7.213072776794433594e-01
2.592499852180480957e-01 4.598333239555358887e-01 6.952499747276306152e-01 3.742499947547912598e-01 7.137500047683715820e-01 4.612500071525573730e-01 3.072006106376647949e-01 4.790218770503997803e-01 6.278656125068664551e-01 4.681205451488494873e-01 7.037403583526611328e-01 4.669615924358367920e-01
1.887499988079071045e-01 4.181666672229766846e-01 9.272500276565551758e-01 8.942499756813049316e-01 8.777499794960021973e-01 6.502500176429748535e-01 1.897314339876174927e-01 2.883867323398590088e-01 7.518858909606933594e-01 8.618658185005187988e-01 8.972553610801696777e-01 6.278833150863647461e-01
1.477500051259994507e-01 2.991666793823242188e-01 5.892500281333923340e-01 2.057500034570693970e-01 9.587500095367431641e-01 9.207500219345092773e-01 1.706065237522125244e-01 4.706172645092010498e-01 6.731610894203186035e-01 4.130136072635650635e-01 8.917186856269836426e-01 6.866687536239624023e-01
9.542499780654907227e-01 1.975000053644180298e-01 8.327500224113464355e-01 2.062499970197677612e-01 6.447499990463256836e-01 7.537500262260437012e-01 8.187711238861083984e-01 3.400169312953948975e-01 7.772219777107238770e-01 4.559219777584075928e-01 6.500065922737121582e-01 6.375932693481445312e-01
7.312499880790710449e-01 2.675000131130218506e-01 2.225000038743019104e-02 6.447499990463256836e-01 4.242500066757202148e-01 7.372499704360961914e-01 7.003423571586608887e-01 5.353022217750549316e-01 1.780705302953720093e-01 5.404299497604370117e-01 3.915350139141082764e-01 6.819317936897277832e-01
9.822499752044677734e-01 4.785000085830688477e-01 8.075000345706939697e-02 8.072500228881835938e-01 8.807500004768371582e-01 2.567499876022338867e-01 9.244537353515625000e-01 5.488330721855163574e-01 4.117024242877960205e-01 5.959165096282958984e-01 8.744637370109558105e-01 3.879444003105163574e-01
3.177500069141387939e-01 6.374999880790710449e-01 8.277500271797180176e-01 9.867500066757202148e-01 5.547500252723693848e-01 4.432500004768371582e-01 2.756992280483245850e-01 4.882574081420898438e-01 7.882409691810607910e-01 9.086278676986694336e-01 5.689136385917663574e-01 4.654615223407745361e-01
1.867499947547912598e-01 4.348333477973937988e-01 8.267499804496765137e-01 2.675000019371509552e-02 4.552499949932098389e-01 6.227499842643737793e-01 1.595309525728225708e-01 4.112328290939331055e-01 8.089236617088317871e-01 1.451279968023300171e-01 4.898754656314849854e-01 4.557802975177764893e-01
5.217499732971191406e-01 5.991666913032531738e-01 1.274999976158142090e-02 9.802500009536743164e-01 9.202499985694885254e-01 7.772499918937683105e-01 4.996617436408996582e-01 6.114830970764160156e-01 1.916627883911132812e-01 5.527175068855285645e-01 8.839971423149108887e-01 4.747732877731323242e-01
2.147500067949295044e-01 4.704999923706054688e-01 1.337500065565109253e-01 8.507500290870666504e-01 8.032500147819519043e-01 7.717499732971191406e-01 2.590765058994293213e-01 5.482971072196960449e-01 2.715376317501068115e-01 6.074826717376708984e-01 7.866646051406860352e-01 5.908291935920715332e-01
4.452500045299530029e-01 6.278333067893981934e-01 3.902499973773956299e-01 1.274999976158142090e-02 2.932499945163726807e-01 8.574999868869781494e-02 4.349525868892669678e-01 5.531574487686157227e-01 4.222410917282104492e-01 8.404692262411117554e-02 2.871838510036468506e-01 3.367001414299011230e-01
4.675000160932540894e-02 2.561666667461395264e-01 5.602499842643737793e-01 7.232499718666076660e-01 6.237499713897705078e-01 4.747500121593475342e-01 4.461194574832916260e-02 1.761473715305328369e-01 7.834282517433166504e-01 7.286064624786376953e-01 6.504371166229248047e-01 4.701912105083465576e-01
3.067499995231628418e-01 4.508333206176757812e-01 7.497500181198120117e-01 5.717499852180480957e-01 9.917500019073486328e-01 4.607500135898590088e-01 2.995944917201995850e-01 3.506891429424285889e-01 6.988081932067871094e-01 7.262803912162780762e-01 9.468894004821777344e-01 6.749846935272216797e-01
9.757500290870666504e-01 2.078333348035812378e-01 2.557500004768371582e-01 4.342499971389770508e-01 5.512499809265136719e-01 6.182500123977661133e-01 8.706866502761840820e-01 4.735119044780731201e-01 5.891035795211791992e-01 3.422289490699768066e-01 5.470409393310546875e-01 6.360689997673034668e-01
6.887500286102294922e-01 7.221666574478149414e-01 1.247500032186508179e-01 1.975000090897083282e-02 3.847500085830688477e-01 2.362499982118606567e-01 6.802809238433837891e-01 5.956034660339355469e-01 2.289986461400985718e-01 6.929273903369903564e-02 3.828957378864288330e-01 3.556178808212280273e-01
5.512499809265136719e-01 3.601666688919067383e-01 4.825000092387199402e-02 7.042499780654907227e-01 1.622499972581863403e-01 3.707500100135803223e-01 5.990138649940490723e-01 5.353156924247741699e-01 2.721255719661712646e-01 5.800664424896240234e-01 1.222348213195800781e-01 6.484137773513793945e-01
1.377499997615814209e-01 6.878333091735839844e-01 4.587500095367431641e-01 7.007499933242797852e-01 3.722499907016754150e-01 1.922499984502792358e-01 1.564242690801620483e-01 5.979126691818237305e-01 4.681712388992309570e-01 7.551352977752685547e-01 4.445149004459381104e-01 3.580767512321472168e-01
7.872499823570251465e-01 2.535000145435333252e-01 7.532500028610229492e-01 5.787500143051147461e-01 6.132500171661376953e-01 8.387500047683715820e-01 7.244343757629394531e-01 3.417674005031585693e-01 8.028907179832458496e-01 6.252911686897277832e-01 6.159524321556091309e-01 5.855501890182495117e-01
7.157499790191650391e-01 3.294999897480010986e-01 4.212499856948852539e-01 9.522500038146972656e-01 6.042500138282775879e-01 9.177500009536743164e-01 6.528031826019287109e-01 4.005337655544281006e-01 6.969031095504760742e-01 6.779408454895019531e-01 5.840186476707458496e-01 5.605840086936950684e-01
2.797499895095825195e-01 3.865000009536743164e-01 2.817499935626983643e-01 9.787499904632568359e-01 9.692500233650207520e-01 6.142500042915344238e-01 2.913822531700134277e-01 4.728648960590362549e-01 4.033038616180419922e-01 8.326171040534973145e-01 8.982899785041809082e-01 5.925338864326477051e-01
4.542500078678131104e-01 8.141666650772094727e-01 9.572499990463256836e-01 6.674999743700027466e-02 4.067499935626983643e-01 5.897499918937683105e-01 4.298817813396453857e-01 5.880987644195556641e-01 5.319062471389770508e-01 2.333193719387054443e-01 4.575371742248535156e-01 3.839823901653289795e-01
2.749999985098838806e-03 6.738333106040954590e-01 1.607500016689300537e-01 7.175000011920928955e-02 3.662500083446502686e-01 3.762499988079071045e-01 5.025135725736618042e-02 5.561524033546447754e-01 3.442969173192977905e-02 8.643026649951934814e-02 4.475995004177093506e-01 6.557934880256652832e-01
7.502499818801879883e-01 4.231666624546051025e-01 2.474999986588954926e-02 8.917499780654907227e-01 4.757499992847442627e-01 5.842499732971191406e-01 7.225393652915954590e-01 5.383092761039733887e-01 2.072547376155853271e-01 7.900679707527160645e-01 4.674275517463684082e-01 6.543938517570495605e-01
8.292499780654907227e-01 7.761666774749755859e-01 6.907500028610229492e-01 8.407499790191650391e-01 3.172500133514404297e-01 4.822500050067901611e-01 8.920258879661560059e-01 5.789870023727416992e-01 6.655703783035278320e-01 6.864928603172302246e-01 3.177998363971710205e-01 5.141267776489257812e-01
8.247500061988830566e-01 2.691666781902313232e-01 2.147500067949295044e-01 3.532499969005584717e-01 8.907499909400939941e-01 1.862500011920928955e-01 7.953737378120422363e-01 4.346978664398193359e-01 4.279640913009643555e-01 3.309912383556365967e-01 8.646277189254760742e-01 4.906767606735229492e-01
9.692500233650207520e-01 2.498333305120468140e-01 1.067499965429306030e-01 2.112500071525573730e-01 8.012499809265136719e-01 3.767499923706054688e-01 8.228099346160888672e-01 4.162293374538421631e-01 4.048565328121185303e-01 2.635427415370941162e-01 7.909420728683471680e-01 4.426991939544677734e-01
3.157500028610229492e-01 4.115000069141387939e-01 5.967500209808349609e-01 7.582499980926513672e-01 9.422500133514404297e-01 9.242500066757202148e-01 3.088091313838958740e-01 4.325568675994873047e-01 6.048490405082702637e-01 7.182989716529846191e-01 9.024246335029602051e-01 6.674935817718505859e-01
9.897500276565551758e-01 4.141666591167449951e-01 9.052500128746032715e-01 3.424999862909317017e-02 4.792500138282775879e-01 3.032500147819519043e-01 8.153542876243591309e-01 3.672360777854919434e-01 7.772924304008483887e-01 4.924607574939727783e-01 4.730618000030517578e-01 4.851548075675964355e-01
