1.074424982070922852e-01 3.771494925022125244e-01 7.191944718360900879e-01 7.471150159835815430e-01 2.170749939978122711e-02 7.507810741662979126e-02 2.692546546459197998e-01 1.317798346281051636e-01 3.795636296272277832e-01 7.552893757820129395e-01 5.243896245956420898e-01 8.155734091997146606e-02 5.705228447914123535e-01 5.469843745231628418e-01
5.996025204658508301e-01 2.187239974737167358e-01 2.859387397766113281e-01 6.319125294685363770e-01 7.379267215728759766e-01 7.215978503227233887e-01 7.927479743957519531e-01 6.134611964225769043e-01 4.444370865821838379e-01 4.197086393833160400e-01 4.255143105983734131e-01 6.739806532859802246e-01 5.069910883903503418e-01 5.580168366432189941e-01
7.084274888038635254e-01 4.328461587429046631e-01 7.115697264671325684e-01 5.112199783325195312e-01 5.491034984588623047e-01 6.666193008422851562e-01 8.808780908584594727e-01 6.772766709327697754e-01 4.842104911804199219e-01 4.808894097805023193e-01 4.951756298542022705e-01 5.400632619857788086e-01 4.548460841178894043e-01 4.887634515762329102e-01
5.774924755096435547e-01 4.571650028228759766e-01 1.816727519035339355e-01 2.390747517347335815e-01 7.880027294158935547e-01 5.546672940254211426e-01 4.587976634502410889e-01 5.068129301071166992e-01 5.107020139694213867e-01 2.147412896156311035e-01 3.511444628238677979e-01 7.904280424118041992e-01 5.143470168113708496e-01 6.153892874717712402e-01
8.442950248718261719e-01 5.838288068771362305e-01 1.733697503805160522e-01 6.421350240707397461e-01 7.646177411079406738e-01 4.676388800144195557e-01 7.017969489097595215e-01 7.137126326560974121e-01 5.317047238349914551e-01 2.213942855596542358e-01 5.853971838951110840e-01 7.494895458221435547e-01 4.912290275096893311e-01 6.703826189041137695e-01
3.900099992752075195e-01 2.739291787147521973e-01 3.150264918804168701e-01 3.430207371711730957e-01 1.287014931440353394e-01 9.063737392425537109e-01 5.168513059616088867e-01 3.258285522460937500e-01 5.049528479576110840e-01 5.165277719497680664e-01 3.506227433681488037e-01 1.678894311189651489e-01 6.078652143478393555e-01 4.482308030128479004e-01
6.814774870872497559e-01 3.800818324089050293e-01 3.593422472476959229e-01 6.565399765968322754e-01 4.243335127830505371e-01 1.351579725742340088e-01 1.919530034065246582e-01 6.558604240417480469e-01 5.074716210365295410e-01 5.688046216964721680e-01 5.594123601913452148e-01 4.661411046981811523e-01 3.802992105484008789e-01 3.470370471477508545e-01
4.618175029754638672e-01 8.308724761009216309e-01 6.438454985618591309e-01 4.836890101432800293e-01 1.742827445268630981e-01 6.004298105835914612e-02 5.046179890632629395e-01 5.363717079162597656e-01 5.443865060806274414e-01 4.594751298427581787e-01 4.614820182323455811e-01 2.965311110019683838e-01 4.665063619613647461e-01 4.106817245483398438e-01
1.180450022220611572e-01 5.258161425590515137e-01 3.197174891829490662e-02 3.379600048065185547e-01 1.635382473468780518e-01 3.489731252193450928e-01 4.183226525783538818e-01 1.251746714115142822e-01 5.845164060592651367e-01 1.173469573259353638e-01 4.671584963798522949e-01 2.810138761997222900e-01 6.279808282852172852e-01 6.453678011894226074e-01
3.992750123143196106e-02 6.035388112068176270e-01 6.669340133666992188e-01 4.333457648754119873e-01 3.646380007266998291e-01 2.555052638053894043e-01 2.414180040359497070e-01 6.216952204704284668e-02 5.686998367309570312e-01 6.257438659667968750e-01 4.311990737915039062e-01 3.823085725307464600e-01 5.529514551162719727e-01 4.575394093990325928e-01
7.619249820709228516e-01 5.623946785926818848e-01 7.566737532615661621e-01 5.573624968528747559e-01 1.388995051383972168e-01 9.981855750083923340e-01 3.868726789951324463e-01 8.539273142814636230e-01 3.984217047691345215e-01 6.082743406295776367e-01 5.041720271110534668e-01 1.814923882484436035e-01 5.272184014320373535e-01 6.230118870735168457e-01
5.720275044441223145e-01 4.936041533946990967e-01 6.043180227279663086e-01 6.604175269603729248e-02 5.735285282135009766e-01 1.785506010055541992e-01 8.053066581487655640e-02 5.218361616134643555e-01 4.043524861335754395e-01 6.142461895942687988e-01 3.319094181060791016e-01 5.556499958038330078e-01 5.194917917251586914e-01 3.417512476444244385e-01
9.990050196647644043e-01 5.127146840095520020e-01 9.860417246818542480e-01 5.404725074768066406e-01 3.357677459716796875e-01 5.072447657585144043e-01 9.573369026184082031e-01 9.448871612548828125e-01 2.493481338024139404e-01 7.674514651298522949e-01 6.471577882766723633e-01 2.187189459800720215e-01 5.310080051422119141e-01 7.235629558563232422e-01
8.471350073814392090e-01 4.721638262271881104e-01 1.958574950695037842e-01 1.323132514953613281e-01 4.070807397365570068e-01 3.512502014636993408e-01 1.963299959897994995e-01 7.127408981323242188e-01 5.457223653793334961e-01 4.617360532283782959e-01 3.376489281654357910e-01 4.196304678916931152e-01 4.936259388923645020e-01 3.779752850532531738e-01
1.988250017166137695e-02 6.619135141372680664e-01 8.983749747276306152e-01 4.854847490787506104e-01 7.887985110282897949e-01 8.180000782012939453e-01 7.332437634468078613e-01 1.778348907828330994e-02 6.370568871498107910e-01 4.706576168537139893e-01 2.886245250701904297e-01 9.233114123344421387e-01 6.084372997283935547e-01 3.224971294403076172e-01
1.445074975490570068e-01 4.729340076446533203e-01 7.897175103425979614e-02 8.761600255966186523e-01 3.548862636089324951e-01 5.823444724082946777e-01 3.159376680850982666e-01 9.468884021043777466e-02 5.902234911918640137e-01 9.970499575138092041e-02 7.843567728996276855e-01 4.001908302307128906e-01 4.783701002597808838e-01 7.349383234977722168e-01
1.477124989032745361e-01 7.612910270690917969e-01 7.669077515602111816e-01 8.615375310182571411e-02 2.658597528934478760e-01 6.681354641914367676e-01 5.808043479919433594e-01 1.529536992311477661e-01 5.260131359100341797e-01 5.571209788322448730e-01 3.080637753009796143e-01 3.275265693664550781e-01 6.077501773834228516e-01 4.323492646217346191e-01
8.996000289916992188e-01 6.043524742126464844e-01 7.848539948463439941e-01 4.169670045375823975e-01 3.107174932956695557e-01 1.276740431785583496e-01 4.606069922447204590e-01 9.532635807991027832e-01 6.025338172912597656e-01 5.847573280334472656e-01 5.688887834548950195e-01 3.237698078155517578e-01 3.252708911895751953e-01 3.593128621578216553e-01
2.780900001525878906e-01 1.792176663875579834e-01 9.288704991340637207e-01 6.176350116729736328e-01 9.227149933576583862e-02 5.913984775543212891e-01 9.506603479385375977e-01 4.146551191806793213e-01 2.605798244476318359e-01 6.228055357933044434e-01 7.180490493774414062e-01 4.937189817428588867e-02 6.352578401565551758e-01 8.530905246734619141e-01
3.339149951934814453e-01 4.823488295078277588e-01 9.623647332191467285e-01 4.525727629661560059e-01 6.711884737014770508e-01 8.217902779579162598e-01 1.188416630029678345e-01 3.700754046440124512e-01 3.858560025691986084e-01 6.722554564476013184e-01 5.286965966224670410e-01 6.977481842041015625e-01 4.980453550815582275e-01 3.375605046749114990e-01
6.267899870872497559e-01 7.339239716529846191e-01 7.689437270164489746e-01 3.005647361278533936e-01 9.013969898223876953e-01 5.489408373832702637e-01 4.495436549186706543e-01 6.040921211242675781e-01 5.130336284637451172e-01 5.043055415153503418e-01 6.034060120582580566e-01 8.732264637947082520e-01 4.854297041893005371e-01 4.653618931770324707e-01
3.401150107383728027e-01 4.098608195781707764e-01 8.265535235404968262e-01 2.340075001120567322e-02 8.499457240104675293e-01 5.403444170951843262e-01 9.904894232749938965e-01 3.645651340484619141e-01 3.878040015697479248e-01 4.325050711631774902e-01 2.275038659572601318e-01 6.949230432510375977e-01 5.420096516609191895e-01 5.825614333152770996e-01
6.151000037789344788e-02 6.728168129920959473e-01 5.089524984359741211e-01 8.778125047683715820e-01 7.372587323188781738e-01 8.913036584854125977e-01 1.647300086915493011e-02 2.806313149631023407e-02 6.875735521316528320e-01 3.030418753623962402e-01 2.822669744491577148e-01 9.402485489845275879e-01 5.925765037536621094e-01 3.147010505199432373e-01
3.643549978733062744e-01 8.031976819038391113e-01 6.656810045242309570e-01 1.120777502655982971e-01 2.856124937534332275e-02 5.675760507583618164e-01 7.655128836631774902e-01 2.765161991119384766e-01 5.346884131431579590e-01 5.056222677230834961e-01 3.623651862144470215e-01 8.754833042621612549e-02 6.346784234046936035e-01 4.625863730907440186e-01
2.656599879264831543e-01 7.706983089447021484e-01 3.846769928932189941e-01 2.513934969902038574e-01 5.829137563705444336e-01 2.549786865711212158e-01 9.400420188903808594e-01 2.637460231781005859e-01 5.473470687866210938e-01 1.819910407066345215e-01 4.436771869659423828e-01 5.517572164535522461e-01 5.178536176681518555e-01 5.891359448432922363e-01
4.019599854946136475e-01 4.681201577186584473e-01 5.185887217521667480e-01 3.967222571372985840e-01 2.856342494487762451e-01 2.351643443107604980e-01 5.484333261847496033e-02 4.439800083637237549e-01 5.134637951850891113e-01 5.457805395126342773e-01 5.482308268547058105e-01 3.792956173419952393e-01 4.119524061679840088e-01 3.738611936569213867e-01
7.809500098228454590e-01 5.252936482429504395e-01 8.591882586479187012e-01 8.087325096130371094e-01 9.970407485961914062e-01 2.341383844614028931e-01 6.756131649017333984e-01 8.247982263565063477e-01 6.057772040367126465e-01 6.737431287765502930e-01 9.151745438575744629e-01 9.008123874664306641e-01 2.972269058227539062e-01 4.187082052230834961e-01
6.050000083632767200e-04 7.626801729202270508e-01 1.937910020351409912e-01 3.050400018692016602e-01 6.250527501106262207e-01 2.081033401191234589e-02 1.950639933347702026e-01 1.926886290311813354e-02 7.593963742256164551e-01 9.836737066507339478e-02 5.892106294631958008e-01 8.794409036636352539e-01 4.722774028778076172e-01 5.377128720283508301e-01
5.692874789237976074e-01 3.641664981842041016e-01 4.404575005173683167e-02 2.932477593421936035e-01 7.343674898147583008e-01 8.351206779479980469e-01 5.881213545799255371e-01 4.279281198978424072e-01 5.159972310066223145e-01 2.335605621337890625e-01 2.982357144355773926e-01 7.198089957237243652e-01 5.249318480491638184e-01 5.680200457572937012e-01
3.520975112915039062e-01 3.082848191261291504e-01 7.619307637214660645e-01 2.474567443132400513e-01 8.176295161247253418e-01 9.469219446182250977e-01 7.358211278915405273e-01 3.384906649589538574e-01 3.788319528102874756e-01 5.636190772056579590e-01 4.100273251533508301e-01 7.479258775711059570e-01 5.294257402420043945e-01 4.871814548969268799e-01
8.372499942779541016e-01 4.964953362941741943e-01 7.864217758178710938e-01 1.196952536702156067e-01 6.558899879455566406e-01 4.126114249229431152e-01 8.352743983268737793e-01 7.538160681724548340e-01 3.963718712329864502e-01 5.995976924896240234e-01 3.870238959789276123e-01 6.457492113113403320e-01 4.939906895160675049e-01 3.915130198001861572e-01
2.817200124263763428e-01 2.428318262100219727e-01 6.349735260009765625e-01 5.497174859046936035e-01 5.123487710952758789e-01 2.889033406972885132e-02 4.576143324375152588e-01 3.831590414047241211e-01 3.113984763622283936e-01 6.989238262176513672e-01 4.852396845817565918e-01 5.544778704643249512e-01 5.098063349723815918e-01 4.170484840869903564e-01
9.917999804019927979e-02 8.105639815330505371e-01 9.747987389564514160e-01 7.417950034141540527e-02 1.971040070056915283e-01 8.333922028541564941e-01 1.052133366465568542e-02 1.153424233198165894e-01 5.584740042686462402e-01 6.206876039505004883e-01 3.524869680404663086e-01 2.855400443077087402e-01 6.044656634330749512e-01 3.773829340934753418e-01
8.265799880027770996e-01 7.946988344192504883e-01 1.353474985808134079e-02 6.612499952316284180e-01 3.967007398605346680e-01 5.772690176963806152e-01 8.687244057655334473e-01 7.279323339462280273e-01 7.353204488754272461e-01 7.006324827671051025e-02 6.897688508033752441e-01 4.513905048370361328e-01 4.353578686714172363e-01 7.058985233306884766e-01
9.908249974250793457e-02 3.643186688423156738e-01 3.800162374973297119e-01 4.586944878101348877e-01 9.990582466125488281e-01 2.283266633749008179e-01 8.083066344261169434e-02 6.680382043123245239e-02 5.637164711952209473e-01 6.401576399803161621e-01 4.783570468425750732e-01 9.529418349266052246e-01 5.588338971138000488e-01 3.237150013446807861e-01
6.259425282478332520e-01 3.014331758022308350e-01 1.485912501811981201e-01 4.580957591533660889e-01 7.705637216567993164e-01 8.267338275909423828e-01 2.553633451461791992e-01 5.339335203170776367e-01 5.262045860290527344e-01 2.314321994781494141e-01 3.189358115196228027e-01 7.480167150497436523e-01 5.149962306022644043e-01 5.755390524864196777e-01
9.855474829673767090e-01 2.033886611461639404e-01 9.584337472915649414e-01 7.117875218391418457e-01 6.930927634239196777e-01 5.881259441375732422e-01 3.790040016174316406e-01 9.582974314689636230e-01 2.298704534769058228e-01 8.553020954132080078e-01 6.927748322486877441e-01 7.773804068565368652e-01 5.203987360000610352e-01 3.730936646461486816e-01
1.987649947404861450e-01 2.743841707706451416e-01 9.119752645492553711e-01 9.380350112915039062e-01 6.959974765777587891e-01 3.948940336704254150e-01 7.560707330703735352e-01 2.242932319641113281e-01 2.196459472179412842e-01 8.581818342208862305e-01 8.593131303787231445e-01 7.161160707473754883e-01 4.901641905307769775e-01 5.887504816055297852e-01
8.382124900817871094e-01 2.278251647949218750e-01 3.118360042572021484e-01 9.864724874496459961e-01 7.571529746055603027e-01 6.595295071601867676e-01 2.587586641311645508e-01 8.724066019058227539e-01 3.866059184074401855e-01 5.763285756111145020e-01 4.412800371646881104e-01 7.968394756317138672e-01 5.246776938438415527e-01 4.599107205867767334e-01
2.720350027084350586e-01 8.071784973144531250e-01 8.371084928512573242e-01 4.278457462787628174e-01 8.059327602386474609e-01 8.791138529777526855e-01 5.675200223922729492e-01 2.212223708629608154e-01 5.537606477737426758e-01 4.719317853450775146e-01 3.671050667762756348e-01 8.391219973564147949e-01 5.097733139991760254e-01 3.940051198005676270e-01
6.403974890708923340e-01 1.812776625156402588e-01 7.186290025711059570e-01 1.826110035181045532e-01 9.235674738883972168e-01 1.713234335184097290e-01 7.629056572914123535e-01 5.693757534027099609e-01 3.857544958591461182e-01 6.852064132690429688e-01 5.983772873878479004e-01 7.771945595741271973e-01 4.988125264644622803e-01 3.341834545135498047e-01
8.557350039482116699e-01 3.413478434085845947e-01 6.399185061454772949e-01 4.771282374858856201e-01 2.543214857578277588e-01 6.311722993850708008e-01 6.887222528457641602e-01 8.509818315505981445e-01 4.005824029445648193e-01 6.353281140327453613e-01 5.043564438819885254e-01 2.503875195980072021e-01 4.890080392360687256e-01 5.453264117240905762e-01
4.699699878692626953e-01 2.541689872741699219e-01 2.573255002498626709e-01 7.542175054550170898e-01 2.843067646026611328e-01 6.752315908670425415e-02 9.036083221435546875e-01 4.631415009498596191e-01 3.775493800640106201e-01 5.940641760826110840e-01 5.316887497901916504e-01 2.791584432125091553e-01 4.994361698627471924e-01 5.281945466995239258e-01
7.293300032615661621e-01 2.239926606416702271e-01 4.996367394924163818e-01 4.466232359409332275e-01 4.925682544708251953e-01 9.836612939834594727e-01 9.378047585487365723e-01 6.081423163414001465e-01 3.679479658603668213e-01 6.101623773574829102e-01 4.036193490028381348e-01 3.761848509311676025e-01 5.237237811088562012e-01 4.167242050170898438e-01
4.449824988842010498e-01 1.730004996061325073e-01 1.919837445020675659e-01 8.914049863815307617e-01 4.474482536315917969e-01 1.133459582924842834e-01 3.014020025730133057e-01 4.662460088729858398e-01 4.046272039413452148e-01 6.105374097824096680e-01 5.716663002967834473e-01 4.865880012512207031e-01 4.372280240058898926e-01 4.023977220058441162e-01
1.999824941158294678e-01 4.529278278350830078e-01 1.536564975976943970e-01 5.150550007820129395e-01 2.908100001513957977e-02 4.583289027214050293e-01 5.162556767463684082e-01 2.055365592241287231e-01 5.382066965103149414e-01 3.729070723056793213e-01 5.854014754295349121e-01 1.191713809967041016e-01 5.460047125816345215e-01 6.057052016258239746e-01
8.739100098609924316e-01 6.439178586006164551e-01 3.565104901790618896e-01 8.655250072479248047e-03 7.428217530250549316e-01 2.297111153602600098e-01 3.042726814746856689e-01 7.488762736320495605e-01 5.520520210266113281e-01 3.368666172027587891e-01 3.060768246650695801e-01 7.412011623382568359e-01 4.878775775432586670e-01 5.035328865051269531e-01
4.601399898529052734e-01 4.738574922084808350e-01 6.792887449264526367e-01 2.801632583141326904e-01 7.813665270805358887e-01 9.392333030700683594e-02 8.295833319425582886e-02 5.630077123641967773e-01 5.161138772964477539e-01 3.960229754447937012e-01 3.989385366439819336e-01 7.641962170600891113e-01 4.783923625946044922e-01 4.810473620891571045e-01
2.522799968719482422e-01 6.224631667137145996e-01 8.469499647617340088e-03 3.744035065174102783e-01 6.552180051803588867e-01 2.078589946031570435e-01 1.057523339986801147e-01 2.471467107534408569e-01 6.441275477409362793e-01 1.211357340216636658e-01 5.960898399353027344e-01 7.015280723571777344e-01 4.297178089618682861e-01 5.879063010215759277e-01
1.979175060987472534e-01 6.752796769142150879e-01 4.547674953937530518e-02 7.874624729156494141e-01 5.690722465515136719e-01 2.273631244897842407e-01 9.522694349288940430e-01 1.214683502912521362e-01 7.240754365921020508e-01 5.067959427833557129e-02 8.979372382164001465e-01 4.589275419712066650e-01 3.566005527973175049e-01 7.675526738166809082e-01
4.176250100135803223e-02 2.605246603488922119e-01 8.082550168037414551e-01 7.088400125503540039e-01 9.726099669933319092e-02 8.720312118530273438e-01 5.954156517982482910e-01 8.458171039819717407e-03 3.685904145240783691e-01 9.172258973121643066e-01 7.383313179016113281e-01 6.853823363780975342e-02 5.444694161415100098e-01 6.016737222671508789e-01
6.951050162315368652e-01 5.479220151901245117e-01 3.075642585754394531e-01 9.796925187110900879e-01 4.516704976558685303e-01 1.952718198299407959e-01 1.101979985833168030e-01 7.481909990310668945e-01 5.551942586898803711e-01 5.623139739036560059e-01 6.516626477241516113e-01 5.068789720535278320e-01 3.311150968074798584e-01 3.439028561115264893e-01
8.795400261878967285e-01 4.430179893970489502e-01 6.310387253761291504e-01 2.864712476730346680e-01 5.999267697334289551e-01 2.638386785984039307e-01 4.022533446550369263e-02 8.767486214637756348e-01 5.384705662727355957e-01 5.365476608276367188e-01 4.344104230403900146e-01 6.325367689132690430e-01 4.237775206565856934e-01 3.909978270530700684e-01
3.538450002670288086e-01 1.902383267879486084e-01 2.484862506389617920e-01 5.129550099372863770e-01 3.490292429924011230e-01 5.120608806610107422e-01 6.247966736555099487e-02 4.108585715293884277e-01 4.442403316497802734e-01 5.624984502792358398e-01 4.156929850578308105e-01 4.141595661640167236e-01 5.024523138999938965e-01 4.050078988075256348e-01
5.113499760627746582e-01 2.378431707620620728e-01 3.455624878406524658e-01 2.148524969816207886e-01 8.313295245170593262e-01 2.577446401119232178e-01 6.638646721839904785e-01 5.909287929534912109e-01 4.288452267646789551e-01 3.881285786628723145e-01 3.391113579273223877e-01 7.782050967216491699e-01 5.285136699676513672e-01 5.779901742935180664e-01
6.341400146484375000e-01 2.281313389539718628e-01 1.487150043249130249e-02 1.323725003749132156e-02 7.149450182914733887e-01 5.451665520668029785e-01 6.353093385696411133e-01 5.654202103614807129e-01 3.504257202148437500e-01 2.999159097671508789e-01 1.604437977075576782e-01 7.668802738189697266e-01 6.024852395057678223e-01 7.174733281135559082e-01
1.412000041455030441e-02 5.109578371047973633e-01 8.534232378005981445e-01 2.960324883460998535e-01 4.027594923973083496e-01 3.013576865196228027e-01 5.926493406295776367e-01 2.695551700890064240e-02 5.352475047111511230e-01 7.430775761604309082e-01 3.749497830867767334e-01 3.618639707565307617e-01 5.848692655563354492e-01 4.056236147880554199e-01
3.933550119400024414e-01 7.792611718177795410e-01 2.256225049495697021e-01 4.539837539196014404e-01 9.645607471466064453e-01 5.436675548553466797e-01 9.842261672019958496e-01 2.978017032146453857e-01 5.551257729530334473e-01 1.243323460221290588e-01 4.320991933345794678e-01 7.953881621360778809e-01 5.079237818717956543e-01 6.661781072616577148e-01
4.364775121212005615e-01 5.137766599655151367e-01 9.151265025138854980e-01 7.698475122451782227e-01 8.470377326011657715e-01 1.177074760198593140e-01 1.468826681375503540e-01 5.304498672485351562e-01 4.439913928508758545e-01 7.827381491661071777e-01 8.871276378631591797e-01 8.829961419105529785e-01 3.949584662914276123e-01 3.595919907093048096e-01
1.083974987268447876e-01 7.824605107307434082e-01 1.283230036497116089e-01 8.469774723052978516e-01 7.821302413940429688e-01 9.846647381782531738e-01 3.239319920539855957e-01 7.076335139572620392e-03 7.490191459655761719e-01 1.038098037242889404e-01 3.066140711307525635e-01 9.180929660797119141e-01 6.939592957496643066e-01 2.748284339904785156e-01
2.943474948406219482e-01 6.059141755104064941e-01 3.404900133609771729e-01 5.019899830222129822e-02 9.364472627639770508e-01 3.801256418228149414e-01 3.225743472576141357e-01 1.924220919609069824e-01 6.167580485343933105e-01 3.657059669494628906e-01 1.757756322622299194e-01 9.435344338417053223e-01 5.504693388938903809e-01 3.036991655826568604e-01
8.034999668598175049e-02 8.062493205070495605e-01 4.360064864158630371e-01 7.908400297164916992e-01 3.615710139274597168e-01 4.221536219120025635e-01 8.304058909416198730e-01 5.166700109839439392e-02 6.769721508026123047e-01 3.512676060199737549e-01 8.448320031166076660e-01 4.453055560588836670e-01 3.475219011306762695e-01 6.978102326393127441e-01
4.539249837398529053e-02 6.400160193443298340e-01 1.193045005202293396e-01 2.625067532062530518e-01 2.417974919080734253e-02 8.794419169425964355e-01 3.599239885807037354e-01 1.442982349544763565e-02 7.274414300918579102e-01 7.295081764459609985e-02 2.533007860183715820e-01 1.435839235782623291e-01 8.341739177703857422e-01 4.615081250667572021e-01
2.096750028431415558e-02 3.860625028610229492e-01 2.796250022947788239e-02 2.733870148658752441e-01 9.157245159149169922e-01 5.558437108993530273e-01 5.390610098838806152e-01 1.944524236023426056e-02 6.952247023582458496e-01 1.779283285140991211e-01 2.747232019901275635e-01 8.700805902481079102e-01 6.849033832550048828e-01 2.815820574760437012e-01
6.583349704742431641e-01 3.264728188514709473e-01 1.187812536954879761e-01 7.566974759101867676e-01 1.733645051717758179e-01 5.806132405996322632e-02 2.242893278598785400e-01 7.564177513122558594e-01 5.479403734207153320e-01 5.028678178787231445e-01 5.019469261169433594e-01 2.398920357227325439e-01 4.121195971965789795e-01 3.976883888244628906e-01
4.651749879121780396e-02 7.589908242225646973e-01 3.930207490921020508e-01 1.136192530393600464e-01 9.063389897346496582e-01 3.170475661754608154e-01 4.703536629676818848e-01 1.506940927356481552e-02 7.339981794357299805e-01 2.905486226081848145e-01 3.828359544277191162e-01 9.672743082046508789e-01 5.674617290496826172e-01 3.044409453868865967e-01
9.728350043296813965e-01 1.728146672248840332e-01 3.561397492885589600e-01 8.527474999427795410e-01 2.137182503938674927e-01 9.482091665267944336e-01 8.089429736137390137e-01 8.361567258834838867e-01 2.241268903017044067e-01 7.358475923538208008e-01 6.442108154296875000e-01 1.633524298667907715e-01 5.637211799621582031e-01 7.601161003112792969e-01
9.506275057792663574e-01 6.128249764442443848e-01 1.361224949359893799e-01 7.617350220680236816e-01 9.079587459564208984e-01 9.126816391944885254e-01 9.433433413505554199e-01 7.266083955764770508e-01 4.318113923072814941e-01 2.772156298160552979e-01 3.975085616111755371e-01 7.722446322441101074e-01 5.596899390220642090e-01 7.066225409507751465e-01
7.612250000238418579e-02 6.363673210144042969e-01 3.854382634162902832e-01 1.954012513160705566e-01 8.093104958534240723e-01 5.679041147232055664e-01 5.694033205509185791e-02 3.066638670861721039e-02 6.561079621315002441e-01 3.924164175987243652e-01 2.464264333248138428e-01 9.393413066864013672e-01 6.095905900001525879e-01 2.860570549964904785e-01
6.312825083732604980e-01 2.546228468418121338e-01 5.712372660636901855e-01 3.460980057716369629e-01 6.178572773933410645e-01 4.528657495975494385e-01 1.277023404836654663e-01 6.884935498237609863e-01 3.306894302368164062e-01 6.611090302467346191e-01 2.849144339561462402e-01 6.714959144592285156e-01 5.315780639648437500e-01 3.325393497943878174e-01
8.165749907493591309e-02 5.916183590888977051e-01 8.413150161504745483e-02 5.793750286102294922e-01 6.981599926948547363e-01 8.597926497459411621e-01 9.409117698669433594e-01 5.005926638841629028e-02 6.683915853500366211e-01 7.662446796894073486e-02 4.192050397396087646e-01 6.187903881072998047e-01 6.087871193885803223e-01 5.720047950744628906e-01
4.182874858379364014e-01 4.612033367156982422e-01 7.349099963903427124e-02 7.383800148963928223e-01 1.558504998683929443e-01 5.213742256164550781e-01 8.444640040397644043e-01 3.699516057968139648e-01 5.895614624023437500e-01 2.466127276420593262e-01 6.115038990974426270e-01 1.716605573892593384e-01 5.075383186340332031e-01 5.981345772743225098e-01
4.052499774843454361e-03 4.715193212032318115e-01 8.828007578849792480e-01 7.200124859809875488e-01 7.454494833946228027e-01 2.316546440124511719e-01 9.594941139221191406e-01 4.476158879697322845e-03 5.789576172828674316e-01 8.727623820304870605e-01 9.358279109001159668e-01 6.624410152435302734e-01 3.245623409748077393e-01 6.856754422187805176e-01
3.022249974310398102e-02 8.012443184852600098e-01 2.762752473354339600e-01 9.072750210762023926e-01 8.655869960784912109e-01 2.819007039070129395e-01 8.110892772674560547e-01 1.569537445902824402e-02 7.888159751892089844e-01 2.860487997531890869e-01 7.263823747634887695e-01 9.468264579772949219e-01 3.761033713817596436e-01 5.500751733779907227e-01
3.915224969387054443e-01 4.399886727333068848e-01 3.655945062637329102e-01 6.860575079917907715e-01 7.004935145378112793e-01 8.386942744255065918e-02 3.685076534748077393e-01 4.441830217838287354e-01 5.242617726325988770e-01 5.902028679847717285e-01 6.913318634033203125e-01 6.473177671432495117e-01 3.826546072959899902e-01 3.970786929130554199e-01
5.189650058746337891e-01 2.451331615447998047e-01 6.070244908332824707e-01 7.364624738693237305e-01 9.460164904594421387e-01 6.749446392059326172e-01 2.121790051460266113e-01 5.937091708183288574e-01 3.109358251094818115e-01 7.733449935913085938e-01 6.122751832008361816e-01 8.978590965270996094e-01 5.739795565605163574e-01 2.984007298946380615e-01
2.698175013065338135e-01 6.942576766014099121e-01 1.674434989690780640e-01 8.185899853706359863e-01 2.747847437858581543e-01 5.642480850219726562e-01 1.363613307476043701e-01 2.030102163553237915e-01 5.725978016853332520e-01 1.040008738636970520e-01 6.489358544349670410e-01 4.281063675880432129e-01 5.115907788276672363e-01 6.879029870033264160e-01
3.434999883174896240e-01 5.211371779441833496e-01 8.041267395019531250e-01 5.010049939155578613e-01 4.457629919052124023e-01 6.407568454742431641e-01 4.862506687641143799e-01 3.957176804542541504e-01 3.929762840270996094e-01 6.259102225303649902e-01 4.239741265773773193e-01 5.462809801101684570e-01 4.963240027427673340e-01 3.565354049205780029e-01
4.709349870681762695e-01 3.548451662063598633e-01 7.789080142974853516e-01 1.375962495803833008e-01 1.834249943494796753e-01 8.134646415710449219e-01 4.403123259544372559e-01 4.597560763359069824e-01 3.663847446441650391e-01 6.276496648788452148e-01 2.597385644912719727e-01 2.448146492242813110e-01 6.432796120643615723e-01 4.752914011478424072e-01
6.495425105094909668e-01 7.412800192832946777e-01 3.043000027537345886e-02 7.792050242424011230e-01 7.509437203407287598e-01 3.816798925399780273e-01 9.246689081192016602e-01 5.089731216430664062e-01 6.540525555610656738e-01 7.860158383846282959e-02 7.371239066123962402e-01 6.470256447792053223e-01 4.416553676128387451e-01 7.192753553390502930e-01
8.591175079345703125e-01 5.583998560905456543e-01 7.405387759208679199e-01 9.984325170516967773e-01 9.162707328796386719e-01 5.616476535797119141e-01 1.942483335733413696e-01 8.183310031890869141e-01 5.099887847900390625e-01 7.372997999191284180e-01 8.793089985847473145e-01 8.812756538391113281e-01 3.502370417118072510e-01 3.524859547615051270e-01
7.805600166320800781e-01 3.048731684684753418e-01 2.625592648983001709e-01 6.585775017738342285e-01 1.974067538976669312e-01 8.314639329910278320e-01 7.302883267402648926e-01 7.261433005332946777e-01 4.118252098560333252e-01 5.630809068679809570e-01 4.325347840785980225e-01 2.007735073566436768e-01 5.532670021057128906e-01 5.621459484100341797e-01
9.314125180244445801e-01 2.637443244457244873e-01 5.814767479896545410e-01 2.277624979615211487e-02 8.870834708213806152e-01 3.887223303318023682e-01 6.581820249557495117e-01 8.313384056091308594e-01 3.377244472503662109e-01 5.211458802223205566e-01 2.445986866950988770e-01 8.352965116500854492e-01 5.733445882797241211e-01 5.362609624862670898e-01
1.284125000238418579e-01 1.719155013561248779e-01 5.350260138511657715e-01 2.646502554416656494e-01 8.763049840927124023e-01 5.629256367683410645e-01 3.499099984765052795e-02 9.181008487939834595e-02 3.436926901340484619e-01 7.986552119255065918e-01 3.645396828651428223e-01 8.980459570884704590e-01 5.975525975227355957e-01 2.860009372234344482e-01
1.374125033617019653e-01 5.233963131904602051e-01 5.068612694740295410e-01 4.987154901027679443e-01 1.879700087010860443e-02 5.285377502441406250e-01 6.129043102264404297e-01 1.406208276748657227e-01 5.099992156028747559e-01 5.929536819458007812e-01 5.154761075973510742e-01 1.077599748969078064e-01 5.605140924453735352e-01 5.225630402565002441e-01
7.788749933242797852e-01 1.939969956874847412e-01 7.486305236816406250e-01 8.033400028944015503e-02 7.285297513008117676e-01 6.470609307289123535e-01 3.644200041890144348e-02 7.432747483253479004e-01 3.480339944362640381e-01 6.170427799224853516e-01 3.110450804233551025e-01 7.553260922431945801e-01 5.350016951560974121e-01 4.011600613594055176e-01
8.288250118494033813e-02 7.698554992675781250e-01 8.580407500267028809e-01 9.049124717712402344e-01 3.087849915027618408e-02 7.982417941093444824e-01 7.089091539382934570e-01 4.122949764132499695e-02 5.791422724723815918e-01 6.672056913375854492e-01 6.253809928894042969e-01 2.001581937074661255e-01 5.016832947731018066e-01 5.482050180435180664e-01
1.640650033950805664e-01 2.728306651115417480e-01 5.832762718200683594e-01 5.042325258255004883e-01 4.812425076961517334e-01 8.335813879966735840e-02 5.751573443412780762e-01 2.721512913703918457e-01 3.929043710231781006e-01 7.022001147270202637e-01 5.889436602592468262e-01 4.925388097763061523e-01 4.553238451480865479e-01 3.789277374744415283e-01
2.229599952697753906e-01 5.477301478385925293e-01 1.433512568473815918e-01 7.683675289154052734e-01 2.172455042600631714e-01 8.682365417480468750e-01 6.173650026321411133e-01 1.328286379575729370e-01 5.472722649574279785e-01 1.007438525557518005e-01 5.675873756408691406e-01 3.260275721549987793e-01 5.845391154289245605e-01 7.159740328788757324e-01
8.718374967575073242e-01 3.035014867782592773e-01 2.463639974594116211e-01 8.503274917602539062e-01 9.827795028686523438e-01 6.430036425590515137e-01 9.072946906089782715e-01 7.340629696846008301e-01 5.282728075981140137e-01 4.846389591693878174e-01 7.258276343345642090e-01 7.787563800811767578e-01 4.146935939788818359e-01 5.015094876289367676e-01
4.319350123405456543e-01 2.201023399829864502e-01 2.271544933319091797e-01 2.004617452621459961e-01 7.734645009040832520e-01 1.259227246046066284e-01 8.821533918380737305e-01 4.390974938869476318e-01 4.670037925243377686e-01 3.696119487285614014e-01 3.326508402824401855e-01 6.760379672050476074e-01 5.075008869171142578e-01 5.328090786933898926e-01
2.270675003528594971e-01 4.621528387069702148e-01 6.680135130882263184e-01 1.053114980459213257e-01 7.079409956932067871e-01 3.282281756401062012e-02 6.169936656951904297e-01 3.045977652072906494e-01 4.037101566791534424e-01 4.792914092540740967e-01 2.502661645412445068e-01 7.557615637779235840e-01 5.325711369514465332e-01 5.275188684463500977e-01
1.382649987936019897e-01 4.242379963397979736e-01 3.870057463645935059e-01 2.739222645759582520e-01 1.535300016403198242e-01 8.454275727272033691e-01 6.823347806930541992e-01 1.110602840781211853e-01 5.496744513511657715e-01 5.127332806587219238e-01 3.716098666191101074e-01 1.714818924665451050e-01 6.322227120399475098e-01 4.991748929023742676e-01
7.883725166320800781e-01 6.593629717826843262e-01 8.596755266189575195e-01 2.987412512302398682e-01 7.223179936408996582e-01 4.795535206794738770e-01 9.717208743095397949e-01 7.860839962959289551e-01 5.245773792266845703e-01 3.910650312900543213e-01 4.369313418865203857e-01 6.217401027679443359e-01 4.770002365112304688e-01 5.453985929489135742e-01
1.945874989032745361e-01 6.939941644668579102e-01 4.014810025691986084e-01 1.812302470207214355e-01 1.896084994077682495e-01 7.000187039375305176e-01 7.596010565757751465e-01 1.512168347835540771e-01 5.365100502967834473e-01 2.673384249210357666e-01 3.463927805423736572e-01 2.667018473148345947e-01 6.477913856506347656e-01 5.784713029861450195e-01
2.356700003147125244e-01 5.783045291900634766e-01 5.420337319374084473e-01 6.593250036239624023e-01 6.885660290718078613e-01 7.283633351325988770e-01 1.879143267869949341e-01 2.926912605762481689e-01 5.087320804595947266e-01 4.954702854156494141e-01 4.459532797336578369e-01 7.000757455825805664e-01 4.888852536678314209e-01 4.341972172260284424e-01
2.172224968671798706e-01 5.670261383056640625e-01 8.740835189819335938e-01 9.835324883460998535e-01 9.697797298431396484e-01 9.299288988113403320e-01 4.750596582889556885e-01 1.708761900663375854e-01 4.726143479347229004e-01 8.118081092834472656e-01 8.276998400688171387e-01 9.736109972000122070e-01 5.314474701881408691e-01 3.220966458320617676e-01
6.872249841690063477e-01 8.315606713294982910e-01 4.650804996490478516e-01 8.842549920082092285e-01 9.784927368164062500e-01 4.295774698257446289e-01 2.765719890594482422e-01 6.601614356040954590e-01 6.398957371711730957e-01 6.169093847274780273e-01 8.709235787391662598e-01 9.239261150360107422e-01 3.351860344409942627e-01 4.286728501319885254e-01
3.660899996757507324e-01 2.527939975261688232e-01 7.037402391433715820e-01 5.978599786758422852e-01 6.748697757720947266e-01 7.463386654853820801e-01 2.581023275852203369e-01 3.803782165050506592e-01 3.046210706233978271e-01 7.429289221763610840e-01 6.442945599555969238e-01 7.384502887725830078e-01 5.072633028030395508e-01 3.424117863178253174e-01
4.681299924850463867e-01 1.851781606674194336e-01 9.461502432823181152e-01 4.364475011825561523e-01 3.299537599086761475e-01 9.383332133293151855e-01 8.224333524703979492e-01 4.939507842063903809e-01 2.298699617385864258e-01 7.548471689224243164e-01 4.369218647480010986e-01 3.216080367565155029e-01 5.923436284065246582e-01 5.909466147422790527e-01
1.679424941539764404e-01 8.274276852607727051e-01 5.432714819908142090e-01 1.820649951696395874e-02 8.153262734413146973e-01 2.306262552738189697e-01 7.360599935054779053e-02 1.095142364501953125e-01 6.313403844833374023e-01 3.607700467109680176e-01 1.421870887279510498e-01 9.546259045600891113e-01 5.843709111213684082e-01 2.696118950843811035e-01
9.378799796104431152e-01 2.468235045671463013e-01 8.417827486991882324e-01 2.632252573966979980e-01 5.194742679595947266e-01 5.607881546020507812e-01 8.390653729438781738e-01 9.115765094757080078e-01 3.365629613399505615e-01 7.052782773971557617e-01 4.799991846084594727e-01 4.602928459644317627e-01 5.054104924201965332e-01 4.973098039627075195e-01
6.271250247955322266e-01 1.996716707944869995e-01 8.539312481880187988e-01 7.863399982452392578e-01 3.019177615642547607e-01 6.361659765243530273e-01 9.492045044898986816e-01 6.957888007164001465e-01 1.878711730241775513e-01 7.596651315689086914e-01 6.520220637321472168e-01 2.543728649616241455e-01 5.701287984848022461e-01 7.018873691558837891e-01
8.015725016593933105e-01 5.923038125038146973e-01 7.747370004653930664e-01 5.414500087499618530e-02 3.919857442378997803e-01 7.450779676437377930e-01 2.157640010118484497e-01 7.724679708480834961e-01 5.489340424537658691e-01 5.042723417282104492e-01 3.639524281024932861e-01 4.059345722198486328e-01 4.591738283634185791e-01 3.437391817569732666e-01
1.500625014305114746e-01 5.123521685600280762e-01 1.863054931163787842e-01 7.742224633693695068e-02 5.120747685432434082e-01 8.886257410049438477e-01 1.990929991006851196e-01 1.213094145059585571e-01 5.851261615753173828e-01 3.152954280376434326e-01 2.586749494075775146e-01 5.400015711784362793e-01 6.488465666770935059e-01 4.148912429809570312e-01
3.882024884223937988e-01 2.249021679162979126e-01 6.726797223091125488e-01 9.212700128555297852e-01 6.600842475891113281e-01 5.994726419448852539e-01 2.185086607933044434e-01 3.973199427127838135e-01 2.382011562585830688e-01 8.185865283012390137e-01 8.107950687408447266e-01 7.348647117614746094e-01 4.878208339214324951e-01 4.582110047340393066e-01
2.710725069046020508e-01 5.734021663665771484e-01 3.155847489833831787e-01 5.611975193023681641e-01 6.579167246818542480e-01 1.268856525421142578e-01 2.591633424162864685e-02 3.422491848468780518e-01 5.605631470680236816e-01 3.893129825592041016e-01 6.319026947021484375e-01 6.711593270301818848e-01 4.151107072830200195e-01 4.977783262729644775e-01
9.970824718475341797e-01 3.792193233966827393e-01 8.835369944572448730e-01 6.201500073075294495e-02 9.941319823265075684e-01 6.856448650360107422e-01 4.570056796073913574e-01 8.132077455520629883e-01 3.467519283294677734e-01 7.117785215377807617e-01 3.784347772598266602e-01 8.599779009819030762e-01 5.401232242584228516e-01 2.993158996105194092e-01
2.768650054931640625e-01 3.343124985694885254e-01 1.403087526559829712e-01 9.292724728584289551e-01 6.357747316360473633e-01 5.279412865638732910e-01 7.147667407989501953e-01 2.751892209053039551e-01 5.158151984214782715e-01 2.365377843379974365e-01 7.733052968978881836e-01 6.262892484664916992e-01 4.467470049858093262e-01 6.669393181800842285e-01
7.798550128936767578e-01 4.261656701564788818e-01 2.231547534465789795e-01 9.638224840164184570e-01 8.622482419013977051e-01 3.938568830490112305e-01 6.200990080833435059e-01 7.226455807685852051e-01 5.295564532279968262e-01 5.000988245010375977e-01 7.669917345046997070e-01 7.976355552673339844e-01 4.077828526496887207e-01 5.088140368461608887e-01
5.287899971008300781e-01 6.729981899261474609e-01 9.072967767715454102e-01 8.702225089073181152e-01 9.707217216491699219e-01 4.525095969438552856e-02 5.235880017280578613e-01 6.022378206253051758e-01 5.989664793014526367e-01 7.446438670158386230e-01 9.323294162750244141e-01 9.239842295646667480e-01 3.038461208343505859e-01 4.151134788990020752e-01
1.661400049924850464e-01 6.121063232421875000e-01 9.414732456207275391e-01 3.537087440490722656e-01 2.443282455205917358e-01 5.430192947387695312e-01 2.133366614580154419e-01 1.996465623378753662e-01 4.775730669498443604e-01 6.520132422447204590e-01 4.336346983909606934e-01 3.379465043544769287e-01 5.246249437332153320e-01 4.088067412376403809e-01
2.262825071811676025e-01 3.520023226737976074e-01 2.302384972572326660e-01 2.541489899158477783e-01 6.097245216369628906e-01 9.378677010536193848e-01 1.245416700839996338e-01 2.531994283199310303e-01 5.172109603881835938e-01 3.940798044204711914e-01 2.107487171888351440e-01 6.216219663619995117e-01 5.948477983474731445e-01 4.276739358901977539e-01
9.969300031661987305e-01 1.853153407573699951e-01 5.946162343025207520e-01 3.194234967231750488e-01 6.363099813461303711e-02 1.232825219631195068e-01 3.152573406696319580e-01 9.130459427833557129e-01 1.434341222047805786e-01 8.222818970680236816e-01 6.599799990653991699e-01 9.027042239904403687e-02 6.265245079994201660e-01 8.464103341102600098e-01
1.802050024271011353e-01 4.150078296661376953e-01 3.737749904394149780e-02 1.352314949035644531e-01 7.568194866180419922e-01 6.386690586805343628e-02 7.936084270477294922e-01 2.467405945062637329e-01 5.668068528175354004e-01 2.210839986801147461e-01 3.622512817382812500e-01 6.873322129249572754e-01 5.170469284057617188e-01 5.196404457092285156e-01
3.096500039100646973e-01 4.260173439979553223e-01 3.249287605285644531e-01 7.842350006103515625e-01 5.957267284393310547e-01 5.445885062217712402e-01 1.113356649875640869e-01 3.182394504547119141e-01 4.712676703929901123e-01 3.488569855690002441e-01 6.543989777565002441e-01 6.505236625671386719e-01 4.684300124645233154e-01 6.006402373313903809e-01
3.586100041866302490e-01 7.043098211288452148e-01 5.855717658996582031e-01 1.687217503786087036e-01 6.629977226257324219e-01 5.079816281795501709e-02 9.374176859855651855e-01 3.772851526737213135e-01 5.156822204589843750e-01 2.771192491054534912e-01 4.106274843215942383e-01 6.010830402374267578e-01 5.027495026588439941e-01 5.615878105163574219e-01
9.668574929237365723e-01 1.919428259134292603e-01 6.263830065727233887e-01 8.953624963760375977e-01 9.742457270622253418e-01 7.615771889686584473e-01 1.582150012254714966e-01 8.808181285858154297e-01 2.669424116611480713e-01 8.198338747024536133e-01 6.227554678916931152e-01 9.080377221107482910e-01 5.547449588775634766e-01 2.679639756679534912e-01
9.722474813461303711e-01 8.184563517570495605e-01 5.392625182867050171e-02 8.052600026130676270e-01 3.060939908027648926e-01 5.404233187437057495e-02 6.121023297309875488e-01 9.470397233963012695e-01 5.385488271713256836e-01 5.552673935890197754e-01 5.269123911857604980e-01 3.806852698326110840e-01 4.003639519214630127e-01 4.803752303123474121e-01
8.352324962615966797e-01 5.909068584442138672e-01 7.283250093460083008e-01 4.879472553730010986e-01 6.768722534179687500e-01 8.085382580757141113e-01 3.966679871082305908e-01 7.919811606407165527e-01 3.379215896129608154e-01 6.121936440467834473e-01 3.027154505252838135e-01 7.383716106414794922e-01 5.409137010574340820e-01 4.318473935127258301e-01
6.806275248527526855e-01 6.559263467788696289e-01 7.233687639236450195e-01 5.689550042152404785e-01 3.091317415237426758e-01 4.911198019981384277e-01 1.333433296531438828e-02 7.680532336235046387e-01 4.990516901016235352e-01 5.709095597267150879e-01 4.163808226585388184e-01 3.744335472583770752e-01 4.449114203453063965e-01 3.619757592678070068e-01
2.044575065374374390e-01 6.246816515922546387e-01 3.054497539997100830e-01 6.257774829864501953e-01 8.180882334709167480e-01 8.765958249568939209e-02 9.826537370681762695e-01 2.535283863544464111e-01 5.563847422599792480e-01 3.088268339633941650e-01 6.423323154449462891e-01 5.813208818435668945e-01 4.283459186553955078e-01 5.608502626419067383e-01
9.764050245285034180e-01 7.269231677055358887e-01 2.711445093154907227e-01 3.747839927673339844e-01 6.142227649688720703e-01 8.628149628639221191e-01 3.085440099239349365e-01 8.128578066825866699e-01 6.348519921302795410e-01 3.512638509273529053e-01 4.457905292510986328e-01 5.914475321769714355e-01 4.126412868499755859e-01 4.489967525005340576e-01
4.109925031661987305e-01 6.649144887924194336e-01 8.350780010223388672e-01 9.475824832916259766e-01 4.614642560482025146e-01 5.095159411430358887e-01 3.747733309864997864e-02 4.451448023319244385e-01 5.530322194099426270e-01 5.756563544273376465e-01 8.132557868957519531e-01 5.747879147529602051e-01 3.058986067771911621e-01 4.498940706253051758e-01
5.246300101280212402e-01 7.891093492507934570e-01 6.284675002098083496e-01 3.088797628879547119e-01 1.713967472314834595e-01 8.540242314338684082e-01 3.292213380336761475e-01 4.987187981605529785e-01 5.353403687477111816e-01 4.536139369010925293e-01 3.157937824726104736e-01 2.754732072353363037e-01 5.763716101646423340e-01 3.882192671298980713e-01
