9.728350043296813965e-01 1.728146672248840332e-01 3.561397492885589600e-01 8.527474999427795410e-01 2.137182503938674927e-01 9.482091665267944336e-01 8.089429736137390137e-01 8.909920454025268555e-01 1.757315397262573242e-01 6.922232508659362793e-01 6.857656836509704590e-01 1.213905289769172668e-01 6.111304163932800293e-01 6.689136624336242676e-01
8.557350039482116699e-01 3.413478434085845947e-01 6.399185061454772949e-01 4.771282374858856201e-01 2.543214857578277588e-01 6.311722993850708008e-01 6.887222528457641602e-01 9.064300656318664551e-01 3.165748715400695801e-01 6.430255174636840820e-01 4.592480361461639404e-01 2.368852496147155762e-01 5.734243988990783691e-01 4.894329011440277100e-01
6.806275248527526855e-01 6.559263467788696289e-01 7.233687639236450195e-01 5.689550042152404785e-01 3.091317415237426758e-01 4.911198019981384277e-01 1.333433296531438828e-02 8.547118306159973145e-01 4.398250579833984375e-01 6.110423207283020020e-01 3.678966164588928223e-01 3.967164158821105957e-01 5.182223320007324219e-01 3.572864830493927002e-01
2.710725069046020508e-01 5.734021663665771484e-01 3.155847489833831787e-01 5.611975193023681641e-01 6.579167246818542480e-01 1.268856525421142578e-01 2.591633424162864685e-02 3.547132015228271484e-01 6.176415085792541504e-01 4.364579319953918457e-01 6.528527140617370605e-01 7.676923274993896484e-01 3.716381788253784180e-01 5.068072080612182617e-01
3.434999883174896240e-01 5.211371779441833496e-01 8.041267395019531250e-01 5.010049939155578613e-01 4.457629919052124023e-01 6.407568454742431641e-01 4.862506687641143799e-01 3.620111644268035889e-01 3.669631779193878174e-01 6.259248256683349609e-01 4.738546907901763916e-01 5.263208746910095215e-01 5.096410512924194336e-01 4.695447683334350586e-01
2.096750028431415558e-02 3.860625028610229492e-01 2.796250022947788239e-02 2.733870148658752441e-01 9.157245159149169922e-01 5.558437108993530273e-01 5.390610098838806152e-01 2.385743148624897003e-02 6.739093661308288574e-01 1.581284403800964355e-01 5.505285691469907761e-03 8.052834868431091309e-01 7.750993967056274414e-01 2.273130267858505249e-01
9.668574929237365723e-01 1.919428259134292603e-01 6.263830065727233887e-01 8.953624963760375977e-01 9.742457270622253418e-01 7.615771889686584473e-01 1.582150012254714966e-01 9.032418727874755859e-01 2.736814916133880615e-01 8.049670457839965820e-01 6.690766215324401855e-01 9.082000851631164551e-01 5.792826414108276367e-01 3.413732349872589111e-01
2.780900001525878906e-01 1.792176663875579834e-01 9.288704991340637207e-01 6.176350116729736328e-01 9.227149933576583862e-02 5.913984775543212891e-01 9.506603479385375977e-01 3.095571994781494141e-01 2.329875379800796509e-01 5.605100393295288086e-01 6.711294054985046387e-01 9.688724763691425323e-03 6.328218579292297363e-01 8.191668987274169922e-01
3.586100041866302490e-01 7.043098211288452148e-01 5.855717658996582031e-01 1.687217503786087036e-01 6.629977226257324219e-01 5.079816281795501709e-02 9.374176859855651855e-01 4.078147709369659424e-01 5.587372183799743652e-01 3.064016401767730713e-01 4.996640682220458984e-01 5.695091485977172852e-01 4.691674113273620605e-01 5.415067076683044434e-01
2.943474948406219482e-01 6.059141755104064941e-01 3.404900133609771729e-01 5.019899830222129822e-02 9.364472627639770508e-01 3.801256418228149414e-01 3.225743472576141357e-01 3.043473362922668457e-01 5.959527492523193359e-01 3.169955909252166748e-01 1.171999797224998474e-01 9.734990000724792480e-01 5.899631977081298828e-01 3.760305941104888916e-01
4.109925031661987305e-01 6.649144887924194336e-01 8.350780010223388672e-01 9.475824832916259766e-01 4.614642560482025146e-01 5.095159411430358887e-01 3.747733309864997864e-02 4.396640062332153320e-01 5.588710904121398926e-01 5.985711812973022461e-01 8.751448988914489746e-01 6.062257289886474609e-01 3.259343802928924561e-01 5.333496332168579102e-01
9.506275057792663574e-01 6.128249764442443848e-01 1.361224949359893799e-01 7.617350220680236816e-01 9.079587459564208984e-01 9.126816391944885254e-01 9.433433413505554199e-01 7.825447320938110352e-01 4.463688433170318604e-01 2.612732648849487305e-01 6.303602457046508789e-01 7.848357558250427246e-01 5.800623893737792969e-01 7.013632655143737793e-01
5.996025204658508301e-01 2.187239974737167358e-01 2.859387397766113281e-01 6.319125294685363770e-01 7.379267215728759766e-01 7.215978503227233887e-01 7.927479743957519531e-01 5.780252218246459961e-01 4.260690808296203613e-01 4.643931388854980469e-01 5.506030321121215820e-01 6.821311116218566895e-01 5.110414624214172363e-01 5.473113656044006348e-01
2.172224968671798706e-01 5.670261383056640625e-01 8.740835189819335938e-01 9.835324883460998535e-01 9.697797298431396484e-01 9.299288988113403320e-01 4.750596582889556885e-01 1.597625613212585449e-01 4.329565763473510742e-01 8.504824042320251465e-01 7.788574695587158203e-01 9.858539104461669922e-01 4.318545162677764893e-01 3.846685886383056641e-01
3.401150107383728027e-01 4.098608195781707764e-01 8.265535235404968262e-01 2.340075001120567322e-02 8.499457240104675293e-01 5.403444170951843262e-01 9.904894232749938965e-01 3.259577155113220215e-01 3.364073932170867920e-01 5.401318669319152832e-01 3.327426910400390625e-01 6.663860678672790527e-01 5.428395867347717285e-01 5.933399200439453125e-01
3.660899996757507324e-01 2.527939975261688232e-01 7.037402391433715820e-01 5.978599786758422852e-01 6.748697757720947266e-01 7.463386654853820801e-01 2.581023275852203369e-01 2.928225100040435791e-01 2.762699127197265625e-01 7.550945281982421875e-01 5.425353050231933594e-01 6.904649138450622559e-01 5.044679045677185059e-01 4.302165210247039795e-01
9.970824718475341797e-01 3.792193233966827393e-01 8.835369944572448730e-01 6.201500073075294495e-02 9.941319823265075684e-01 6.856448650360107422e-01 4.570056796073913574e-01 8.037661910057067871e-01 3.697195947170257568e-01 7.039083838462829590e-01 4.362844228744506836e-01 8.669594526290893555e-01 5.554031133651733398e-01 3.203049600124359131e-01
1.284125000238418579e-01 1.719155013561248779e-01 5.350260138511657715e-01 2.646502554416656494e-01 8.763049840927124023e-01 5.629256367683410645e-01 3.499099984765052795e-02 4.166104644536972046e-02 2.383800745010375977e-01 8.784604072570800781e-01 4.157792627811431885e-01 9.168435931205749512e-01 5.058861374855041504e-01 3.295853435993194580e-01
9.908249974250793457e-02 3.643186688423156738e-01 3.800162374973297119e-01 4.586944878101348877e-01 9.990582466125488281e-01 2.283266633749008179e-01 8.083066344261169434e-02 8.063383400440216064e-02 5.507428050041198730e-01 7.513077259063720703e-01 4.511960446834564209e-01 9.868173003196716309e-01 4.395906329154968262e-01 3.090299069881439209e-01
1.445074975490570068e-01 4.729340076446533203e-01 7.897175103425979614e-02 8.761600255966186523e-01 3.548862636089324951e-01 5.823444724082946777e-01 3.159376680850982666e-01 1.677623689174652100e-01 6.534460186958312988e-01 1.098750457167625427e-01 8.463613986968994141e-01 4.248030483722686768e-01 5.035341978073120117e-01 7.856362462043762207e-01
2.768650054931640625e-01 3.343124985694885254e-01 1.403087526559829712e-01 9.292724728584289551e-01 6.357747316360473633e-01 5.279412865638732910e-01 7.147667407989501953e-01 4.035742878913879395e-01 5.502531528472900391e-01 2.124544978141784668e-01 8.614937067031860352e-01 6.641373038291931152e-01 4.867719411849975586e-01 7.585278749465942383e-01
8.442950248718261719e-01 5.838288068771362305e-01 1.733697503805160522e-01 6.421350240707397461e-01 7.646177411079406738e-01 4.676388800144195557e-01 7.017969489097595215e-01 7.752352356910705566e-01 5.591683387756347656e-01 2.290870249271392822e-01 7.362447977066040039e-01 7.588809728622436523e-01 4.949780702590942383e-01 6.672071218490600586e-01
9.764050245285034180e-01 7.269231677055358887e-01 2.711445093154907227e-01 3.747839927673339844e-01 6.142227649688720703e-01 8.628149628639221191e-01 3.085440099239349365e-01 7.896501421928405762e-01 6.405208110809326172e-01 3.844060599803924561e-01 4.516947269439697266e-01 5.772737264633178711e-01 4.686615169048309326e-01 4.294395148754119873e-01
2.698175013065338135e-01 6.942576766014099121e-01 1.674434989690780640e-01 8.185899853706359863e-01 2.747847437858581543e-01 5.642480850219726562e-01 1.363613307476043701e-01 3.510653972625732422e-01 6.064684391021728516e-01 1.144363805651664734e-01 7.181747555732727051e-01 4.124211370944976807e-01 5.350733399391174316e-01 7.178725600242614746e-01
7.293300032615661621e-01 2.239926606416702271e-01 4.996367394924163818e-01 4.466232359409332275e-01 4.925682544708251953e-01 9.836612939834594727e-01 9.378047585487365723e-01 6.656499505043029785e-01 3.210040330886840820e-01 6.520872116088867188e-01 3.694033622741699219e-01 3.680913746356964111e-01 5.280070304870605469e-01 3.816723227500915527e-01
1.979175060987472534e-01 6.752796769142150879e-01 4.547674953937530518e-02 7.874624729156494141e-01 5.690722465515136719e-01 2.273631244897842407e-01 9.522694349288940430e-01 2.459342330694198608e-01 7.794353961944580078e-01 6.279257684946060181e-02 9.153560996055603027e-01 5.151954889297485352e-01 3.907691538333892822e-01 8.126009702682495117e-01
5.774924755096435547e-01 4.571650028228759766e-01 1.816727519035339355e-01 2.390747517347335815e-01 7.880027294158935547e-01 5.546672940254211426e-01 4.587976634502410889e-01 5.733783841133117676e-01 5.770063996315002441e-01 2.015595436096191406e-01 4.308577775955200195e-01 7.825183272361755371e-01 5.496948957443237305e-01 5.727969408035278320e-01
1.083974987268447876e-01 7.824605107307434082e-01 1.283230036497116089e-01 8.469774723052978516e-01 7.821302413940429688e-01 9.846647381782531738e-01 3.239319920539855957e-01 8.204903453588485718e-03 7.181824445724487305e-01 1.064596027135848999e-01 1.151536125689744949e-03 7.783505320549011230e-01 8.383006453514099121e-01 1.659201383590698242e-01
1.999824941158294678e-01 4.529278278350830078e-01 1.536564975976943970e-01 5.150550007820129395e-01 2.908100001513957977e-02 4.583289027214050293e-01 5.162556767463684082e-01 1.619983017444610596e-01 5.313377380371093750e-01 3.938961625099182129e-01 5.774006247520446777e-01 4.322822019457817078e-02 5.131602883338928223e-01 6.354079842567443848e-01
7.612250000238418579e-02 6.363673210144042969e-01 3.854382634162902832e-01 1.954012513160705566e-01 8.093104958534240723e-01 5.679041147232055664e-01 5.694033205509185791e-02 5.384509265422821045e-02 6.202228069305419922e-01 4.852682948112487793e-01 9.282457083463668823e-02 9.819954633712768555e-01 5.130520462989807129e-01 2.601114213466644287e-01
1.477124989032745361e-01 7.612910270690917969e-01 7.669077515602111816e-01 8.615375310182571411e-02 2.658597528934478760e-01 6.681354641914367676e-01 5.808043479919433594e-01 1.224337071180343628e-01 5.291669964790344238e-01 5.352851152420043945e-01 2.759946882724761963e-01 3.014582693576812744e-01 5.632847547531127930e-01 4.485561251640319824e-01
3.339149951934814453e-01 4.823488295078277588e-01 9.623647332191467285e-01 4.525727629661560059e-01 6.711884737014770508e-01 8.217902779579162598e-01 1.188416630029678345e-01 3.528037369251251221e-01 3.596186935901641846e-01 6.843805909156799316e-01 5.364790558815002441e-01 7.262992262840270996e-01 5.013570189476013184e-01 4.496229887008666992e-01
6.583349704742431641e-01 3.264728188514709473e-01 1.187812536954879761e-01 7.566974759101867676e-01 1.733645051717758179e-01 5.806132405996322632e-02 2.242893278598785400e-01 7.859126925468444824e-01 4.887321293354034424e-01 4.922813475131988525e-01 3.818113207817077637e-01 1.429639905691146851e-01 5.343054533004760742e-01 4.627768695354461670e-01
6.259425282478332520e-01 3.014331758022308350e-01 1.485912501811981201e-01 4.580957591533660889e-01 7.705637216567993164e-01 8.267338275909423828e-01 2.553633451461791992e-01 6.053404211997985840e-01 5.640848278999328613e-01 2.347310036420822144e-01 4.346939921379089355e-01 7.403660416603088379e-01 5.352481603622436523e-01 5.593991875648498535e-01
2.720350027084350586e-01 8.071784973144531250e-01 8.371084928512573242e-01 4.278457462787628174e-01 8.059327602386474609e-01 8.791138529777526855e-01 5.675200223922729492e-01 2.656376063823699951e-01 5.951970815658569336e-01 4.130684137344360352e-01 3.679930269718170166e-01 9.233064055442810059e-01 5.071665048599243164e-01 4.398425221443176270e-01
2.817200124263763428e-01 2.428318262100219727e-01 6.349735260009765625e-01 5.497174859046936035e-01 5.123487710952758789e-01 2.889033406972885132e-02 4.576143324375152588e-01 3.156732320785522461e-01 2.809768319129943848e-01 7.118306756019592285e-01 4.329099953174591064e-01 5.390396714210510254e-01 5.279152393341064453e-01 4.818790256977081299e-01
1.661400049924850464e-01 6.121063232421875000e-01 9.414732456207275391e-01 3.537087440490722656e-01 2.443282455205917358e-01 5.430192947387695312e-01 2.133366614580154419e-01 1.609451919794082642e-01 4.185640215873718262e-01 6.578053832054138184e-01 4.021946787834167480e-01 3.067744374275207520e-01 5.224658250808715820e-01 4.446668028831481934e-01
1.640650033950805664e-01 2.728306651115417480e-01 5.832762718200683594e-01 5.042325258255004883e-01 4.812425076961517334e-01 8.335813879966735840e-02 5.751573443412780762e-01 2.176857143640518188e-01 3.595892786979675293e-01 7.113435864448547363e-01 4.618042707443237305e-01 4.485274553298950195e-01 4.735246300697326660e-01 3.949599862098693848e-01
3.643549978733062744e-01 8.031976819038391113e-01 6.656810045242309570e-01 1.120777502655982971e-01 2.856124937534332275e-02 5.675760507583618164e-01 7.655128836631774902e-01 2.366255670785903931e-01 5.477265715599060059e-01 3.845429122447967529e-01 3.211849033832550049e-01 2.909918874502182007e-02 5.929844379425048828e-01 5.316880941390991211e-01
7.883725166320800781e-01 6.593629717826843262e-01 8.596755266189575195e-01 2.987412512302398682e-01 7.223179936408996582e-01 4.795535206794738770e-01 9.717208743095397949e-01 7.746443152427673340e-01 5.062863230705261230e-01 3.893270790576934814e-01 5.739287734031677246e-01 6.196128726005554199e-01 4.891528785228729248e-01 5.398754477500915527e-01
3.882024884223937988e-01 2.249021679162979126e-01 6.726797223091125488e-01 9.212700128555297852e-01 6.600842475891113281e-01 5.994726419448852539e-01 2.185086607933044434e-01 3.476018309593200684e-01 2.063790857791900635e-01 8.384137749671936035e-01 7.210773825645446777e-01 7.135374546051025391e-01 5.174208283424377441e-01 4.612051546573638916e-01
4.182874858379364014e-01 4.612033367156982422e-01 7.349099963903427124e-02 7.383800148963928223e-01 1.558504998683929443e-01 5.213742256164550781e-01 8.444640040397644043e-01 3.873630166053771973e-01 5.938873887062072754e-01 2.828387320041656494e-01 6.432067155838012695e-01 9.934740513563156128e-02 5.009099245071411133e-01 6.393449902534484863e-01
1.988250017166137695e-02 6.619135141372680664e-01 8.983749747276306152e-01 4.854847490787506104e-01 7.887985110282897949e-01 8.180000782012939453e-01 7.332437634468078613e-01 2.082888968288898468e-02 6.359341144561767578e-01 5.880199670791625977e-01 1.724901944398880005e-01 9.744614958763122559e-01 4.640156328678131104e-01 3.061836361885070801e-01
4.601399898529052734e-01 4.738574922084808350e-01 6.792887449264526367e-01 2.801632583141326904e-01 7.813665270805358887e-01 9.392333030700683594e-02 8.295833319425582886e-02 5.640859603881835938e-01 5.494982004165649414e-01 4.470079243183135986e-01 4.843469858169555664e-01 7.887335419654846191e-01 4.534331858158111572e-01 4.445676803588867188e-01
3.933550119400024414e-01 7.792611718177795410e-01 2.256225049495697021e-01 4.539837539196014404e-01 9.645607471466064453e-01 5.436675548553466797e-01 9.842261672019958496e-01 4.309629797935485840e-01 6.469053626060485840e-01 7.854623347520828247e-02 5.267221927642822266e-01 8.297129869461059570e-01 5.697745680809020996e-01 6.806072592735290527e-01
8.015725016593933105e-01 5.923038125038146973e-01 7.747370004653930664e-01 5.414500087499618530e-02 3.919857442378997803e-01 7.450779676437377930e-01 2.157640010118484497e-01 7.915238738059997559e-01 5.088850855827331543e-01 5.303938984870910645e-01 2.316077351570129395e-01 4.261021316051483154e-01 5.507763028144836426e-01 3.546668291091918945e-01
2.270675003528594971e-01 4.621528387069702148e-01 6.680135130882263184e-01 1.053114980459213257e-01 7.079409956932067871e-01 3.282281756401062012e-02 6.169936656951904297e-01 2.570973634719848633e-01 3.633849024772644043e-01 5.819544196128845215e-01 3.486582636833190918e-01 7.512269020080566406e-01 5.259198546409606934e-01 5.216502547264099121e-01
5.692874789237976074e-01 3.641664981842041016e-01 4.404575005173683167e-02 2.932477593421936035e-01 7.343674898147583008e-01 8.351206779479980469e-01 5.881213545799255371e-01 5.108295083045959473e-01 5.480684041976928711e-01 2.390386164188385010e-01 4.017545580863952637e-01 6.942272782325744629e-01 5.430872440338134766e-01 5.564996600151062012e-01
1.382649987936019897e-01 4.242379963397979736e-01 3.870057463645935059e-01 2.739222645759582520e-01 1.535300016403198242e-01 8.454275727272033691e-01 6.823347806930541992e-01 7.407550513744354248e-02 5.331072807312011719e-01 5.429327487945556641e-01 3.392629027366638184e-01 1.036624535918235779e-01 5.771005749702453613e-01 5.222521424293518066e-01
1.500625014305114746e-01 5.123521685600280762e-01 1.863054931163787842e-01 7.742224633693695068e-02 5.120747685432434082e-01 8.886257410049438477e-01 1.990929991006851196e-01 1.234027221798896790e-01 5.940958857536315918e-01 3.088274896144866943e-01 1.450053900480270386e-01 5.015940666198730469e-01 6.112503409385681152e-01 4.393189847469329834e-01
4.319350123405456543e-01 2.201023399829864502e-01 2.271544933319091797e-01 2.004617452621459961e-01 7.734645009040832520e-01 1.259227246046066284e-01 8.821533918380737305e-01 4.405753612518310547e-01 4.668958187103271484e-01 4.609000682830810547e-01 4.231448471546173096e-01 6.328729987144470215e-01 5.030491352081298828e-01 4.798455536365509033e-01
8.718374967575073242e-01 3.035014867782592773e-01 2.463639974594116211e-01 8.503274917602539062e-01 9.827795028686523438e-01 6.430036425590515137e-01 9.072946906089782715e-01 7.196722626686096191e-01 5.031973719596862793e-01 5.018664002418518066e-01 7.653814554214477539e-01 7.987076640129089355e-01 4.231760203838348389e-01 5.406161546707153320e-01
4.699699878692626953e-01 2.541689872741699219e-01 2.573255002498626709e-01 7.542175054550170898e-01 2.843067646026611328e-01 6.752315908670425415e-02 9.036083221435546875e-01 4.858517944812774658e-01 3.537509143352508545e-01 5.757752656936645508e-01 6.108812689781188965e-01 1.834670603275299072e-01 4.572075307369232178e-01 4.923928380012512207e-01
9.969300031661987305e-01 1.853153407573699951e-01 5.946162343025207520e-01 3.194234967231750488e-01 6.363099813461303711e-02 1.232825219631195068e-01 3.152573406696319580e-01 9.448099136352539062e-01 9.552031755447387695e-02 7.918944358825683594e-01 4.805051982402801514e-01 4.232470691204071045e-02 6.814802885055541992e-01 6.940447688102722168e-01
5.287899971008300781e-01 6.729981899261474609e-01 9.072967767715454102e-01 8.702225089073181152e-01 9.707217216491699219e-01 4.525095969438552856e-02 5.235880017280578613e-01 5.553016662597656250e-01 5.409326553344726562e-01 7.797204256057739258e-01 8.330410122871398926e-01 9.488484859466552734e-01 3.036919534206390381e-01 3.641996383666992188e-01
6.403974890708923340e-01 1.812776625156402588e-01 7.186290025711059570e-01 1.826110035181045532e-01 9.235674738883972168e-01 1.713234335184097290e-01 7.629056572914123535e-01 5.391072034835815430e-01 4.433847963809967041e-01 6.763029694557189941e-01 5.877392292022705078e-01 7.951510548591613770e-01 4.043256938457489014e-01 3.742174208164215088e-01
4.364775121212005615e-01 5.137766599655151367e-01 9.151265025138854980e-01 7.698475122451782227e-01 8.470377326011657715e-01 1.177074760198593140e-01 1.468826681375503540e-01 4.510042071342468262e-01 4.464575648307800293e-01 7.576992511749267578e-01 7.508134841918945312e-01 8.889232873916625977e-01 3.584201037883758545e-01 3.886164426803588867e-01
8.382124900817871094e-01 2.278251647949218750e-01 3.118360042572021484e-01 9.864724874496459961e-01 7.571529746055603027e-01 6.595295071601867676e-01 2.587586641311645508e-01 8.812049031257629395e-01 3.550335466861724854e-01 5.324941277503967285e-01 5.294032692909240723e-01 8.070373535156250000e-01 6.025654673576354980e-01 5.623024106025695801e-01
1.180450022220611572e-01 5.258161425590515137e-01 3.197174891829490662e-02 3.379600048065185547e-01 1.635382473468780518e-01 3.489731252193450928e-01 4.183226525783538818e-01 1.421811878681182861e-01 6.262761354446411133e-01 9.737229347229003906e-02 3.592403829097747803e-01 2.049420624971389771e-01 6.473254561424255371e-01 6.726418137550354004e-01
8.165749907493591309e-02 5.916183590888977051e-01 8.413150161504745483e-02 5.793750286102294922e-01 6.981599926948547363e-01 8.597926497459411621e-01 9.409117698669433594e-01 6.820438057184219360e-02 8.103865981101989746e-01 9.406122565269470215e-02 2.866474092006683350e-01 5.964079499244689941e-01 6.036704182624816895e-01 6.237692236900329590e-01
9.314125180244445801e-01 2.637443244457244873e-01 5.814767479896545410e-01 2.277624979615211487e-02 8.870834708213806152e-01 3.887223303318023682e-01 6.581820249557495117e-01 8.301221132278442383e-01 3.331187963485717773e-01 5.275389552116394043e-01 3.419193625450134277e-01 8.187894821166992188e-01 6.031367778778076172e-01 5.364879965782165527e-01
1.374125033617019653e-01 5.233963131904602051e-01 5.068612694740295410e-01 4.987154901027679443e-01 1.879700087010860443e-02 5.285377502441406250e-01 6.129043102264404297e-01 8.119688183069229126e-02 5.077215433120727539e-01 5.436832308769226074e-01 4.745590686798095703e-01 3.388440981507301331e-02 5.372266173362731934e-01 5.655204653739929199e-01
9.917999804019927979e-02 8.105639815330505371e-01 9.747987389564514160e-01 7.417950034141540527e-02 1.971040070056915283e-01 8.333922028541564941e-01 1.052133366465568542e-02 8.467456698417663574e-02 5.302948355674743652e-01 5.702325105667114258e-01 2.018441259860992432e-01 2.657034099102020264e-01 5.779576897621154785e-01 3.888283967971801758e-01
4.539249837398529053e-02 6.400160193443298340e-01 1.193045005202293396e-01 2.625067532062530518e-01 2.417974919080734253e-02 8.794419169425964355e-01 3.599239885807037354e-01 7.119372021406888962e-03 7.824929952621459961e-01 6.545753031969070435e-02 2.626897580921649933e-02 2.932558581233024597e-02 9.018656611442565918e-01 5.650833845138549805e-01
3.900099992752075195e-01 2.739291787147521973e-01 3.150264918804168701e-01 3.430207371711730957e-01 1.287014931440353394e-01 9.063737392425537109e-01 5.168513059616088867e-01 2.863479554653167725e-01 4.839060902595520020e-01 4.607062339782714844e-01 3.112124204635620117e-01 7.959820330142974854e-02 5.686256885528564453e-01 4.875146448612213135e-01
7.619249820709228516e-01 5.623946785926818848e-01 7.566737532615661621e-01 5.573624968528747559e-01 1.388995051383972168e-01 9.981855750083923340e-01 3.868726789951324463e-01 8.995777964591979980e-01 3.263297975063323975e-01 6.200814247131347656e-01 2.561957538127899170e-01 1.314034610986709595e-01 6.430504918098449707e-01 5.247073173522949219e-01
2.522799968719482422e-01 6.224631667137145996e-01 8.469499647617340088e-03 3.744035065174102783e-01 6.552180051803588867e-01 2.078589946031570435e-01 1.057523339986801147e-01 3.246871531009674072e-01 7.384593486785888672e-01 1.237445026636123657e-01 5.842192769050598145e-01 8.024241924285888672e-01 4.478053152561187744e-01 6.142581701278686523e-01
6.271250247955322266e-01 1.996716707944869995e-01 8.539312481880187988e-01 7.863399982452392578e-01 3.019177615642547607e-01 6.361659765243530273e-01 9.492045044898986816e-01 7.392617464065551758e-01 1.652139276266098022e-01 7.235699295997619629e-01 7.058296799659729004e-01 1.642644107341766357e-01 5.618224740028381348e-01 6.136633157730102539e-01
8.352324962615966797e-01 5.909068584442138672e-01 7.283250093460083008e-01 4.879472553730010986e-01 6.768722534179687500e-01 8.085382580757141113e-01 3.966679871082305908e-01 7.753590941429138184e-01 3.453204333782196045e-01 6.423554420471191406e-01 3.701463937759399414e-01 6.901768445968627930e-01 5.671977996826171875e-01 3.909933865070343018e-01
5.189650058746337891e-01 2.451331615447998047e-01 6.070244908332824707e-01 7.364624738693237305e-01 9.460164904594421387e-01 6.749446392059326172e-01 2.121790051460266113e-01 6.051840186119079590e-01 3.338814973831176758e-01 7.108939290046691895e-01 5.134398937225341797e-01 9.281164407730102539e-01 5.596611499786376953e-01 4.259339869022369385e-01
4.651749879121780396e-02 7.589908242225646973e-01 3.930207490921020508e-01 1.136192530393600464e-01 9.063389897346496582e-01 3.170475661754608154e-01 4.703536629676818848e-01 4.547121375799179077e-02 7.151573300361633301e-01 4.213967323303222656e-01 7.646151632070541382e-02 9.965226650238037109e-01 4.670484066009521484e-01 2.117903679609298706e-01
5.113499760627746582e-01 2.378431707620620728e-01 3.455624878406524658e-01 2.148524969816207886e-01 8.313295245170593262e-01 2.577446401119232178e-01 6.638646721839904785e-01 5.594077706336975098e-01 4.007294774055480957e-01 4.534242451190948486e-01 4.526260793209075928e-01 8.116212487220764160e-01 5.613614916801452637e-01 5.859112739562988281e-01
3.992750123143196106e-02 6.035388112068176270e-01 6.669340133666992188e-01 4.333457648754119873e-01 3.646380007266998291e-01 2.555052638053894043e-01 2.414180040359497070e-01 3.697144985198974609e-02 5.558416843414306641e-01 6.961338520050048828e-01 4.126486480236053467e-01 4.224925339221954346e-01 4.469113349914550781e-01 4.581309258937835693e-01
7.809500098228454590e-01 5.252936482429504395e-01 8.591882586479187012e-01 8.087325096130371094e-01 9.970407485961914062e-01 2.341383844614028931e-01 6.756131649017333984e-01 8.242061734199523926e-01 5.381595492362976074e-01 7.267903089523315430e-01 8.834958076477050781e-01 9.340429306030273438e-01 3.606246411800384521e-01 4.298733174800872803e-01
1.802050024271011353e-01 4.150078296661376953e-01 3.737749904394149780e-02 1.352314949035644531e-01 7.568194866180419922e-01 6.386690586805343628e-02 7.936084270477294922e-01 2.829289138317108154e-01 6.241024732589721680e-01 1.967846900224685669e-01 3.332175016403198242e-01 7.042192816734313965e-01 5.199713110923767090e-01 5.258941650390625000e-01
7.798550128936767578e-01 4.261656701564788818e-01 2.231547534465789795e-01 9.638224840164184570e-01 8.622482419013977051e-01 3.938568830490112305e-01 6.200990080833435059e-01 7.218307852745056152e-01 5.078194141387939453e-01 5.208885669708251953e-01 8.160243630409240723e-01 8.249295353889465332e-01 4.077584743499755859e-01 5.539988875389099121e-01
3.520975112915039062e-01 3.082848191261291504e-01 7.619307637214660645e-01 2.474567443132400513e-01 8.176295161247253418e-01 9.469219446182250977e-01 7.358211278915405273e-01 3.174730837345123291e-01 3.140813708305358887e-01 5.867035388946533203e-01 5.705265998840332031e-01 8.014618754386901855e-01 5.435885787010192871e-01 6.455500721931457520e-01
8.591175079345703125e-01 5.583998560905456543e-01 7.405387759208679199e-01 9.984325170516967773e-01 9.162707328796386719e-01 5.616476535797119141e-01 1.942483335733413696e-01 8.451160192489624023e-01 4.412583112716674805e-01 7.632499337196350098e-01 8.554838895797729492e-01 9.099834561347961426e-01 3.882935047149658203e-01 3.918952941894531250e-01
4.052499774843454361e-03 4.715193212032318115e-01 8.828007578849792480e-01 7.200124859809875488e-01 7.454494833946228027e-01 2.316546440124511719e-01 9.594941139221191406e-01 3.584994003176689148e-03 4.424844682216644287e-01 9.072187542915344238e-01 8.673591613769531250e-01 5.984155535697937012e-01 2.530427873134613037e-01 5.876089334487915039e-01
2.044575065374374390e-01 6.246816515922546387e-01 3.054497539997100830e-01 6.257774829864501953e-01 8.180882334709167480e-01 8.765958249568939209e-02 9.826537370681762695e-01 2.644508183002471924e-01 6.043224334716796875e-01 3.605408072471618652e-01 7.079412341117858887e-01 6.581119298934936523e-01 3.967219889163970947e-01 5.983250141143798828e-01
3.538450002670288086e-01 1.902383267879486084e-01 2.484862506389617920e-01 5.129550099372863770e-01 3.490292429924011230e-01 5.120608806610107422e-01 6.247966736555099487e-02 3.539803922176361084e-01 4.340228140354156494e-01 5.655105113983154297e-01 3.546108603477478027e-01 3.293134570121765137e-01 5.038873553276062012e-01 4.054390192031860352e-01
4.176250100135803223e-02 2.605246603488922119e-01 8.082550168037414551e-01 7.088400125503540039e-01 9.726099669933319092e-02 8.720312118530273438e-01 5.954156517982482910e-01 4.174022469669580460e-03 2.405316531658172607e-01 9.073854684829711914e-01 5.894986987113952637e-01 1.860604435205459595e-02 4.669907391071319580e-01 5.324208736419677734e-01
1.412000041455030441e-02 5.109578371047973633e-01 8.534232378005981445e-01 2.960324883460998535e-01 4.027594923973083496e-01 3.013576865196228027e-01 5.926493406295776367e-01 1.653419435024261475e-02 5.033797025680541992e-01 7.598589062690734863e-01 3.675430417060852051e-01 2.865092754364013672e-01 4.785791933536529541e-01 4.495997428894042969e-01
6.312825083732604980e-01 2.546228468418121338e-01 5.712372660636901855e-01 3.460980057716369629e-01 6.178572773933410645e-01 4.528657495975494385e-01 1.277023404836654663e-01 7.104024887084960938e-01 3.498867452144622803e-01 6.600728034973144531e-01 2.792100310325622559e-01 6.205780506134033203e-01 5.602176189422607422e-01 3.340057432651519775e-01
1.074424982070922852e-01 3.771494925022125244e-01 7.191944718360900879e-01 7.471150159835815430e-01 2.170749939978122711e-02 7.507810741662979126e-02 2.692546546459197998e-01 1.606607884168624878e-01 3.536001741886138916e-01 6.635386347770690918e-01 6.688694357872009277e-01 4.469217732548713684e-02 3.848272562026977539e-01 4.676164090633392334e-01
6.951050162315368652e-01 5.479220151901245117e-01 3.075642585754394531e-01 9.796925187110900879e-01 4.516704976558685303e-01 1.952718198299407959e-01 1.101979985833168030e-01 8.244315385818481445e-01 4.695978164672851562e-01 5.860503315925598145e-01 6.113824844360351562e-01 5.805274844169616699e-01 4.533333778381347656e-01 4.117363393306732178e-01
9.855474829673767090e-01 2.033886611461639404e-01 9.584337472915649414e-01 7.117875218391418457e-01 6.930927634239196777e-01 5.881259441375732422e-01 3.790040016174316406e-01 9.684560894966125488e-01 1.987014114856719971e-01 8.232699632644653320e-01 7.255263328552246094e-01 7.631713151931762695e-01 6.157756447792053223e-01 4.158604741096496582e-01
4.019599854946136475e-01 4.681201577186584473e-01 5.185887217521667480e-01 3.967222571372985840e-01 2.856342494487762451e-01 2.351643443107604980e-01 5.484333261847496033e-02 4.453459680080413818e-01 4.960237145423889160e-01 5.301074981689453125e-01 4.958856403827667236e-01 3.532549440860748291e-01 4.120997190475463867e-01 3.955825567245483398e-01
4.709349870681762695e-01 3.548451662063598633e-01 7.789080142974853516e-01 1.375962495803833008e-01 1.834249943494796753e-01 8.134646415710449219e-01 4.403123259544372559e-01 4.308580458164215088e-01 3.139759898185729980e-01 6.473624706268310547e-01 1.464281380176544189e-01 1.462311297655105591e-01 6.515084505081176758e-01 4.218055009841918945e-01
6.814774870872497559e-01 3.800818324089050293e-01 3.593422472476959229e-01 6.565399765968322754e-01 4.243335127830505371e-01 1.351579725742340088e-01 1.919530034065246582e-01 7.583850622177124023e-01 4.647775292396545410e-01 5.882264375686645508e-01 5.390288829803466797e-01 4.992290735244750977e-01 4.407210648059844971e-01 3.755809962749481201e-01
3.915224969387054443e-01 4.399886727333068848e-01 3.655945062637329102e-01 6.860575079917907715e-01 7.004935145378112793e-01 8.386942744255065918e-02 3.685076534748077393e-01 4.361311793327331543e-01 5.212827920913696289e-01 6.011297106742858887e-01 6.041435003280639648e-01 6.970840096473693848e-01 3.600566685199737549e-01 4.103104174137115479e-01
2.229599952697753906e-01 5.477301478385925293e-01 1.433512568473815918e-01 7.683675289154052734e-01 2.172455042600631714e-01 8.682365417480468750e-01 6.173650026321411133e-01 2.541503906250000000e-01 5.832788348197937012e-01 1.009545549750328064e-01 6.741977930068969727e-01 2.610750198364257812e-01 5.904857516288757324e-01 7.539017200469970703e-01
9.378799796104431152e-01 2.468235045671463013e-01 8.417827486991882324e-01 2.632252573966979980e-01 5.194742679595947266e-01 5.607881546020507812e-01 8.390653729438781738e-01 9.376416206359863281e-01 2.533033192157745361e-01 7.166109085083007812e-01 4.108399748802185059e-01 5.439694523811340332e-01 6.313109993934631348e-01 4.605903625488281250e-01
1.945874989032745361e-01 6.939941644668579102e-01 4.014810025691986084e-01 1.812302470207214355e-01 1.896084994077682495e-01 7.000187039375305176e-01 7.596010565757751465e-01 1.674050390720367432e-01 5.345585942268371582e-01 2.238379865884780884e-01 3.253594934940338135e-01 2.161413878202438354e-01 6.237104535102844238e-01 6.230747103691101074e-01
8.034999668598175049e-02 8.062493205070495605e-01 4.360064864158630371e-01 7.908400297164916992e-01 3.615710139274597168e-01 4.221536219120025635e-01 8.304058909416198730e-01 5.284433439373970032e-02 6.872506141662597656e-01 4.854798316955566406e-01 8.693192005157470703e-01 5.115923881530761719e-01 3.157251179218292236e-01 6.955777406692504883e-01
2.356700003147125244e-01 5.783045291900634766e-01 5.420337319374084473e-01 6.593250036239624023e-01 6.885660290718078613e-01 7.283633351325988770e-01 1.879143267869949341e-01 2.955169677734375000e-01 5.421381592750549316e-01 5.238020420074462891e-01 5.251489877700805664e-01 7.876644730567932129e-01 4.387497007846832275e-01 4.575084745883941650e-01
1.987649947404861450e-01 2.743841707706451416e-01 9.119752645492553711e-01 9.380350112915039062e-01 6.959974765777587891e-01 3.948940336704254150e-01 7.560707330703735352e-01 1.439660042524337769e-01 1.775087416172027588e-01 8.745548725128173828e-01 8.099142909049987793e-01 7.305005192756652832e-01 4.990201294422149658e-01 5.977071523666381836e-01
8.996000289916992188e-01 6.043524742126464844e-01 7.848539948463439941e-01 4.169670045375823975e-01 3.107174932956695557e-01 1.276740431785583496e-01 4.606069922447204590e-01 9.659391641616821289e-01 4.341690540313720703e-01 6.563388705253601074e-01 4.233954548835754395e-01 3.599148094654083252e-01 5.377540588378906250e-01 3.849045634269714355e-01
7.788749933242797852e-01 1.939969956874847412e-01 7.486305236816406250e-01 8.033400028944015503e-02 7.285297513008117676e-01 6.470609307289123535e-01 3.644200041890144348e-02 6.790975332260131836e-01 4.564536213874816895e-01 6.113054156303405762e-01 4.849683344364166260e-01 7.052100896835327148e-01 4.462555348873138428e-01 3.518087565898895264e-01
4.449824988842010498e-01 1.730004996061325073e-01 1.919837445020675659e-01 8.914049863815307617e-01 4.474482536315917969e-01 1.133459582924842834e-01 3.014020025730133057e-01 5.119336247444152832e-01 3.937146067619323730e-01 6.004039645195007324e-01 5.563536286354064941e-01 4.965025484561920166e-01 4.639086723327636719e-01 4.317606687545776367e-01
