9.798499941825866699e-02 5.884426832199096680e-01 5.140967369079589844e-01 3.001849949359893799e-01 8.603529930114746094e-01 3.957545459270477295e-01 1.522736698389053345e-01 9.198977798223495483e-02 6.192266941070556641e-01 5.881400704383850098e-01 3.847219645977020264e-01 9.112863540649414062e-01 4.967341423034667969e-01 2.238447070121765137e-01
4.891099929809570312e-01 5.454931855201721191e-01 4.661380052566528320e-01 7.929674983024597168e-01 1.037275046110153198e-02 6.028006076812744141e-01 3.721086680889129639e-01 4.810801446437835693e-01 4.981733858585357666e-01 4.603840410709381104e-01 7.667903900146484375e-01 6.953014433383941650e-02 4.675261676311492920e-01 6.011168360710144043e-01
9.728350043296813965e-01 1.728146672248840332e-01 3.561397492885589600e-01 8.527474999427795410e-01 2.137182503938674927e-01 9.482091665267944336e-01 8.089429736137390137e-01 7.861368060111999512e-01 2.277427762746810913e-01 7.607706189155578613e-01 8.251131176948547363e-01 2.157885730266571045e-01 5.468992590904235840e-01 7.813721299171447754e-01
8.265799880027770996e-01 7.946988344192504883e-01 1.353474985808134079e-02 6.612499952316284180e-01 3.967007398605346680e-01 5.772690176963806152e-01 8.687244057655334473e-01 9.324705004692077637e-01 7.858879566192626953e-01 4.741606116294860840e-02 7.437339425086975098e-01 4.564335048198699951e-01 3.123733401298522949e-01 7.411783933639526367e-01
8.526775240898132324e-01 5.115010142326354980e-01 3.768150135874748230e-02 8.213700056076049805e-01 6.952049732208251953e-01 1.856072694063186646e-01 3.137840032577514648e-01 8.767918944358825684e-01 5.743792057037353516e-01 2.187745720148086548e-01 6.112236976623535156e-01 7.286629676818847656e-01 3.753709793090820312e-01 5.566248893737792969e-01
1.640650033950805664e-01 2.728306651115417480e-01 5.832762718200683594e-01 5.042325258255004883e-01 4.812425076961517334e-01 8.335813879966735840e-02 5.751573443412780762e-01 1.969478726387023926e-01 3.697220683097839355e-01 7.300716042518615723e-01 4.891757071018218994e-01 4.833557009696960449e-01 4.057800471782684326e-01 4.947257936000823975e-01
6.403974890708923340e-01 1.812776625156402588e-01 7.186290025711059570e-01 1.826110035181045532e-01 9.235674738883972168e-01 1.713234335184097290e-01 7.629056572914123535e-01 5.710973739624023438e-01 4.280330538749694824e-01 6.552633643150329590e-01 6.469054222106933594e-01 7.907762527465820312e-01 3.991287946701049805e-01 4.108997881412506104e-01
7.084274888038635254e-01 4.328461587429046631e-01 7.115697264671325684e-01 5.112199783325195312e-01 5.491034984588623047e-01 6.666193008422851562e-01 8.808780908584594727e-01 6.601435542106628418e-01 5.003572106361389160e-01 5.153113007545471191e-01 6.679009795188903809e-01 4.947219192981719971e-01 4.148899614810943604e-01 5.344136953353881836e-01
4.812900125980377197e-01 2.725526690483093262e-01 1.738772541284561157e-01 1.519527435302734375e-01 9.137692451477050781e-01 5.948666930198669434e-01 8.393558859825134277e-01 4.392431080341339111e-01 4.279564023017883301e-01 2.665045261383056641e-01 3.010955750942230225e-01 8.286881446838378906e-01 5.346192717552185059e-01 5.534359216690063477e-01
7.293300032615661621e-01 2.239926606416702271e-01 4.996367394924163818e-01 4.466232359409332275e-01 4.925682544708251953e-01 9.836612939834594727e-01 9.378047585487365723e-01 5.585285425186157227e-01 3.389884829521179199e-01 6.791389584541320801e-01 4.587703645229339600e-01 3.885805010795593262e-01 4.988413453102111816e-01 4.976677596569061279e-01
1.382649987936019897e-01 4.242379963397979736e-01 3.870057463645935059e-01 2.739222645759582520e-01 1.535300016403198242e-01 8.454275727272033691e-01 6.823347806930541992e-01 1.327981352806091309e-01 5.402665138244628906e-01 4.733457565307617188e-01 3.474921584129333496e-01 1.167285442352294922e-01 6.738528609275817871e-01 4.734493196010589600e-01
3.401150107383728027e-01 4.098608195781707764e-01 8.265535235404968262e-01 2.340075001120567322e-02 8.499457240104675293e-01 5.403444170951843262e-01 9.904894232749938965e-01 2.801303565502166748e-01 3.468963205814361572e-01 5.604721307754516602e-01 1.632780581712722778e-01 6.976438164710998535e-01 4.991808831691741943e-01 5.840213298797607422e-01
4.651749879121780396e-02 7.589908242225646973e-01 3.930207490921020508e-01 1.136192530393600464e-01 9.063389897346496582e-01 3.170475661754608154e-01 4.703536629676818848e-01 2.712546847760677338e-02 7.194356322288513184e-01 6.350800395011901855e-01 3.711433112621307373e-01 9.677822589874267578e-01 5.200139284133911133e-01 1.152050122618675232e-01
2.522799968719482422e-01 6.224631667137145996e-01 8.469499647617340088e-03 3.744035065174102783e-01 6.552180051803588867e-01 2.078589946031570435e-01 1.057523339986801147e-01 2.843996882438659668e-01 7.200247645378112793e-01 1.269613504409790039e-01 5.261185169219970703e-01 7.410879731178283691e-01 3.901188969612121582e-01 6.075467467308044434e-01
1.679424941539764404e-01 8.274276852607727051e-01 5.432714819908142090e-01 1.820649951696395874e-02 8.153262734413146973e-01 2.306262552738189697e-01 7.360599935054779053e-02 1.599528193473815918e-01 5.739025473594665527e-01 4.146901071071624756e-01 9.250424057245254517e-02 9.480233192443847656e-01 5.583113431930541992e-01 2.928836047649383545e-01
4.984774887561798096e-01 7.421206831932067871e-01 8.284729719161987305e-01 3.709172606468200684e-01 8.933074772357940674e-02 1.202331297099590302e-02 1.692630052566528320e-01 5.127870440483093262e-01 5.922739505767822266e-01 5.685318708419799805e-01 4.414695203304290771e-01 1.636325716972351074e-01 4.653625190258026123e-01 4.062124788761138916e-01
2.943474948406219482e-01 6.059141755104064941e-01 3.404900133609771729e-01 5.019899830222129822e-02 9.364472627639770508e-01 3.801256418228149414e-01 3.225743472576141357e-01 2.577550113201141357e-01 5.769240856170654297e-01 4.284103214740753174e-01 1.386923193931579590e-01 9.286268949508666992e-01 5.092849135398864746e-01 2.862870693206787109e-01
8.034999668598175049e-02 8.062493205070495605e-01 4.360064864158630371e-01 7.908400297164916992e-01 3.615710139274597168e-01 4.221536219120025635e-01 8.304058909416198730e-01 8.329933136701583862e-02 5.798590183258056641e-01 2.817230820655822754e-01 7.395756244659423828e-01 4.431707859039306641e-01 4.729064702987670898e-01 6.216518282890319824e-01
8.570424914360046387e-01 2.230241596698760986e-01 8.506785035133361816e-01 1.406340003013610840e-01 6.842997670173645020e-01 6.881133466958999634e-02 5.785366892814636230e-01 8.516731858253479004e-01 4.153953194618225098e-01 6.837925910949707031e-01 4.110071063041687012e-01 6.462056636810302734e-01 4.504924416542053223e-01 3.355492651462554932e-01
6.971150040626525879e-01 3.702096641063690186e-01 2.406907528638839722e-01 5.957549810409545898e-01 4.728960096836090088e-01 5.884084105491638184e-01 6.735448837280273438e-01 6.472015380859375000e-01 5.183489918708801270e-01 5.582300424575805664e-01 4.958057701587677002e-01 4.736964106559753418e-01 4.085737764835357666e-01 4.206337630748748779e-01
4.256824851036071777e-01 2.939333319664001465e-01 1.245462521910667419e-01 2.713499963283538818e-01 7.041749954223632812e-01 4.688818156719207764e-01 8.423999883234500885e-03 4.906284213066101074e-01 4.227891564369201660e-01 2.489269673824310303e-01 1.626372635364532471e-01 8.054440617561340332e-01 5.272486209869384766e-01 5.346239209175109863e-01
1.074424982070922852e-01 3.771494925022125244e-01 7.191944718360900879e-01 7.471150159835815430e-01 2.170749939978122711e-02 7.507810741662979126e-02 2.692546546459197998e-01 1.342125385999679565e-01 3.293481767177581787e-01 7.085440158843994141e-01 6.275019645690917969e-01 7.548783719539642334e-02 4.998153448104858398e-01 5.335746407508850098e-01
3.882024884223937988e-01 2.249021679162979126e-01 6.726797223091125488e-01 9.212700128555297852e-01 6.600842475891113281e-01 5.994726419448852539e-01 2.185086607933044434e-01 3.418481945991516113e-01 2.032861113548278809e-01 8.500907421112060547e-01 8.361548185348510742e-01 7.076409459114074707e-01 5.134655833244323730e-01 5.060781836509704590e-01
8.471350073814392090e-01 4.721638262271881104e-01 1.958574950695037842e-01 1.323132514953613281e-01 4.070807397365570068e-01 3.512502014636993408e-01 1.963299959897994995e-01 7.262227535247802734e-01 4.924834668636322021e-01 5.190402865409851074e-01 2.308965176343917847e-01 5.008046627044677734e-01 4.758871793746948242e-01 3.581942915916442871e-01
2.817200124263763428e-01 2.428318262100219727e-01 6.349735260009765625e-01 5.497174859046936035e-01 5.123487710952758789e-01 2.889033406972885132e-02 4.576143324375152588e-01 3.339191675186157227e-01 2.748396694660186768e-01 7.344326376914978027e-01 5.607397556304931641e-01 5.366486907005310059e-01 4.241842031478881836e-01 5.166288018226623535e-01
8.718374967575073242e-01 3.035014867782592773e-01 2.463639974594116211e-01 8.503274917602539062e-01 9.827795028686523438e-01 6.430036425590515137e-01 9.072946906089782715e-01 7.469505667686462402e-01 4.752061069011688232e-01 4.904024302959442139e-01 8.111034035682678223e-01 8.038004636764526367e-01 4.171917438507080078e-01 5.468504428863525391e-01
1.999824941158294678e-01 4.529278278350830078e-01 1.536564975976943970e-01 5.150550007820129395e-01 2.908100001513957977e-02 4.583289027214050293e-01 5.162556767463684082e-01 2.391830533742904663e-01 4.800136387348175049e-01 2.166979014873504639e-01 6.491973996162414551e-01 5.859636142849922180e-02 6.084852218627929688e-01 6.282408237457275391e-01
4.696499928832054138e-02 5.904046893119812012e-01 4.128272533416748047e-01 8.961125016212463379e-01 4.829832613468170166e-01 6.732547283172607422e-01 6.345176696777343750e-01 3.315201029181480408e-02 5.934412479400634766e-01 3.562869727611541748e-01 8.487240672111511230e-01 4.177326560020446777e-01 4.241726100444793701e-01 6.623235940933227539e-01
4.601399898529052734e-01 4.738574922084808350e-01 6.792887449264526367e-01 2.801632583141326904e-01 7.813665270805358887e-01 9.392333030700683594e-02 8.295833319425582886e-02 5.298325419425964355e-01 5.684300661087036133e-01 5.216113328933715820e-01 4.535515308380126953e-01 7.727064490318298340e-01 3.473136425018310547e-01 3.772232532501220703e-01
9.990050196647644043e-01 5.127146840095520020e-01 9.860417246818542480e-01 5.404725074768066406e-01 3.357677459716796875e-01 5.072447657585144043e-01 9.573369026184082031e-01 9.099217057228088379e-01 3.137730360031127930e-01 7.997245192527770996e-01 8.046631813049316406e-01 2.730024755001068115e-01 4.976692795753479004e-01 7.116312384605407715e-01
5.246300101280212402e-01 7.891093492507934570e-01 6.284675002098083496e-01 3.088797628879547119e-01 1.713967472314834595e-01 8.540242314338684082e-01 3.292213380336761475e-01 5.033452510833740234e-01 6.045631170272827148e-01 4.778969883918762207e-01 2.505534887313842773e-01 2.236172854900360107e-01 5.335264801979064941e-01 3.699722290039062500e-01
2.270675003528594971e-01 4.621528387069702148e-01 6.680135130882263184e-01 1.053114980459213257e-01 7.079409956932067871e-01 3.282281756401062012e-02 6.169936656951904297e-01 2.575322091579437256e-01 4.345585107803344727e-01 6.400179862976074219e-01 2.521244883537292480e-01 7.060974836349487305e-01 4.637464880943298340e-01 3.858436048030853271e-01
4.539249837398529053e-02 6.400160193443298340e-01 1.193045005202293396e-01 2.625067532062530518e-01 2.417974919080734253e-02 8.794419169425964355e-01 3.599239885807037354e-01 1.533976662904024124e-02 7.095235586166381836e-01 8.230143785476684570e-02 1.999144908040761948e-03 1.187460720539093018e-01 9.663231968879699707e-01 3.851719796657562256e-01
7.200924754142761230e-01 6.290853619575500488e-01 2.440380007028579712e-01 8.746700286865234375e-01 2.886202633380889893e-01 2.409722208976745605e-01 7.121522426605224609e-01 7.537068724632263184e-01 7.381491065025329590e-01 3.556541800498962402e-01 8.046581745147705078e-01 2.823914885520935059e-01 2.471006065607070923e-01 5.666583180427551270e-01
4.709349870681762695e-01 3.548451662063598633e-01 7.789080142974853516e-01 1.375962495803833008e-01 1.834249943494796753e-01 8.134646415710449219e-01 4.403123259544372559e-01 4.813155531883239746e-01 3.619062006473541260e-01 6.732921004295349121e-01 2.336502820253372192e-01 2.395143061876296997e-01 6.249810457229614258e-01 4.895920753479003906e-01
5.701324939727783203e-01 5.879386663436889648e-01 9.124447703361511230e-01 4.478504955768585205e-01 5.956705212593078613e-01 5.426297187805175781e-01 6.436336636543273926e-01 5.245754718780517578e-01 4.656231999397277832e-01 5.999333858489990234e-01 6.559109091758728027e-01 5.776321291923522949e-01 3.776648640632629395e-01 4.733598530292510986e-01
8.165749907493591309e-02 5.916183590888977051e-01 8.413150161504745483e-02 5.793750286102294922e-01 6.981599926948547363e-01 8.597926497459411621e-01 9.409117698669433594e-01 7.541720569133758545e-02 7.126846909523010254e-01 1.089204624295234680e-01 2.885788679122924805e-01 5.716254115104675293e-01 6.305155158042907715e-01 5.696282982826232910e-01
5.235400199890136719e-01 1.799228340387344360e-01 2.585499882698059082e-01 4.634810090065002441e-01 3.276025131344795227e-02 5.215286612510681152e-01 3.986496627330780029e-01 4.835728704929351807e-01 3.404862880706787109e-01 4.403739273548126221e-01 5.469989776611328125e-01 5.958122760057449341e-02 6.044727563858032227e-01 6.709985136985778809e-01
1.180450022220611572e-01 5.258161425590515137e-01 3.197174891829490662e-02 3.379600048065185547e-01 1.635382473468780518e-01 3.489731252193450928e-01 4.183226525783538818e-01 1.842188090085983276e-01 5.841063857078552246e-01 1.018458083271980286e-01 3.921300768852233887e-01 1.871368139982223511e-01 6.949831247329711914e-01 5.462375879287719727e-01
5.287899971008300781e-01 6.729981899261474609e-01 9.072967767715454102e-01 8.702225089073181152e-01 9.707217216491699219e-01 4.525095969438552856e-02 5.235880017280578613e-01 5.399677753448486328e-01 5.760194659233093262e-01 7.122141718864440918e-01 8.651257753372192383e-01 8.937395215034484863e-01 2.511018514633178711e-01 3.461043238639831543e-01
4.566274881362915039e-01 7.609930038452148438e-01 4.903362393379211426e-01 6.952674984931945801e-01 8.391277790069580078e-01 1.487612128257751465e-01 8.181467056274414062e-01 4.338220953941345215e-01 6.543503403663635254e-01 4.912076890468597412e-01 9.150060415267944336e-01 8.087884783744812012e-01 2.130879163742065430e-01 5.861517190933227539e-01
6.325374841690063477e-01 4.777173399925231934e-01 9.069085121154785156e-01 2.631149999797344208e-02 4.379667639732360840e-01 7.652301192283630371e-01 1.946966722607612610e-02 6.871649026870727539e-01 3.778712749481201172e-01 6.086397767066955566e-01 1.708759665489196777e-01 5.738554596900939941e-01 5.187097191810607910e-01 3.360469043254852295e-01
3.117224872112274170e-01 7.509760260581970215e-01 2.167277485132217407e-01 7.559850066900253296e-02 8.642495274543762207e-01 8.300188183784484863e-02 7.231480479240417480e-01 3.457321226596832275e-01 6.354208588600158691e-01 3.134722411632537842e-01 3.066764175891876221e-01 8.795589804649353027e-01 4.122638106346130371e-01 4.343290925025939941e-01
4.960150122642517090e-01 6.019331812858581543e-01 9.009832739830017090e-01 5.664924979209899902e-01 1.700827479362487793e-01 3.835171759128570557e-01 8.645050525665283203e-01 5.550087690353393555e-01 4.287758171558380127e-01 5.538741350173950195e-01 6.537971496582031250e-01 1.801607906818389893e-01 4.924389123916625977e-01 5.820451974868774414e-01
9.970824718475341797e-01 3.792193233966827393e-01 8.835369944572448730e-01 6.201500073075294495e-02 9.941319823265075684e-01 6.856448650360107422e-01 4.570056796073913574e-01 8.250572085380554199e-01 3.709320724010467529e-01 7.028499245643615723e-01 4.086339771747589111e-01 8.819145560264587402e-01 5.126351714134216309e-01 2.141609191894531250e-01
1.682250015437602997e-02 4.826410114765167236e-01 3.107782602310180664e-01 8.287500143051147461e-01 2.228614985942840576e-01 3.730318248271942139e-01 3.581836521625518799e-01 3.745957091450691223e-02 5.839331746101379395e-01 4.247447252273559570e-01 7.574435472488403320e-01 2.066520750522613525e-01 4.999645948410034180e-01 5.862894058227539062e-01
1.661400049924850464e-01 6.121063232421875000e-01 9.414732456207275391e-01 3.537087440490722656e-01 2.443282455205917358e-01 5.430192947387695312e-01 2.133366614580154419e-01 1.603614389896392822e-01 4.430767297744750977e-01 6.963804364204406738e-01 3.444307446479797363e-01 3.481579720973968506e-01 4.842478036880493164e-01 4.224932193756103516e-01
6.271250247955322266e-01 1.996716707944869995e-01 8.539312481880187988e-01 7.863399982452392578e-01 3.019177615642547607e-01 6.361659765243530273e-01 9.492045044898986816e-01 6.862410306930541992e-01 2.060892581939697266e-01 7.221594452857971191e-01 8.138250708580017090e-01 2.554139792919158936e-01 5.834110379219055176e-01 7.697581052780151367e-01
8.442950248718261719e-01 5.838288068771362305e-01 1.733697503805160522e-01 6.421350240707397461e-01 7.646177411079406738e-01 4.676388800144195557e-01 7.017969489097595215e-01 8.233914375305175781e-01 6.176980137825012207e-01 1.296578049659729004e-01 7.763975262641906738e-01 7.487404346466064453e-01 4.312935471534729004e-01 6.423230767250061035e-01
4.026250168681144714e-02 7.954681515693664551e-01 8.151177763938903809e-01 1.905857473611831665e-01 7.008910179138183594e-01 9.428991675376892090e-01 9.972299635410308838e-02 4.234131891280412674e-03 8.179887533187866211e-01 7.937566637992858887e-01 1.869444968178868294e-04 9.498881101608276367e-01 9.390591382980346680e-01 1.031303182244300842e-01
5.437625050544738770e-01 4.533329904079437256e-01 3.228259980678558350e-01 2.969120144844055176e-01 2.515499945729970932e-03 9.912050366401672363e-01 1.553283333778381348e-01 4.197058677673339844e-01 4.926184713840484619e-01 3.623620569705963135e-01 2.409494519233703613e-01 4.560802504420280457e-02 6.818222403526306152e-01 4.853481650352478027e-01
5.720275044441223145e-01 4.936041533946990967e-01 6.043180227279663086e-01 6.604175269603729248e-02 5.735285282135009766e-01 1.785506010055541992e-01 8.053066581487655640e-02 5.331444740295410156e-01 3.819435834884643555e-01 6.657034158706665039e-01 2.628671526908874512e-01 6.180959343910217285e-01 4.526991844177246094e-01 3.138251304626464844e-01
6.312825083732604980e-01 2.546228468418121338e-01 5.712372660636901855e-01 3.460980057716369629e-01 6.178572773933410645e-01 4.528657495975494385e-01 1.277023404836654663e-01 7.082996368408203125e-01 3.023666739463806152e-01 6.253877878189086914e-01 2.294482588768005371e-01 6.997917890548706055e-01 5.511941909790039062e-01 3.688966929912567139e-01
3.022249974310398102e-02 8.012443184852600098e-01 2.762752473354339600e-01 9.072750210762023926e-01 8.655869960784912109e-01 2.819007039070129395e-01 8.110892772674560547e-01 3.432192653417587280e-02 7.970073819160461426e-01 3.229648768901824951e-01 7.554136514663696289e-01 9.407433867454528809e-01 2.389907240867614746e-01 4.286061823368072510e-01
7.994899749755859375e-01 2.026771605014801025e-01 9.166177511215209961e-01 2.795712351799011230e-01 9.473620057106018066e-01 9.447643160820007324e-01 2.532186806201934814e-01 7.776809930801391602e-01 2.815486192703247070e-01 7.594503760337829590e-01 3.694121539592742920e-01 8.781912326812744141e-01 5.852435827255249023e-01 2.039454877376556396e-01
3.520975112915039062e-01 3.082848191261291504e-01 7.619307637214660645e-01 2.474567443132400513e-01 8.176295161247253418e-01 9.469219446182250977e-01 7.358211278915405273e-01 2.981134951114654541e-01 3.485300838947296143e-01 7.029745578765869141e-01 5.019096136093139648e-01 7.784013748168945312e-01 5.484399795532226562e-01 4.375290870666503906e-01
7.833675146102905273e-01 4.851410090923309326e-01 4.625167548656463623e-01 8.910225033760070801e-01 2.814037501811981201e-01 9.563513994216918945e-01 9.677899628877639771e-02 7.112526297569274902e-01 5.024010539054870605e-01 5.930710434913635254e-01 6.827638745307922363e-01 3.556090891361236572e-01 4.192626476287841797e-01 4.869697988033294678e-01
6.744599938392639160e-01 3.613803386688232422e-01 5.103832483291625977e-01 3.837450146675109863e-01 5.895657539367675781e-01 4.618036374449729919e-02 3.808499872684478760e-01 6.966302990913391113e-01 3.864079713821411133e-01 6.568304896354675293e-01 4.198374748229980469e-01 6.196719408035278320e-01 4.836826026439666748e-01 3.844880759716033936e-01
2.262825071811676025e-01 3.520023226737976074e-01 2.302384972572326660e-01 2.541489899158477783e-01 6.097245216369628906e-01 9.378677010536193848e-01 1.245416700839996338e-01 2.464204132556915283e-01 4.780882000923156738e-01 4.507915079593658447e-01 8.550293743610382080e-02 6.535814404487609863e-01 6.183183193206787109e-01 4.151176512241363525e-01
3.660899996757507324e-01 2.527939975261688232e-01 7.037402391433715820e-01 5.978599786758422852e-01 6.748697757720947266e-01 7.463386654853820801e-01 2.581023275852203369e-01 2.935490906238555908e-01 3.068406283855438232e-01 7.642886042594909668e-01 5.862904787063598633e-01 6.975748538970947266e-01 4.628883600234985352e-01 4.510395228862762451e-01
7.883725166320800781e-01 6.593629717826843262e-01 8.596755266189575195e-01 2.987412512302398682e-01 7.223179936408996582e-01 4.795535206794738770e-01 9.717208743095397949e-01 7.208619117736816406e-01 5.459635257720947266e-01 4.720804989337921143e-01 5.917624831199645996e-01 5.603832006454467773e-01 3.936477303504943848e-01 5.189023613929748535e-01
8.288250118494033813e-02 7.698554992675781250e-01 8.580407500267028809e-01 9.049124717712402344e-01 3.087849915027618408e-02 7.982417941093444824e-01 7.089091539382934570e-01 6.735387444496154785e-02 5.898045301437377930e-01 5.196748375892639160e-01 7.575290203094482422e-01 1.337713599205017090e-01 5.167413949966430664e-01 5.599136948585510254e-01
9.115700125694274902e-01 2.014214992523193359e-01 1.227905005216598511e-01 1.231812536716461182e-01 8.804874867200851440e-02 3.731257617473602295e-01 8.967713117599487305e-01 7.386241555213928223e-01 4.069265127182006836e-01 2.924670875072479248e-01 4.924368262290954590e-01 4.506914317607879639e-02 5.720269083976745605e-01 7.218835353851318359e-01
9.378799796104431152e-01 2.468235045671463013e-01 8.417827486991882324e-01 2.632252573966979980e-01 5.194742679595947266e-01 5.607881546020507812e-01 8.390653729438781738e-01 8.892973661422729492e-01 3.099889159202575684e-01 7.719820141792297363e-01 5.558957457542419434e-01 4.676836729049682617e-01 4.924889802932739258e-01 5.501694679260253906e-01
8.372499942779541016e-01 4.964953362941741943e-01 7.864217758178710938e-01 1.196952536702156067e-01 6.558899879455566406e-01 4.126114249229431152e-01 8.352743983268737793e-01 7.009823918342590332e-01 4.617901444435119629e-01 6.483672857284545898e-01 5.248566865921020508e-01 5.636986494064331055e-01 4.155839085578918457e-01 3.810061216354370117e-01
1.083974987268447876e-01 7.824605107307434082e-01 1.283230036497116089e-01 8.469774723052978516e-01 7.821302413940429688e-01 9.846647381782531738e-01 3.239319920539855957e-01 9.631727822124958038e-03 7.203758358955383301e-01 4.766871035099029541e-01 2.621300052851438522e-03 9.585779905319213867e-01 8.396630287170410156e-01 1.719947904348373413e-01
9.855474829673767090e-01 2.033886611461639404e-01 9.584337472915649414e-01 7.117875218391418457e-01 6.930927634239196777e-01 5.881259441375732422e-01 3.790040016174316406e-01 9.326647520065307617e-01 3.140347898006439209e-01 8.685485720634460449e-01 8.129993677139282227e-01 7.176170349121093750e-01 4.437195062637329102e-01 3.816281259059906006e-01
5.774924755096435547e-01 4.571650028228759766e-01 1.816727519035339355e-01 2.390747517347335815e-01 7.880027294158935547e-01 5.546672940254211426e-01 4.587976634502410889e-01 6.027727127075195312e-01 5.416839718818664551e-01 1.662594228982925415e-01 2.886395156383514404e-01 8.269903659820556641e-01 5.029287934303283691e-01 5.256677865982055664e-01
8.795400261878967285e-01 4.430179893970489502e-01 6.310387253761291504e-01 2.864712476730346680e-01 5.999267697334289551e-01 2.638386785984039307e-01 4.022533446550369263e-02 8.822554349899291992e-01 4.802003800868988037e-01 6.096993684768676758e-01 4.358645975589752197e-01 6.332174539566040039e-01 3.791681826114654541e-01 3.483667671680450439e-01
5.113499760627746582e-01 2.378431707620620728e-01 3.455624878406524658e-01 2.148524969816207886e-01 8.313295245170593262e-01 2.577446401119232178e-01 6.638646721839904785e-01 5.177894234657287598e-01 4.086444079875946045e-01 4.890649318695068359e-01 3.310464620590209961e-01 7.769169211387634277e-01 4.752661287784576416e-01 4.486564993858337402e-01
4.449824988842010498e-01 1.730004996061325073e-01 1.919837445020675659e-01 8.914049863815307617e-01 4.474482536315917969e-01 1.133459582924842834e-01 3.014020025730133057e-01 4.601577222347259521e-01 3.652772307395935059e-01 6.107862591743469238e-01 5.611150860786437988e-01 4.713230729103088379e-01 4.180072546005249023e-01 4.719502627849578857e-01
7.612250000238418579e-02 6.363673210144042969e-01 3.854382634162902832e-01 1.954012513160705566e-01 8.093104958534240723e-01 5.679041147232055664e-01 5.694033205509185791e-02 4.116591811180114746e-02 6.487597823143005371e-01 5.554745793342590332e-01 3.393347263336181641e-01 8.833541870117187500e-01 5.406364202499389648e-01 2.523082792758941650e-01
3.538450002670288086e-01 1.902383267879486084e-01 2.484862506389617920e-01 5.129550099372863770e-01 3.490292429924011230e-01 5.120608806610107422e-01 6.247966736555099487e-02 3.464666604995727539e-01 3.989016413688659668e-01 5.724290609359741211e-01 4.110928177833557129e-01 3.537256419658660889e-01 4.487064182758331299e-01 4.443984031677246094e-01
3.237150013446807861e-01 7.159793376922607422e-01 1.005389988422393799e-01 6.957774758338928223e-01 1.091347485780715942e-01 4.382783770561218262e-01 9.614337086677551270e-01 3.673671185970306396e-01 6.160607337951660156e-01 4.125080630183219910e-02 8.887391686439514160e-01 4.881355538964271545e-02 5.299289822578430176e-01 8.261538743972778320e-01
9.969300031661987305e-01 1.853153407573699951e-01 5.946162343025207520e-01 3.194234967231750488e-01 6.363099813461303711e-02 1.232825219631195068e-01 3.152573406696319580e-01 9.015726447105407715e-01 2.260875552892684937e-01 8.416041731834411621e-01 5.643280744552612305e-01 1.273122727870941162e-01 5.644558072090148926e-01 7.894510626792907715e-01
6.583349704742431641e-01 3.264728188514709473e-01 1.187812536954879761e-01 7.566974759101867676e-01 1.733645051717758179e-01 5.806132405996322632e-02 2.242893278598785400e-01 6.526608467102050781e-01 5.622463226318359375e-01 5.154628753662109375e-01 6.323598623275756836e-01 2.263326793909072876e-01 4.029117524623870850e-01 4.814474880695343018e-01
9.092400074005126953e-01 5.936956405639648438e-01 2.016207426786422729e-01 3.350412547588348389e-01 5.013005137443542480e-01 6.598384678363800049e-02 5.722113251686096191e-01 9.121788144111633301e-01 7.007291316986083984e-01 2.915041446685791016e-01 4.674076437950134277e-01 5.186061859130859375e-01 2.735594511032104492e-01 4.761488735675811768e-01
8.964675068855285645e-01 3.624795079231262207e-01 2.787545025348663330e-01 7.069125175476074219e-01 8.014817237854003906e-01 9.630825519561767578e-01 4.612233340740203857e-01 7.266708016395568848e-01 5.214970707893371582e-01 5.213370919227600098e-01 4.292656481266021729e-01 7.194816470146179199e-01 3.875750601291656494e-01 3.983537554740905762e-01
2.044575065374374390e-01 6.246816515922546387e-01 3.054497539997100830e-01 6.257774829864501953e-01 8.180882334709167480e-01 8.765958249568939209e-02 9.826537370681762695e-01 2.361838817596435547e-01 6.030544638633728027e-01 4.050360023975372314e-01 7.165372371673583984e-01 6.522132754325866699e-01 3.220695853233337402e-01 5.735512375831604004e-01
6.806275248527526855e-01 6.559263467788696289e-01 7.233687639236450195e-01 5.689550042152404785e-01 3.091317415237426758e-01 4.911198019981384277e-01 1.333433296531438828e-02 7.494799494743347168e-01 5.528429746627807617e-01 6.352914571762084961e-01 4.968892037868499756e-01 3.658667206764221191e-01 4.018833041191101074e-01 3.811858296394348145e-01
7.007849812507629395e-01 4.251696765422821045e-01 4.579209983348846436e-01 3.648525103926658630e-02 6.657435297966003418e-01 2.796197831630706787e-01 4.927276670932769775e-01 6.355287432670593262e-01 4.122437536716461182e-01 2.820032536983489990e-01 2.128427475690841675e-01 7.188525199890136719e-01 4.993618428707122803e-01 5.090463161468505859e-01
5.996025204658508301e-01 2.187239974737167358e-01 2.859387397766113281e-01 6.319125294685363770e-01 7.379267215728759766e-01 7.215978503227233887e-01 7.927479743957519531e-01 5.380917787551879883e-01 4.190212786197662354e-01 5.357547998428344727e-01 4.884160459041595459e-01 6.561647057533264160e-01 4.290572404861450195e-01 4.818948209285736084e-01
1.412000041455030441e-02 5.109578371047973633e-01 8.534232378005981445e-01 2.960324883460998535e-01 4.027594923973083496e-01 3.013576865196228027e-01 5.926493406295776367e-01 3.854401409626007080e-02 5.875552892684936523e-01 7.503082752227783203e-01 3.913650512695312500e-01 3.166935145854949951e-01 5.113789439201354980e-01 4.279030561447143555e-01
7.619249820709228516e-01 5.623946785926818848e-01 7.566737532615661621e-01 5.573624968528747559e-01 1.388995051383972168e-01 9.981855750083923340e-01 3.868726789951324463e-01 8.535404801368713379e-01 4.618375301361083984e-01 6.037999391555786133e-01 4.981397688388824463e-01 1.892002671957015991e-01 4.856223762035369873e-01 5.968754291534423828e-01
4.681299924850463867e-01 1.851781606674194336e-01 9.461502432823181152e-01 4.364475011825561523e-01 3.299537599086761475e-01 9.383332133293151855e-01 8.224333524703979492e-01 4.801947176456451416e-01 2.340663075447082520e-01 7.415384650230407715e-01 4.806430935859680176e-01 3.315148651599884033e-01 5.660075545310974121e-01 6.171364784240722656e-01
9.506275057792663574e-01 6.128249764442443848e-01 1.361224949359893799e-01 7.617350220680236816e-01 9.079587459564208984e-01 9.126816391944885254e-01 9.433433413505554199e-01 8.048026561737060547e-01 5.419380664825439453e-01 9.076558798551559448e-02 7.515173554420471191e-01 7.660060524940490723e-01 5.166689753532409668e-01 6.661263704299926758e-01
4.699699878692626953e-01 2.541689872741699219e-01 2.573255002498626709e-01 7.542175054550170898e-01 2.843067646026611328e-01 6.752315908670425415e-02 9.036083221435546875e-01 4.694739878177642822e-01 3.339934051036834717e-01 5.898174047470092773e-01 6.991036534309387207e-01 2.404665350914001465e-01 4.952038228511810303e-01 6.115300059318542480e-01
6.945325136184692383e-01 2.884384989738464355e-01 8.377732634544372559e-01 6.146925091743469238e-01 7.425462603569030762e-01 8.704830408096313477e-01 3.987466543912887573e-02 7.171518206596374512e-01 2.313878983259201050e-01 7.551810145378112793e-01 5.250968933105468750e-01 7.887648940086364746e-01 6.445855498313903809e-01 3.400348424911499023e-01
5.745649933815002441e-01 1.831691712141036987e-01 6.563194990158081055e-01 8.714874982833862305e-01 6.856409907341003418e-01 2.989600896835327148e-01 8.851518630981445312e-01 5.262048244476318359e-01 3.843446671962738037e-01 7.117682099342346191e-01 8.343796730041503906e-01 5.687201023101806641e-01 3.680473864078521729e-01 4.937158823013305664e-01
1.945874989032745361e-01 6.939941644668579102e-01 4.014810025691986084e-01 1.812302470207214355e-01 1.896084994077682495e-01 7.000187039375305176e-01 7.596010565757751465e-01 1.945803910493850708e-01 4.725226759910583496e-01 2.675486505031585693e-01 2.081404924392700195e-01 2.187737226486206055e-01 7.055779099464416504e-01 5.674015283584594727e-01
1.445074975490570068e-01 4.729340076446533203e-01 7.897175103425979614e-02 8.761600255966186523e-01 3.548862636089324951e-01 5.823444724082946777e-01 3.159376680850982666e-01 1.837888360023498535e-01 5.681828856468200684e-01 7.763276249170303345e-02 8.128787279129028320e-01 3.180521130561828613e-01 6.198813915252685547e-01 6.224517226219177246e-01
4.543924927711486816e-01 7.378360033035278320e-01 5.042652487754821777e-01 5.452425032854080200e-02 3.704949915409088135e-01 3.414631187915802002e-01 3.860243260860443115e-01 4.681308865547180176e-01 5.006830692291259766e-01 4.415593147277832031e-01 2.346613109111785889e-01 4.458082616329193115e-01 5.243536233901977539e-01 4.112616777420043945e-01
8.382124900817871094e-01 2.278251647949218750e-01 3.118360042572021484e-01 9.864724874496459961e-01 7.571529746055603027e-01 6.595295071601867676e-01 2.587586641311645508e-01 8.442999720573425293e-01 3.623817265033721924e-01 4.951540529727935791e-01 7.751845717430114746e-01 7.740594148635864258e-01 5.118746757507324219e-01 4.188427627086639404e-01
3.586100041866302490e-01 7.043098211288452148e-01 5.855717658996582031e-01 1.687217503786087036e-01 6.629977226257324219e-01 5.079816281795501709e-02 9.374176859855651855e-01 4.093644618988037109e-01 5.267797112464904785e-01 3.803466558456420898e-01 3.940374553203582764e-01 5.855004191398620605e-01 4.476684331893920898e-01 5.155919790267944336e-01
1.783100068569183350e-01 5.080066919326782227e-01 4.792632460594177246e-01 2.531862556934356689e-01 7.932427525520324707e-01 7.149228453636169434e-01 4.821993410587310791e-01 1.594049036502838135e-01 4.979567825794219971e-01 5.178332328796386719e-01 2.304718643426895142e-01 8.323959708213806152e-01 5.371936559677124023e-01 4.414209425449371338e-01
7.961149811744689941e-01 7.080058455467224121e-01 5.146562457084655762e-01 3.924799859523773193e-01 1.429699957370758057e-01 5.741235613822937012e-01 2.478723376989364624e-01 7.318795919418334961e-01 5.021310448646545410e-01 4.610167741775512695e-01 4.830058515071868896e-01 2.061765044927597046e-01 4.792374670505523682e-01 5.438816547393798828e-01
3.992750123143196106e-02 6.035388112068176270e-01 6.669340133666992188e-01 4.333457648754119873e-01 3.646380007266998291e-01 2.555052638053894043e-01 2.414180040359497070e-01 5.949617177248001099e-02 5.817536115646362305e-01 6.740098595619201660e-01 4.560931324958801270e-01 3.739255368709564209e-01 4.676995277404785156e-01 4.470995068550109863e-01
3.104799985885620117e-01 7.479196786880493164e-01 7.965440154075622559e-01 6.848474740982055664e-01 3.328649997711181641e-01 3.916097879409790039e-01 4.102066531777381897e-02 3.955534100532531738e-01 5.226459503173828125e-01 5.592773556709289551e-01 7.134727835655212402e-01 4.124280810356140137e-01 3.856585621833801270e-01 5.013560056686401367e-01
7.266225218772888184e-01 2.745763361454010010e-01 5.135664939880371094e-01 8.061174750328063965e-01 9.611989855766296387e-01 5.417202115058898926e-01 2.644590139389038086e-01 8.013176918029785156e-01 3.304937183856964111e-01 6.551554799079895020e-01 6.840521693229675293e-01 9.086160659790039062e-01 5.871741175651550293e-01 2.516404390335083008e-01
9.668574929237365723e-01 1.919428259134292603e-01 6.263830065727233887e-01 8.953624963760375977e-01 9.742457270622253418e-01 7.615771889686584473e-01 1.582150012254714966e-01 8.707337379455566406e-01 2.678988575935363770e-01 8.203624486923217773e-01 7.662014365196228027e-01 9.172453880310058594e-01 5.869088172912597656e-01 2.150889784097671509e-01
4.578525125980377197e-01 5.847293138504028320e-01 7.017765045166015625e-01 7.578824758529663086e-01 3.888577520847320557e-01 2.122800052165985107e-01 5.813996791839599609e-01 5.102635025978088379e-01 4.913696646690368652e-01 5.888737440109252930e-01 6.034769415855407715e-01 4.209559559822082520e-01 4.115777313709259033e-01 4.499849081039428711e-01
6.880224943161010742e-01 7.261505126953125000e-01 5.024064779281616211e-01 5.359575152397155762e-01 7.773067355155944824e-01 1.318297982215881348e-01 3.498750030994415283e-01 8.367020487785339355e-01 5.783720016479492188e-01 3.016317486763000488e-01 4.742425084114074707e-01 8.054929971694946289e-01 3.692022860050201416e-01 4.731872081756591797e-01
6.341400146484375000e-01 2.281313389539718628e-01 1.487150043249130249e-02 1.323725003749132156e-02 7.149450182914733887e-01 5.451665520668029785e-01 6.353093385696411133e-01 4.991290271282196045e-01 3.661044836044311523e-01 2.669782042503356934e-01 1.123009994626045227e-01 7.629641890525817871e-01 5.337837934494018555e-01 6.168926954269409180e-01
4.618175029754638672e-01 8.308724761009216309e-01 6.438454985618591309e-01 4.836890101432800293e-01 1.742827445268630981e-01 6.004298105835914612e-02 5.046179890632629395e-01 4.831390380859375000e-01 6.150839924812316895e-01 4.748223125934600830e-01 5.575148463249206543e-01 2.321025878190994263e-01 4.065478742122650146e-01 4.676218330860137939e-01
9.722474813461303711e-01 8.184563517570495605e-01 5.392625182867050171e-02 8.052600026130676270e-01 3.060939908027648926e-01 5.404233187437057495e-02 6.121023297309875488e-01 9.478686451911926270e-01 6.112013459205627441e-01 3.200145363807678223e-01 6.879044175148010254e-01 3.804382085800170898e-01 2.795217633247375488e-01 5.527926087379455566e-01
2.902024984359741211e-01 5.149865150451660156e-01 1.232604980468750000e-01 6.134899854660034180e-01 2.377225011587142944e-01 6.893795132637023926e-01 5.033299922943115234e-01 2.998718321323394775e-01 5.032494664192199707e-01 1.517568528652191162e-01 5.609666109085083008e-01 2.272900938987731934e-01 6.282327175140380859e-01 5.714592337608337402e-01
9.918649792671203613e-01 2.399043291807174683e-01 2.555755078792572021e-01 6.090649962425231934e-01 9.141659736633300781e-01 2.139394879341125488e-01 3.539999946951866150e-03 8.912025690078735352e-01 3.969504833221435547e-01 4.960186481475830078e-01 6.131315231323242188e-01 8.854767084121704102e-01 4.683460593223571777e-01 2.970412075519561768e-01
4.176250100135803223e-02 2.605246603488922119e-01 8.082550168037414551e-01 7.088400125503540039e-01 9.726099669933319092e-02 8.720312118530273438e-01 5.954156517982482910e-01 4.079646896570920944e-03 2.530399858951568604e-01 8.775978088378906250e-01 8.133974075317382812e-01 2.491061575710773468e-02 6.086273789405822754e-01 6.672545671463012695e-01
5.146424770355224609e-01 7.400485277175903320e-01 9.453434944152832031e-01 6.225699782371520996e-01 1.413842439651489258e-01 8.122097849845886230e-01 2.889286577701568604e-01 5.778774023056030273e-01 4.230334460735321045e-01 5.874675512313842773e-01 4.941245913505554199e-01 2.663457691669464111e-01 5.202391147613525391e-01 5.234715342521667480e-01
4.182874858379364014e-01 4.612033367156982422e-01 7.349099963903427124e-02 7.383800148963928223e-01 1.558504998683929443e-01 5.213742256164550781e-01 8.444640040397644043e-01 4.665538370609283447e-01 5.888013243675231934e-01 1.667544841766357422e-01 7.400371432304382324e-01 1.168260052800178528e-01 4.847451448440551758e-01 6.978023052215576172e-01
3.923675119876861572e-01 5.075591802597045898e-01 7.471457719802856445e-01 5.862674713134765625e-01 5.657017230987548828e-01 2.904629409313201904e-01 4.223130047321319580e-01 4.537755250930786133e-01 3.491449356079101562e-01 5.439844131469726562e-01 4.742865264415740967e-01 6.253325939178466797e-01 4.486820399761199951e-01 5.530735254287719727e-01
6.716700196266174316e-01 3.031946718692779541e-01 4.493922591209411621e-01 1.494902521371841431e-01 5.518347620964050293e-01 5.307163596153259277e-01 3.457366675138473511e-02 6.931377649307250977e-01 4.128499329090118408e-01 5.103992819786071777e-01 1.987289637327194214e-01 6.300231814384460449e-01 4.986540675163269043e-01 3.652107119560241699e-01
9.908249974250793457e-02 3.643186688423156738e-01 3.800162374973297119e-01 4.586944878101348877e-01 9.990582466125488281e-01 2.283266633749008179e-01 8.083066344261169434e-02 8.714417368173599243e-02 5.843380689620971680e-01 6.504637002944946289e-01 6.411836147308349609e-01 9.308881163597106934e-01 4.353092312812805176e-01 2.694486081600189209e-01
8.996000289916992188e-01 6.043524742126464844e-01 7.848539948463439941e-01 4.169670045375823975e-01 3.107174932956695557e-01 1.276740431785583496e-01 4.606069922447204590e-01 9.324665665626525879e-01 5.987809300422668457e-01 5.940663814544677734e-01 6.253556609153747559e-01 3.261508643627166748e-01 3.182524740695953369e-01 4.737396240234375000e-01
1.794025003910064697e-01 4.401108324527740479e-01 5.952695012092590332e-01 4.741952419281005859e-01 9.085032343864440918e-01 9.068393111228942871e-01 2.860616743564605713e-01 1.432417929172515869e-01 4.782396256923675537e-01 6.713063716888427734e-01 3.983540534973144531e-01 9.019818305969238281e-01 6.059207320213317871e-01 2.867960631847381592e-01
2.291425019502639771e-01 7.988243103027343750e-01 8.099225163459777832e-01 7.555599808692932129e-01 9.395350217819213867e-01 5.867105126380920410e-01 2.200309932231903076e-01 2.009281665086746216e-01 5.895605087280273438e-01 6.488675475120544434e-01 6.784050464630126953e-01 9.569115042686462402e-01 5.032407045364379883e-01 2.171106189489364624e-01
3.959375023841857910e-01 2.165694981813430786e-01 4.341965019702911377e-01 3.762249946594238281e-01 5.548002719879150391e-01 4.541881680488586426e-01 6.575070023536682129e-01 3.350734710693359375e-01 2.808864712715148926e-01 6.866842508316040039e-01 3.610667586326599121e-01 5.608592629432678223e-01 4.540811479091644287e-01 5.509123802185058594e-01
3.096500039100646973e-01 4.260173439979553223e-01 3.249287605285644531e-01 7.842350006103515625e-01 5.957267284393310547e-01 5.445885062217712402e-01 1.113356649875640869e-01 3.703909218311309814e-01 4.055217206478118896e-01 4.103192687034606934e-01 7.701340317726135254e-01 6.387181878089904785e-01 5.253732800483703613e-01 5.806113481521606445e-01
3.870750069618225098e-01 3.357258439064025879e-01 8.364717364311218262e-01 7.109050154685974121e-01 2.765842378139495850e-01 1.620801985263824463e-01 7.706966996192932129e-02 3.924431204795837402e-01 3.133356869220733643e-01 7.396950721740722656e-01 6.472193598747253418e-01 3.899452984333038330e-01 4.200528264045715332e-01 4.779445827007293701e-01
2.229599952697753906e-01 5.477301478385925293e-01 1.433512568473815918e-01 7.683675289154052734e-01 2.172455042600631714e-01 8.682365417480468750e-01 6.173650026321411133e-01 2.327709794044494629e-01 5.344917178153991699e-01 1.111308038234710693e-01 5.586212277412414551e-01 2.030571252107620239e-01 6.571947336196899414e-01 5.744813084602355957e-01
8.080250024795532227e-02 3.573994934558868408e-01 9.662290215492248535e-01 6.792899966239929199e-01 5.672724843025207520e-01 5.125874876976013184e-01 7.600963115692138672e-01 3.167901188135147095e-02 3.064972460269927979e-01 8.659276962280273438e-01 7.313961386680603027e-01 5.524173974990844727e-01 4.108403027057647705e-01 6.669664978981018066e-01
2.710725069046020508e-01 5.734021663665771484e-01 3.155847489833831787e-01 5.611975193023681641e-01 6.579167246818542480e-01 1.268856525421142578e-01 2.591633424162864685e-02 3.288199305534362793e-01 6.250382065773010254e-01 4.817087352275848389e-01 6.325873732566833496e-01 7.175660133361816406e-01 2.818443179130554199e-01 4.659115672111511230e-01
3.933550119400024414e-01 7.792611718177795410e-01 2.256225049495697021e-01 4.539837539196014404e-01 9.645607471466064453e-01 5.436675548553466797e-01 9.842261672019958496e-01 4.443463683128356934e-01 6.335681676864624023e-01 6.455292552709579468e-02 3.440579771995544434e-01 8.274074792861938477e-01 5.491181015968322754e-01 6.294907927513122559e-01
1.346125006675720215e-01 3.737258315086364746e-01 1.707367449998855591e-01 8.429499864578247070e-01 9.537982344627380371e-01 3.651761636137962341e-02 4.878459870815277100e-01 1.825990080833435059e-01 5.945901870727539062e-01 5.523102879524230957e-01 6.979125142097473145e-01 8.493617177009582520e-01 3.155107200145721436e-01 4.133281111717224121e-01
7.809500098228454590e-01 5.252936482429504395e-01 8.591882586479187012e-01 8.087325096130371094e-01 9.970407485961914062e-01 2.341383844614028931e-01 6.756131649017333984e-01 8.644554018974304199e-01 5.998902916908264160e-01 5.887911915779113770e-01 9.228506088256835938e-01 9.195346236228942871e-01 3.074171245098114014e-01 4.278656542301177979e-01
6.157274842262268066e-01 6.278780102729797363e-01 7.956697344779968262e-01 5.310574769973754883e-01 6.794289946556091309e-01 5.777800083160400391e-01 7.445900142192840576e-02 5.458106994628906250e-01 5.164039134979248047e-01 6.296758651733398438e-01 6.156085133552551270e-01 6.618941426277160645e-01 3.334208726882934570e-01 3.950256407260894775e-01
4.364775121212005615e-01 5.137766599655151367e-01 9.151265025138854980e-01 7.698475122451782227e-01 8.470377326011657715e-01 1.177074760198593140e-01 1.468826681375503540e-01 4.678805470466613770e-01 4.608284533023834229e-01 7.315747737884521484e-01 7.924454212188720703e-01 8.522436022758483887e-01 3.409464955329895020e-01 3.684864342212677002e-01
8.085849881172180176e-01 5.551509857177734375e-01 3.423945009708404541e-01 3.365197479724884033e-01 3.025574982166290283e-01 2.764036357402801514e-01 7.077468037605285645e-01 8.698262572288513184e-01 6.030430197715759277e-01 4.194590449333190918e-01 3.798736929893493652e-01 3.249252736568450928e-01 3.562593460083007812e-01 4.508703947067260742e-01
1.477124989032745361e-01 7.612910270690917969e-01 7.669077515602111816e-01 8.615375310182571411e-02 2.658597528934478760e-01 6.681354641914367676e-01 5.808043479919433594e-01 1.509149670600891113e-01 5.080546736717224121e-01 5.259159803390502930e-01 1.350010782480239868e-01 3.568807542324066162e-01 6.660219430923461914e-01 4.317279160022735596e-01
1.284125000238418579e-01 1.719155013561248779e-01 5.350260138511657715e-01 2.646502554416656494e-01 8.763049840927124023e-01 5.629256367683410645e-01 3.499099984765052795e-02 1.249922811985015869e-01 3.462664484977722168e-01 7.509288191795349121e-01 2.420219928026199341e-01 9.029523730278015137e-01 6.649192571640014648e-01 3.198626935482025146e-01
6.166499853134155273e-02 5.544776916503906250e-01 9.701694846153259277e-01 7.445949912071228027e-01 3.224112391471862793e-01 3.286957442760467529e-01 1.269143372774124146e-01 7.190987467765808105e-02 4.318001866340637207e-01 7.739906907081604004e-01 6.360929608345031738e-01 4.216526448726654053e-01 4.278791248798370361e-01 5.772983431816101074e-01
8.352324962615966797e-01 5.909068584442138672e-01 7.283250093460083008e-01 4.879472553730010986e-01 6.768722534179687500e-01 8.085382580757141113e-01 3.966679871082305908e-01 7.865463495254516602e-01 3.435353934764862061e-01 6.359606385231018066e-01 3.613506555557250977e-01 7.202836871147155762e-01 5.167650580406188965e-01 3.428985774517059326e-01
3.900099992752075195e-01 2.739291787147521973e-01 3.150264918804168701e-01 3.430207371711730957e-01 1.287014931440353394e-01 9.063737392425537109e-01 5.168513059616088867e-01 3.625891208648681641e-01 4.777761995792388916e-01 4.481818079948425293e-01 3.025882840156555176e-01 1.150897741317749023e-01 6.248973011970520020e-01 4.597377777099609375e-01
2.780900001525878906e-01 1.792176663875579834e-01 9.288704991340637207e-01 6.176350116729736328e-01 9.227149933576583862e-02 5.913984775543212891e-01 9.506603479385375977e-01 4.270146787166595459e-01 2.067855894565582275e-01 5.250847935676574707e-01 7.898114323616027832e-01 4.511474445462226868e-02 5.274817943572998047e-01 8.115442991256713867e-01
1.802050024271011353e-01 4.150078296661376953e-01 3.737749904394149780e-02 1.352314949035644531e-01 7.568194866180419922e-01 6.386690586805343628e-02 7.936084270477294922e-01 2.642410397529602051e-01 6.145758032798767090e-01 2.136344015598297119e-01 3.011180460453033447e-01 6.875202655792236328e-01 5.048352479934692383e-01 5.441010594367980957e-01
3.915224969387054443e-01 4.399886727333068848e-01 3.655945062637329102e-01 6.860575079917907715e-01 7.004935145378112793e-01 8.386942744255065918e-02 3.685076534748077393e-01 4.589285850524902344e-01 5.227429270744323730e-01 6.226962208747863770e-01 6.260812282562255859e-01 6.886500716209411621e-01 3.238604068756103516e-01 4.101478457450866699e-01
3.783524930477142334e-01 4.758246541023254395e-01 2.805329859256744385e-01 9.298049807548522949e-01 4.370642602443695068e-01 8.164232373237609863e-01 5.689759850502014160e-01 3.754377365112304688e-01 5.736653208732604980e-01 4.527700245380401611e-01 8.321100473403930664e-01 4.229419529438018799e-01 3.540133535861968994e-01 5.893945693969726562e-01
6.814774870872497559e-01 3.800818324089050293e-01 3.593422472476959229e-01 6.565399765968322754e-01 4.243335127830505371e-01 1.351579725742340088e-01 1.919530034065246582e-01 6.266592741012573242e-01 5.193666219711303711e-01 6.142345070838928223e-01 6.256927847862243652e-01 4.445689022541046143e-01 3.889213502407073975e-01 4.202060103416442871e-01
8.833774924278259277e-01 3.062469959259033203e-01 7.148334980010986328e-01 9.394775032997131348e-01 8.379694819450378418e-01 4.785756468772888184e-01 1.238410025835037231e-01 8.854158520698547363e-01 4.199690818786621094e-01 7.387355566024780273e-01 9.168314337730407715e-01 8.609526753425598145e-01 4.318093359470367432e-01 3.639062941074371338e-01
8.557350039482116699e-01 3.413478434085845947e-01 6.399185061454772949e-01 4.771282374858856201e-01 2.543214857578277588e-01 6.311722993850708008e-01 6.887222528457641602e-01 8.160215616226196289e-01 4.492620229721069336e-01 6.608627438545227051e-01 5.857321619987487793e-01 2.764011621475219727e-01 4.746187925338745117e-01 5.547382235527038574e-01
5.692874789237976074e-01 3.641664981842041016e-01 4.404575005173683167e-02 2.932477593421936035e-01 7.343674898147583008e-01 8.351206779479980469e-01 5.881213545799255371e-01 4.964868426322937012e-01 4.985649287700653076e-01 2.827800810337066650e-01 2.121930420398712158e-01 7.167811989784240723e-01 5.083674788475036621e-01 4.931562840938568115e-01
6.428874731063842773e-01 6.863654851913452148e-01 8.696272373199462891e-01 5.212299898266792297e-02 2.282877564430236816e-01 2.851262688636779785e-01 7.379709482192993164e-01 5.811417698860168457e-01 5.229473710060119629e-01 6.068052649497985840e-01 4.653667509555816650e-01 2.570564150810241699e-01 4.851290583610534668e-01 4.431422352790832520e-01
5.189650058746337891e-01 2.451331615447998047e-01 6.070244908332824707e-01 7.364624738693237305e-01 9.460164904594421387e-01 6.749446392059326172e-01 2.121790051460266113e-01 5.804932713508605957e-01 3.681970238685607910e-01 5.764673948287963867e-01 5.884445905685424805e-01 9.017681479454040527e-01 5.729144811630249023e-01 3.226761221885681152e-01
2.698175013065338135e-01 6.942576766014099121e-01 1.674434989690780640e-01 8.185899853706359863e-01 2.747847437858581543e-01 5.642480850219726562e-01 1.363613307476043701e-01 2.832954823970794678e-01 5.863841176033020020e-01 1.367901861667633057e-01 7.045834064483642578e-01 3.357329666614532471e-01 5.327433347702026367e-01 6.156683564186096191e-01
9.423925280570983887e-01 7.337131500244140625e-01 4.884625077247619629e-01 9.180124998092651367e-01 4.536060094833374023e-01 6.236575543880462646e-03 2.140016704797744751e-01 9.675009846687316895e-01 6.853027939796447754e-01 5.453071594238281250e-01 8.270250558853149414e-01 5.059029459953308105e-01 2.001322656869888306e-01 4.211534261703491211e-01
6.951050162315368652e-01 5.479220151901245117e-01 3.075642585754394531e-01 9.796925187110900879e-01 4.516704976558685303e-01 1.952718198299407959e-01 1.101979985833168030e-01 7.447820901870727539e-01 5.152270793914794922e-01 6.057816743850708008e-01 6.927857398986816406e-01 5.137665271759033203e-01 3.828996419906616211e-01 4.447722733020782471e-01
8.975899815559387207e-01 4.697036743164062500e-01 7.336025238037109375e-01 3.491324931383132935e-02 2.700837552547454834e-01 5.310596227645874023e-01 7.722600698471069336e-01 7.267507314682006836e-01 4.864679872989654541e-01 6.089234352111816406e-01 4.805692434310913086e-01 2.508035004138946533e-01 4.925719201564788818e-01 5.083503127098083496e-01
1.733749918639659882e-02 6.821466684341430664e-01 8.410032391548156738e-01 7.020475268363952637e-01 9.559684991836547852e-01 6.888074874877929688e-01 3.034853339195251465e-01 2.545452862977981567e-02 6.883974075317382812e-01 6.855136156082153320e-01 3.149377703666687012e-01 9.724035859107971191e-01 5.920057892799377441e-01 9.439561516046524048e-02
3.434999883174896240e-01 5.211371779441833496e-01 8.041267395019531250e-01 5.010049939155578613e-01 4.457629919052124023e-01 6.407568454742431641e-01 4.862506687641143799e-01 3.257838785648345947e-01 3.377927243709564209e-01 6.488152742385864258e-01 4.979214966297149658e-01 5.224039554595947266e-01 4.441738128662109375e-01 5.443507432937622070e-01
5.481150150299072266e-01 6.148309707641601562e-01 2.334485054016113281e-01 4.371657371520996094e-01 8.387942314147949219e-01 6.195420026779174805e-01 3.453060090541839600e-01 5.677747130393981934e-01 5.648781657218933105e-01 2.545436322689056396e-01 3.212353289127349854e-01 8.536143302917480469e-01 4.475407600402832031e-01 4.676865339279174805e-01
7.805600166320800781e-01 3.048731684684753418e-01 2.625592648983001709e-01 6.585775017738342285e-01 1.974067538976669312e-01 8.314639329910278320e-01 7.302883267402648926e-01 6.707555055618286133e-01 5.078105926513671875e-01 5.483028292655944824e-01 5.307791829109191895e-01 1.817802190780639648e-01 4.812089800834655762e-01 5.271822810173034668e-01
2.768650054931640625e-01 3.343124985694885254e-01 1.403087526559829712e-01 9.292724728584289551e-01 6.357747316360473633e-01 5.279412865638732910e-01 7.147667407989501953e-01 3.157606124877929688e-01 5.200086832046508789e-01 3.211708962917327881e-01 8.557266592979431152e-01 5.912287831306457520e-01 4.315253794193267822e-01 6.395432353019714355e-01
3.307375013828277588e-01 3.269171714782714844e-01 2.206532508134841919e-01 5.232500261627137661e-04 1.193580031394958496e-01 7.583325505256652832e-01 3.585340082645416260e-01 3.430361747741699219e-01 4.264981448650360107e-01 2.839747071266174316e-01 1.336393654346466064e-01 1.130543351173400879e-01 7.311491966247558594e-01 5.036516189575195312e-01
9.865124821662902832e-01 4.368748366832733154e-01 4.525982439517974854e-01 3.285277485847473145e-01 8.410974740982055664e-01 3.436492979526519775e-01 9.645522236824035645e-01 7.939668297767639160e-01 4.876931011676788330e-01 4.429679512977600098e-01 4.955489933490753174e-01 6.490094661712646484e-01 4.135455191135406494e-01 5.008221268653869629e-01
7.798550128936767578e-01 4.261656701564788818e-01 2.231547534465789795e-01 9.638224840164184570e-01 8.622482419013977051e-01 3.938568830490112305e-01 6.200990080833435059e-01 7.807129621505737305e-01 5.188084244728088379e-01 4.834313392639160156e-01 8.199142217636108398e-01 8.186495900154113770e-01 3.772979080677032471e-01 5.525351166725158691e-01
8.214499950408935547e-01 6.396030187606811523e-01 8.020964860916137695e-01 8.544650077819824219e-01 8.157207369804382324e-01 5.137507319450378418e-01 6.084013581275939941e-01 8.872303962707519531e-01 5.339985489845275879e-01 5.611164569854736328e-01 8.929362893104553223e-01 8.159134984016418457e-01 3.549124002456665039e-01 4.940759837627410889e-01
8.184524774551391602e-01 5.098446607589721680e-01 3.618807494640350342e-01 5.049499869346618652e-01 9.765369892120361328e-01 4.842854440212249756e-01 1.008686646819114685e-01 7.965920567512512207e-01 6.100670695304870605e-01 3.879325985908508301e-01 4.690911173820495605e-01 9.039158225059509277e-01 3.562497198581695557e-01 3.367188572883605957e-01
2.649224996566772461e-01 2.358601689338684082e-01 9.669939875602722168e-01 8.739550113677978516e-01 7.936995029449462891e-01 3.246545493602752686e-01 2.368256598711013794e-01 2.974507212638854980e-01 2.239150404930114746e-01 8.673104643821716309e-01 7.656129002571105957e-01 8.285422325134277344e-01 5.072069168090820312e-01 3.798786997795104980e-01
6.573550105094909668e-01 3.867893218994140625e-01 5.973952412605285645e-01 1.390857547521591187e-01 2.904852628707885742e-01 8.112040162086486816e-01 6.816638708114624023e-01 6.176003217697143555e-01 4.460691511631011963e-01 5.726028680801391602e-01 2.707164585590362549e-01 3.136918842792510986e-01 5.580534338951110840e-01 4.408425986766815186e-01
2.096750028431415558e-02 3.860625028610229492e-01 2.796250022947788239e-02 2.733870148658752441e-01 9.157245159149169922e-01 5.558437108993530273e-01 5.390610098838806152e-01 1.757455244660377502e-02 5.562108755111694336e-01 1.842553019523620605e-01 2.263555070385336876e-03 9.538581371307373047e-01 7.987200021743774414e-01 4.055395424365997314e-01
6.151000037789344788e-02 6.728168129920959473e-01 5.089524984359741211e-01 8.778125047683715820e-01 7.372587323188781738e-01 8.913036584854125977e-01 1.647300086915493011e-02 4.415412247180938721e-02 6.904600858688354492e-01 4.520615041255950928e-01 3.269335031509399414e-01 9.068851470947265625e-01 5.136484503746032715e-01 2.732265889644622803e-01
2.172224968671798706e-01 5.670261383056640625e-01 8.740835189819335938e-01 9.835324883460998535e-01 9.697797298431396484e-01 9.299288988113403320e-01 4.750596582889556885e-01 1.865854710340499878e-01 4.532152414321899414e-01 7.659561634063720703e-01 8.182888031005859375e-01 9.483066797256469727e-01 5.403366684913635254e-01 2.881912589073181152e-01
1.092374995350837708e-01 1.833164989948272705e-01 7.579747438430786133e-01 8.804849982261657715e-01 9.208365082740783691e-01 6.374710202217102051e-01 3.775483369827270508e-01 1.058741286396980286e-01 2.860264778137207031e-01 8.371702432632446289e-01 6.899389028549194336e-01 9.015956521034240723e-01 6.396031975746154785e-01 4.269427955150604248e-01
6.050000083632767200e-04 7.626801729202270508e-01 1.937910020351409912e-01 3.050400018692016602e-01 6.250527501106262207e-01 2.081033401191234589e-02 1.950639933347702026e-01 5.176432803273200989e-02 7.657698392868041992e-01 4.060481786727905273e-01 3.636071085929870605e-01 7.922120094299316406e-01 3.893602490425109863e-01 2.998879551887512207e-01
4.109925031661987305e-01 6.649144887924194336e-01 8.350780010223388672e-01 9.475824832916259766e-01 4.614642560482025146e-01 5.095159411430358887e-01 3.747733309864997864e-02 4.604389369487762451e-01 5.016139745712280273e-01 5.972009897232055664e-01 8.963380455970764160e-01 5.629454851150512695e-01 3.290760815143585205e-01 5.803769230842590332e-01
5.574300289154052734e-01 1.967226713895797729e-01 4.778167605400085449e-01 7.591174840927124023e-01 8.798952698707580566e-01 3.475827276706695557e-01 1.180666685104370117e-01 5.013617277145385742e-01 5.267500281333923340e-01 6.917397975921630859e-01 8.391825556755065918e-01 8.358477354049682617e-01 2.799981832504272461e-01 4.155972599983215332e-01
1.500625014305114746e-01 5.123521685600280762e-01 1.863054931163787842e-01 7.742224633693695068e-02 5.120747685432434082e-01 8.886257410049438477e-01 1.990929991006851196e-01 1.246710717678070068e-01 6.131863594055175781e-01 3.891992568969726562e-01 1.683175861835479736e-01 4.834015369415283203e-01 6.587042808532714844e-01 3.794673979282379150e-01
1.374125033617019653e-01 5.233963131904602051e-01 5.068612694740295410e-01 4.987154901027679443e-01 1.879700087010860443e-02 5.285377502441406250e-01 6.129043102264404297e-01 1.284014433622360229e-01 4.778615832328796387e-01 5.724402666091918945e-01 6.787409186363220215e-01 6.345609575510025024e-02 5.456460118293762207e-01 5.471814870834350586e-01
4.961249977350234985e-02 5.777558088302612305e-01 5.829795002937316895e-01 3.493617475032806396e-01 9.518602490425109863e-01 8.638531565666198730e-01 6.957533210515975952e-02 2.654672786593437195e-02 6.575727462768554688e-01 6.821586489677429199e-01 2.738383412361145020e-01 9.693200588226318359e-01 6.357571482658386230e-01 1.034475713968276978e-01
3.294275104999542236e-01 7.733401656150817871e-01 1.493985056877136230e-01 5.219424962997436523e-01 7.071182727813720703e-01 9.238082766532897949e-01 8.520923256874084473e-01 2.448347061872482300e-01 6.605805754661560059e-01 1.185734122991561890e-01 3.485423326492309570e-01 7.084584832191467285e-01 5.206460952758789062e-01 6.050366759300231934e-01
6.267899870872497559e-01 7.339239716529846191e-01 7.689437270164489746e-01 3.005647361278533936e-01 9.013969898223876953e-01 5.489408373832702637e-01 4.495436549186706543e-01 5.938621163368225098e-01 5.380557179450988770e-01 4.921391904354095459e-01 5.910543799400329590e-01 8.689951896667480469e-01 4.111376702785491943e-01 4.125422239303588867e-01
9.764050245285034180e-01 7.269231677055358887e-01 2.711445093154907227e-01 3.747839927673339844e-01 6.142227649688720703e-01 8.628149628639221191e-01 3.085440099239349365e-01 8.439893126487731934e-01 7.107399106025695801e-01 2.768863439559936523e-01 4.554007649421691895e-01 5.813513994216918945e-01 3.313531577587127686e-01 4.875856041908264160e-01
8.015725016593933105e-01 5.923038125038146973e-01 7.747370004653930664e-01 5.414500087499618530e-02 3.919857442378997803e-01 7.450779676437377930e-01 2.157640010118484497e-01 7.101884484291076660e-01 5.414240956306457520e-01 6.116572618484497070e-01 3.455619215965270996e-01 4.576985239982604980e-01 4.386854469776153564e-01 3.370783329010009766e-01
9.314125180244445801e-01 2.637443244457244873e-01 5.814767479896545410e-01 2.277624979615211487e-02 8.870834708213806152e-01 3.887223303318023682e-01 6.581820249557495117e-01 8.300104737281799316e-01 4.021757245063781738e-01 4.470362365245819092e-01 2.686273753643035889e-01 8.057190775871276855e-01 4.531969130039215088e-01 3.502599298954010010e-01
7.468674778938293457e-01 4.677500128746032715e-01 3.403122425079345703e-01 9.844074845314025879e-01 6.249527335166931152e-01 3.694692850112915039e-01 7.887266874313354492e-01 8.681809902191162109e-01 4.550393223762512207e-01 2.802858054637908936e-01 8.514717817306518555e-01 6.252848505973815918e-01 4.315415322780609131e-01 6.178376674652099609e-01
1.987649947404861450e-01 2.743841707706451416e-01 9.119752645492553711e-01 9.380350112915039062e-01 6.959974765777587891e-01 3.948940336704254150e-01 7.560707330703735352e-01 2.342935353517532349e-01 2.166873812675476074e-01 8.102043867111206055e-01 8.126385211944580078e-01 6.760584712028503418e-01 4.882305860519409180e-01 6.647356748580932617e-01
6.872249841690063477e-01 8.315606713294982910e-01 4.650804996490478516e-01 8.842549920082092285e-01 9.784927368164062500e-01 4.295774698257446289e-01 2.765719890594482422e-01 7.289782762527465820e-01 6.042209863662719727e-01 5.610053539276123047e-01 7.214776277542114258e-01 9.221177101135253906e-01 3.459735512733459473e-01 3.292751610279083252e-01
9.917999804019927979e-02 8.105639815330505371e-01 9.747987389564514160e-01 7.417950034141540527e-02 1.971040070056915283e-01 8.333922028541564941e-01 1.052133366465568542e-02 8.938583731651306152e-02 6.188856959342956543e-01 6.805723905563354492e-01 1.849327385425567627e-01 2.804875969886779785e-01 6.485627293586730957e-01 2.945481538772583008e-01
7.328374981880187988e-01 5.203235149383544922e-01 6.857187747955322266e-01 5.158724784851074219e-01 3.781472444534301758e-01 7.726946473121643066e-01 2.045466601848602295e-01 6.805604100227355957e-01 5.326894521713256836e-01 6.269177198410034180e-01 5.573656558990478516e-01 4.054975807666778564e-01 4.037135839462280273e-01 3.952399790287017822e-01
2.356700003147125244e-01 5.783045291900634766e-01 5.420337319374084473e-01 6.593250036239624023e-01 6.885660290718078613e-01 7.283633351325988770e-01 1.879143267869949341e-01 2.706430852413177490e-01 5.280721783638000488e-01 5.916773676872253418e-01 4.904111325740814209e-01 7.069310545921325684e-01 3.771927356719970703e-01 3.869109153747558594e-01
8.739100098609924316e-01 6.439178586006164551e-01 3.565104901790618896e-01 8.655250072479248047e-03 7.428217530250549316e-01 2.297111153602600098e-01 3.042726814746856689e-01 7.772507667541503906e-01 5.804151892662048340e-01 2.961499392986297607e-01 2.894105911254882812e-01 7.649630904197692871e-01 4.070886671543121338e-01 4.342766702175140381e-01
4.019599854946136475e-01 4.681201577186584473e-01 5.185887217521667480e-01 3.967222571372985840e-01 2.856342494487762451e-01 2.351643443107604980e-01 5.484333261847496033e-02 4.081939756870269775e-01 5.370846390724182129e-01 5.659176707267761230e-01 4.571749567985534668e-01 3.493109047412872314e-01 4.322049915790557861e-01 4.009111821651458740e-01
8.076450228691101074e-01 2.748398184776306152e-01 8.101195096969604492e-01 1.942099928855895996e-01 5.029797554016113281e-01 6.637082099914550781e-01 6.374236941337585449e-01 8.178104162216186523e-01 4.146455824375152588e-01 6.321364045143127441e-01 4.528385698795318604e-01 5.406962633132934570e-01 4.611616432666778564e-01 4.198215901851654053e-01
3.825249895453453064e-02 2.844470143318176270e-01 6.388379931449890137e-01 3.223335146903991699e-01 7.256242632865905762e-01 3.368747532367706299e-01 6.635733246803283691e-01 3.062555752694606781e-02 3.568646013736724854e-01 8.470940589904785156e-01 4.296036362648010254e-01 6.901441216468811035e-01 4.454188644886016846e-01 5.588486194610595703e-01
2.720350027084350586e-01 8.071784973144531250e-01 8.371084928512573242e-01 4.278457462787628174e-01 8.059327602386474609e-01 8.791138529777526855e-01 5.675200223922729492e-01 2.548296749591827393e-01 5.572088956832885742e-01 5.215200781822204590e-01 3.509568870067596436e-01 8.445450663566589355e-01 4.655417501926422119e-01 3.458821773529052734e-01
6.259425282478332520e-01 3.014331758022308350e-01 1.485912501811981201e-01 4.580957591533660889e-01 7.705637216567993164e-01 8.267338275909423828e-01 2.553633451461791992e-01 6.027861237525939941e-01 5.304604172706604004e-01 3.156905174255371094e-01 2.560305595397949219e-01 7.525772452354431152e-01 4.566974043846130371e-01 4.475342035293579102e-01
9.553149938583374023e-01 3.911499977111816406e-01 7.155485153198242188e-01 3.628087639808654785e-01 7.127962708473205566e-01 9.843708276748657227e-01 2.401273399591445923e-01 7.793968915939331055e-01 4.295376837253570557e-01 6.493896842002868652e-01 5.118710994720458984e-01 6.822217106819152832e-01 4.258221685886383057e-01 3.665137290954589844e-01
1.693174988031387329e-01 7.909858226776123047e-01 2.466634958982467651e-01 1.619444936513900757e-01 5.461649894714355469e-01 6.064682602882385254e-01 4.500993192195892334e-01 1.719389408826828003e-01 6.485298871994018555e-01 2.126504182815551758e-01 2.380061894655227661e-01 6.586042642593383789e-01 5.599403381347656250e-01 4.984705746173858643e-01
3.643549978733062744e-01 8.031976819038391113e-01 6.656810045242309570e-01 1.120777502655982971e-01 2.856124937534332275e-02 5.675760507583618164e-01 7.655128836631774902e-01 2.949959337711334229e-01 6.111409664154052734e-01 4.522241652011871338e-01 2.845435142517089844e-01 5.547028407454490662e-02 6.424238681793212891e-01 4.208233952522277832e-01
3.080675005912780762e-01 7.010611891746520996e-01 4.994640052318572998e-01 5.099800229072570801e-01 5.613575130701065063e-02 7.657982707023620605e-01 4.196510016918182373e-01 3.210183084011077881e-01 5.766127109527587891e-01 4.039446711540222168e-01 5.122461915016174316e-01 1.138482019305229187e-01 5.289002060890197754e-01 5.014353990554809570e-01
8.591175079345703125e-01 5.583998560905456543e-01 7.405387759208679199e-01 9.984325170516967773e-01 9.162707328796386719e-01 5.616476535797119141e-01 1.942483335733413696e-01 8.365018367767333984e-01 4.388843774795532227e-01 7.600976824760437012e-01 8.943669199943542480e-01 8.915831446647644043e-01 3.899520039558410645e-01 3.247680366039276123e-01
4.052499774843454361e-03 4.715193212032318115e-01 8.828007578849792480e-01 7.200124859809875488e-01 7.454494833946228027e-01 2.316546440124511719e-01 9.594941139221191406e-01 2.302569709718227386e-02 4.388014674186706543e-01 8.080684542655944824e-01 7.688925862312316895e-01 6.396964192390441895e-01 3.828258216381072998e-01 6.590026617050170898e-01
3.339149951934814453e-01 4.823488295078277588e-01 9.623647332191467285e-01 4.525727629661560059e-01 6.711884737014770508e-01 8.217902779579162598e-01 1.188416630029678345e-01 3.064484000205993652e-01 3.606610298156738281e-01 7.287741899490356445e-01 4.950978457927703857e-01 6.961266994476318359e-01 3.967103362083435059e-01 4.014931321144104004e-01
6.495425105094909668e-01 7.412800192832946777e-01 3.043000027537345886e-02 7.792050242424011230e-01 7.509437203407287598e-01 3.816798925399780273e-01 9.246689081192016602e-01 6.483568549156188965e-01 7.110878229141235352e-01 6.095657497644424438e-02 8.340231180191040039e-01 6.978899240493774414e-01 4.419095516204833984e-01 7.344747781753540039e-01
2.656599879264831543e-01 7.706983089447021484e-01 3.846769928932189941e-01 2.513934969902038574e-01 5.829137563705444336e-01 2.549786865711212158e-01 9.400420188903808594e-01 3.242122828960418701e-01 5.892943143844604492e-01 1.943451017141342163e-01 3.776004314422607422e-01 5.062743425369262695e-01 5.328748226165771484e-01 5.523749589920043945e-01
4.319350123405456543e-01 2.201023399829864502e-01 2.271544933319091797e-01 2.004617452621459961e-01 7.734645009040832520e-01 1.259227246046066284e-01 8.821533918380737305e-01 4.376907646656036377e-01 4.169341325759887695e-01 4.938188791275024414e-01 2.773814797401428223e-01 6.662710309028625488e-01 4.684836864471435547e-01 4.762359559535980225e-01
1.988250017166137695e-02 6.619135141372680664e-01 8.983749747276306152e-01 4.854847490787506104e-01 7.887985110282897949e-01 8.180000782012939453e-01 7.332437634468078613e-01 2.361059375107288361e-02 6.427032947540283203e-01 5.992618799209594727e-01 3.879083096981048584e-01 8.149810433387756348e-01 5.205510258674621582e-01 3.223033249378204346e-01
6.369550228118896484e-01 7.106475234031677246e-01 6.629995107650756836e-01 6.680275201797485352e-01 2.808440029621124268e-01 2.159877866506576538e-02 2.603693306446075439e-01 7.463731765747070312e-01 5.114219784736633301e-01 5.778779983520507812e-01 5.862232446670532227e-01 3.757032155990600586e-01 4.168964922428131104e-01 4.571001231670379639e-01
1.979175060987472534e-01 6.752796769142150879e-01 4.547674953937530518e-02 7.874624729156494141e-01 5.690722465515136719e-01 2.273631244897842407e-01 9.522694349288940430e-01 2.061558365821838379e-01 7.319939136505126953e-01 4.428516700863838196e-02 9.175224900245666504e-01 4.930523931980133057e-01 4.006413221359252930e-01 7.893067002296447754e-01
7.788749933242797852e-01 1.939969956874847412e-01 7.486305236816406250e-01 8.033400028944015503e-02 7.285297513008117676e-01 6.470609307289123535e-01 3.644200041890144348e-02 7.473317980766296387e-01 3.668960928916931152e-01 5.582424998283386230e-01 3.366618454456329346e-01 7.511934638023376465e-01 4.941324591636657715e-01 3.799295723438262939e-01
