1.945874989032745361e-01 6.939941644668579102e-01 4.014810025691986084e-01 1.812302470207214355e-01 1.896084994077682495e-01 7.000187039375305176e-01 7.596010565757751465e-01 1.516616046428680420e-01 4.840036630630493164e-01 3.455208539962768555e-01 3.538013696670532227e-01 1.863539218902587891e-01 6.307682991027832031e-01 6.127089262008666992e-01
1.999824941158294678e-01 4.529278278350830078e-01 1.536564975976943970e-01 5.150550007820129395e-01 2.908100001513957977e-02 4.583289027214050293e-01 5.162556767463684082e-01 2.299170494079589844e-01 4.800302386283874512e-01 2.404966503381729126e-01 6.512889266014099121e-01 7.328873872756958008e-02 5.087942481040954590e-01 6.436443924903869629e-01
1.180450022220611572e-01 5.258161425590515137e-01 3.197174891829490662e-02 3.379600048065185547e-01 1.635382473468780518e-01 3.489731252193450928e-01 4.183226525783538818e-01 1.585955172777175903e-01 5.864740014076232910e-01 1.218915581703186035e-01 4.533635675907135010e-01 1.666869670152664185e-01 6.394894123077392578e-01 5.652464628219604492e-01
3.933550119400024414e-01 7.792611718177795410e-01 2.256225049495697021e-01 4.539837539196014404e-01 9.645607471466064453e-01 5.436675548553466797e-01 9.842261672019958496e-01 5.035250782966613770e-01 5.257908701896667480e-01 7.843247801065444946e-02 5.168625116348266602e-01 8.179740905761718750e-01 6.246978640556335449e-01 6.342796087265014648e-01
2.270675003528594971e-01 4.621528387069702148e-01 6.680135130882263184e-01 1.053114980459213257e-01 7.079409956932067871e-01 3.282281756401062012e-02 6.169936656951904297e-01 2.600472569465637207e-01 4.429663419723510742e-01 6.439599990844726562e-01 3.867563009262084961e-01 6.675166487693786621e-01 5.012452602386474609e-01 4.177140891551971436e-01
9.917999804019927979e-02 8.105639815330505371e-01 9.747987389564514160e-01 7.417950034141540527e-02 1.971040070056915283e-01 8.333922028541564941e-01 1.052133366465568542e-02 8.015883713960647583e-02 6.378942728042602539e-01 6.885195970535278320e-01 1.921997815370559692e-01 2.580104172229766846e-01 5.550328493118286133e-01 3.569210767745971680e-01
4.176250100135803223e-02 2.605246603488922119e-01 8.082550168037414551e-01 7.088400125503540039e-01 9.726099669933319092e-02 8.720312118530273438e-01 5.954156517982482910e-01 4.968938417732715607e-03 2.800994515419006348e-01 9.172332286834716797e-01 8.291633129119873047e-01 1.043732184916734695e-02 4.660236239433288574e-01 6.069499850273132324e-01
8.165749907493591309e-02 5.916183590888977051e-01 8.413150161504745483e-02 5.793750286102294922e-01 6.981599926948547363e-01 8.597926497459411621e-01 9.409117698669433594e-01 7.924538850784301758e-02 7.094789147377014160e-01 1.006621345877647400e-01 2.088077217340469360e-01 5.429685711860656738e-01 5.505517125129699707e-01 5.161285996437072754e-01
9.314125180244445801e-01 2.637443244457244873e-01 5.814767479896545410e-01 2.277624979615211487e-02 8.870834708213806152e-01 3.887223303318023682e-01 6.581820249557495117e-01 8.382003903388977051e-01 3.561617434024810791e-01 4.304164350032806396e-01 3.986943066120147705e-01 8.284854888916015625e-01 6.201083660125732422e-01 4.597682654857635498e-01
9.506275057792663574e-01 6.128249764442443848e-01 1.361224949359893799e-01 7.617350220680236816e-01 9.079587459564208984e-01 9.126816391944885254e-01 9.433433413505554199e-01 8.099215030670166016e-01 4.121281504631042480e-01 1.285465806722640991e-01 7.083529233932495117e-01 8.349770903587341309e-01 6.784160733222961426e-01 6.676916480064392090e-01
3.520975112915039062e-01 3.082848191261291504e-01 7.619307637214660645e-01 2.474567443132400513e-01 8.176295161247253418e-01 9.469219446182250977e-01 7.358211278915405273e-01 3.028641045093536377e-01 3.236184716224670410e-01 6.813152432441711426e-01 5.777536630630493164e-01 8.223745822906494141e-01 5.767947435379028320e-01 5.303777456283569336e-01
9.855474829673767090e-01 2.033886611461639404e-01 9.584337472915649414e-01 7.117875218391418457e-01 6.930927634239196777e-01 5.881259441375732422e-01 3.790040016174316406e-01 9.578528404235839844e-01 2.630507051944732666e-01 7.297187447547912598e-01 8.312798738479614258e-01 7.175007462501525879e-01 4.540171623229980469e-01 3.617454469203948975e-01
2.044575065374374390e-01 6.246816515922546387e-01 3.054497539997100830e-01 6.257774829864501953e-01 8.180882334709167480e-01 8.765958249568939209e-02 9.826537370681762695e-01 2.304825484752655029e-01 5.780043601989746094e-01 4.161242842674255371e-01 7.290658950805664062e-01 6.353883743286132812e-01 3.218063116073608398e-01 5.172553658485412598e-01
5.189650058746337891e-01 2.451331615447998047e-01 6.070244908332824707e-01 7.364624738693237305e-01 9.460164904594421387e-01 6.749446392059326172e-01 2.121790051460266113e-01 6.194350719451904297e-01 2.784907817840576172e-01 5.747351050376892090e-01 5.791682600975036621e-01 9.265972375869750977e-01 6.297584772109985352e-01 5.357595086097717285e-01
4.182874858379364014e-01 4.612033367156982422e-01 7.349099963903427124e-02 7.383800148963928223e-01 1.558504998683929443e-01 5.213742256164550781e-01 8.444640040397644043e-01 4.215246140956878662e-01 5.692658424377441406e-01 1.950488686561584473e-01 6.829729080200195312e-01 1.292754262685775757e-01 4.605709910392761230e-01 5.461318492889404297e-01
4.319350123405456543e-01 2.201023399829864502e-01 2.271544933319091797e-01 2.004617452621459961e-01 7.734645009040832520e-01 1.259227246046066284e-01 8.821533918380737305e-01 4.662595093250274658e-01 3.909772634506225586e-01 4.719684123992919922e-01 4.326267242431640625e-01 6.677629947662353516e-01 5.131128430366516113e-01 5.015653371810913086e-01
8.442950248718261719e-01 5.838288068771362305e-01 1.733697503805160522e-01 6.421350240707397461e-01 7.646177411079406738e-01 4.676388800144195557e-01 7.017969489097595215e-01 8.243538737297058105e-01 5.069397091865539551e-01 9.944828599691390991e-02 7.028444409370422363e-01 7.725898027420043945e-01 5.886420011520385742e-01 5.946384072303771973e-01
6.806275248527526855e-01 6.559263467788696289e-01 7.233687639236450195e-01 5.689550042152404785e-01 3.091317415237426758e-01 4.911198019981384277e-01 1.333433296531438828e-02 8.402045369148254395e-01 5.239173769950866699e-01 5.072152614593505859e-01 5.075378417968750000e-01 2.999566793441772461e-01 4.102799296379089355e-01 3.146281838417053223e-01
9.764050245285034180e-01 7.269231677055358887e-01 2.711445093154907227e-01 3.747839927673339844e-01 6.142227649688720703e-01 8.628149628639221191e-01 3.085440099239349365e-01 8.441871404647827148e-01 6.684796810150146484e-01 2.364574968814849854e-01 4.561816751956939697e-01 5.869420170783996582e-01 5.256007909774780273e-01 3.471395373344421387e-01
1.988250017166137695e-02 6.619135141372680664e-01 8.983749747276306152e-01 4.854847490787506104e-01 7.887985110282897949e-01 8.180000782012939453e-01 7.332437634468078613e-01 2.031691558659076691e-02 7.004228234291076660e-01 6.754161715507507324e-01 1.896776705980300903e-01 8.364858627319335938e-01 4.655664563179016113e-01 3.754985630512237549e-01
2.229599952697753906e-01 5.477301478385925293e-01 1.433512568473815918e-01 7.683675289154052734e-01 2.172455042600631714e-01 8.682365417480468750e-01 6.173650026321411133e-01 2.197557091712951660e-01 5.366020202636718750e-01 1.496292501688003540e-01 5.963274836540222168e-01 2.053801119327545166e-01 6.199316978454589844e-01 6.252436637878417969e-01
6.271250247955322266e-01 1.996716707944869995e-01 8.539312481880187988e-01 7.863399982452392578e-01 3.019177615642547607e-01 6.361659765243530273e-01 9.492045044898986816e-01 7.614911198616027832e-01 2.042148411273956299e-01 5.473499298095703125e-01 7.918633818626403809e-01 2.018653750419616699e-01 4.553800523281097412e-01 7.088768482208251953e-01
7.883725166320800781e-01 6.593629717826843262e-01 8.596755266189575195e-01 2.987412512302398682e-01 7.223179936408996582e-01 4.795535206794738770e-01 9.717208743095397949e-01 6.938835382461547852e-01 5.152727365493774414e-01 3.958467245101928711e-01 5.841066837310791016e-01 5.256794691085815430e-01 4.288629889488220215e-01 4.045613110065460205e-01
8.591175079345703125e-01 5.583998560905456543e-01 7.405387759208679199e-01 9.984325170516967773e-01 9.162707328796386719e-01 5.616476535797119141e-01 1.942483335733413696e-01 8.493963479995727539e-01 4.215385019779205322e-01 6.991940140724182129e-01 8.815883994102478027e-01 8.840487003326416016e-01 3.562028408050537109e-01 3.531887233257293701e-01
3.434999883174896240e-01 5.211371779441833496e-01 8.041267395019531250e-01 5.010049939155578613e-01 4.457629919052124023e-01 6.407568454742431641e-01 4.862506687641143799e-01 3.500355184078216553e-01 3.179378807544708252e-01 6.097021698951721191e-01 5.458053946495056152e-01 5.671972036361694336e-01 5.024425387382507324e-01 5.479753017425537109e-01
9.728350043296813965e-01 1.728146672248840332e-01 3.561397492885589600e-01 8.527474999427795410e-01 2.137182503938674927e-01 9.482091665267944336e-01 8.089429736137390137e-01 8.533465266227722168e-01 1.938031166791915894e-01 5.525010228157043457e-01 8.322482705116271973e-01 1.348434984683990479e-01 4.066824615001678467e-01 6.859098076820373535e-01
8.996000289916992188e-01 6.043524742126464844e-01 7.848539948463439941e-01 4.169670045375823975e-01 3.107174932956695557e-01 1.276740431785583496e-01 4.606069922447204590e-01 9.697685837745666504e-01 4.657642543315887451e-01 5.193113088607788086e-01 5.842930078506469727e-01 3.095514476299285889e-01 4.999218583106994629e-01 3.414917290210723877e-01
4.019599854946136475e-01 4.681201577186584473e-01 5.185887217521667480e-01 3.967222571372985840e-01 2.856342494487762451e-01 2.351643443107604980e-01 5.484333261847496033e-02 4.409885704517364502e-01 5.009112358093261719e-01 4.762871861457824707e-01 4.566776156425476074e-01 3.851443827152252197e-01 4.328463971614837646e-01 3.923370838165283203e-01
3.339149951934814453e-01 4.823488295078277588e-01 9.623647332191467285e-01 4.525727629661560059e-01 6.711884737014770508e-01 8.217902779579162598e-01 1.188416630029678345e-01 3.190072774887084961e-01 3.596713840961456299e-01 6.767174005508422852e-01 5.879893898963928223e-01 6.899043917655944824e-01 4.667307734489440918e-01 4.136872887611389160e-01
3.660899996757507324e-01 2.527939975261688232e-01 7.037402391433715820e-01 5.978599786758422852e-01 6.748697757720947266e-01 7.463386654853820801e-01 2.581023275852203369e-01 3.149031400680541992e-01 3.012252151966094971e-01 7.113978266716003418e-01 6.369077563285827637e-01 7.045498490333557129e-01 4.999742507934570312e-01 4.730583727359771729e-01
2.817200124263763428e-01 2.428318262100219727e-01 6.349735260009765625e-01 5.497174859046936035e-01 5.123487710952758789e-01 2.889033406972885132e-02 4.576143324375152588e-01 3.641045689582824707e-01 2.754165828227996826e-01 6.564985513687133789e-01 6.081969738006591797e-01 5.317707657814025879e-01 4.836292862892150879e-01 5.127508640289306641e-01
5.996025204658508301e-01 2.187239974737167358e-01 2.859387397766113281e-01 6.319125294685363770e-01 7.379267215728759766e-01 7.215978503227233887e-01 7.927479743957519531e-01 5.421023368835449219e-01 4.017126858234405518e-01 4.523676633834838867e-01 5.637607574462890625e-01 6.431680321693420410e-01 4.505206048488616943e-01 4.803742170333862305e-01
6.583349704742431641e-01 3.264728188514709473e-01 1.187812536954879761e-01 7.566974759101867676e-01 1.733645051717758179e-01 5.806132405996322632e-02 2.242893278598785400e-01 7.566682696342468262e-01 5.224084258079528809e-01 4.326166808605194092e-01 5.383947491645812988e-01 1.590724587440490723e-01 4.028066992759704590e-01 3.892926871776580811e-01
1.477124989032745361e-01 7.612910270690917969e-01 7.669077515602111816e-01 8.615375310182571411e-02 2.658597528934478760e-01 6.681354641914367676e-01 5.808043479919433594e-01 1.481708586215972900e-01 5.065262317657470703e-01 5.388075709342956543e-01 2.573852837085723877e-01 3.098838031291961670e-01 5.731690526008605957e-01 4.830633103847503662e-01
8.382124900817871094e-01 2.278251647949218750e-01 3.118360042572021484e-01 9.864724874496459961e-01 7.571529746055603027e-01 6.595295071601867676e-01 2.587586641311645508e-01 8.754104375839233398e-01 3.084019124507904053e-01 5.140551328659057617e-01 6.355024576187133789e-01 8.304777145385742188e-01 6.348533630371093750e-01 4.909892380237579346e-01
1.640650033950805664e-01 2.728306651115417480e-01 5.832762718200683594e-01 5.042325258255004883e-01 4.812425076961517334e-01 8.335813879966735840e-02 5.751573443412780762e-01 2.074023485183715820e-01 3.641702234745025635e-01 7.112169861793518066e-01 5.516132712364196777e-01 4.634855389595031738e-01 4.559416472911834717e-01 4.767700135707855225e-01
4.449824988842010498e-01 1.730004996061325073e-01 1.919837445020675659e-01 8.914049863815307617e-01 4.474482536315917969e-01 1.133459582924842834e-01 3.014020025730133057e-01 5.034502744674682617e-01 3.802103996276855469e-01 5.091544985771179199e-01 5.634905099868774414e-01 4.856537580490112305e-01 4.357125461101531982e-01 4.648454785346984863e-01
5.692874789237976074e-01 3.641664981842041016e-01 4.404575005173683167e-02 2.932477593421936035e-01 7.343674898147583008e-01 8.351206779479980469e-01 5.881213545799255371e-01 5.135203003883361816e-01 4.563339352607727051e-01 2.388014346361160278e-01 3.914979696273803711e-01 6.813771128654479980e-01 5.482005476951599121e-01 5.188309550285339355e-01
1.500625014305114746e-01 5.123521685600280762e-01 1.863054931163787842e-01 7.742224633693695068e-02 5.120747685432434082e-01 8.886257410049438477e-01 1.990929991006851196e-01 1.240019053220748901e-01 6.161723732948303223e-01 3.579306006431579590e-01 1.880404502153396606e-01 4.526664912700653076e-01 5.569050312042236328e-01 4.260939955711364746e-01
7.293300032615661621e-01 2.239926606416702271e-01 4.996367394924163818e-01 4.466232359409332275e-01 4.925682544708251953e-01 9.836612939834594727e-01 9.378047585487365723e-01 5.895084738731384277e-01 3.599711060523986816e-01 5.197724699974060059e-01 5.196803808212280273e-01 3.486137390136718750e-01 4.568072855472564697e-01 4.733531773090362549e-01
4.601399898529052734e-01 4.738574922084808350e-01 6.792887449264526367e-01 2.801632583141326904e-01 7.813665270805358887e-01 9.392333030700683594e-02 8.295833319425582886e-02 5.124390721321105957e-01 5.226259231567382812e-01 4.910548925399780273e-01 5.104187130928039551e-01 7.437570095062255859e-01 3.930406570434570312e-01 3.945187032222747803e-01
6.814774870872497559e-01 3.800818324089050293e-01 3.593422472476959229e-01 6.565399765968322754e-01 4.243335127830505371e-01 1.351579725742340088e-01 1.919530034065246582e-01 6.769065856933593750e-01 5.118991732597351074e-01 4.932480156421661377e-01 5.963740348815917969e-01 3.951991498470306396e-01 3.703441023826599121e-01 3.464885652065277100e-01
6.259425282478332520e-01 3.014331758022308350e-01 1.485912501811981201e-01 4.580957591533660889e-01 7.705637216567993164e-01 8.267338275909423828e-01 2.553633451461791992e-01 6.088418364524841309e-01 4.826213717460632324e-01 2.314961701631546021e-01 4.179836213588714600e-01 7.211391925811767578e-01 5.300360918045043945e-01 4.970183372497558594e-01
2.710725069046020508e-01 5.734021663665771484e-01 3.155847489833831787e-01 5.611975193023681641e-01 6.579167246818542480e-01 1.268856525421142578e-01 2.591633424162864685e-02 3.147085011005401611e-01 5.770430564880371094e-01 4.999623298645019531e-01 6.572978496551513672e-01 7.097402215003967285e-01 3.170077502727508545e-01 4.244843125343322754e-01
7.798550128936767578e-01 4.261656701564788818e-01 2.231547534465789795e-01 9.638224840164184570e-01 8.622482419013977051e-01 3.938568830490112305e-01 6.200990080833435059e-01 7.802039980888366699e-01 4.385654628276824951e-01 3.845261037349700928e-01 8.011384606361389160e-01 8.178597688674926758e-01 4.217222929000854492e-01 5.145991444587707520e-01
9.970824718475341797e-01 3.792193233966827393e-01 8.835369944572448730e-01 6.201500073075294495e-02 9.941319823265075684e-01 6.856448650360107422e-01 4.570056796073913574e-01 8.215309381484985352e-01 3.631780147552490234e-01 6.205203533172607422e-01 4.709231555461883545e-01 8.829365372657775879e-01 5.521928668022155762e-01 3.647025525569915771e-01
2.096750028431415558e-02 3.860625028610229492e-01 2.796250022947788239e-02 2.733870148658752441e-01 9.157245159149169922e-01 5.558437108993530273e-01 5.390610098838806152e-01 2.642934769392013550e-02 5.901643037796020508e-01 6.094625964760780334e-02 2.541922265663743019e-03 8.975821733474731445e-01 6.803972125053405762e-01 3.409452140331268311e-01
4.109925031661987305e-01 6.649144887924194336e-01 8.350780010223388672e-01 9.475824832916259766e-01 4.614642560482025146e-01 5.095159411430358887e-01 3.747733309864997864e-02 4.747444391250610352e-01 4.800570309162139893e-01 5.010282993316650391e-01 8.826104998588562012e-01 6.084207892417907715e-01 2.720058858394622803e-01 4.786757230758666992e-01
1.802050024271011353e-01 4.150078296661376953e-01 3.737749904394149780e-02 1.352314949035644531e-01 7.568194866180419922e-01 6.386690586805343628e-02 7.936084270477294922e-01 2.807655334472656250e-01 5.596840381622314453e-01 1.853338330984115601e-01 3.878050446510314941e-01 6.558393836021423340e-01 4.937207698822021484e-01 5.341146588325500488e-01
2.720350027084350586e-01 8.071784973144531250e-01 8.371084928512573242e-01 4.278457462787628174e-01 8.059327602386474609e-01 8.791138529777526855e-01 5.675200223922729492e-01 2.427008748054504395e-01 4.835655093193054199e-01 5.258275866508483887e-01 3.554412424564361572e-01 8.667169213294982910e-01 4.829724729061126709e-01 4.547582566738128662e-01
1.374125033617019653e-01 5.233963131904602051e-01 5.068612694740295410e-01 4.987154901027679443e-01 1.879700087010860443e-02 5.285377502441406250e-01 6.129043102264404297e-01 1.293262541294097900e-01 4.682556986808776855e-01 5.443954467773437500e-01 6.100914478302001953e-01 6.043080613017082214e-02 4.549993872642517090e-01 5.729631185531616211e-01
8.352324962615966797e-01 5.909068584442138672e-01 7.283250093460083008e-01 4.879472553730010986e-01 6.768722534179687500e-01 8.085382580757141113e-01 3.966679871082305908e-01 7.875344157218933105e-01 3.670477569103240967e-01 5.316889286041259766e-01 4.803953468799591064e-01 6.974830031394958496e-01 5.380864739418029785e-01 4.126725494861602783e-01
5.774924755096435547e-01 4.571650028228759766e-01 1.816727519035339355e-01 2.390747517347335815e-01 7.880027294158935547e-01 5.546672940254211426e-01 4.587976634502410889e-01 6.595330834388732910e-01 4.589457213878631592e-01 1.617686599493026733e-01 4.666993021965026855e-01 8.289152979850769043e-01 6.087870597839355469e-01 5.774084925651550293e-01
3.915224969387054443e-01 4.399886727333068848e-01 3.655945062637329102e-01 6.860575079917907715e-01 7.004935145378112793e-01 8.386942744255065918e-02 3.685076534748077393e-01 4.346038997173309326e-01 4.937519133090972900e-01 5.826364755630493164e-01 6.813069581985473633e-01 6.677912473678588867e-01 3.269997835159301758e-01 3.871625661849975586e-01
5.113499760627746582e-01 2.378431707620620728e-01 3.455624878406524658e-01 2.148524969816207886e-01 8.313295245170593262e-01 2.577446401119232178e-01 6.638646721839904785e-01 5.373953580856323242e-01 3.526382446289062500e-01 4.777097404003143311e-01 4.890512526035308838e-01 7.992393970489501953e-01 5.396412611007690430e-01 5.231404304504394531e-01
3.586100041866302490e-01 7.043098211288452148e-01 5.855717658996582031e-01 1.687217503786087036e-01 6.629977226257324219e-01 5.079816281795501709e-02 9.374176859855651855e-01 4.388463795185089111e-01 4.864984452724456787e-01 2.941589653491973877e-01 5.192115306854248047e-01 5.459010601043701172e-01 4.602398574352264404e-01 5.036876201629638672e-01
2.522799968719482422e-01 6.224631667137145996e-01 8.469499647617340088e-03 3.744035065174102783e-01 6.552180051803588867e-01 2.078589946031570435e-01 1.057523339986801147e-01 3.135530948638916016e-01 6.472306847572326660e-01 7.953704148530960083e-02 5.800161957740783691e-01 6.994416117668151855e-01 4.291058778762817383e-01 5.719489455223083496e-01
7.788749933242797852e-01 1.939969956874847412e-01 7.486305236816406250e-01 8.033400028944015503e-02 7.285297513008117676e-01 6.470609307289123535e-01 3.644200041890144348e-02 7.355322241783142090e-01 3.675405979156494141e-01 4.857996702194213867e-01 4.697107672691345215e-01 7.397276759147644043e-01 5.370174050331115723e-01 4.468258619308471680e-01
3.401150107383728027e-01 4.098608195781707764e-01 8.265535235404968262e-01 2.340075001120567322e-02 8.499457240104675293e-01 5.403444170951843262e-01 9.904894232749938965e-01 2.776857614517211914e-01 3.130167126655578613e-01 6.128147840499877930e-01 3.658248484134674072e-01 6.972306370735168457e-01 6.052904725074768066e-01 6.083310246467590332e-01
3.992750123143196106e-02 6.035388112068176270e-01 6.669340133666992188e-01 4.333457648754119873e-01 3.646380007266998291e-01 2.555052638053894043e-01 2.414180040359497070e-01 5.691576749086380005e-02 6.294929385185241699e-01 7.172436714172363281e-01 4.384667873382568359e-01 3.709443509578704834e-01 4.379036724567413330e-01 4.534963667392730713e-01
1.382649987936019897e-01 4.242379963397979736e-01 3.870057463645935059e-01 2.739222645759582520e-01 1.535300016403198242e-01 8.454275727272033691e-01 6.823347806930541992e-01 1.161611974239349365e-01 5.565884709358215332e-01 5.320690870285034180e-01 3.450997173786163330e-01 1.297752410173416138e-01 5.549343824386596680e-01 5.027664303779602051e-01
7.619249820709228516e-01 5.623946785926818848e-01 7.566737532615661621e-01 5.573624968528747559e-01 1.388995051383972168e-01 9.981855750083923340e-01 3.868726789951324463e-01 9.136352539062500000e-01 4.073898792266845703e-01 4.929001927375793457e-01 5.401499867439270020e-01 1.353786289691925049e-01 4.868519902229309082e-01 4.692289233207702637e-01
8.015725016593933105e-01 5.923038125038146973e-01 7.747370004653930664e-01 5.414500087499618530e-02 3.919857442378997803e-01 7.450779676437377930e-01 2.157640010118484497e-01 7.581554651260375977e-01 5.386947989463806152e-01 4.770126044750213623e-01 4.005986154079437256e-01 3.774297833442687988e-01 4.585966765880584717e-01 3.172863125801086426e-01
8.557350039482116699e-01 3.413478434085845947e-01 6.399185061454772949e-01 4.771282374858856201e-01 2.543214857578277588e-01 6.311722993850708008e-01 6.887222528457641602e-01 8.898662328720092773e-01 4.021360278129577637e-01 5.254456996917724609e-01 6.204244494438171387e-01 2.020459771156311035e-01 4.260573685169219971e-01 4.404521286487579346e-01
4.651749879121780396e-02 7.589908242225646973e-01 3.930207490921020508e-01 1.136192530393600464e-01 9.063389897346496582e-01 3.170475661754608154e-01 4.703536629676818848e-01 3.104097768664360046e-02 7.320616841316223145e-01 4.836641848087310791e-01 6.254270672798156738e-02 9.765714406967163086e-01 4.053685963153839111e-01 2.608564496040344238e-01
2.172224968671798706e-01 5.670261383056640625e-01 8.740835189819335938e-01 9.835324883460998535e-01 9.697797298431396484e-01 9.299288988113403320e-01 4.750596582889556885e-01 1.749344915151596069e-01 4.079302847385406494e-01 8.197454214096069336e-01 8.000926375389099121e-01 9.648869037628173828e-01 4.869644343852996826e-01 4.462171196937561035e-01
4.052499774843454361e-03 4.715193212032318115e-01 8.828007578849792480e-01 7.200124859809875488e-01 7.454494833946228027e-01 2.316546440124511719e-01 9.594941139221191406e-01 1.550346519798040390e-02 4.925765395164489746e-01 8.812962770462036133e-01 7.803825139999389648e-01 6.471199393272399902e-01 4.101379811763763428e-01 6.675838828086853027e-01
4.709349870681762695e-01 3.548451662063598633e-01 7.789080142974853516e-01 1.375962495803833008e-01 1.834249943494796753e-01 8.134646415710449219e-01 4.403123259544372559e-01 4.599340856075286865e-01 3.943930268287658691e-01 5.514650344848632812e-01 3.368534743785858154e-01 1.819785982370376587e-01 5.199211239814758301e-01 4.939583539962768555e-01
2.768650054931640625e-01 3.343124985694885254e-01 1.403087526559829712e-01 9.292724728584289551e-01 6.357747316360473633e-01 5.279412865638732910e-01 7.147667407989501953e-01 3.831277489662170410e-01 4.642540216445922852e-01 2.697696685791015625e-01 8.475782871246337891e-01 6.507056355476379395e-01 4.123863577842712402e-01 6.402779817581176758e-01
4.364775121212005615e-01 5.137766599655151367e-01 9.151265025138854980e-01 7.698475122451782227e-01 8.470377326011657715e-01 1.177074760198593140e-01 1.468826681375503540e-01 4.502271115779876709e-01 4.256724715232849121e-01 7.273702621459960938e-01 8.334157466888427734e-01 8.704563379287719727e-01 3.487858474254608154e-01 3.995073735713958740e-01
3.882024884223937988e-01 2.249021679162979126e-01 6.726797223091125488e-01 9.212700128555297852e-01 6.600842475891113281e-01 5.994726419448852539e-01 2.185086607933044434e-01 3.800582587718963623e-01 1.917318254709243774e-01 7.540117502212524414e-01 8.148576021194458008e-01 7.249288558959960938e-01 5.071595311164855957e-01 5.722430944442749023e-01
1.083974987268447876e-01 7.824605107307434082e-01 1.283230036497116089e-01 8.469774723052978516e-01 7.821302413940429688e-01 9.846647381782531738e-01 3.239319920539855957e-01 1.941573061048984528e-02 7.801851034164428711e-01 8.237252384424209595e-02 5.839509540237486362e-04 8.445750474929809570e-01 7.488811612129211426e-01 1.847386956214904785e-01
1.661400049924850464e-01 6.121063232421875000e-01 9.414732456207275391e-01 3.537087440490722656e-01 2.443282455205917358e-01 5.430192947387695312e-01 2.133366614580154419e-01 1.648747771978378296e-01 4.505503773689270020e-01 6.874784827232360840e-01 3.931989967823028564e-01 3.317658007144927979e-01 4.834838509559631348e-01 4.416012465953826904e-01
8.718374967575073242e-01 3.035014867782592773e-01 2.463639974594116211e-01 8.503274917602539062e-01 9.827795028686523438e-01 6.430036425590515137e-01 9.072946906089782715e-01 7.466089129447937012e-01 4.013967216014862061e-01 4.138155579566955566e-01 7.838346362113952637e-01 8.245091438293457031e-01 4.547809660434722900e-01 5.338582992553710938e-01
1.987649947404861450e-01 2.743841707706451416e-01 9.119752645492553711e-01 9.380350112915039062e-01 6.959974765777587891e-01 3.948940336704254150e-01 7.560707330703735352e-01 2.698368728160858154e-01 1.590815186500549316e-01 7.492691874504089355e-01 8.017440438270568848e-01 7.914305925369262695e-01 6.046354174613952637e-01 7.532719373703002930e-01
2.698175013065338135e-01 6.942576766014099121e-01 1.674434989690780640e-01 8.185899853706359863e-01 2.747847437858581543e-01 5.642480850219726562e-01 1.363613307476043701e-01 3.229438364505767822e-01 5.708670020103454590e-01 1.041755825281143188e-01 7.353540658950805664e-01 3.484466671943664551e-01 5.030360817909240723e-01 5.818532705307006836e-01
4.539249837398529053e-02 6.400160193443298340e-01 1.193045005202293396e-01 2.625067532062530518e-01 2.417974919080734253e-02 8.794419169425964355e-01 3.599239885807037354e-01 8.199616335332393646e-03 7.786074876785278320e-01 6.163132563233375549e-02 3.174156416207551956e-03 1.379564404487609863e-02 9.075780510902404785e-01 3.261320888996124268e-01
9.668574929237365723e-01 1.919428259134292603e-01 6.263830065727233887e-01 8.953624963760375977e-01 9.742457270622253418e-01 7.615771889686584473e-01 1.582150012254714966e-01 8.929554224014282227e-01 2.761446535587310791e-01 7.190577387809753418e-01 7.335416078567504883e-01 9.096783399581909180e-01 5.586619377136230469e-01 3.623932898044586182e-01
3.900099992752075195e-01 2.739291787147521973e-01 3.150264918804168701e-01 3.430207371711730957e-01 1.287014931440353394e-01 9.063737392425537109e-01 5.168513059616088867e-01 3.300925791263580322e-01 4.864981472492218018e-01 4.321068227291107178e-01 3.476364314556121826e-01 1.326114982366561890e-01 5.385729670524597168e-01 4.958386421203613281e-01
5.287899971008300781e-01 6.729981899261474609e-01 9.072967767715454102e-01 8.702225089073181152e-01 9.707217216491699219e-01 4.525095969438552856e-02 5.235880017280578613e-01 5.331259369850158691e-01 5.077834725379943848e-01 7.417951226234436035e-01 8.873703479766845703e-01 9.060312509536743164e-01 2.716305553913116455e-01 3.621867895126342773e-01
1.979175060987472534e-01 6.752796769142150879e-01 4.547674953937530518e-02 7.874624729156494141e-01 5.690722465515136719e-01 2.273631244897842407e-01 9.522694349288940430e-01 2.276729941368103027e-01 6.920905709266662598e-01 3.063645400106906891e-02 9.061883091926574707e-01 4.143087863922119141e-01 3.841263353824615479e-01 6.566084027290344238e-01
9.378799796104431152e-01 2.468235045671463013e-01 8.417827486991882324e-01 2.632252573966979980e-01 5.194742679595947266e-01 5.607881546020507812e-01 8.390653729438781738e-01 9.144556522369384766e-01 2.525884807109832764e-01 5.869856476783752441e-01 6.405753493309020996e-01 4.924427270889282227e-01 5.317772626876831055e-01 4.881108105182647705e-01
1.445074975490570068e-01 4.729340076446533203e-01 7.897175103425979614e-02 8.761600255966186523e-01 3.548862636089324951e-01 5.823444724082946777e-01 3.159376680850982666e-01 1.922248154878616333e-01 5.719833374023437500e-01 1.022958084940910339e-01 8.117992877960205078e-01 3.561671972274780273e-01 5.675316452980041504e-01 6.892322897911071777e-01
8.034999668598175049e-02 8.062493205070495605e-01 4.360064864158630371e-01 7.908400297164916992e-01 3.615710139274597168e-01 4.221536219120025635e-01 8.304058909416198730e-01 1.072925180196762085e-01 5.965430140495300293e-01 2.835559546947479248e-01 7.578300237655639648e-01 4.692766964435577393e-01 3.996567428112030029e-01 6.162278652191162109e-01
3.538450002670288086e-01 1.902383267879486084e-01 2.484862506389617920e-01 5.129550099372863770e-01 3.490292429924011230e-01 5.120608806610107422e-01 6.247966736555099487e-02 3.778483271598815918e-01 4.035328328609466553e-01 5.094043016433715820e-01 4.607241749763488770e-01 3.975107073783874512e-01 4.676914811134338379e-01 4.618121385574340820e-01
3.643549978733062744e-01 8.031976819038391113e-01 6.656810045242309570e-01 1.120777502655982971e-01 2.856124937534332275e-02 5.675760507583618164e-01 7.655128836631774902e-01 2.510524690151214600e-01 6.127495169639587402e-01 4.428845942020416260e-01 2.491418719291687012e-01 5.249457061290740967e-02 5.622979402542114258e-01 4.378074407577514648e-01
1.074424982070922852e-01 3.771494925022125244e-01 7.191944718360900879e-01 7.471150159835815430e-01 2.170749939978122711e-02 7.507810741662979126e-02 2.692546546459197998e-01 1.561871170997619629e-01 2.988530695438385010e-01 6.611530184745788574e-01 6.243826150894165039e-01 6.315007060766220093e-02 4.517001211643218994e-01 5.787899494171142578e-01
7.809500098228454590e-01 5.252936482429504395e-01 8.591882586479187012e-01 8.087325096130371094e-01 9.970407485961914062e-01 2.341383844614028931e-01 6.756131649017333984e-01 8.855375647544860840e-01 4.745664894580841064e-01 5.813638567924499512e-01 8.841504454612731934e-01 9.328545928001403809e-01 3.881229162216186523e-01 4.269558787345886230e-01
9.908249974250793457e-02 3.643186688423156738e-01 3.800162374973297119e-01 4.586944878101348877e-01 9.990582466125488281e-01 2.283266633749008179e-01 8.083066344261169434e-02 7.961568236351013184e-02 5.675113201141357422e-01 7.590869665145874023e-01 5.469369292259216309e-01 9.388318657875061035e-01 4.205575883388519287e-01 3.734751343727111816e-01
2.780900001525878906e-01 1.792176663875579834e-01 9.288704991340637207e-01 6.176350116729736328e-01 9.227149933576583862e-02 5.913984775543212891e-01 9.506603479385375977e-01 4.175242483615875244e-01 2.056162804365158081e-01 4.648436605930328369e-01 7.590641975402832031e-01 3.497440740466117859e-02 4.948583543300628662e-01 8.326981663703918457e-01
6.951050162315368652e-01 5.479220151901245117e-01 3.075642585754394531e-01 9.796925187110900879e-01 4.516704976558685303e-01 1.952718198299407959e-01 1.101979985833168030e-01 7.800666093826293945e-01 5.083590149879455566e-01 4.817202985286712646e-01 6.824629902839660645e-01 4.644621312618255615e-01 3.648841381072998047e-01 3.493790328502655029e-01
1.284125000238418579e-01 1.719155013561248779e-01 5.350260138511657715e-01 2.646502554416656494e-01 8.763049840927124023e-01 5.629256367683410645e-01 3.499099984765052795e-02 1.034248620271682739e-01 3.299488723278045654e-01 7.948758006095886230e-01 3.720477521419525146e-01 9.044327139854431152e-01 6.583878397941589355e-01 5.191556215286254883e-01
2.943474948406219482e-01 6.059141755104064941e-01 3.404900133609771729e-01 5.019899830222129822e-02 9.364472627639770508e-01 3.801256418228149414e-01 3.225743472576141357e-01 2.821091711521148682e-01 4.404872655868530273e-01 3.218230605125427246e-01 1.499031037092208862e-01 9.480144381523132324e-01 5.422049760818481445e-01 4.705581367015838623e-01
2.356700003147125244e-01 5.783045291900634766e-01 5.420337319374084473e-01 6.593250036239624023e-01 6.885660290718078613e-01 7.283633351325988770e-01 1.879143267869949341e-01 2.635964155197143555e-01 5.267630219459533691e-01 6.197162270545959473e-01 5.325132608413696289e-01 7.071771025657653809e-01 3.943572342395782471e-01 3.982708156108856201e-01
6.312825083732604980e-01 2.546228468418121338e-01 5.712372660636901855e-01 3.460980057716369629e-01 6.178572773933410645e-01 4.528657495975494385e-01 1.277023404836654663e-01 7.028757333755493164e-01 3.291942477226257324e-01 5.258736610412597656e-01 3.962771892547607422e-01 6.874088048934936523e-01 5.766382217407226562e-01 4.514561593532562256e-01
6.403974890708923340e-01 1.812776625156402588e-01 7.186290025711059570e-01 1.826110035181045532e-01 9.235674738883972168e-01 1.713234335184097290e-01 7.629056572914123535e-01 5.523570179939270020e-01 3.979285061359405518e-01 6.034483313560485840e-01 7.212799787521362305e-01 7.993488311767578125e-01 4.061994254589080811e-01 4.447408616542816162e-01
9.969300031661987305e-01 1.853153407573699951e-01 5.946162343025207520e-01 3.194234967231750488e-01 6.363099813461303711e-02 1.232825219631195068e-01 3.152573406696319580e-01 9.273614883422851562e-01 1.509478837251663208e-01 6.486947536468505859e-01 7.309657335281372070e-01 5.488656088709831238e-02 4.611024856567382812e-01 7.061589360237121582e-01
4.699699878692626953e-01 2.541689872741699219e-01 2.573255002498626709e-01 7.542175054550170898e-01 2.843067646026611328e-01 6.752315908670425415e-02 9.036083221435546875e-01 5.213395357131958008e-01 3.455295562744140625e-01 4.586372375488281250e-01 6.598410606384277344e-01 2.225684672594070435e-01 4.181679487228393555e-01 5.810275077819824219e-01
7.612250000238418579e-02 6.363673210144042969e-01 3.854382634162902832e-01 1.954012513160705566e-01 8.093104958534240723e-01 5.679041147232055664e-01 5.694033205509185791e-02 3.717676922678947449e-02 6.709389686584472656e-01 5.234495401382446289e-01 1.259614527225494385e-01 9.085828065872192383e-01 4.545654356479644775e-01 3.598999977111816406e-01
1.412000041455030441e-02 5.109578371047973633e-01 8.534232378005981445e-01 2.960324883460998535e-01 4.027594923973083496e-01 3.013576865196228027e-01 5.926493406295776367e-01 3.194758668541908264e-02 6.413719058036804199e-01 8.065600991249084473e-01 3.544328808784484863e-01 2.831349074840545654e-01 4.587309956550598145e-01 4.575834274291992188e-01
