1.445074975490570068e-01 4.729340076446533203e-01 7.897175103425979614e-02 8.761600255966186523e-01 3.548862636089324951e-01 5.823444724082946777e-01 3.159376680850982666e-01 1.285926848649978638e-01 5.424603819847106934e-01 1.708018183708190918e-01 8.087501525878906250e-01 3.655862510204315186e-01 4.618511497974395752e-01 4.674921333789825439e-01
7.798550128936767578e-01 4.261656701564788818e-01 2.231547534465789795e-01 9.638224840164184570e-01 8.622482419013977051e-01 3.938568830490112305e-01 6.200990080833435059e-01 8.459488153457641602e-01 3.002518415451049805e-01 3.524223566055297852e-01 7.087652683258056641e-01 8.814445137977600098e-01 5.101179480552673340e-01 4.763102829456329346e-01
1.640650033950805664e-01 2.728306651115417480e-01 5.832762718200683594e-01 5.042325258255004883e-01 4.812425076961517334e-01 8.335813879966735840e-02 5.751573443412780762e-01 1.989308595657348633e-01 3.540216386318206787e-01 7.322905063629150391e-01 5.223847627639770508e-01 4.841964244842529297e-01 3.619885444641113281e-01 4.485770463943481445e-01
8.557350039482116699e-01 3.413478434085845947e-01 6.399185061454772949e-01 4.771282374858856201e-01 2.543214857578277588e-01 6.311722993850708008e-01 6.887222528457641602e-01 8.075714707374572754e-01 2.933204770088195801e-01 4.897801578044891357e-01 6.013391613960266113e-01 2.561090588569641113e-01 4.286220371723175049e-01 5.717385411262512207e-01
1.500625014305114746e-01 5.123521685600280762e-01 1.863054931163787842e-01 7.742224633693695068e-02 5.120747685432434082e-01 8.886257410049438477e-01 1.990929991006851196e-01 5.931297317147254944e-02 6.382979154586791992e-01 3.216318488121032715e-01 1.325478702783584595e-01 6.093138456344604492e-01 6.095761656761169434e-01 4.257179200649261475e-01
7.293300032615661621e-01 2.239926606416702271e-01 4.996367394924163818e-01 4.466232359409332275e-01 4.925682544708251953e-01 9.836612939834594727e-01 9.378047585487365723e-01 6.012276411056518555e-01 3.462211191654205322e-01 4.343797862529754639e-01 5.690686702728271484e-01 3.466998934745788574e-01 4.057359993457794189e-01 4.738565683364868164e-01
4.319350123405456543e-01 2.201023399829864502e-01 2.271544933319091797e-01 2.004617452621459961e-01 7.734645009040832520e-01 1.259227246046066284e-01 8.821533918380737305e-01 3.633681535720825195e-01 4.044329822063446045e-01 4.363876879215240479e-01 4.177058637142181396e-01 6.608128547668457031e-01 3.988915085792541504e-01 4.795916676521301270e-01
3.339149951934814453e-01 4.823488295078277588e-01 9.623647332191467285e-01 4.525727629661560059e-01 6.711884737014770508e-01 8.217902779579162598e-01 1.188416630029678345e-01 2.589081823825836182e-01 4.393383264541625977e-01 7.969073057174682617e-01 5.598046183586120605e-01 7.027167081832885742e-01 4.482595920562744141e-01 2.720483243465423584e-01
9.917999804019927979e-02 8.105639815330505371e-01 9.747987389564514160e-01 7.417950034141540527e-02 1.971040070056915283e-01 8.333922028541564941e-01 1.052133366465568542e-02 4.215179011225700378e-02 6.216204762458801270e-01 7.839654088020324707e-01 2.128830701112747192e-01 2.266301661729812622e-01 6.590020060539245605e-01 2.989038228988647461e-01
1.999824941158294678e-01 4.529278278350830078e-01 1.536564975976943970e-01 5.150550007820129395e-01 2.908100001513957977e-02 4.583289027214050293e-01 5.162556767463684082e-01 2.005770653486251831e-01 4.621084630489349365e-01 1.903622001409530640e-01 4.976057708263397217e-01 5.151376128196716309e-02 6.642336845397949219e-01 5.759465694427490234e-01
1.284125000238418579e-01 1.719155013561248779e-01 5.350260138511657715e-01 2.646502554416656494e-01 8.763049840927124023e-01 5.629256367683410645e-01 3.499099984765052795e-02 9.869426488876342773e-02 4.452240169048309326e-01 7.852541804313659668e-01 4.007906019687652588e-01 8.924911022186279297e-01 4.748067259788513184e-01 4.805399477481842041e-01
4.052499774843454361e-03 4.715193212032318115e-01 8.828007578849792480e-01 7.200124859809875488e-01 7.454494833946228027e-01 2.316546440124511719e-01 9.594941139221191406e-01 2.052540145814418793e-02 3.592786788940429688e-01 9.767099022865295410e-01 7.345154881477355957e-01 7.288808226585388184e-01 3.847039043903350830e-01 6.392202973365783691e-01
2.229599952697753906e-01 5.477301478385925293e-01 1.433512568473815918e-01 7.683675289154052734e-01 2.172455042600631714e-01 8.682365417480468750e-01 6.173650026321411133e-01 2.169224917888641357e-01 5.572060346603393555e-01 1.653409153223037720e-01 5.739568471908569336e-01 1.786359697580337524e-01 6.267644166946411133e-01 4.830468595027923584e-01
6.806275248527526855e-01 6.559263467788696289e-01 7.233687639236450195e-01 5.689550042152404785e-01 3.091317415237426758e-01 4.911198019981384277e-01 1.333433296531438828e-02 7.766714096069335938e-01 4.747509360313415527e-01 6.397674679756164551e-01 4.128560125827789307e-01 3.894687891006469727e-01 5.578662753105163574e-01 4.357486069202423096e-01
2.817200124263763428e-01 2.428318262100219727e-01 6.349735260009765625e-01 5.497174859046936035e-01 5.123487710952758789e-01 2.889033406972885132e-02 4.576143324375152588e-01 2.966652810573577881e-01 3.552439808845520020e-01 6.607075333595275879e-01 6.011196374893188477e-01 5.088874101638793945e-01 3.632076680660247803e-01 4.468599259853363037e-01
3.933550119400024414e-01 7.792611718177795410e-01 2.256225049495697021e-01 4.539837539196014404e-01 9.645607471466064453e-01 5.436675548553466797e-01 9.842261672019958496e-01 3.630779385566711426e-01 6.263732314109802246e-01 1.456443071365356445e-01 3.691296875476837158e-01 8.480538129806518555e-01 4.779341220855712891e-01 6.337311267852783203e-01
6.312825083732604980e-01 2.546228468418121338e-01 5.712372660636901855e-01 3.460980057716369629e-01 6.178572773933410645e-01 4.528657495975494385e-01 1.277023404836654663e-01 7.336501479148864746e-01 3.564029633998870850e-01 5.444716215133666992e-01 4.166094660758972168e-01 6.639587283134460449e-01 5.921227931976318359e-01 3.106235265731811523e-01
3.900099992752075195e-01 2.739291787147521973e-01 3.150264918804168701e-01 3.430207371711730957e-01 1.287014931440353394e-01 9.063737392425537109e-01 5.168513059616088867e-01 2.852748036384582520e-01 4.272728264331817627e-01 3.378777801990509033e-01 4.108391702175140381e-01 9.527081251144409180e-02 5.769346356391906738e-01 5.018731355667114258e-01
3.660899996757507324e-01 2.527939975261688232e-01 7.037402391433715820e-01 5.978599786758422852e-01 6.748697757720947266e-01 7.463386654853820801e-01 2.581023275852203369e-01 3.196168243885040283e-01 3.193143606185913086e-01 7.311225533485412598e-01 5.731961131095886230e-01 7.209627628326416016e-01 4.411799609661102295e-01 4.286916255950927734e-01
3.538450002670288086e-01 1.902383267879486084e-01 2.484862506389617920e-01 5.129550099372863770e-01 3.490292429924011230e-01 5.120608806610107422e-01 6.247966736555099487e-02 3.715159595012664795e-01 3.567739725112915039e-01 3.532613813877105713e-01 5.345610380172729492e-01 3.702702224254608154e-01 4.049896895885467529e-01 4.598467051982879639e-01
7.883725166320800781e-01 6.593629717826843262e-01 8.596755266189575195e-01 2.987412512302398682e-01 7.223179936408996582e-01 4.795535206794738770e-01 9.717208743095397949e-01 7.829355597496032715e-01 4.636991024017333984e-01 5.156952142715454102e-01 5.099328756332397461e-01 6.439305543899536133e-01 5.062462091445922852e-01 5.509349107742309570e-01
2.780900001525878906e-01 1.792176663875579834e-01 9.288704991340637207e-01 6.176350116729736328e-01 9.227149933576583862e-02 5.913984775543212891e-01 9.506603479385375977e-01 3.669819831848144531e-01 1.999613791704177856e-01 5.368654131889343262e-01 6.630551815032958984e-01 7.670527696609497070e-02 4.307388365268707275e-01 7.410503625869750977e-01
3.882024884223937988e-01 2.249021679162979126e-01 6.726797223091125488e-01 9.212700128555297852e-01 6.600842475891113281e-01 5.994726419448852539e-01 2.185086607933044434e-01 4.776247739791870117e-01 3.104602396488189697e-01 7.459543943405151367e-01 7.371788024902343750e-01 6.877003312110900879e-01 4.994326233863830566e-01 3.411782979965209961e-01
4.019599854946136475e-01 4.681201577186584473e-01 5.185887217521667480e-01 3.967222571372985840e-01 2.856342494487762451e-01 2.351643443107604980e-01 5.484333261847496033e-02 4.448623955249786377e-01 4.409925043582916260e-01 3.563358485698699951e-01 4.625461697578430176e-01 3.243596553802490234e-01 3.732906281948089600e-01 3.671245872974395752e-01
1.987649947404861450e-01 2.743841707706451416e-01 9.119752645492553711e-01 9.380350112915039062e-01 6.959974765777587891e-01 3.948940336704254150e-01 7.560707330703735352e-01 2.640088796615600586e-01 3.895023763179779053e-01 8.574672341346740723e-01 8.084160089492797852e-01 7.143574357032775879e-01 4.292194247245788574e-01 5.560278296470642090e-01
9.314125180244445801e-01 2.637443244457244873e-01 5.814767479896545410e-01 2.277624979615211487e-02 8.870834708213806152e-01 3.887223303318023682e-01 6.581820249557495117e-01 8.136628270149230957e-01 3.371390402317047119e-01 5.109169483184814453e-01 4.871782958507537842e-01 8.414351940155029297e-01 5.814035534858703613e-01 3.748026788234710693e-01
9.668574929237365723e-01 1.919428259134292603e-01 6.263830065727233887e-01 8.953624963760375977e-01 9.742457270622253418e-01 7.615771889686584473e-01 1.582150012254714966e-01 9.478268623352050781e-01 2.861168980598449707e-01 6.669980287551879883e-01 6.816505193710327148e-01 9.126173257827758789e-01 6.645922064781188965e-01 2.436665296554565430e-01
6.259425282478332520e-01 3.014331758022308350e-01 1.485912501811981201e-01 4.580957591533660889e-01 7.705637216567993164e-01 8.267338275909423828e-01 2.553633451461791992e-01 5.771071910858154297e-01 4.681027531623840332e-01 2.377320677042007446e-01 3.704374134540557861e-01 8.035684823989868164e-01 4.904691576957702637e-01 5.047765374183654785e-01
6.814774870872497559e-01 3.800818324089050293e-01 3.593422472476959229e-01 6.565399765968322754e-01 4.243335127830505371e-01 1.351579725742340088e-01 1.919530034065246582e-01 7.789168357849121094e-01 4.482925534248352051e-01 5.152951478958129883e-01 5.099363327026367188e-01 4.692950546741485596e-01 4.882417321205139160e-01 4.091579914093017578e-01
6.271250247955322266e-01 1.996716707944869995e-01 8.539312481880187988e-01 7.863399982452392578e-01 3.019177615642547607e-01 6.361659765243530273e-01 9.492045044898986816e-01 7.276718020439147949e-01 2.427332252264022827e-01 6.423860192298889160e-01 7.233987450599670410e-01 2.231788188219070435e-01 4.570004045963287354e-01 6.652660965919494629e-01
1.802050024271011353e-01 4.150078296661376953e-01 3.737749904394149780e-02 1.352314949035644531e-01 7.568194866180419922e-01 6.386690586805343628e-02 7.936084270477294922e-01 1.949644684791564941e-01 5.812519192695617676e-01 2.201396524906158447e-01 2.468956112861633301e-01 7.842228412628173828e-01 4.203615486621856689e-01 6.102288365364074707e-01
4.109925031661987305e-01 6.649144887924194336e-01 8.350780010223388672e-01 9.475824832916259766e-01 4.614642560482025146e-01 5.095159411430358887e-01 3.747733309864997864e-02 4.589108824729919434e-01 5.039511322975158691e-01 6.508709192276000977e-01 7.789443135261535645e-01 5.212243795394897461e-01 4.041060805320739746e-01 2.989109754562377930e-01
4.539249837398529053e-02 6.400160193443298340e-01 1.193045005202293396e-01 2.625067532062530518e-01 2.417974919080734253e-02 8.794419169425964355e-01 3.599239885807037354e-01 3.348278999328613281e-02 7.091778516769409180e-01 1.598007380962371826e-01 1.574847474694252014e-02 4.838417470455169678e-02 9.243051409721374512e-01 3.399800062179565430e-01
7.788749933242797852e-01 1.939969956874847412e-01 7.486305236816406250e-01 8.033400028944015503e-02 7.285297513008117676e-01 6.470609307289123535e-01 3.644200041890144348e-02 7.896514534950256348e-01 4.013827741146087646e-01 6.464561820030212402e-01 4.142498672008514404e-01 7.977376580238342285e-01 5.968128442764282227e-01 4.221359193325042725e-01
2.044575065374374390e-01 6.246816515922546387e-01 3.054497539997100830e-01 6.257774829864501953e-01 8.180882334709167480e-01 8.765958249568939209e-02 9.826537370681762695e-01 2.162617295980453491e-01 6.153560876846313477e-01 4.467353522777557373e-01 5.862583518028259277e-01 6.825775504112243652e-01 4.052104949951171875e-01 5.441563725471496582e-01
6.583349704742431641e-01 3.264728188514709473e-01 1.187812536954879761e-01 7.566974759101867676e-01 1.733645051717758179e-01 5.806132405996322632e-02 2.242893278598785400e-01 7.755030989646911621e-01 3.780691027641296387e-01 2.496368438005447388e-01 4.911399781703948975e-01 2.248352766036987305e-01 3.836295902729034424e-01 5.476253032684326172e-01
2.356700003147125244e-01 5.783045291900634766e-01 5.420337319374084473e-01 6.593250036239624023e-01 6.885660290718078613e-01 7.283633351325988770e-01 1.879143267869949341e-01 1.959318667650222778e-01 4.821269512176513672e-01 6.307753324508666992e-01 5.003455877304077148e-01 7.875072360038757324e-01 4.684966504573822021e-01 3.675655126571655273e-01
7.619249820709228516e-01 5.623946785926818848e-01 7.566737532615661621e-01 5.573624968528747559e-01 1.388995051383972168e-01 9.981855750083923340e-01 3.868726789951324463e-01 7.999694943428039551e-01 4.013159573078155518e-01 5.503715276718139648e-01 4.610697925090789795e-01 1.966567784547805786e-01 5.297296643257141113e-01 5.548136830329895020e-01
2.710725069046020508e-01 5.734021663665771484e-01 3.155847489833831787e-01 5.611975193023681641e-01 6.579167246818542480e-01 1.268856525421142578e-01 2.591633424162864685e-02 2.942123413085937500e-01 5.418736934661865234e-01 3.151759505271911621e-01 5.753762125968933105e-01 7.619835138320922852e-01 3.451531231403350830e-01 3.566646277904510498e-01
1.382649987936019897e-01 4.242379963397979736e-01 3.870057463645935059e-01 2.739222645759582520e-01 1.535300016403198242e-01 8.454275727272033691e-01 6.823347806930541992e-01 8.647867292165756226e-02 4.222983419895172119e-01 3.305784165859222412e-01 4.034577906131744385e-01 7.493040710687637329e-02 6.908861398696899414e-01 4.429290294647216797e-01
9.969300031661987305e-01 1.853153407573699951e-01 5.946162343025207520e-01 3.194234967231750488e-01 6.363099813461303711e-02 1.232825219631195068e-01 3.152573406696319580e-01 9.055155515670776367e-01 2.507498562335968018e-01 4.876258373260498047e-01 5.535712242126464844e-01 1.321569830179214478e-01 4.477868676185607910e-01 6.368342638015747070e-01
1.180450022220611572e-01 5.258161425590515137e-01 3.197174891829490662e-02 3.379600048065185547e-01 1.635382473468780518e-01 3.489731252193450928e-01 4.183226525783538818e-01 1.714017987251281738e-01 5.671079158782958984e-01 1.044479236006736755e-01 4.174709618091583252e-01 1.516617983579635620e-01 6.625170111656188965e-01 5.393251180648803711e-01
9.506275057792663574e-01 6.128249764442443848e-01 1.361224949359893799e-01 7.617350220680236816e-01 9.079587459564208984e-01 9.126816391944885254e-01 9.433433413505554199e-01 7.802513837814331055e-01 4.179508686065673828e-01 4.298455715179443359e-01 4.741956293582916260e-01 8.237665295600891113e-01 5.679009556770324707e-01 6.052117943763732910e-01
4.449824988842010498e-01 1.730004996061325073e-01 1.919837445020675659e-01 8.914049863815307617e-01 4.474482536315917969e-01 1.133459582924842834e-01 3.014020025730133057e-01 5.153728127479553223e-01 2.867588400840759277e-01 3.181100189685821533e-01 7.292992472648620605e-01 4.786968529224395752e-01 3.372218906879425049e-01 4.907040297985076904e-01
3.915224969387054443e-01 4.399886727333068848e-01 3.655945062637329102e-01 6.860575079917907715e-01 7.004935145378112793e-01 8.386942744255065918e-02 3.685076534748077393e-01 4.399122893810272217e-01 4.042762517929077148e-01 4.154396057128906250e-01 6.547535061836242676e-01 7.348357439041137695e-01 3.678298890590667725e-01 3.177779912948608398e-01
1.074424982070922852e-01 3.771494925022125244e-01 7.191944718360900879e-01 7.471150159835815430e-01 2.170749939978122711e-02 7.507810741662979126e-02 2.692546546459197998e-01 1.482143998146057129e-01 2.763833701610565186e-01 7.566921710968017578e-01 5.998063087463378906e-01 8.344945311546325684e-02 4.683961570262908936e-01 5.649780631065368652e-01
3.643549978733062744e-01 8.031976819038391113e-01 6.656810045242309570e-01 1.120777502655982971e-01 2.856124937534332275e-02 5.675760507583618164e-01 7.655128836631774902e-01 3.701916635036468506e-01 5.670549869537353516e-01 2.833425700664520264e-01 2.727061212062835693e-01 6.035316362977027893e-02 6.051098704338073730e-01 5.328625440597534180e-01
2.096750028431415558e-02 3.860625028610229492e-01 2.796250022947788239e-02 2.733870148658752441e-01 9.157245159149169922e-01 5.558437108993530273e-01 5.390610098838806152e-01 6.864733994007110596e-02 4.042171239852905273e-01 1.027176305651664734e-01 3.415267681702971458e-03 9.639722704887390137e-01 7.702007889747619629e-01 3.229978084564208984e-01
4.176250100135803223e-02 2.605246603488922119e-01 8.082550168037414551e-01 7.088400125503540039e-01 9.726099669933319092e-02 8.720312118530273438e-01 5.954156517982482910e-01 6.327187269926071167e-02 2.403864413499832153e-01 7.442262172698974609e-01 6.748320460319519043e-01 7.022392004728317261e-02 7.340455055236816406e-01 7.769623994827270508e-01
9.908249974250793457e-02 3.643186688423156738e-01 3.800162374973297119e-01 4.586944878101348877e-01 9.990582466125488281e-01 2.283266633749008179e-01 8.083066344261169434e-02 6.284400820732116699e-02 3.784517347812652588e-01 7.755489945411682129e-01 4.583386778831481934e-01 9.415747523307800293e-01 3.732725679874420166e-01 1.957030445337295532e-01
