9.250000119209289551e-03 6.671666502952575684e-01 8.472499847412109375e-01 4.362500011920928955e-01 1.627500057220458984e-01 2.147500067949295044e-01 1.391962170600891113e-02 6.431389451026916504e-01 7.530212402343750000e-01 4.342608451843261719e-01 2.001078873872756958e-01 3.672761023044586182e-01
8.577499985694885254e-01 2.168333381414413452e-01 2.547500133514404297e-01 3.422499895095825195e-01 2.307499945163726807e-01 5.277500152587890625e-01 7.580902576446533203e-01 3.353945016860961914e-01 5.168994665145874023e-01 2.419618666172027588e-01 2.432464510202407837e-01 4.643487036228179932e-01
7.777500152587890625e-01 5.548333525657653809e-01 2.002499997615814209e-01 6.624999642372131348e-02 9.717500209808349609e-01 1.587499976158142090e-01 6.610816717147827148e-01 5.470443367958068848e-01 3.445156812667846680e-01 1.381373256444931030e-01 9.349200129508972168e-01 3.332847952842712402e-01
5.517500042915344238e-01 6.575000286102294922e-01 1.012500002980232239e-01 8.642500042915344238e-01 5.892500281333923340e-01 6.257500052452087402e-01 5.652503967285156250e-01 5.881969928741455078e-01 8.316639810800552368e-02 9.279628396034240723e-01 5.341236591339111328e-01 5.960874557495117188e-01
3.842499852180480957e-01 7.928333282470703125e-01 6.317499876022338867e-01 7.692499756813049316e-01 8.192499876022338867e-01 7.407500147819519043e-01 4.111989438533782959e-01 5.817738175392150879e-01 4.784295558929443359e-01 6.878485679626464844e-01 8.338428735733032227e-01 3.825476765632629395e-01
9.812499880790710449e-01 5.708333253860473633e-01 7.732499837875366211e-01 2.982499897480010986e-01 1.337500065565109253e-01 6.247500181198120117e-01 9.137539863586425781e-01 4.428065121173858643e-01 6.683569550514221191e-01 4.401316344738006592e-01 1.233174875378608704e-01 5.066850185394287109e-01
9.422500133514404297e-01 5.985000133514404297e-01 2.437500059604644775e-01 3.787499964237213135e-01 7.767500281333923340e-01 7.297499775886535645e-01 8.443169593811035156e-01 5.144746899604797363e-01 1.160166114568710327e-01 4.510214924812316895e-01 7.392637133598327637e-01 5.540908575057983398e-01
9.197499752044677734e-01 7.251666784286499023e-01 5.852500200271606445e-01 9.272500276565551758e-01 1.032499969005584717e-01 7.707499861717224121e-01 9.317067861557006836e-01 5.453308820724487305e-01 5.299226641654968262e-01 9.436541795730590820e-01 9.562721103429794312e-02 7.727268934249877930e-01
9.502500295639038086e-01 4.421666562557220459e-01 6.302499771118164062e-01 3.707500100135803223e-01 3.777500092983245850e-01 6.525000184774398804e-02 9.111054539680480957e-01 4.419673681259155273e-01 8.034418821334838867e-01 2.029281705617904663e-01 3.498973250389099121e-01 2.344447076320648193e-01
5.182499885559082031e-01 2.278333306312561035e-01 1.567499935626983643e-01 8.647500276565551758e-01 6.932500004768371582e-01 1.417499929666519165e-01 5.676168799400329590e-01 2.452931255102157593e-01 2.637636959552764893e-01 7.234497666358947754e-01 7.095162868499755859e-01 4.444432556629180908e-01
1.912499964237213135e-01 2.818333208560943604e-01 2.477499991655349731e-01 2.682499885559082031e-01 9.972500205039978027e-01 6.417499780654907227e-01 1.663958579301834106e-01 3.715878725051879883e-01 4.095271229743957520e-01 2.419555336236953735e-01 9.719064235687255859e-01 6.612294316291809082e-01
1.062500029802322388e-01 4.724999964237213135e-01 6.117500066757202148e-01 7.057499885559082031e-01 7.172499895095825195e-01 2.262499928474426270e-01 1.037148311734199524e-01 5.042399764060974121e-01 7.257361412048339844e-01 7.820588350296020508e-01 6.845633387565612793e-01 5.055157542228698730e-01
5.352500081062316895e-01 2.551666796207427979e-01 8.397499918937683105e-01 2.217500060796737671e-01 1.412499994039535522e-01 5.712500214576721191e-01 5.029941797256469727e-01 2.839270234107971191e-01 8.645212650299072266e-01 1.729915738105773926e-01 1.228945329785346985e-01 4.163125455379486084e-01
3.857499957084655762e-01 8.264999985694885254e-01 8.447499871253967285e-01 1.167500019073486328e-01 1.217499971389770508e-01 5.342500209808349609e-01 4.031513035297393799e-01 5.994146466255187988e-01 5.154820680618286133e-01 2.543404698371887207e-01 1.645411700010299683e-01 3.343471288681030273e-01
7.737500071525573730e-01 4.474999904632568359e-01 6.207500100135803223e-01 8.602499961853027344e-01 5.787500143051147461e-01 4.107500016689300537e-01 8.071610927581787109e-01 5.221325159072875977e-01 6.212983727455139160e-01 9.004206657409667969e-01 5.762453079223632812e-01 5.532024502754211426e-01
8.012499809265136719e-01 2.465000003576278687e-01 1.237500011920928955e-01 8.877500295639038086e-01 9.302499890327453613e-01 4.457499980926513672e-01 7.213840484619140625e-01 5.421084165573120117e-01 5.199382901191711426e-01 8.959996104240417480e-01 8.651506304740905762e-01 4.974215030670166016e-01
2.367500066757202148e-01 5.378333330154418945e-01 3.197500109672546387e-01 2.102500051259994507e-01 3.602499961853027344e-01 9.782500267028808594e-01 1.820342391729354858e-01 3.128068745136260986e-01 1.115289703011512756e-01 2.123048454523086548e-01 3.675715327262878418e-01 8.560703992843627930e-01
9.324999898672103882e-02 5.198333263397216797e-01 2.852500081062316895e-01 6.117500066757202148e-01 8.752499818801879883e-01 9.907500147819519043e-01 5.348882079124450684e-02 6.804965734481811523e-01 3.461039960384368896e-01 7.738591171801090240e-03 9.852487444877624512e-01 7.683867216110229492e-01
9.327499866485595703e-01 1.961666643619537354e-01 5.502499938011169434e-01 5.617499947547912598e-01 1.867499947547912598e-01 6.222500205039978027e-01 8.893344402313232422e-01 4.196076393127441406e-01 7.587730884552001953e-01 4.726198911666870117e-01 1.399640738964080811e-01 4.895448684692382812e-01
9.942499995231628418e-01 2.911666631698608398e-01 8.725000172853469849e-02 9.897500276565551758e-01 3.057500123977661133e-01 6.042500138282775879e-01 9.152233600616455078e-01 4.366347789764404297e-01 3.224896490573883057e-01 7.861453294754028320e-01 3.247215151786804199e-01 6.399250030517578125e-01
4.962500035762786865e-01 5.658333301544189453e-01 8.657500147819519043e-01 8.772500157356262207e-01 2.282499969005584717e-01 8.112499713897705078e-01 5.277361273765563965e-01 5.217211246490478516e-01 7.203536629676818848e-01 8.556358814239501953e-01 2.562049329280853271e-01 5.668498277664184570e-01
6.567500233650207520e-01 6.668333411216735840e-01 1.217499971389770508e-01 8.567500114440917969e-01 1.202500015497207642e-01 8.427500128746032715e-01 5.934560298919677734e-01 6.681982278823852539e-01 1.431253254413604736e-01 8.640465736389160156e-01 9.371655434370040894e-02 5.248565077781677246e-01
7.137500047683715820e-01 4.058333337306976318e-01 9.047499895095825195e-01 5.977500081062316895e-01 2.067500054836273193e-01 6.487500071525573730e-01 7.887887954711914062e-01 3.662099242210388184e-01 7.829008698463439941e-01 4.157174527645111084e-01 2.007156759500503540e-01 4.404543340206146240e-01
1.492500007152557373e-01 5.341666936874389648e-01 2.392500042915344238e-01 5.562499761581420898e-01 3.927499949932098389e-01 8.967499732971191406e-01 1.775685697793960571e-01 5.230374336242675781e-01 6.755669414997100830e-02 5.140300989151000977e-01 3.331088125705718994e-01 7.318291664123535156e-01
2.152500003576278687e-01 8.138333559036254883e-01 9.817500114440917969e-01 6.437500119209289551e-01 5.357499718666076660e-01 7.532500028610229492e-01 1.942631602287292480e-01 6.036961674690246582e-01 5.987902283668518066e-01 8.062345981597900391e-01 5.601577162742614746e-01 4.562914371490478516e-01
8.997499942779541016e-01 3.171666562557220459e-01 7.972499728202819824e-01 1.452499926090240479e-01 7.557500004768371582e-01 7.992500066757202148e-01 8.510888814926147461e-01 4.060617387294769287e-01 5.694981217384338379e-01 2.149564176797866821e-01 7.203631997108459473e-01 3.340811431407928467e-01
5.707499980926513672e-01 2.768333256244659424e-01 2.472500056028366089e-01 4.202499985694885254e-01 6.162499785423278809e-01 5.925000086426734924e-02 5.450942516326904297e-01 4.912842512130737305e-01 5.416944026947021484e-01 3.542380332946777344e-01 5.729197859764099121e-01 3.500714302062988281e-01
5.137500166893005371e-01 6.348333358764648438e-01 5.807499885559082031e-01 9.202499985694885254e-01 1.557500064373016357e-01 5.582500100135803223e-01 5.372732877731323242e-01 4.642620980739593506e-01 6.056252121925354004e-01 7.833205461502075195e-01 1.990557610988616943e-01 6.116446852684020996e-01
9.607499837875366211e-01 1.688333302736282349e-01 9.202499985694885254e-01 7.357500195503234863e-01 8.472499847412109375e-01 3.482500016689300537e-01 8.944526314735412598e-01 2.353997081518173218e-01 8.497239947319030762e-01 8.756961822509765625e-01 8.221487402915954590e-01 3.591700792312622070e-01
8.477500081062316895e-01 6.428333520889282227e-01 2.902500033378601074e-01 9.562500119209289551e-01 7.402499914169311523e-01 1.697500050067901611e-01 8.585098385810852051e-01 6.576916575431823730e-01 3.566078841686248779e-01 9.185833930969238281e-01 6.905853748321533203e-01 4.275998771190643311e-01
1.992499977350234985e-01 3.591666519641876221e-01 9.657499790191650391e-01 3.250000067055225372e-03 8.375000208616256714e-02 1.747500002384185791e-01 1.996214389801025391e-01 3.497293889522552490e-01 8.138439655303955078e-01 3.836897760629653931e-02 6.112806871533393860e-02 4.893448650836944580e-01
7.037500143051147461e-01 2.081666737794876099e-01 5.124999955296516418e-02 8.377500176429748535e-01 9.057499766349792480e-01 5.697500109672546387e-01 6.129670143127441406e-01 2.635816037654876709e-01 3.054525852203369141e-01 7.092212438583374023e-01 8.487421870231628418e-01 4.421668946743011475e-01
6.862499713897705078e-01 1.848333328962326050e-01 1.072499975562095642e-01 1.247500032186508179e-01 1.492500007152557373e-01 7.677500247955322266e-01 6.089897751808166504e-01 3.212579786777496338e-01 1.940071731805801392e-01 1.456754058599472046e-01 1.221965029835700989e-01 7.484231591224670410e-01
9.112499952316284180e-01 2.748333215713500977e-01 8.147500157356262207e-01 7.077500224113464355e-01 8.597499728202819824e-01 8.862500190734863281e-01 8.966144323348999023e-01 3.838477134704589844e-01 6.642683744430541992e-01 7.789275646209716797e-01 8.447464704513549805e-01 5.479332208633422852e-01
1.017500013113021851e-01 8.181666731834411621e-01 4.687500000000000000e-01 5.482500195503234863e-01 1.012500002980232239e-01 6.250000093132257462e-03 1.005636602640151978e-01 7.645266652107238770e-01 4.202318191528320312e-01 5.448679924011230469e-01 1.096178740262985229e-01 1.821445971727371216e-01
1.775000058114528656e-02 2.228333353996276855e-01 6.617500185966491699e-01 5.175000056624412537e-02 1.687500029802322388e-01 7.302500009536743164e-01 5.785296205431222916e-03 2.417154163122177124e-01 8.009613156318664551e-01 1.502937227487564087e-01 4.596612229943275452e-02 7.992789745330810547e-01
4.147500097751617432e-01 2.754999995231628418e-01 9.357500076293945312e-01 5.447499752044677734e-01 4.547500014305114746e-01 2.727499902248382568e-01 4.382548630237579346e-01 2.732594311237335205e-01 8.898053765296936035e-01 4.234820306301116943e-01 4.452050030231475830e-01 2.630611360073089600e-01
7.552499771118164062e-01 8.301666378974914551e-01 2.422499954700469971e-01 5.624999850988388062e-02 4.752500057220458984e-01 4.487499892711639404e-01 7.140281200408935547e-01 5.582748651504516602e-01 1.937492787837982178e-01 1.395313292741775513e-01 4.621659219264984131e-01 5.762856006622314453e-01
1.617500036954879761e-01 3.955000042915344238e-01 7.982500195503234863e-01 6.612499952316284180e-01 5.727499723434448242e-01 7.487499713897705078e-01 1.159483268857002258e-01 3.764281570911407471e-01 7.363469600677490234e-01 8.096303343772888184e-01 5.814024209976196289e-01 5.928625464439392090e-01
4.392499923706054688e-01 7.818333506584167480e-01 6.822500228881835938e-01 7.642499804496765137e-01 5.087500214576721191e-01 1.137500032782554626e-01 5.038042068481445312e-01 5.827006697654724121e-01 5.564435124397277832e-01 6.588307619094848633e-01 5.207883715629577637e-01 3.690003156661987305e-01
3.617500066757202148e-01 1.958333402872085571e-01 1.767500042915344238e-01 4.187499880790710449e-01 8.402500152587890625e-01 6.582499742507934570e-01 3.351186513900756836e-01 2.873161137104034424e-01 1.946434825658798218e-01 5.991491675376892090e-01 7.877724170684814453e-01 5.420082211494445801e-01
2.562499940395355225e-01 6.324999928474426270e-01 7.047500014305114746e-01 3.497500121593475342e-01 2.192499935626983643e-01 1.677500009536743164e-01 2.885012626647949219e-01 6.091167926788330078e-01 6.491839289665222168e-01 4.194915294647216797e-01 2.209768891334533691e-01 2.894936501979827881e-01
3.167499899864196777e-01 7.714999914169311523e-01 3.377499878406524658e-01 3.597500026226043701e-01 8.707500100135803223e-01 7.347499728202819824e-01 3.360679447650909424e-01 6.146187186241149902e-01 1.858730465173721313e-01 1.845931708812713623e-01 9.456080198287963867e-01 6.758872866630554199e-01
4.192500114440917969e-01 8.331666588783264160e-01 2.402500063180923462e-01 3.272500038146972656e-01 2.727499902248382568e-01 9.457499980926513672e-01 4.506570994853973389e-01 6.481736898422241211e-01 1.410378515720367432e-01 2.893117070198059082e-01 2.839120626449584961e-01 5.763934850692749023e-01
9.682499766349792480e-01 3.831666707992553711e-01 5.927500128746032715e-01 7.587500214576721191e-01 1.567499935626983643e-01 6.412500143051147461e-01 9.531115293502807617e-01 5.458014011383056641e-01 6.578732728958129883e-01 8.683476448059082031e-01 1.134750545024871826e-01 6.791908740997314453e-01
8.942499756813049316e-01 6.038333177566528320e-01 5.497499704360961914e-01 4.132499992847442627e-01 4.922499954700469971e-01 4.357500076293945312e-01 8.991169929504394531e-01 5.284388661384582520e-01 5.790487527847290039e-01 2.323618382215499878e-01 4.772803485393524170e-01 2.861500680446624756e-01
3.557499945163726807e-01 4.548333287239074707e-01 2.712500095367431641e-01 3.907499909400939941e-01 8.172500133514404297e-01 9.425000101327896118e-02 4.693630337715148926e-01 4.337120652198791504e-01 2.857714295387268066e-01 4.176354110240936279e-01 7.632005810737609863e-01 5.287611484527587891e-01
8.067499995231628418e-01 7.524999976158142090e-01 9.367499947547912598e-01 5.612499713897705078e-01 4.272499978542327881e-01 8.757500052452087402e-01 8.207865357398986816e-01 5.032926201820373535e-01 6.447383165359497070e-01 5.737469792366027832e-01 4.691347479820251465e-01 4.444964826107025146e-01
8.162500262260437012e-01 6.061666607856750488e-01 4.707500040531158447e-01 2.437500059604644775e-01 1.947499960660934448e-01 3.232499957084655762e-01 8.389210104942321777e-01 6.050149202346801758e-01 4.640420973300933838e-01 1.701152622699737549e-01 1.728540211915969849e-01 3.174421787261962891e-01
6.132500171661376953e-01 4.048333466053009033e-01 4.632500112056732178e-01 7.622500061988830566e-01 1.612499952316284180e-01 7.892500162124633789e-01 6.318168044090270996e-01 5.457699298858642578e-01 5.646457076072692871e-01 6.796568632125854492e-01 1.403607130050659180e-01 5.738968849182128906e-01
8.177499771118164062e-01 5.158333182334899902e-01 9.177500009536743164e-01 6.962500214576721191e-01 9.737499952316284180e-01 9.702500104904174805e-01 8.012338876724243164e-01 3.733807504177093506e-01 6.699498891830444336e-01 7.708255648612976074e-01 9.617155194282531738e-01 5.318687558174133301e-01
1.502500027418136597e-01 6.945000290870666504e-01 7.067499756813049316e-01 2.177499979734420776e-01 9.425000101327896118e-02 7.327499985694885254e-01 1.196476817131042480e-01 5.546751022338867188e-01 5.123362541198730469e-01 3.246021270751953125e-01 1.413816064596176147e-01 3.464494347572326660e-01
6.677500009536743164e-01 6.388333439826965332e-01 2.257499992847442627e-01 1.757500022649765015e-01 1.952500045299530029e-01 1.592500060796737671e-01 7.219091653823852539e-01 7.030447721481323242e-01 2.313431948423385620e-01 1.796453893184661865e-01 1.729288101196289062e-01 3.203166425228118896e-01
3.762499988079071045e-01 2.175000011920928955e-01 1.457500010728836060e-01 2.972500026226043701e-01 3.892500102519989014e-01 4.632500112056732178e-01 4.476893544197082520e-01 3.573244810104370117e-01 2.246135771274566650e-01 3.543050289154052734e-01 3.801620602607727051e-01 6.526241898536682129e-01
6.075000017881393433e-02 1.908333301544189453e-01 2.627499997615814209e-01 1.117499992251396179e-01 8.874999731779098511e-02 7.127500176429748535e-01 2.340996451675891876e-02 1.563528031110763550e-01 2.688374519348144531e-01 1.550352871417999268e-01 2.799307741224765778e-02 8.300504684448242188e-01
9.982500076293945312e-01 3.438333272933959961e-01 5.212500095367431641e-01 3.122499883174896240e-01 3.732500076293945312e-01 3.824999928474426270e-02 9.195130467414855957e-01 3.456186354160308838e-01 7.586220502853393555e-01 1.628038734197616577e-01 3.534633815288543701e-01 2.003832459449768066e-01
3.402499854564666748e-01 7.441666722297668457e-01 1.987500041723251343e-01 1.917500048875808716e-01 2.012500017881393433e-01 2.897500097751617432e-01 3.837802410125732422e-01 7.226148247718811035e-01 2.375733405351638794e-01 2.487351298332214355e-01 2.045292258262634277e-01 3.317731320858001709e-01
1.197500005364418030e-01 7.655000090599060059e-01 3.937500119209289551e-01 4.627499878406524658e-01 2.425000071525573730e-02 7.352499961853027344e-01 1.072174310684204102e-01 5.436953306198120117e-01 1.276220381259918213e-01 3.884972333908081055e-01 1.309407055377960205e-01 6.168134212493896484e-01
6.287500262260437012e-01 3.498333394527435303e-01 2.857500016689300537e-01 3.732500076293945312e-01 4.812499880790710449e-01 6.352499723434448242e-01 5.245455503463745117e-01 5.418687462806701660e-01 5.022755265235900879e-01 4.049592316150665283e-01 4.771318137645721436e-01 3.664211928844451904e-01
6.492499709129333496e-01 7.601666450500488281e-01 4.250000230967998505e-03 4.437499940395355225e-01 9.767500162124633789e-01 4.572499990463256836e-01 6.134690046310424805e-01 6.512160301208496094e-01 1.147532835602760315e-01 4.451244175434112549e-01 9.842286109924316406e-01 5.240032672882080078e-01
4.982500076293945312e-01 3.598333299160003662e-01 6.932500004768371582e-01 8.737499713897705078e-01 3.422499895095825195e-01 8.537499904632568359e-01 4.818139374256134033e-01 3.916562199592590332e-01 7.427327632904052734e-01 7.196384072303771973e-01 3.842498362064361572e-01 4.858779609203338623e-01
6.227499842643737793e-01 5.504999756813049316e-01 9.182500243186950684e-01 2.882499992847442627e-01 4.312500059604644775e-01 7.077500224113464355e-01 6.019871234893798828e-01 3.782455027103424072e-01 7.912046909332275391e-01 2.003944516181945801e-01 4.265794456005096436e-01 2.724169194698333740e-01
3.957499861717224121e-01 2.851666808128356934e-01 4.972499907016754150e-01 6.037499904632568359e-01 7.942500114440917969e-01 1.222499981522560120e-01 4.572101235389709473e-01 3.818311095237731934e-01 5.176687240600585938e-01 7.208088040351867676e-01 7.581084370613098145e-01 4.379409253597259521e-01
7.657499909400939941e-01 6.545000076293945312e-01 7.587500214576721191e-01 7.607499957084655762e-01 2.025000005960464478e-02 8.997499942779541016e-01 8.167782425880432129e-01 4.253230094909667969e-01 6.487042903900146484e-01 6.879958510398864746e-01 6.092260405421257019e-02 7.255716323852539062e-01
1.782499998807907104e-01 5.178333520889282227e-01 6.672499775886535645e-01 5.974999815225601196e-02 6.962500214576721191e-01 1.482499986886978149e-01 2.163560837507247925e-01 4.389074444770812988e-01 6.390814781188964844e-01 1.924933344125747681e-01 6.821439266204833984e-01 4.222700893878936768e-01
3.992500007152557373e-01 4.884999990463256836e-01 2.152500003576278687e-01 9.512500166893005371e-01 1.624999940395355225e-02 1.362500041723251343e-01 4.439996480941772461e-01 4.788164198398590088e-01 3.395062088966369629e-01 8.463101983070373535e-01 3.339754417538642883e-02 5.523793697357177734e-01
9.157500267028808594e-01 3.728333413600921631e-01 5.482500195503234863e-01 9.407500028610229492e-01 3.007499873638153076e-01 1.907500028610229492e-01 9.646841883659362793e-01 4.682875275611877441e-01 7.786340117454528809e-01 6.480485200881958008e-01 2.932134568691253662e-01 4.129258394241333008e-01
5.432500243186950684e-01 4.318333268165588379e-01 2.807500064373016357e-01 1.127500012516975403e-01 6.707500219345092773e-01 2.037499994039535522e-01 5.342927575111389160e-01 4.749266207218170166e-01 4.664812982082366943e-01 2.170919477939605713e-01 6.495632529258728027e-01 3.842959105968475342e-01
2.225000038743019104e-02 6.468333601951599121e-01 7.072499990463256836e-01 3.307499885559082031e-01 7.882500290870666504e-01 4.342499971389770508e-01 8.446812629699707031e-03 6.134532690048217773e-01 7.804978489875793457e-01 3.169179558753967285e-01 9.894868135452270508e-01 5.023310184478759766e-01
5.452499985694885254e-01 3.055000007152557373e-01 9.522500038146972656e-01 7.967500090599060059e-01 7.602499723434448242e-01 7.032499909400939941e-01 5.300243496894836426e-01 3.181676566600799561e-01 7.975548505783081055e-01 8.976153731346130371e-01 7.493273615837097168e-01 4.494788646697998047e-01
2.522499859333038330e-01 2.831666767597198486e-01 6.997500061988830566e-01 4.477500021457672119e-01 3.902499973773956299e-01 6.952499747276306152e-01 2.232254743576049805e-01 3.987906575202941895e-01 7.638270258903503418e-01 4.964539408683776855e-01 4.055831432342529297e-01 4.542360007762908936e-01
2.172500044107437134e-01 6.765000224113464355e-01 9.674999862909317017e-02 9.392499923706054688e-01 9.047499895095825195e-01 6.832500100135803223e-01 1.560239493846893311e-01 7.699900865554809570e-01 2.627540230751037598e-01 9.461252093315124512e-01 9.929887652397155762e-01 4.689843058586120605e-01
7.262499928474426270e-01 3.008333444595336914e-01 2.924999967217445374e-02 6.517500281333923340e-01 3.974999859929084778e-02 5.482500195503234863e-01 7.689163684844970703e-01 3.823116719722747803e-01 1.334101557731628418e-01 6.710829734802246094e-01 4.077360033988952637e-02 7.078897356986999512e-01
5.567499995231628418e-01 4.368333220481872559e-01 8.874999731779098511e-02 9.472500085830688477e-01 8.372499942779541016e-01 5.387499928474426270e-01 5.458131432533264160e-01 6.052947640419006348e-01 2.762743234634399414e-01 9.243413209915161133e-01 7.959924936294555664e-01 5.434680581092834473e-01
2.517499923706054688e-01 6.198333501815795898e-01 4.977500140666961670e-01 7.227500081062316895e-01 5.952500104904174805e-01 5.182499885559082031e-01 2.642227113246917725e-01 5.308917760848999023e-01 4.221105575561523438e-01 8.024811744689941406e-01 6.116291880607604980e-01 4.756366610527038574e-01
7.067499756813049316e-01 2.685000002384185791e-01 5.397499799728393555e-01 7.762500047683715820e-01 7.002500295639038086e-01 1.207500025629997253e-01 7.320456504821777344e-01 3.602109849452972412e-01 7.193326354026794434e-01 6.005824804306030273e-01 6.819089651107788086e-01 3.703114986419677734e-01
5.922499895095825195e-01 3.555000126361846924e-01 8.552500009536743164e-01 7.402499914169311523e-01 2.752499878406524658e-01 4.337500035762786865e-01 6.625753045082092285e-01 3.627172410488128662e-01 7.764107584953308105e-01 6.358308792114257812e-01 3.036037087440490723e-01 4.736653566360473633e-01
6.202499866485595703e-01 6.754999756813049316e-01 3.052499890327453613e-01 7.287499904632568359e-01 2.812500000000000000e-01 8.947499990463256836e-01 5.246942639350891113e-01 6.925927996635437012e-01 3.557284176349639893e-01 6.658014059066772461e-01 2.728912532329559326e-01 3.814418017864227295e-01
9.242500066757202148e-01 5.005000233650207520e-01 6.162499785423278809e-01 5.257499814033508301e-01 7.982500195503234863e-01 2.792499959468841553e-01 8.840194940567016602e-01 3.264344930648803711e-01 6.424516439437866211e-01 3.700503706932067871e-01 7.897194623947143555e-01 2.995712459087371826e-01
5.582500100135803223e-01 3.838333189487457275e-01 3.772499859333038330e-01 4.975000023841857910e-02 5.062500238418579102e-01 7.472500205039978027e-01 5.463843941688537598e-01 4.658827185630798340e-01 3.716705739498138428e-01 1.237578764557838440e-01 4.944513738155364990e-01 5.423622131347656250e-01
2.742500007152557373e-01 2.431666702032089233e-01 6.825000047683715820e-02 1.872500032186508179e-01 7.892500162124633789e-01 7.912499904632568359e-01 2.386161983013153076e-01 4.975832104682922363e-01 2.176529765129089355e-01 1.981185823678970337e-01 7.380715012550354004e-01 7.469648718833923340e-01
8.725000172853469849e-02 5.738333463668823242e-01 8.117499947547912598e-01 8.967499732971191406e-01 4.697499871253967285e-01 8.602499961853027344e-01 4.263995587825775146e-02 5.272932648658752441e-01 7.874038815498352051e-01 7.883675694465637207e-01 4.871505498886108398e-01 5.553324222564697266e-01
4.222500026226043701e-01 3.244999945163726807e-01 6.075000017881393433e-02 5.477499961853027344e-01 8.737499713897705078e-01 9.267500042915344238e-01 3.777706027030944824e-01 5.215845108032226562e-01 1.470638066530227661e-01 6.060157418251037598e-01 8.500043749809265137e-01 5.829486846923828125e-01
9.992499947547912598e-01 2.108333259820938110e-01 4.542500078678131104e-01 9.667500257492065430e-01 7.722499966621398926e-01 5.147500038146972656e-01 8.953058123588562012e-01 3.129244744777679443e-01 7.557737827301025391e-01 7.971966862678527832e-01 7.664536833763122559e-01 4.326895773410797119e-01
3.097499907016754150e-01 5.391666889190673828e-01 8.897500038146972656e-01 1.025000028312206268e-02 7.647500038146972656e-01 5.742499828338623047e-01 3.191053569316864014e-01 3.272854387760162354e-01 4.370089173316955566e-01 2.688333690166473389e-01 7.685077786445617676e-01 5.511573553085327148e-01
7.925000041723251343e-02 4.868333339691162109e-01 4.742499887943267822e-01 2.274999953806400299e-02 9.662500023841857910e-01 8.462499976158142090e-01 2.954567410051822662e-02 5.208525061607360840e-01 5.591940283775329590e-01 2.296401560306549072e-02 9.992225170135498047e-01 7.972786426544189453e-01
9.525000303983688354e-02 5.774999856948852539e-01 1.882500052452087402e-01 4.282500147819519043e-01 5.407500267028808594e-01 2.332500070333480835e-01 1.411833316087722778e-01 6.435179710388183594e-01 3.654455542564392090e-01 4.788833260536193848e-01 5.193126201629638672e-01 3.718843758106231689e-01
9.477499723434448242e-01 2.308333367109298706e-01 1.042499989271163940e-01 3.242500126361846924e-01 1.475000008940696716e-02 7.307500243186950684e-01 8.759323358535766602e-01 3.170972466468811035e-01 1.658675819635391235e-01 2.526830136775970459e-01 3.356550633907318115e-02 6.904370188713073730e-01
5.802500247955322266e-01 2.501666545867919922e-01 4.724999889731407166e-02 3.677499890327453613e-01 6.427500247955322266e-01 2.027499973773956299e-01 5.856683254241943359e-01 4.378867149353027344e-01 3.758785426616668701e-01 2.835327684879302979e-01 6.137927770614624023e-01 4.401339590549468994e-01
8.777499794960021973e-01 4.665000140666961670e-01 8.137500286102294922e-01 7.487499713897705078e-01 5.057500004768371582e-01 6.837499737739562988e-01 8.953641057014465332e-01 3.868072330951690674e-01 7.363642454147338867e-01 6.463211178779602051e-01 5.465647578239440918e-01 3.941817283630371094e-01
8.002499938011169434e-01 3.785000145435333252e-01 3.072499930858612061e-01 7.832499742507934570e-01 1.722500026226043701e-01 9.412500262260437012e-01 7.200524806976318359e-01 5.087292194366455078e-01 4.894424080848693848e-01 7.374372482299804688e-01 1.628345847129821777e-01 6.418701410293579102e-01
4.162499904632568359e-01 3.471666574478149414e-01 4.787499904632568359e-01 3.037500083446502686e-01 8.972499966621398926e-01 8.075000345706939697e-02 4.097913801670074463e-01 4.802335500717163086e-01 6.215240359306335449e-01 3.485741913318634033e-01 7.715521454811096191e-01 2.946385443210601807e-01
5.857499837875366211e-01 5.264999866485595703e-01 9.624999761581420898e-02 1.667499989271163940e-01 6.437500119209289551e-01 8.047500252723693848e-01 5.288109183311462402e-01 4.211974143981933594e-01 2.034924626350402832e-01 2.268235981464385986e-01 6.215188503265380859e-01 6.699560284614562988e-01
7.462499737739562988e-01 4.435000121593475342e-01 5.262500047683715820e-01 9.722499847412109375e-01 5.317500233650207520e-01 2.937499880790710449e-01 6.957525014877319336e-01 4.685840606689453125e-01 7.154421806335449219e-01 8.914476633071899414e-01 5.557810664176940918e-01 5.663331151008605957e-01
8.632500171661376953e-01 4.165000021457672119e-01 4.027499854564666748e-01 8.617500066757202148e-01 4.562500119209289551e-01 8.847500085830688477e-01 8.830386996269226074e-01 5.354834794998168945e-01 5.724132657051086426e-01 7.227821350097656250e-01 4.670875370502471924e-01 4.909025728702545166e-01
8.207499980926513672e-01 3.451666533946990967e-01 3.482500016689300537e-01 8.142499923706054688e-01 9.872499704360961914e-01 8.472499847412109375e-01 7.160341739654541016e-01 2.602001130580902100e-01 4.906666576862335205e-01 7.002040147781372070e-01 9.661682248115539551e-01 4.921715855598449707e-01
5.992500185966491699e-01 7.551666498184204102e-01 8.052499890327453613e-01 4.177500009536743164e-01 7.957500219345092773e-01 1.612499952316284180e-01 6.193208694458007812e-01 5.593387484550476074e-01 4.424186944961547852e-01 6.218922734260559082e-01 7.676482200622558594e-01 3.993248045444488525e-01
3.627499938011169434e-01 5.935000181198120117e-01 5.862500071525573730e-01 1.075000036507844925e-02 5.074999853968620300e-02 5.107499957084655762e-01 3.609419167041778564e-01 5.001668334007263184e-01 5.503015518188476562e-01 7.122009992599487305e-02 7.075535506010055542e-02 4.792363643646240234e-01
3.424999862909317017e-02 4.754999876022338867e-01 7.697499990463256836e-01 2.577500045299530029e-01 8.107500076293945312e-01 5.792499780654907227e-01 1.977554336190223694e-02 5.336830615997314453e-01 8.476729393005371094e-01 3.675300180912017822e-01 7.844521403312683105e-01 4.567654430866241455e-01
6.872500181198120117e-01 1.895000040531158447e-01 7.222499847412109375e-01 8.382499814033508301e-01 9.427499771118164062e-01 2.312500029802322388e-01 7.290035486221313477e-01 2.842537462711334229e-01 7.499632835388183594e-01 7.246244549751281738e-01 8.814307451248168945e-01 3.540312051773071289e-01
6.422500014305114746e-01 5.651666522026062012e-01 7.967500090599060059e-01 4.024999961256980896e-02 5.324999988079071045e-02 3.187499940395355225e-01 7.002015709877014160e-01 4.121468663215637207e-01 6.955180764198303223e-01 7.064382731914520264e-02 6.737099587917327881e-02 4.834032058715820312e-01
1.597499996423721313e-01 2.758333384990692139e-01 2.612499892711639404e-01 7.782499790191650391e-01 6.602500081062316895e-01 3.822500109672546387e-01 1.666097640991210938e-01 3.348375856876373291e-01 4.036750495433807373e-01 7.362008690834045410e-01 6.142448782920837402e-01 4.967961609363555908e-01
2.687500119209289551e-01 6.104999780654907227e-01 4.147500097751617432e-01 2.887499928474426270e-01 8.177499771118164062e-01 2.337500005960464478e-01 2.788914442062377930e-01 6.330469846725463867e-01 4.437194168567657471e-01 3.718011677265167236e-01 7.676891684532165527e-01 2.734926342964172363e-01
7.812500000000000000e-01 1.751666665077209473e-01 3.517499864101409912e-01 4.552499949932098389e-01 5.249999929219484329e-03 9.752500057220458984e-01 7.767298221588134766e-01 2.801429629325866699e-01 4.842707216739654541e-01 2.479916214942932129e-01 3.302193060517311096e-02 6.777026057243347168e-01
9.192500114440917969e-01 4.514999985694885254e-01 6.262500286102294922e-01 7.275000214576721191e-02 7.157499790191650391e-01 9.662500023841857910e-01 8.622698783874511719e-01 4.615865945816040039e-01 3.583482205867767334e-01 1.918725818395614624e-01 7.064671516418457031e-01 4.474399685859680176e-01
5.237500071525573730e-01 5.421666502952575684e-01 4.572499990463256836e-01 7.225000113248825073e-02 6.075000017881393433e-02 4.832499921321868896e-01 5.022938251495361328e-01 5.360285043716430664e-01 4.874236583709716797e-01 7.930697500705718994e-02 5.819331854581832886e-02 4.556702673435211182e-01
6.557499766349792480e-01 3.031666576862335205e-01 8.272500038146972656e-01 2.447499930858612061e-01 3.577499985694885254e-01 2.302500009536743164e-01 6.291764378547668457e-01 4.447834193706512451e-01 7.983942031860351562e-01 2.893643379211425781e-01 3.489852249622344971e-01 3.188650012016296387e-01
7.922499775886535645e-01 2.451666593551635742e-01 2.677499949932098389e-01 3.075000084936618805e-02 9.747499823570251465e-01 6.012499928474426270e-01 7.404813766479492188e-01 5.168869495391845703e-01 2.374962866306304932e-01 2.249267250299453735e-01 9.331026673316955566e-01 4.856634438037872314e-01
6.927499771118164062e-01 6.318333148956298828e-01 3.787499964237213135e-01 6.617500185966491699e-01 3.747499883174896240e-01 4.137499928474426270e-01 7.609867453575134277e-01 6.227220892906188965e-01 4.423268437385559082e-01 6.139908432960510254e-01 3.736205995082855225e-01 3.983962833881378174e-01
9.382500052452087402e-01 3.701666593551635742e-01 8.425000309944152832e-02 3.137499988079071045e-01 5.662500262260437012e-01 3.982500135898590088e-01 8.519444465637207031e-01 4.608309864997863770e-01 1.781895011663436890e-01 3.360936939716339111e-01 5.442136526107788086e-01 5.242294669151306152e-01
7.152500152587890625e-01 2.968333363533020020e-01 3.749999916180968285e-03 2.847500145435333252e-01 3.277499973773956299e-01 7.597500085830688477e-01 6.637690067291259766e-01 3.620645999908447266e-01 1.247509941458702087e-01 1.364216208457946777e-01 3.046103417873382568e-01 7.757324576377868652e-01
8.377500176429748535e-01 7.304999828338623047e-01 8.007500171661376953e-01 3.725000098347663879e-02 3.237499892711639404e-01 1.352500021457672119e-01 8.900093436241149902e-01 5.399861335754394531e-01 5.220288634300231934e-01 8.924634754657745361e-02 3.444312512874603271e-01 2.286945432424545288e-01
9.022499918937683105e-01 2.164999991655349731e-01 8.612499833106994629e-01 5.582500100135803223e-01 6.122499704360961914e-01 6.552500128746032715e-01 8.181631565093994141e-01 3.309027254581451416e-01 8.588014841079711914e-01 6.509031653404235840e-01 5.607873201370239258e-01 3.413616716861724854e-01
4.032500088214874268e-01 2.255000025033950806e-01 6.592500209808349609e-01 9.312499761581420898e-01 5.867499709129333496e-01 9.574999660253524780e-02 4.649294018745422363e-01 3.594921827316284180e-01 8.298720121383666992e-01 8.515883088111877441e-01 5.696209073066711426e-01 4.382714331150054932e-01
5.562499761581420898e-01 3.861666619777679443e-01 6.532499790191650391e-01 4.712499976158142090e-01 6.737499833106994629e-01 8.522499799728393555e-01 5.362328290939331055e-01 3.704972565174102783e-01 4.423905909061431885e-01 5.088605284690856934e-01 6.642647385597229004e-01 4.347436726093292236e-01
9.547500014305114746e-01 3.425000011920928955e-01 2.362499982118606567e-01 2.532500028610229492e-01 3.957499861717224121e-01 3.624999895691871643e-02 9.036263227462768555e-01 5.536541342735290527e-01 5.112611651420593262e-01 1.304207295179367065e-01 3.615687489509582520e-01 2.458419948816299438e-01
1.967500001192092896e-01 5.351666808128356934e-01 5.907499790191650391e-01 6.075000017881393433e-02 9.127500057220458984e-01 9.517499804496765137e-01 1.265539228916168213e-01 4.551182687282562256e-01 4.451658725738525391e-01 1.022146269679069519e-01 9.932695031166076660e-01 7.838585376739501953e-01
6.597499847412109375e-01 2.834999859333038330e-01 8.867499828338623047e-01 8.802499771118164062e-01 9.377499818801879883e-01 3.167499899864196777e-01 6.655834913253784180e-01 2.611408233642578125e-01 8.080521225929260254e-01 9.475421905517578125e-01 9.302273392677307129e-01 4.690088629722595215e-01
3.872500061988830566e-01 4.365000128746032715e-01 9.387500286102294922e-01 8.342499732971191406e-01 6.622499823570251465e-01 1.447499990463256836e-01 3.987102210521697998e-01 3.234117329120635986e-01 8.453690409660339355e-01 7.372388243675231934e-01 6.295185685157775879e-01 3.506215512752532959e-01
8.697500228881835938e-01 5.304999947547912598e-01 9.707499742507934570e-01 6.927499771118164062e-01 5.352500081062316895e-01 5.874999985098838806e-02 9.431588053703308105e-01 4.002774357795715332e-01 7.855312228202819824e-01 6.271114945411682129e-01 5.492700934410095215e-01 3.693745434284210205e-01
8.425000309944152832e-02 3.655000030994415283e-01 1.875000074505805969e-02 4.672499895095825195e-01 2.232500016689300537e-01 3.777500092983245850e-01 1.363288164138793945e-01 4.624274075031280518e-01 5.318614840507507324e-02 6.806269884109497070e-01 1.494118422269821167e-01 6.174901723861694336e-01
2.907499969005584717e-01 4.438333213329315186e-01 6.312500238418579102e-01 9.792500138282775879e-01 9.562500119209289551e-01 8.197500109672546387e-01 2.727882266044616699e-01 4.617583453655242920e-01 7.822625637054443359e-01 9.451412558555603027e-01 9.162567257881164551e-01 5.773329138755798340e-01
6.397500038146972656e-01 7.154999971389770508e-01 5.697500109672546387e-01 5.147500038146972656e-01 6.047499775886535645e-01 2.947500050067901611e-01 6.770556569099426270e-01 5.310933589935302734e-01 4.115453958511352539e-01 4.649711251258850098e-01 6.241355538368225098e-01 4.085368216037750244e-01
6.424999982118606567e-02 3.221666812896728516e-01 1.432500034570693970e-01 9.674999862909317017e-02 7.162500023841857910e-01 4.102500081062316895e-01 9.489046782255172729e-02 5.974924564361572266e-01 2.758654356002807617e-01 2.746661901473999023e-01 5.962617993354797363e-01 6.189984679222106934e-01
7.432500123977661133e-01 3.411666750907897949e-01 5.337499976158142090e-01 6.142500042915344238e-01 6.477500200271606445e-01 8.992499709129333496e-01 6.433192491531372070e-01 3.874811232089996338e-01 6.325463056564331055e-01 5.735055208206176758e-01 6.620367169380187988e-01 4.150930941104888916e-01
4.422500133514404297e-01 1.764999926090240479e-01 4.402500092983245850e-01 1.772499978542327881e-01 7.625000178813934326e-02 4.262500107288360596e-01 4.397415816783905029e-01 2.720586359500885010e-01 7.137696743011474609e-01 8.030200004577636719e-02 6.280758976936340332e-02 5.513237118721008301e-01
8.474999666213989258e-02 4.178333282470703125e-01 2.502500116825103760e-01 3.462499976158142090e-01 1.792500019073486328e-01 7.874999940395355225e-02 1.036623939871788025e-01 5.899932384490966797e-01 5.427585244178771973e-01 4.165936410427093506e-01 1.169642955064773560e-01 2.945902943611145020e-01
9.212499856948852539e-01 5.285000205039978027e-01 5.617499947547912598e-01 9.492499828338623047e-01 5.022500157356262207e-01 6.872500181198120117e-01 9.184845089912414551e-01 4.515657126903533936e-01 6.013017296791076660e-01 8.295612335205078125e-01 5.549800395965576172e-01 5.806013345718383789e-01
9.367499947547912598e-01 3.151666522026062012e-01 9.037500023841857910e-01 7.222499847412109375e-01 3.497500121593475342e-01 3.747499883174896240e-01 8.809793591499328613e-01 2.737123668193817139e-01 8.680972456932067871e-01 7.472993135452270508e-01 3.738683760166168213e-01 3.615529239177703857e-01
8.624999970197677612e-02 7.328333258628845215e-01 8.352500200271606445e-01 5.232499837875366211e-01 8.042500019073486328e-01 1.337500065565109253e-01 6.368136405944824219e-02 5.886551737785339355e-01 6.721296310424804688e-01 4.445027112960815430e-01 8.762642145156860352e-01 3.997675776481628418e-01
5.807499885559082031e-01 3.148333430290222168e-01 5.957499742507934570e-01 1.624999940395355225e-02 9.624999761581420898e-02 6.322500109672546387e-01 5.518487095832824707e-01 3.848756551742553711e-01 7.144340276718139648e-01 6.938563287258148193e-02 8.692820370197296143e-02 4.879317283630371094e-01
2.087499946355819702e-01 8.308333158493041992e-01 8.952500224113464355e-01 2.347500026226043701e-01 1.957499980926513672e-01 4.662500023841857910e-01 2.253409922122955322e-01 6.067481040954589844e-01 6.224258542060852051e-01 3.356320261955261230e-01 2.539843618869781494e-01 2.799538075923919678e-01
8.332499861717224121e-01 3.888333439826965332e-01 5.274999886751174927e-02 4.912500083446502686e-01 2.452500015497207642e-01 1.102500036358833313e-01 8.247181773185729980e-01 5.140891671180725098e-01 4.175443649291992188e-01 2.343929260969161987e-01 2.418445348739624023e-01 3.797121345996856689e-01
5.397499799728393555e-01 4.061666727066040039e-01 6.297500133514404297e-01 3.267500102519989014e-01 3.487499952316284180e-01 5.725000053644180298e-02 5.003230571746826172e-01 3.896546065807342529e-01 8.394399285316467285e-01 1.942024976015090942e-01 3.343538343906402588e-01 2.894254624843597412e-01
5.572500228881835938e-01 6.501666903495788574e-01 5.007500052452087402e-01 8.547499775886535645e-01 7.812500000000000000e-01 9.452499747276306152e-01 5.267426967620849609e-01 5.892986059188842773e-01 4.164494276046752930e-01 9.552272558212280273e-01 7.851389050483703613e-01 5.992042422294616699e-01
1.724999956786632538e-02 2.105000019073486328e-01 3.075000084936618805e-02 3.967500030994415283e-01 8.824999630451202393e-02 2.392500042915344238e-01 6.770583987236022949e-02 3.225741982460021973e-01 7.531479746103286743e-02 5.193881988525390625e-01 8.269341662526130676e-03 4.495614469051361084e-01
1.117499992251396179e-01 3.808333277702331543e-01 1.052500009536743164e-01 5.272499918937683105e-01 7.074999809265136719e-02 1.727499961853027344e-01 1.834039688110351562e-01 4.624105989933013916e-01 2.378821074962615967e-01 6.046853065490722656e-01 3.190561383962631226e-02 3.656075000762939453e-01
6.842499971389770508e-01 2.198333293199539185e-01 5.412499904632568359e-01 3.177500069141387939e-01 4.387499988079071045e-01 1.007499992847442627e-01 8.313520550727844238e-01 2.908201217651367188e-01 4.705038368701934814e-01 1.493957042694091797e-01 4.436940848827362061e-01 3.862130343914031982e-01
3.897500038146972656e-01 7.645000219345092773e-01 2.977499961853027344e-01 9.697499871253967285e-01 2.027499973773956299e-01 3.512499928474426270e-01 4.478015899658203125e-01 7.189049720764160156e-01 3.341216146945953369e-01 9.001744985580444336e-01 1.952442079782485962e-01 4.210151433944702148e-01
4.377500116825103760e-01 3.538333475589752197e-01 5.725000053644180298e-02 3.642500042915344238e-01 2.675000019371509552e-02 4.397499859333038330e-01 4.822276830673217773e-01 3.850148916244506836e-01 7.546443492174148560e-02 4.153117537498474121e-01 3.295572474598884583e-02 6.305261254310607910e-01
3.567500114440917969e-01 3.388333320617675781e-01 5.867499709129333496e-01 6.472499966621398926e-01 5.577499866485595703e-01 3.337500095367431641e-01 3.949206769466400146e-01 3.496845662593841553e-01 6.615133881568908691e-01 6.036542654037475586e-01 5.636762380599975586e-01 4.205086827278137207e-01
4.174999892711639404e-02 7.754999995231628418e-01 2.872500121593475342e-01 9.377499818801879883e-01 2.587499916553497314e-01 1.472499966621398926e-01 3.479417413473129272e-02 8.027352094650268555e-01 3.449437320232391357e-01 9.415438771247863770e-01 2.391062825918197632e-01 2.642975747585296631e-01
5.652499794960021973e-01 6.051666736602783203e-01 2.692500054836273193e-01 4.037500023841857910e-01 1.512500047683715820e-01 5.232499837875366211e-01 5.251851677894592285e-01 6.312551498413085938e-01 3.051542341709136963e-01 5.046203732490539551e-01 1.397896707057952881e-01 4.321865141391754150e-01
5.147500038146972656e-01 7.461666464805603027e-01 4.427500069141387939e-01 2.087499946355819702e-01 4.997499883174896240e-01 3.462499976158142090e-01 4.954047799110412598e-01 6.672662496566772461e-01 3.482238054275512695e-01 3.422294557094573975e-01 4.728106260299682617e-01 2.902325391769409180e-01
1.832499951124191284e-01 1.901666671037673950e-01 9.902499914169311523e-01 3.447499871253967285e-01 4.292500019073486328e-01 1.432500034570693970e-01 2.407156676054000854e-01 3.014954924583435059e-01 8.714392185211181641e-01 2.208138108253479004e-01 3.954422473907470703e-01 3.252141475677490234e-01
6.177499890327453613e-01 6.188333630561828613e-01 4.407500028610229492e-01 3.187499940395355225e-01 5.037500262260437012e-01 1.127500012516975403e-01 6.582631468772888184e-01 5.749817490577697754e-01 4.841322004795074463e-01 2.001380324363708496e-01 4.703145325183868408e-01 2.753199040889739990e-01
2.542499899864196777e-01 5.245000123977661133e-01 5.952500104904174805e-01 8.477500081062316895e-01 5.725000053644180298e-02 4.232499897480010986e-01 2.849763333797454834e-01 4.423355460166931152e-01 6.292957067489624023e-01 8.122725486755371094e-01 6.462494283914566040e-02 5.143000483512878418e-01
7.232499718666076660e-01 4.351666569709777832e-01 1.682499945163726807e-01 6.122499704360961914e-01 1.682499945163726807e-01 6.467499732971191406e-01 8.099460005760192871e-01 4.146648943424224854e-01 9.046612679958343506e-02 5.039483904838562012e-01 1.502560675144195557e-01 6.666269898414611816e-01
5.967500209808349609e-01 5.328333377838134766e-01 5.092499852180480957e-01 5.947499871253967285e-01 3.992500007152557373e-01 3.677499890327453613e-01 6.898909211158752441e-01 5.380667448043823242e-01 5.328673124313354492e-01 4.194729626178741455e-01 4.204215109348297119e-01 3.857458829879760742e-01
1.562500000000000000e-01 2.598333358764648438e-01 1.867499947547912598e-01 7.337499856948852539e-01 2.272499948740005493e-01 7.625000178813934326e-02 2.291264235973358154e-01 5.221459865570068359e-01 5.655557513236999512e-01 4.929842352867126465e-01 1.453608870506286621e-01 3.639273345470428467e-01
