2.817200124263763428e-01 2.428318262100219727e-01 6.349735260009765625e-01 5.497174859046936035e-01 5.123487710952758789e-01 2.889033406972885132e-02 4.576143324375152588e-01 3.770048320293426514e-01 2.579075694084167480e-01 6.847215294837951660e-01 4.943798780441284180e-01 5.388607978820800781e-01 5.540095567703247070e-01 4.641836583614349365e-01
4.539249837398529053e-02 6.400160193443298340e-01 1.193045005202293396e-01 2.625067532062530518e-01 2.417974919080734253e-02 8.794419169425964355e-01 3.599239885807037354e-01 5.084104370325803757e-03 8.129508495330810547e-01 1.527670770883560181e-01 6.229517050087451935e-03 2.052659355103969574e-02 8.362177610397338867e-01 3.038133382797241211e-01
7.798550128936767578e-01 4.261656701564788818e-01 2.231547534465789795e-01 9.638224840164184570e-01 8.622482419013977051e-01 3.938568830490112305e-01 6.200990080833435059e-01 6.969389319419860840e-01 5.341043472290039062e-01 4.909226894378662109e-01 8.264070153236389160e-01 8.412709832191467285e-01 4.151457548141479492e-01 4.371410012245178223e-01
4.449824988842010498e-01 1.730004996061325073e-01 1.919837445020675659e-01 8.914049863815307617e-01 4.474482536315917969e-01 1.133459582924842834e-01 3.014020025730133057e-01 4.922892153263092041e-01 3.338646292686462402e-01 5.724476575851440430e-01 6.003861427307128906e-01 4.913742244243621826e-01 4.475445151329040527e-01 3.862132430076599121e-01
3.339149951934814453e-01 4.823488295078277588e-01 9.623647332191467285e-01 4.525727629661560059e-01 6.711884737014770508e-01 8.217902779579162598e-01 1.188416630029678345e-01 3.722989857196807861e-01 3.283986747264862061e-01 6.219444870948791504e-01 5.657141208648681641e-01 7.252292633056640625e-01 5.333208441734313965e-01 3.898174762725830078e-01
1.640650033950805664e-01 2.728306651115417480e-01 5.832762718200683594e-01 5.042325258255004883e-01 4.812425076961517334e-01 8.335813879966735840e-02 5.751573443412780762e-01 1.990588307380676270e-01 3.112495839595794678e-01 6.309282183647155762e-01 5.197447538375854492e-01 4.822526276111602783e-01 5.117828845977783203e-01 4.198999404907226562e-01
3.900099992752075195e-01 2.739291787147521973e-01 3.150264918804168701e-01 3.430207371711730957e-01 1.287014931440353394e-01 9.063737392425537109e-01 5.168513059616088867e-01 3.313595056533813477e-01 4.398862421512603760e-01 4.020417034626007080e-01 3.028843402862548828e-01 1.045074462890625000e-01 6.101515889167785645e-01 4.686196148395538330e-01
1.284125000238418579e-01 1.719155013561248779e-01 5.350260138511657715e-01 2.646502554416656494e-01 8.763049840927124023e-01 5.629256367683410645e-01 3.499099984765052795e-02 6.073320284485816956e-02 2.187490165233612061e-01 7.199953198432922363e-01 4.277896285057067871e-01 9.445528388023376465e-01 5.693663954734802246e-01 1.735318750143051147e-01
1.445074975490570068e-01 4.729340076446533203e-01 7.897175103425979614e-02 8.761600255966186523e-01 3.548862636089324951e-01 5.823444724082946777e-01 3.159376680850982666e-01 1.015981882810592651e-01 6.744247078895568848e-01 9.925101697444915771e-02 8.143827319145202637e-01 4.141326546669006348e-01 5.289676189422607422e-01 7.200500965118408203e-01
6.806275248527526855e-01 6.559263467788696289e-01 7.233687639236450195e-01 5.689550042152404785e-01 3.091317415237426758e-01 4.911198019981384277e-01 1.333433296531438828e-02 8.059462904930114746e-01 4.286873042583465576e-01 5.250054001808166504e-01 5.127862095832824707e-01 4.080905318260192871e-01 4.607793688774108887e-01 2.982983291149139404e-01
9.969300031661987305e-01 1.853153407573699951e-01 5.946162343025207520e-01 3.194234967231750488e-01 6.363099813461303711e-02 1.232825219631195068e-01 3.152573406696319580e-01 9.101809263229370117e-01 1.772263199090957642e-01 8.633459806442260742e-01 4.607802629470825195e-01 8.883729577064514160e-02 5.161121487617492676e-01 6.586835980415344238e-01
3.915224969387054443e-01 4.399886727333068848e-01 3.655945062637329102e-01 6.860575079917907715e-01 7.004935145378112793e-01 8.386942744255065918e-02 3.685076534748077393e-01 3.819093406200408936e-01 4.618811011314392090e-01 5.583316683769226074e-01 6.259187459945678711e-01 6.795924901962280273e-01 3.221150636672973633e-01 2.768488526344299316e-01
9.506275057792663574e-01 6.128249764442443848e-01 1.361224949359893799e-01 7.617350220680236816e-01 9.079587459564208984e-01 9.126816391944885254e-01 9.433433413505554199e-01 7.731329202651977539e-01 5.372058749198913574e-01 3.169900178909301758e-01 6.129271388053894043e-01 8.113079667091369629e-01 6.566733121871948242e-01 7.461898326873779297e-01
1.074424982070922852e-01 3.771494925022125244e-01 7.191944718360900879e-01 7.471150159835815430e-01 2.170749939978122711e-02 7.507810741662979126e-02 2.692546546459197998e-01 1.549930572509765625e-01 4.392910003662109375e-01 7.711908221244812012e-01 7.584798932075500488e-01 6.637436151504516602e-02 3.320883810520172119e-01 4.626725614070892334e-01
7.293300032615661621e-01 2.239926606416702271e-01 4.996367394924163818e-01 4.466232359409332275e-01 4.925682544708251953e-01 9.836612939834594727e-01 9.378047585487365723e-01 6.287692189216613770e-01 2.721412777900695801e-01 5.806124210357666016e-01 4.526375532150268555e-01 4.374111592769622803e-01 5.217184424400329590e-01 4.471301138401031494e-01
6.259425282478332520e-01 3.014331758022308350e-01 1.485912501811981201e-01 4.580957591533660889e-01 7.705637216567993164e-01 8.267338275909423828e-01 2.553633451461791992e-01 5.654290914535522461e-01 5.201545357704162598e-01 2.108388841152191162e-01 3.766003549098968506e-01 7.716054916381835938e-01 5.270719528198242188e-01 5.743336081504821777e-01
3.660899996757507324e-01 2.527939975261688232e-01 7.037402391433715820e-01 5.978599786758422852e-01 6.748697757720947266e-01 7.463386654853820801e-01 2.581023275852203369e-01 3.282308280467987061e-01 2.439912408590316772e-01 6.359681487083435059e-01 5.930231809616088867e-01 6.910660266876220703e-01 5.804165005683898926e-01 3.820472657680511475e-01
3.643549978733062744e-01 8.031976819038391113e-01 6.656810045242309570e-01 1.120777502655982971e-01 2.856124937534332275e-02 5.675760507583618164e-01 7.655128836631774902e-01 2.825389206409454346e-01 5.809964537620544434e-01 3.766344785690307617e-01 2.601687610149383545e-01 3.331584110856056213e-02 5.734577178955078125e-01 4.237015545368194580e-01
2.780900001525878906e-01 1.792176663875579834e-01 9.288704991340637207e-01 6.176350116729736328e-01 9.227149933576583862e-02 5.913984775543212891e-01 9.506603479385375977e-01 3.270513415336608887e-01 2.440170645713806152e-01 6.809222698211669922e-01 6.387643218040466309e-01 2.117147296667098999e-02 6.139804720878601074e-01 8.225519657135009766e-01
2.356700003147125244e-01 5.783045291900634766e-01 5.420337319374084473e-01 6.593250036239624023e-01 6.885660290718078613e-01 7.283633351325988770e-01 1.879143267869949341e-01 2.488935291767120361e-01 4.823918938636779785e-01 4.452292621135711670e-01 5.255217552185058594e-01 8.274050354957580566e-01 3.859338164329528809e-01 3.768927752971649170e-01
9.668574929237365723e-01 1.919428259134292603e-01 6.263830065727233887e-01 8.953624963760375977e-01 9.742457270622253418e-01 7.615771889686584473e-01 1.582150012254714966e-01 8.890704512596130371e-01 2.520876824855804443e-01 7.093217968940734863e-01 7.392175793647766113e-01 9.201381802558898926e-01 6.487635374069213867e-01 2.084945887327194214e-01
1.802050024271011353e-01 4.150078296661376953e-01 3.737749904394149780e-02 1.352314949035644531e-01 7.568194866180419922e-01 6.386690586805343628e-02 7.936084270477294922e-01 2.120561748743057251e-01 5.142192244529724121e-01 1.367824673652648926e-01 2.398574650287628174e-01 7.261376976966857910e-01 4.394625127315521240e-01 4.910475909709930420e-01
6.814774870872497559e-01 3.800818324089050293e-01 3.593422472476959229e-01 6.565399765968322754e-01 4.243335127830505371e-01 1.351579725742340088e-01 1.919530034065246582e-01 7.161061763763427734e-01 4.304180145263671875e-01 5.290263295173645020e-01 6.179632544517517090e-01 4.659629464149475098e-01 3.638782799243927002e-01 2.765009105205535889e-01
4.019599854946136475e-01 4.681201577186584473e-01 5.185887217521667480e-01 3.967222571372985840e-01 2.856342494487762451e-01 2.351643443107604980e-01 5.484333261847496033e-02 4.385873675346374512e-01 4.659873247146606445e-01 5.260633230209350586e-01 5.147888660430908203e-01 3.270716667175292969e-01 3.632642626762390137e-01 3.091637492179870605e-01
9.314125180244445801e-01 2.637443244457244873e-01 5.814767479896545410e-01 2.277624979615211487e-02 8.870834708213806152e-01 3.887223303318023682e-01 6.581820249557495117e-01 8.468552827835083008e-01 3.519307374954223633e-01 5.482351779937744141e-01 3.406819701194763184e-01 8.501443266868591309e-01 6.916512250900268555e-01 5.281948447227478027e-01
4.319350123405456543e-01 2.201023399829864502e-01 2.271544933319091797e-01 2.004617452621459961e-01 7.734645009040832520e-01 1.259227246046066284e-01 8.821533918380737305e-01 4.061667919158935547e-01 4.080249667167663574e-01 4.317642152309417725e-01 4.199866652488708496e-01 6.312004327774047852e-01 5.098536014556884766e-01 4.681115746498107910e-01
9.908249974250793457e-02 3.643186688423156738e-01 3.800162374973297119e-01 4.586944878101348877e-01 9.990582466125488281e-01 2.283266633749008179e-01 8.083066344261169434e-02 8.402272313833236694e-02 3.876955211162567139e-01 4.307634532451629639e-01 3.992055952548980713e-01 9.963518381118774414e-01 3.188871443271636963e-01 1.402212679386138916e-01
1.382649987936019897e-01 4.242379963397979736e-01 3.870057463645935059e-01 2.739222645759582520e-01 1.535300016403198242e-01 8.454275727272033691e-01 6.823347806930541992e-01 6.658136844635009766e-02 5.162953138351440430e-01 4.823302030563354492e-01 2.839432060718536377e-01 1.366004198789596558e-01 6.663722395896911621e-01 4.809400439262390137e-01
4.052499774843454361e-03 4.715193212032318115e-01 8.828007578849792480e-01 7.200124859809875488e-01 7.454494833946228027e-01 2.316546440124511719e-01 9.594941139221191406e-01 1.508375979028642178e-03 6.026161313056945801e-01 8.543491363525390625e-01 9.231313467025756836e-01 6.889357566833496094e-01 2.926768958568572998e-01 6.295421123504638672e-01
1.999824941158294678e-01 4.529278278350830078e-01 1.536564975976943970e-01 5.150550007820129395e-01 2.908100001513957977e-02 4.583289027214050293e-01 5.162556767463684082e-01 1.697387099266052246e-01 5.458622574806213379e-01 3.970555961132049561e-01 4.839413762092590332e-01 5.084865167737007141e-02 5.588926076889038086e-01 5.225010514259338379e-01
3.538450002670288086e-01 1.902383267879486084e-01 2.484862506389617920e-01 5.129550099372863770e-01 3.490292429924011230e-01 5.120608806610107422e-01 6.247966736555099487e-02 3.663113117218017578e-01 3.485292196273803711e-01 4.813842177391052246e-01 3.798570334911346436e-01 3.767624199390411377e-01 5.287368297576904297e-01 4.051286280155181885e-01
8.557350039482116699e-01 3.413478434085845947e-01 6.399185061454772949e-01 4.771282374858856201e-01 2.543214857578277588e-01 6.311722993850708008e-01 6.887222528457641602e-01 8.619757294654846191e-01 3.827745914459228516e-01 6.288091540336608887e-01 5.693226456642150879e-01 2.973638772964477539e-01 5.418657064437866211e-01 4.485845267772674561e-01
7.788749933242797852e-01 1.939969956874847412e-01 7.486305236816406250e-01 8.033400028944015503e-02 7.285297513008117676e-01 6.470609307289123535e-01 3.644200041890144348e-02 6.500405073165893555e-01 3.612125515937805176e-01 5.390955209732055664e-01 5.410975217819213867e-01 6.945410370826721191e-01 4.394856691360473633e-01 2.736404836177825928e-01
6.271250247955322266e-01 1.996716707944869995e-01 8.539312481880187988e-01 7.863399982452392578e-01 3.019177615642547607e-01 6.361659765243530273e-01 9.492045044898986816e-01 6.819670796394348145e-01 1.920683681964874268e-01 7.590253949165344238e-01 7.289605140686035156e-01 2.473998963832855225e-01 4.861158728599548340e-01 6.676230430603027344e-01
3.933550119400024414e-01 7.792611718177795410e-01 2.256225049495697021e-01 4.539837539196014404e-01 9.645607471466064453e-01 5.436675548553466797e-01 9.842261672019958496e-01 3.559329211711883545e-01 6.645215749740600586e-01 6.134690344333648682e-02 5.142666101455688477e-01 8.559643626213073730e-01 5.871701240539550781e-01 7.434924840927124023e-01
4.176250100135803223e-02 2.605246603488922119e-01 8.082550168037414551e-01 7.088400125503540039e-01 9.726099669933319092e-02 8.720312118530273438e-01 5.954156517982482910e-01 4.591550678014755249e-03 2.716973423957824707e-01 8.589243292808532715e-01 7.347379922866821289e-01 4.780442640185356140e-02 7.183012962341308594e-01 7.159091234207153320e-01
6.312825083732604980e-01 2.546228468418121338e-01 5.712372660636901855e-01 3.460980057716369629e-01 6.178572773933410645e-01 4.528657495975494385e-01 1.277023404836654663e-01 6.833232641220092773e-01 2.555060088634490967e-01 5.515707135200500488e-01 3.459922969341278076e-01 6.819121837615966797e-01 5.991666913032531738e-01 3.130641281604766846e-01
1.987649947404861450e-01 2.743841707706451416e-01 9.119752645492553711e-01 9.380350112915039062e-01 6.959974765777587891e-01 3.948940336704254150e-01 7.560707330703735352e-01 2.272222489118576050e-01 2.321070879697799683e-01 8.369745016098022461e-01 8.588153123855590820e-01 6.785247325897216797e-01 5.382006764411926270e-01 5.430870056152343750e-01
2.710725069046020508e-01 5.734021663665771484e-01 3.155847489833831787e-01 5.611975193023681641e-01 6.579167246818542480e-01 1.268856525421142578e-01 2.591633424162864685e-02 2.795805931091308594e-01 5.750618577003479004e-01 3.810058236122131348e-01 6.188613772392272949e-01 7.880768775939941406e-01 2.889706492424011230e-01 3.865594565868377686e-01
2.044575065374374390e-01 6.246816515922546387e-01 3.054497539997100830e-01 6.257774829864501953e-01 8.180882334709167480e-01 8.765958249568939209e-02 9.826537370681762695e-01 2.050950825214385986e-01 5.975121259689331055e-01 3.288476765155792236e-01 6.747890710830688477e-01 6.830041408538818359e-01 3.348785638809204102e-01 5.227670073509216309e-01
1.500625014305114746e-01 5.123521685600280762e-01 1.863054931163787842e-01 7.742224633693695068e-02 5.120747685432434082e-01 8.886257410049438477e-01 1.990929991006851196e-01 1.000776514410972595e-01 4.706831872463226318e-01 2.032025158405303955e-01 8.314338326454162598e-02 5.528472065925598145e-01 5.939989089965820312e-01 3.764552474021911621e-01
7.619249820709228516e-01 5.623946785926818848e-01 7.566737532615661621e-01 5.573624968528747559e-01 1.388995051383972168e-01 9.981855750083923340e-01 3.868726789951324463e-01 8.621040582656860352e-01 4.046905934810638428e-01 6.237786412239074707e-01 3.702108561992645264e-01 1.828912347555160522e-01 6.476098299026489258e-01 4.910031557083129883e-01
9.917999804019927979e-02 8.105639815330505371e-01 9.747987389564514160e-01 7.417950034141540527e-02 1.971040070056915283e-01 8.333922028541564941e-01 1.052133366465568542e-02 7.062029838562011719e-02 5.406347513198852539e-01 5.604962110519409180e-01 1.492955088615417480e-01 3.133123219013214111e-01 6.228008270263671875e-01 3.560662567615509033e-01
1.180450022220611572e-01 5.258161425590515137e-01 3.197174891829490662e-02 3.379600048065185547e-01 1.635382473468780518e-01 3.489731252193450928e-01 4.183226525783538818e-01 1.057063192129135132e-01 5.206757187843322754e-01 7.214872539043426514e-02 2.947284877300262451e-01 1.621123403310775757e-01 6.769028902053833008e-01 5.425475835800170898e-01
3.882024884223937988e-01 2.249021679162979126e-01 6.726797223091125488e-01 9.212700128555297852e-01 6.600842475891113281e-01 5.994726419448852539e-01 2.185086607933044434e-01 3.947187960147857666e-01 2.153535634279251099e-01 7.843899130821228027e-01 7.674284577369689941e-01 6.910614371299743652e-01 5.534770488739013672e-01 3.846499621868133545e-01
4.109925031661987305e-01 6.649144887924194336e-01 8.350780010223388672e-01 9.475824832916259766e-01 4.614642560482025146e-01 5.095159411430358887e-01 3.747733309864997864e-02 3.998358547687530518e-01 6.303851008415222168e-01 6.839600801467895508e-01 8.775944709777832031e-01 5.272845625877380371e-01 2.341740280389785767e-01 3.063361346721649170e-01
6.583349704742431641e-01 3.264728188514709473e-01 1.187812536954879761e-01 7.566974759101867676e-01 1.733645051717758179e-01 5.806132405996322632e-02 2.242893278598785400e-01 7.423508763313293457e-01 5.104768276214599609e-01 4.408331215381622314e-01 5.009558200836181641e-01 1.586845666170120239e-01 4.562113881111145020e-01 3.856827616691589355e-01
7.883725166320800781e-01 6.593629717826843262e-01 8.596755266189575195e-01 2.987412512302398682e-01 7.223179936408996582e-01 4.795535206794738770e-01 9.717208743095397949e-01 7.497962713241577148e-01 5.105567574501037598e-01 4.278167188167572021e-01 5.486751198768615723e-01 6.011959314346313477e-01 4.928996562957763672e-01 5.003147125244140625e-01
2.229599952697753906e-01 5.477301478385925293e-01 1.433512568473815918e-01 7.683675289154052734e-01 2.172455042600631714e-01 8.682365417480468750e-01 6.173650026321411133e-01 1.837420016527175903e-01 5.650752782821655273e-01 1.104595810174942017e-01 6.359578371047973633e-01 2.239896059036254883e-01 6.681333780288696289e-01 6.817376017570495605e-01
2.096750028431415558e-02 3.860625028610229492e-01 2.796250022947788239e-02 2.733870148658752441e-01 9.157245159149169922e-01 5.558437108993530273e-01 5.390610098838806152e-01 1.208262052386999130e-02 3.888753056526184082e-01 1.446230262517929077e-01 1.748150214552879333e-03 9.181567430496215820e-01 6.045596003532409668e-01 2.283169031143188477e-01
