7.883725166320800781e-01 6.593629717826843262e-01 8.596755266189575195e-01 2.987412512302398682e-01 7.223179936408996582e-01 4.795535206794738770e-01 9.717208743095397949e-01 7.023180723190307617e-01 4.990297257900238037e-01 4.752755761146545410e-01 5.085918903350830078e-01 5.827313661575317383e-01 4.516679346561431885e-01 4.850285649299621582e-01
2.044575065374374390e-01 6.246816515922546387e-01 3.054497539997100830e-01 6.257774829864501953e-01 8.180882334709167480e-01 8.765958249568939209e-02 9.826537370681762695e-01 2.288150787353515625e-01 5.891631245613098145e-01 2.618677914142608643e-01 6.742384433746337891e-01 6.571208834648132324e-01 3.716399669647216797e-01 5.543132424354553223e-01
7.798550128936767578e-01 4.261656701564788818e-01 2.231547534465789795e-01 9.638224840164184570e-01 8.622482419013977051e-01 3.938568830490112305e-01 6.200990080833435059e-01 7.290530204772949219e-01 5.668547749519348145e-01 4.728480875492095947e-01 8.721128702163696289e-01 8.510576486587524414e-01 3.773275017738342285e-01 4.940913617610931396e-01
1.640650033950805664e-01 2.728306651115417480e-01 5.832762718200683594e-01 5.042325258255004883e-01 4.812425076961517334e-01 8.335813879966735840e-02 5.751573443412780762e-01 2.513034641742706299e-01 3.888297080993652344e-01 6.737948656082153320e-01 5.575090050697326660e-01 4.696044325828552246e-01 4.210860133171081543e-01 4.103751778602600098e-01
4.319350123405456543e-01 2.201023399829864502e-01 2.271544933319091797e-01 2.004617452621459961e-01 7.734645009040832520e-01 1.259227246046066284e-01 8.821533918380737305e-01 4.417456686496734619e-01 3.942519724369049072e-01 3.735904097557067871e-01 3.788133561611175537e-01 6.068096160888671875e-01 4.997639656066894531e-01 4.745415747165679932e-01
2.096750028431415558e-02 3.860625028610229492e-01 2.796250022947788239e-02 2.733870148658752441e-01 9.157245159149169922e-01 5.558437108993530273e-01 5.390610098838806152e-01 1.688128709793090820e-02 5.223091244697570801e-01 1.160439848899841309e-01 1.777408993802964687e-03 9.765483736991882324e-01 8.063013553619384766e-01 1.179831698536872864e-01
7.788749933242797852e-01 1.939969956874847412e-01 7.486305236816406250e-01 8.033400028944015503e-02 7.285297513008117676e-01 6.470609307289123535e-01 3.644200041890144348e-02 5.990428328514099121e-01 3.646641969680786133e-01 6.028280258178710938e-01 4.967147409915924072e-01 6.565557122230529785e-01 4.858074486255645752e-01 3.043303787708282471e-01
3.900099992752075195e-01 2.739291787147521973e-01 3.150264918804168701e-01 3.430207371711730957e-01 1.287014931440353394e-01 9.063737392425537109e-01 5.168513059616088867e-01 3.750187456607818604e-01 4.549556076526641846e-01 4.366890490055084229e-01 3.334315419197082520e-01 9.492596238851547241e-02 5.406283140182495117e-01 4.309320747852325439e-01
9.668574929237365723e-01 1.919428259134292603e-01 6.263830065727233887e-01 8.953624963760375977e-01 9.742457270622253418e-01 7.615771889686584473e-01 1.582150012254714966e-01 8.923777937889099121e-01 2.884247899055480957e-01 7.314270138740539551e-01 7.599523067474365234e-01 9.244172573089599609e-01 5.807682871818542480e-01 2.287816852331161499e-01
3.660899996757507324e-01 2.527939975261688232e-01 7.037402391433715820e-01 5.978599786758422852e-01 6.748697757720947266e-01 7.463386654853820801e-01 2.581023275852203369e-01 3.477962017059326172e-01 3.159953355789184570e-01 7.080810666084289551e-01 6.300868391990661621e-01 6.625972986221313477e-01 4.516080021858215332e-01 4.357390701770782471e-01
3.915224969387054443e-01 4.399886727333068848e-01 3.655945062637329102e-01 6.860575079917907715e-01 7.004935145378112793e-01 8.386942744255065918e-02 3.685076534748077393e-01 3.953939378261566162e-01 4.900818765163421631e-01 5.318977236747741699e-01 6.427448987960815430e-01 6.649208068847656250e-01 3.735921382904052734e-01 3.792897164821624756e-01
1.180450022220611572e-01 5.258161425590515137e-01 3.197174891829490662e-02 3.379600048065185547e-01 1.635382473468780518e-01 3.489731252193450928e-01 4.183226525783538818e-01 1.285456269979476929e-01 4.999156594276428223e-01 7.998999208211898804e-02 3.375039398670196533e-01 1.817217618227005005e-01 6.743588447570800781e-01 5.697867870330810547e-01
6.583349704742431641e-01 3.264728188514709473e-01 1.187812536954879761e-01 7.566974759101867676e-01 1.733645051717758179e-01 5.806132405996322632e-02 2.242893278598785400e-01 7.195339202880859375e-01 4.245258867740631104e-01 5.174609422683715820e-01 4.596360027790069580e-01 1.515084505081176758e-01 5.157135725021362305e-01 4.442019462585449219e-01
1.382649987936019897e-01 4.242379963397979736e-01 3.870057463645935059e-01 2.739222645759582520e-01 1.535300016403198242e-01 8.454275727272033691e-01 6.823347806930541992e-01 1.300966143608093262e-01 4.581941664218902588e-01 4.796822369098663330e-01 3.918786048889160156e-01 1.402993053197860718e-01 5.779591798782348633e-01 4.624011516571044922e-01
4.019599854946136475e-01 4.681201577186584473e-01 5.185887217521667480e-01 3.967222571372985840e-01 2.856342494487762451e-01 2.351643443107604980e-01 5.484333261847496033e-02 4.432085454463958740e-01 5.232667326927185059e-01 5.403240323066711426e-01 4.862074851989746094e-01 2.595169842243194580e-01 3.896212577819824219e-01 3.418374657630920410e-01
1.999824941158294678e-01 4.529278278350830078e-01 1.536564975976943970e-01 5.150550007820129395e-01 2.908100001513957977e-02 4.583289027214050293e-01 5.162556767463684082e-01 2.319998592138290405e-01 5.277953147888183594e-01 3.872769773006439209e-01 5.272971987724304199e-01 4.952173680067062378e-02 4.866909980773925781e-01 5.404872298240661621e-01
6.259425282478332520e-01 3.014331758022308350e-01 1.485912501811981201e-01 4.580957591533660889e-01 7.705637216567993164e-01 8.267338275909423828e-01 2.553633451461791992e-01 5.850869417190551758e-01 5.534259676933288574e-01 1.420771330595016479e-01 3.476218283176422119e-01 8.031340241432189941e-01 5.229219198226928711e-01 6.611905694007873535e-01
3.643549978733062744e-01 8.031976819038391113e-01 6.656810045242309570e-01 1.120777502655982971e-01 2.856124937534332275e-02 5.675760507583618164e-01 7.655128836631774902e-01 3.452294170856475830e-01 5.822939872741699219e-01 4.039297103881835938e-01 2.620626688003540039e-01 2.567014656960964203e-02 5.723381638526916504e-01 4.837135672569274902e-01
1.284125000238418579e-01 1.719155013561248779e-01 5.350260138511657715e-01 2.646502554416656494e-01 8.763049840927124023e-01 5.629256367683410645e-01 3.499099984765052795e-02 9.699318557977676392e-02 2.414469867944717407e-01 6.318870782852172852e-01 3.156370520591735840e-01 9.401310682296752930e-01 4.830647110939025879e-01 2.458209991455078125e-01
2.229599952697753906e-01 5.477301478385925293e-01 1.433512568473815918e-01 7.683675289154052734e-01 2.172455042600631714e-01 8.682365417480468750e-01 6.173650026321411133e-01 1.678567379713058472e-01 5.375335812568664551e-01 8.136443793773651123e-02 5.609750747680664062e-01 2.596571743488311768e-01 6.581077575683593750e-01 7.058836817741394043e-01
8.557350039482116699e-01 3.413478434085845947e-01 6.399185061454772949e-01 4.771282374858856201e-01 2.543214857578277588e-01 6.311722993850708008e-01 6.887222528457641602e-01 8.515921235084533691e-01 3.409419059753417969e-01 6.508220434188842773e-01 6.111976504325866699e-01 2.393620610237121582e-01 5.450145602226257324e-01 4.711479246616363525e-01
3.538450002670288086e-01 1.902383267879486084e-01 2.484862506389617920e-01 5.129550099372863770e-01 3.490292429924011230e-01 5.120608806610107422e-01 6.247966736555099487e-02 4.162856042385101318e-01 3.605172038078308105e-01 4.899484813213348389e-01 4.313965737819671631e-01 3.938945829868316650e-01 4.835428595542907715e-01 4.165098369121551514e-01
1.802050024271011353e-01 4.150078296661376953e-01 3.737749904394149780e-02 1.352314949035644531e-01 7.568194866180419922e-01 6.386690586805343628e-02 7.936084270477294922e-01 2.188335806131362915e-01 5.360508561134338379e-01 1.034031212329864502e-01 2.174677550792694092e-01 7.721002101898193359e-01 4.890761673450469971e-01 5.005686879158020020e-01
1.500625014305114746e-01 5.123521685600280762e-01 1.863054931163787842e-01 7.742224633693695068e-02 5.120747685432434082e-01 8.886257410049438477e-01 1.990929991006851196e-01 1.022908687591552734e-01 5.036926269531250000e-01 1.838545799255371094e-01 1.502674072980880737e-01 4.694265425205230713e-01 6.550305485725402832e-01 3.095216155052185059e-01
9.314125180244445801e-01 2.637443244457244873e-01 5.814767479896545410e-01 2.277624979615211487e-02 8.870834708213806152e-01 3.887223303318023682e-01 6.581820249557495117e-01 8.057864308357238770e-01 3.124692738056182861e-01 4.356681108474731445e-01 3.481292128562927246e-01 8.417548537254333496e-01 6.072289943695068359e-01 5.520765185356140137e-01
4.176250100135803223e-02 2.605246603488922119e-01 8.082550168037414551e-01 7.088400125503540039e-01 9.726099669933319092e-02 8.720312118530273438e-01 5.954156517982482910e-01 3.888040781021118164e-03 2.563030719757080078e-01 9.150656461715698242e-01 8.493873476982116699e-01 4.494827240705490112e-02 5.151931643486022949e-01 8.442478775978088379e-01
4.539249837398529053e-02 6.400160193443298340e-01 1.193045005202293396e-01 2.625067532062530518e-01 2.417974919080734253e-02 8.794419169425964355e-01 3.599239885807037354e-01 8.608777076005935669e-03 7.446942925453186035e-01 1.690507680177688599e-02 3.768579335883259773e-03 1.700796745717525482e-02 9.465029835700988770e-01 4.184398651123046875e-01
4.449824988842010498e-01 1.730004996061325073e-01 1.919837445020675659e-01 8.914049863815307617e-01 4.474482536315917969e-01 1.133459582924842834e-01 3.014020025730133057e-01 4.652015864849090576e-01 3.804863989353179932e-01 5.875056385993957520e-01 5.934656858444213867e-01 4.405615031719207764e-01 4.096666574478149414e-01 3.740704059600830078e-01
6.806275248527526855e-01 6.559263467788696289e-01 7.233687639236450195e-01 5.689550042152404785e-01 3.091317415237426758e-01 4.911198019981384277e-01 1.333433296531438828e-02 7.432774901390075684e-01 4.266415238380432129e-01 5.575422644615173340e-01 4.744464457035064697e-01 3.684299588203430176e-01 4.931429326534271240e-01 3.179987370967864990e-01
2.710725069046020508e-01 5.734021663665771484e-01 3.155847489833831787e-01 5.611975193023681641e-01 6.579167246818542480e-01 1.268856525421142578e-01 2.591633424162864685e-02 3.054847419261932373e-01 5.748938322067260742e-01 3.513236939907073975e-01 6.726825237274169922e-01 7.603294253349304199e-01 3.331393897533416748e-01 4.460858106613159180e-01
3.933550119400024414e-01 7.792611718177795410e-01 2.256225049495697021e-01 4.539837539196014404e-01 9.645607471466064453e-01 5.436675548553466797e-01 9.842261672019958496e-01 3.265484869480133057e-01 7.081615328788757324e-01 2.573050744831562042e-02 4.219514727592468262e-01 9.095325469970703125e-01 5.229654312133789062e-01 7.885736823081970215e-01
9.917999804019927979e-02 8.105639815330505371e-01 9.747987389564514160e-01 7.417950034141540527e-02 1.971040070056915283e-01 8.333922028541564941e-01 1.052133366465568542e-02 1.225709393620491028e-01 5.072067975997924805e-01 5.548799037933349609e-01 2.380707114934921265e-01 2.764390707015991211e-01 6.051921844482421875e-01 3.386245965957641602e-01
6.814774870872497559e-01 3.800818324089050293e-01 3.593422472476959229e-01 6.565399765968322754e-01 4.243335127830505371e-01 1.351579725742340088e-01 1.919530034065246582e-01 6.593509316444396973e-01 4.749863147735595703e-01 5.640965104103088379e-01 5.601662397384643555e-01 3.829454183578491211e-01 3.933137357234954834e-01 2.892120778560638428e-01
1.445074975490570068e-01 4.729340076446533203e-01 7.897175103425979614e-02 8.761600255966186523e-01 3.548862636089324951e-01 5.823444724082946777e-01 3.159376680850982666e-01 8.383482694625854492e-02 6.201393008232116699e-01 1.154220700263977051e-01 8.222512602806091309e-01 4.548255205154418945e-01 5.150911211967468262e-01 7.377677559852600098e-01
2.356700003147125244e-01 5.783045291900634766e-01 5.420337319374084473e-01 6.593250036239624023e-01 6.885660290718078613e-01 7.283633351325988770e-01 1.879143267869949341e-01 2.299215644598007202e-01 4.840756058692932129e-01 5.307510495185852051e-01 5.266908407211303711e-01 7.659803628921508789e-01 3.988019824028015137e-01 3.094193637371063232e-01
7.619249820709228516e-01 5.623946785926818848e-01 7.566737532615661621e-01 5.573624968528747559e-01 1.388995051383972168e-01 9.981855750083923340e-01 3.868726789951324463e-01 8.552212715148925781e-01 3.397153317928314209e-01 6.055609583854675293e-01 5.728539228439331055e-01 1.451366394758224487e-01 5.775941014289855957e-01 5.709846019744873047e-01
1.074424982070922852e-01 3.771494925022125244e-01 7.191944718360900879e-01 7.471150159835815430e-01 2.170749939978122711e-02 7.507810741662979126e-02 2.692546546459197998e-01 1.991640627384185791e-01 3.024040460586547852e-01 6.853288412094116211e-01 6.426128745079040527e-01 4.254736751317977905e-02 4.131227731704711914e-01 6.229895353317260742e-01
6.271250247955322266e-01 1.996716707944869995e-01 8.539312481880187988e-01 7.863399982452392578e-01 3.019177615642547607e-01 6.361659765243530273e-01 9.492045044898986816e-01 6.564003825187683105e-01 2.116192728281021118e-01 7.572085857391357422e-01 6.993871331214904785e-01 1.624019145965576172e-01 4.913149774074554443e-01 6.658971905708312988e-01
4.052499774843454361e-03 4.715193212032318115e-01 8.828007578849792480e-01 7.200124859809875488e-01 7.454494833946228027e-01 2.316546440124511719e-01 9.594941139221191406e-01 2.599104074761271477e-03 5.212125778198242188e-01 9.364066720008850098e-01 9.594062566757202148e-01 7.501161098480224609e-01 2.486577928066253662e-01 7.377358078956604004e-01
4.109925031661987305e-01 6.649144887924194336e-01 8.350780010223388672e-01 9.475824832916259766e-01 4.614642560482025146e-01 5.095159411430358887e-01 3.747733309864997864e-02 3.685047328472137451e-01 5.409643650054931641e-01 6.237250566482543945e-01 8.243736028671264648e-01 5.294643640518188477e-01 3.123102784156799316e-01 3.600999712944030762e-01
3.882024884223937988e-01 2.249021679162979126e-01 6.726797223091125488e-01 9.212700128555297852e-01 6.600842475891113281e-01 5.994726419448852539e-01 2.185086607933044434e-01 3.081406652927398682e-01 2.430562973022460938e-01 7.994959950447082520e-01 8.489438891410827637e-01 6.559974551200866699e-01 4.140497446060180664e-01 4.636358618736267090e-01
3.339149951934814453e-01 4.823488295078277588e-01 9.623647332191467285e-01 4.525727629661560059e-01 6.711884737014770508e-01 8.217902779579162598e-01 1.188416630029678345e-01 3.423225283622741699e-01 3.444364666938781738e-01 6.615151166915893555e-01 5.494274497032165527e-01 6.706815361976623535e-01 4.627580642700195312e-01 3.628797829151153564e-01
6.312825083732604980e-01 2.546228468418121338e-01 5.712372660636901855e-01 3.460980057716369629e-01 6.178572773933410645e-01 4.528657495975494385e-01 1.277023404836654663e-01 5.997996926307678223e-01 3.291986286640167236e-01 5.668160915374755859e-01 3.804770708084106445e-01 6.442494988441467285e-01 5.268216133117675781e-01 3.145867884159088135e-01
2.817200124263763428e-01 2.428318262100219727e-01 6.349735260009765625e-01 5.497174859046936035e-01 5.123487710952758789e-01 2.889033406972885132e-02 4.576143324375152588e-01 3.283964693546295166e-01 2.914040982723236084e-01 6.612057685852050781e-01 5.425623655319213867e-01 5.140191316604614258e-01 4.619344174861907959e-01 4.122106432914733887e-01
2.780900001525878906e-01 1.792176663875579834e-01 9.288704991340637207e-01 6.176350116729736328e-01 9.227149933576583862e-02 5.913984775543212891e-01 9.506603479385375977e-01 2.929088473320007324e-01 2.190510630607604980e-01 6.590000391006469727e-01 8.005483746528625488e-01 9.620604105293750763e-03 5.446072220802307129e-01 8.722748756408691406e-01
9.969300031661987305e-01 1.853153407573699951e-01 5.946162343025207520e-01 3.194234967231750488e-01 6.363099813461303711e-02 1.232825219631195068e-01 3.152573406696319580e-01 9.266665577888488770e-01 9.677718579769134521e-02 8.508209586143493652e-01 6.876090764999389648e-01 6.909152120351791382e-02 5.775843262672424316e-01 8.384013772010803223e-01
9.908249974250793457e-02 3.643186688423156738e-01 3.800162374973297119e-01 4.586944878101348877e-01 9.990582466125488281e-01 2.283266633749008179e-01 8.083066344261169434e-02 4.820146411657333374e-02 4.404542446136474609e-01 5.110115408897399902e-01 4.127374589443206787e-01 9.960895776748657227e-01 3.833036422729492188e-01 9.495593607425689697e-02
7.293300032615661621e-01 2.239926606416702271e-01 4.996367394924163818e-01 4.466232359409332275e-01 4.925682544708251953e-01 9.836612939834594727e-01 9.378047585487365723e-01 5.345457792282104492e-01 3.218178749084472656e-01 5.867365002632141113e-01 4.276160001754760742e-01 3.520650863647460938e-01 4.980799555778503418e-01 3.708035945892333984e-01
9.506275057792663574e-01 6.128249764442443848e-01 1.361224949359893799e-01 7.617350220680236816e-01 9.079587459564208984e-01 9.126816391944885254e-01 9.433433413505554199e-01 8.250108361244201660e-01 4.184257984161376953e-01 2.436518818140029907e-01 5.604314804077148438e-01 8.085806965827941895e-01 6.531299948692321777e-01 7.914881706237792969e-01
1.987649947404861450e-01 2.743841707706451416e-01 9.119752645492553711e-01 9.380350112915039062e-01 6.959974765777587891e-01 3.948940336704254150e-01 7.560707330703735352e-01 1.510579138994216919e-01 2.296524047851562500e-01 8.466975092887878418e-01 8.874200582504272461e-01 6.828253865242004395e-01 3.965455889701843262e-01 6.375427842140197754e-01
