2.780900001525878906e-01 1.792176663875579834e-01 9.288704991340637207e-01 6.176350116729736328e-01 9.227149933576583862e-02 5.913984775543212891e-01 9.506603479385375977e-01 3.289427757263183594e-01 3.290457427501678467e-01 7.512967586517333984e-01 5.811889171600341797e-01 4.158804193139076233e-02 6.898636817932128906e-01 6.506038904190063477e-01
4.019599854946136475e-01 4.681201577186584473e-01 5.185887217521667480e-01 3.967222571372985840e-01 2.856342494487762451e-01 2.351643443107604980e-01 5.484333261847496033e-02 4.243611395359039307e-01 4.213402569293975830e-01 3.917845785617828369e-01 4.968454837799072266e-01 3.522885143756866455e-01 4.466524422168731689e-01 4.255345761775970459e-01
2.044575065374374390e-01 6.246816515922546387e-01 3.054497539997100830e-01 6.257774829864501953e-01 8.180882334709167480e-01 8.765958249568939209e-02 9.826537370681762695e-01 2.674439251422882080e-01 5.861703157424926758e-01 3.081464767456054688e-01 6.118489503860473633e-01 6.990551948547363281e-01 3.680037856101989746e-01 7.113135457038879395e-01
1.180450022220611572e-01 5.258161425590515137e-01 3.197174891829490662e-02 3.379600048065185547e-01 1.635382473468780518e-01 3.489731252193450928e-01 4.183226525783538818e-01 1.083289831876754761e-01 6.336540579795837402e-01 6.843318045139312744e-02 2.996604740619659424e-01 1.901116371154785156e-01 3.653803467750549316e-01 7.587968111038208008e-01
2.096750028431415558e-02 3.860625028610229492e-01 2.796250022947788239e-02 2.733870148658752441e-01 9.157245159149169922e-01 5.558437108993530273e-01 5.390610098838806152e-01 4.761226847767829895e-02 6.040538549423217773e-01 2.880134619772434235e-02 4.585278779268264771e-02 9.542169570922851562e-01 8.856222033500671387e-01 2.102595269680023193e-01
4.176250100135803223e-02 2.605246603488922119e-01 8.082550168037414551e-01 7.088400125503540039e-01 9.726099669933319092e-02 8.720312118530273438e-01 5.954156517982482910e-01 1.962544396519660950e-02 9.808053076267242432e-02 9.392477869987487793e-01 5.957766771316528320e-01 4.597120732069015503e-02 7.541264891624450684e-01 5.790703892707824707e-01
3.882024884223937988e-01 2.249021679162979126e-01 6.726797223091125488e-01 9.212700128555297852e-01 6.600842475891113281e-01 5.994726419448852539e-01 2.185086607933044434e-01 3.358953595161437988e-01 2.235842198133468628e-01 7.615692615509033203e-01 6.661290526390075684e-01 7.048821449279785156e-01 5.648939013481140137e-01 4.909092485904693604e-01
9.668574929237365723e-01 1.919428259134292603e-01 6.263830065727233887e-01 8.953624963760375977e-01 9.742457270622253418e-01 7.615771889686584473e-01 1.582150012254714966e-01 8.991076946258544922e-01 2.730721831321716309e-01 7.300809025764465332e-01 7.148177027702331543e-01 9.470534920692443848e-01 6.472981572151184082e-01 2.694454491138458252e-01
8.557350039482116699e-01 3.413478434085845947e-01 6.399185061454772949e-01 4.771282374858856201e-01 2.543214857578277588e-01 6.311722993850708008e-01 6.887222528457641602e-01 9.106580018997192383e-01 4.129223823547363281e-01 5.787056684494018555e-01 6.673859357833862305e-01 2.977423071861267090e-01 5.517206788063049316e-01 4.001037776470184326e-01
6.583349704742431641e-01 3.264728188514709473e-01 1.187812536954879761e-01 7.566974759101867676e-01 1.733645051717758179e-01 5.806132405996322632e-02 2.242893278598785400e-01 8.293952345848083496e-01 5.193564891815185547e-01 2.356419861316680908e-01 5.953847765922546387e-01 1.627124100923538208e-01 4.064738750457763672e-01 2.734011113643646240e-01
3.339149951934814453e-01 4.823488295078277588e-01 9.623647332191467285e-01 4.525727629661560059e-01 6.711884737014770508e-01 8.217902779579162598e-01 1.188416630029678345e-01 3.428398966789245605e-01 3.269717991352081299e-01 6.174398064613342285e-01 5.815459489822387695e-01 7.643849253654479980e-01 5.217664241790771484e-01 4.166974425315856934e-01
3.900099992752075195e-01 2.739291787147521973e-01 3.150264918804168701e-01 3.430207371711730957e-01 1.287014931440353394e-01 9.063737392425537109e-01 5.168513059616088867e-01 2.368551194667816162e-01 4.604149162769317627e-01 3.228990733623504639e-01 3.999622464179992676e-01 7.914861291646957397e-02 5.748630166053771973e-01 4.631892442703247070e-01
4.109925031661987305e-01 6.649144887924194336e-01 8.350780010223388672e-01 9.475824832916259766e-01 4.614642560482025146e-01 5.095159411430358887e-01 3.747733309864997864e-02 4.640561640262603760e-01 4.631831347942352295e-01 5.755857825279235840e-01 7.173582315444946289e-01 5.348339676856994629e-01 3.667323887348175049e-01 4.074517190456390381e-01
1.382649987936019897e-01 4.242379963397979736e-01 3.870057463645935059e-01 2.739222645759582520e-01 1.535300016403198242e-01 8.454275727272033691e-01 6.823347806930541992e-01 5.502575263381004333e-02 4.042886495590209961e-01 3.247994482517242432e-01 3.542421758174896240e-01 8.842054754495620728e-02 5.916843414306640625e-01 5.432460308074951172e-01
6.312825083732604980e-01 2.546228468418121338e-01 5.712372660636901855e-01 3.460980057716369629e-01 6.178572773933410645e-01 4.528657495975494385e-01 1.277023404836654663e-01 6.882205009460449219e-01 2.729807496070861816e-01 6.178467869758605957e-01 4.915581047534942627e-01 6.536098718643188477e-01 5.838761925697326660e-01 3.925452828407287598e-01
4.449824988842010498e-01 1.730004996061325073e-01 1.919837445020675659e-01 8.914049863815307617e-01 4.474482536315917969e-01 1.133459582924842834e-01 3.014020025730133057e-01 5.019282698631286621e-01 3.724810183048248291e-01 5.365864038467407227e-01 5.576235055923461914e-01 4.941622614860534668e-01 4.502963125705718994e-01 4.338438510894775391e-01
4.539249837398529053e-02 6.400160193443298340e-01 1.193045005202293396e-01 2.625067532062530518e-01 2.417974919080734253e-02 8.794419169425964355e-01 3.599239885807037354e-01 7.989034056663513184e-03 8.145127296447753906e-01 1.234377082437276840e-02 3.370072692632675171e-02 1.481847278773784637e-02 9.111871123313903809e-01 2.658068835735321045e-01
6.259425282478332520e-01 3.014331758022308350e-01 1.485912501811981201e-01 4.580957591533660889e-01 7.705637216567993164e-01 8.267338275909423828e-01 2.553633451461791992e-01 5.327640175819396973e-01 4.958212375640869141e-01 2.320738881826400757e-01 4.489054381847381592e-01 7.517126202583312988e-01 4.502496719360351562e-01 5.754845142364501953e-01
4.319350123405456543e-01 2.201023399829864502e-01 2.271544933319091797e-01 2.004617452621459961e-01 7.734645009040832520e-01 1.259227246046066284e-01 8.821533918380737305e-01 3.862848877906799316e-01 3.657700121402740479e-01 4.735690057277679443e-01 5.180951952934265137e-01 6.447900533676147461e-01 4.590951204299926758e-01 4.734486043453216553e-01
9.314125180244445801e-01 2.637443244457244873e-01 5.814767479896545410e-01 2.277624979615211487e-02 8.870834708213806152e-01 3.887223303318023682e-01 6.581820249557495117e-01 8.047733306884765625e-01 3.019078671932220459e-01 5.172240734100341797e-01 5.308966636657714844e-01 8.420746326446533203e-01 5.428929328918457031e-01 3.419579267501831055e-01
6.814774870872497559e-01 3.800818324089050293e-01 3.593422472476959229e-01 6.565399765968322754e-01 4.243335127830505371e-01 1.351579725742340088e-01 1.919530034065246582e-01 7.710883021354675293e-01 4.219968914985656738e-01 4.118345975875854492e-01 5.669107437133789062e-01 5.250151753425598145e-01 4.293290078639984131e-01 3.512491583824157715e-01
7.619249820709228516e-01 5.623946785926818848e-01 7.566737532615661621e-01 5.573624968528747559e-01 1.388995051383972168e-01 9.981855750083923340e-01 3.868726789951324463e-01 9.077284336090087891e-01 4.550718963146209717e-01 5.156555175781250000e-01 6.487300992012023926e-01 1.630082279443740845e-01 5.866181850433349609e-01 3.947878181934356689e-01
9.506275057792663574e-01 6.128249764442443848e-01 1.361224949359893799e-01 7.617350220680236816e-01 9.079587459564208984e-01 9.126816391944885254e-01 9.433433413505554199e-01 6.422311663627624512e-01 5.260445475578308105e-01 2.814862430095672607e-01 5.822253823280334473e-01 7.087145447731018066e-01 3.978566229343414307e-01 5.949133634567260742e-01
1.999824941158294678e-01 4.529278278350830078e-01 1.536564975976943970e-01 5.150550007820129395e-01 2.908100001513957977e-02 4.583289027214050293e-01 5.162556767463684082e-01 1.539641320705413818e-01 4.753830432891845703e-01 2.624898552894592285e-01 4.195650517940521240e-01 5.101302638649940491e-02 5.070919990539550781e-01 5.241137146949768066e-01
3.933550119400024414e-01 7.792611718177795410e-01 2.256225049495697021e-01 4.539837539196014404e-01 9.645607471466064453e-01 5.436675548553466797e-01 9.842261672019958496e-01 3.628095090389251709e-01 6.311450600624084473e-01 1.374915987253189087e-01 4.734022319316864014e-01 8.225111961364746094e-01 3.952390849590301514e-01 7.675499320030212402e-01
