5.437499880790710449e-01 4.833333194255828857e-01 4.277499914169311523e-01 4.059999883174896240e-01 5.849999785423278809e-01 2.374999970197677612e-01 5.412352681159973145e-01 4.840372800827026367e-01 4.319717586040496826e-01 4.134044647216796875e-01 5.780946016311645508e-01 2.781453132629394531e-01
5.437499880790710449e-01 4.833333194255828857e-01 4.277499914169311523e-01 4.059999883174896240e-01 5.849999785423278809e-01 2.585000097751617432e-01 5.429216623306274414e-01 4.836725592613220215e-01 4.315100908279418945e-01 4.105995595455169678e-01 5.804309248924255371e-01 3.077202141284942627e-01
5.437499880790710449e-01 4.833333194255828857e-01 4.277499914169311523e-01 4.059999883174896240e-01 5.849999785423278809e-01 4.349999874830245972e-02 5.442398190498352051e-01 4.827323555946350098e-01 4.305781424045562744e-01 4.078847467899322510e-01 5.791512131690979004e-01 7.266616076231002808e-02
5.437499880790710449e-01 4.833333194255828857e-01 4.277499914169311523e-01 4.059999883174896240e-01 5.849999785423278809e-01 6.894999742507934570e-01 5.442129969596862793e-01 4.825692772865295410e-01 4.296332299709320068e-01 4.054192602634429932e-01 5.822820663452148438e-01 6.680054664611816406e-01
5.437499880790710449e-01 4.833333194255828857e-01 4.277499914169311523e-01 4.059999883174896240e-01 5.849999785423278809e-01 3.005000054836273193e-01 5.434309244155883789e-01 4.827515780925750732e-01 4.298470616340637207e-01 4.087491035461425781e-01 5.809075832366943359e-01 3.130117654800415039e-01
5.437499880790710449e-01 4.833333194255828857e-01 4.277499914169311523e-01 4.059999883174896240e-01 5.849999785423278809e-01 1.745000034570693970e-01 5.420733690261840820e-01 4.840410649776458740e-01 4.308620393276214600e-01 4.112157821655273438e-01 5.778254270553588867e-01 2.481724470853805542e-01
5.437499880790710449e-01 4.833333194255828857e-01 4.277499914169311523e-01 4.059999883174896240e-01 5.849999785423278809e-01 1.950000040233135223e-02 5.451283454895019531e-01 4.829600155353546143e-01 4.345914125442504883e-01 4.106355607509613037e-01 5.779241323471069336e-01 5.937331169843673706e-02
5.437499880790710449e-01 4.833333194255828857e-01 4.277499914169311523e-01 4.059999883174896240e-01 5.849999785423278809e-01 8.464999794960021973e-01 5.466530919075012207e-01 4.834800958633422852e-01 4.280634522438049316e-01 4.023317098617553711e-01 5.850559473037719727e-01 8.364478945732116699e-01
5.437499880790710449e-01 4.833333194255828857e-01 4.277499914169311523e-01 4.059999883174896240e-01 5.849999785423278809e-01 9.135000109672546387e-01 5.437235236167907715e-01 4.845614731311798096e-01 4.336840808391571045e-01 4.045078754425048828e-01 5.821011066436767578e-01 8.735814690589904785e-01
5.437499880790710449e-01 4.833333194255828857e-01 4.277499914169311523e-01 4.059999883174896240e-01 5.849999785423278809e-01 8.784999847412109375e-01 5.432977080345153809e-01 4.847989380359649658e-01 4.313929378986358643e-01 4.047815501689910889e-01 5.834723711013793945e-01 8.439705371856689453e-01
5.437499880790710449e-01 4.833333194255828857e-01 4.277499914169311523e-01 4.059999883174896240e-01 5.849999785423278809e-01 7.774999737739562988e-01 5.429806113243103027e-01 4.843747913837432861e-01 4.312091469764709473e-01 4.066629409790039062e-01 5.803958773612976074e-01 7.465428709983825684e-01
5.437499880790710449e-01 4.833333194255828857e-01 4.277499914169311523e-01 4.059999883174896240e-01 5.849999785423278809e-01 9.355000257492065430e-01 5.483685135841369629e-01 4.848464727401733398e-01 4.289108216762542725e-01 3.992733359336853027e-01 5.875209569931030273e-01 9.125270247459411621e-01
5.437499880790710449e-01 4.833333194255828857e-01 4.277499914169311523e-01 4.059999883174896240e-01 5.849999785423278809e-01 1.005000025033950806e-01 5.431182980537414551e-01 4.834959208965301514e-01 4.304739832878112793e-01 4.110241234302520752e-01 5.791072249412536621e-01 1.345069855451583862e-01
5.437499880790710449e-01 4.833333194255828857e-01 4.277499914169311523e-01 4.059999883174896240e-01 5.849999785423278809e-01 9.474999904632568359e-01 5.454680919647216797e-01 4.847550094127655029e-01 4.317454099655151367e-01 3.990032672882080078e-01 5.857775211334228516e-01 9.183737635612487793e-01
5.437499880790710449e-01 4.833333194255828857e-01 4.277499914169311523e-01 4.059999883174896240e-01 5.849999785423278809e-01 4.505000114440917969e-01 5.427254438400268555e-01 4.821526110172271729e-01 4.303706288337707520e-01 4.075960218906402588e-01 5.822361707687377930e-01 4.458782076835632324e-01
5.437499880790710449e-01 4.833333194255828857e-01 4.277499914169311523e-01 4.059999883174896240e-01 5.849999785423278809e-01 4.650000110268592834e-02 5.438380837440490723e-01 4.832216501235961914e-01 4.329550564289093018e-01 4.090321362018585205e-01 5.769285559654235840e-01 9.060712903738021851e-02
5.437499880790710449e-01 4.833333194255828857e-01 4.277499914169311523e-01 4.059999883174896240e-01 5.849999785423278809e-01 8.134999871253967285e-01 5.448007583618164062e-01 4.829821586608886719e-01 4.291610121726989746e-01 4.039301872253417969e-01 5.839530229568481445e-01 7.536475062370300293e-01
5.437499880790710449e-01 4.833333194255828857e-01 4.277499914169311523e-01 4.059999883174896240e-01 5.849999785423278809e-01 6.205000281333923340e-01 5.428763628005981445e-01 4.834564626216888428e-01 4.305298030376434326e-01 4.075971245765686035e-01 5.820524096488952637e-01 6.070639491081237793e-01
5.437499880790710449e-01 4.833333194255828857e-01 4.277499914169311523e-01 4.059999883174896240e-01 5.849999785423278809e-01 9.725000262260437012e-01 5.446162223815917969e-01 4.854333698749542236e-01 4.312739670276641846e-01 4.013800323009490967e-01 5.841171741485595703e-01 9.230639934539794922e-01
5.437499880790710449e-01 4.833333194255828857e-01 4.277499914169311523e-01 4.059999883174896240e-01 5.849999785423278809e-01 7.724999785423278809e-01 5.434383749961853027e-01 4.828536212444305420e-01 4.311220943927764893e-01 4.053676724433898926e-01 5.818725824356079102e-01 7.187241911888122559e-01
5.437499880790710449e-01 4.833333194255828857e-01 4.277499914169311523e-01 4.059999883174896240e-01 5.849999785423278809e-01 6.395000219345092773e-01 5.434481501579284668e-01 4.829728603363037109e-01 4.288480877876281738e-01 4.058421254158020020e-01 5.835195183753967285e-01 6.219107508659362793e-01
5.437499880790710449e-01 4.833333194255828857e-01 4.277499914169311523e-01 4.059999883174896240e-01 5.849999785423278809e-01 9.344999790191650391e-01 5.457838177680969238e-01 4.837722480297088623e-01 4.289893507957458496e-01 3.986999094486236572e-01 5.866707563400268555e-01 9.157323241233825684e-01
5.437499880790710449e-01 4.833333194255828857e-01 4.277499914169311523e-01 4.059999883174896240e-01 5.849999785423278809e-01 9.650000184774398804e-02 5.453061461448669434e-01 4.832484722137451172e-01 4.338800907135009766e-01 4.087157547473907471e-01 5.767546296119689941e-01 1.297556757926940918e-01
5.437499880790710449e-01 4.833333194255828857e-01 4.277499914169311523e-01 4.059999883174896240e-01 5.849999785423278809e-01 7.574999928474426270e-01 5.435363650321960449e-01 4.834201335906982422e-01 4.293577671051025391e-01 4.059711694717407227e-01 5.818849205970764160e-01 7.172375917434692383e-01
5.437499880790710449e-01 4.833333194255828857e-01 4.277499914169311523e-01 4.059999883174896240e-01 5.849999785423278809e-01 3.644999861717224121e-01 5.432115793228149414e-01 4.831315875053405762e-01 4.316511452198028564e-01 4.067341983318328857e-01 5.815522670745849609e-01 4.042468070983886719e-01
5.437499880790710449e-01 4.833333194255828857e-01 4.277499914169311523e-01 4.059999883174896240e-01 5.849999785423278809e-01 5.674999952316284180e-01 5.433293581008911133e-01 4.835337698459625244e-01 4.297697544097900391e-01 4.063081145286560059e-01 5.813159942626953125e-01 5.624796152114868164e-01
5.437499880790710449e-01 4.833333194255828857e-01 4.277499914169311523e-01 4.059999883174896240e-01 5.849999785423278809e-01 8.435000181198120117e-01 5.443766713142395020e-01 4.846426546573638916e-01 4.286261498928070068e-01 4.020690321922302246e-01 5.836827158927917480e-01 7.884202599525451660e-01
5.437499880790710449e-01 4.833333194255828857e-01 4.277499914169311523e-01 4.059999883174896240e-01 5.849999785423278809e-01 2.955000102519989014e-01 5.439932942390441895e-01 4.827406704425811768e-01 4.296619296073913574e-01 4.066378176212310791e-01 5.823489427566528320e-01 3.141234219074249268e-01
5.437499880790710449e-01 4.833333194255828857e-01 4.277499914169311523e-01 4.059999883174896240e-01 5.849999785423278809e-01 8.734999895095825195e-01 5.469449758529663086e-01 4.841507971286773682e-01 4.277565181255340576e-01 4.013960063457489014e-01 5.858097672462463379e-01 8.251822590827941895e-01
5.437499880790710449e-01 4.833333194255828857e-01 4.277499914169311523e-01 4.059999883174896240e-01 5.849999785423278809e-01 3.695000112056732178e-01 5.429078936576843262e-01 4.830376803874969482e-01 4.295311570167541504e-01 4.085929691791534424e-01 5.822049379348754883e-01 3.975369930267333984e-01
5.437499880790710449e-01 4.833333194255828857e-01 4.277499914169311523e-01 4.059999883174896240e-01 5.849999785423278809e-01 8.675000071525573730e-01 5.441690087318420410e-01 4.848396778106689453e-01 4.305321872234344482e-01 4.034642577171325684e-01 5.824512839317321777e-01 8.374419212341308594e-01
5.437499880790710449e-01 4.833333194255828857e-01 4.277499914169311523e-01 4.059999883174896240e-01 5.849999785423278809e-01 7.275000214576721191e-01 5.436413884162902832e-01 4.836189150810241699e-01 4.298101961612701416e-01 4.064539372920989990e-01 5.815665125846862793e-01 6.669268012046813965e-01
5.437499880790710449e-01 4.833333194255828857e-01 4.277499914169311523e-01 4.059999883174896240e-01 5.849999785423278809e-01 6.974999904632568359e-01 5.432863235473632812e-01 4.839444458484649658e-01 4.292994439601898193e-01 4.059252738952636719e-01 5.829750895500183105e-01 6.532260775566101074e-01
5.437499880790710449e-01 4.833333194255828857e-01 4.277499914169311523e-01 4.059999883174896240e-01 5.849999785423278809e-01 7.814999818801879883e-01 5.428666472434997559e-01 4.847592115402221680e-01 4.305947721004486084e-01 4.068574011325836182e-01 5.817210674285888672e-01 7.411585450172424316e-01
5.437499880790710449e-01 4.833333194255828857e-01 4.277499914169311523e-01 4.059999883174896240e-01 5.849999785423278809e-01 1.395000070333480835e-01 5.436686277389526367e-01 4.828293621540069580e-01 4.329597055912017822e-01 4.117332994937896729e-01 5.775642395019531250e-01 1.763558834791183472e-01
5.437499880790710449e-01 4.833333194255828857e-01 4.277499914169311523e-01 4.059999883174896240e-01 5.849999785423278809e-01 1.665000021457672119e-01 5.443985462188720703e-01 4.820306599140167236e-01 4.290671050548553467e-01 4.080045521259307861e-01 5.812892317771911621e-01 2.071142196655273438e-01
5.437499880790710449e-01 4.833333194255828857e-01 4.277499914169311523e-01 4.059999883174896240e-01 5.849999785423278809e-01 5.864999890327453613e-01 5.438528060913085938e-01 4.837030768394470215e-01 4.294174611568450928e-01 4.071742892265319824e-01 5.830671191215515137e-01 5.783741474151611328e-01
5.437499880790710449e-01 4.833333194255828857e-01 4.277499914169311523e-01 4.059999883174896240e-01 5.849999785423278809e-01 5.444999933242797852e-01 5.423573255538940430e-01 4.828672409057617188e-01 4.310550093650817871e-01 4.075624942779541016e-01 5.817343592643737793e-01 5.531697869300842285e-01
5.437499880790710449e-01 4.833333194255828857e-01 4.277499914169311523e-01 4.059999883174896240e-01 5.849999785423278809e-01 6.175000071525573730e-01 5.426397919654846191e-01 4.828157126903533936e-01 4.303804934024810791e-01 4.068218469619750977e-01 5.830121040344238281e-01 6.129261851310729980e-01
5.437499880790710449e-01 4.833333194255828857e-01 4.277499914169311523e-01 4.059999883174896240e-01 5.849999785423278809e-01 5.705000162124633789e-01 5.422078371047973633e-01 4.835915863513946533e-01 4.312971830368041992e-01 4.081837236881256104e-01 5.805979371070861816e-01 5.567530989646911621e-01
5.437499880790710449e-01 4.833333194255828857e-01 4.277499914169311523e-01 4.059999883174896240e-01 5.849999785423278809e-01 3.345000147819519043e-01 5.425083637237548828e-01 4.827779233455657959e-01 4.319473803043365479e-01 4.104574024677276611e-01 5.788237452507019043e-01 3.603272736072540283e-01
5.437499880790710449e-01 4.833333194255828857e-01 4.277499914169311523e-01 4.059999883174896240e-01 5.849999785423278809e-01 5.074999928474426270e-01 5.435447692871093750e-01 4.830140769481658936e-01 4.291525185108184814e-01 4.075227975845336914e-01 5.822517871856689453e-01 5.105420351028442383e-01
5.437499880790710449e-01 4.833333194255828857e-01 4.277499914169311523e-01 4.059999883174896240e-01 5.849999785423278809e-01 3.524999916553497314e-01 5.414522290229797363e-01 4.834538102149963379e-01 4.326777756214141846e-01 4.108890891075134277e-01 5.771712660789489746e-01 3.852801322937011719e-01
5.437499880790710449e-01 4.833333194255828857e-01 4.277499914169311523e-01 4.059999883174896240e-01 5.849999785423278809e-01 4.225000143051147461e-01 5.429234504699707031e-01 4.826600253582000732e-01 4.310419261455535889e-01 4.073952138423919678e-01 5.825991034507751465e-01 4.434797763824462891e-01
5.437499880790710449e-01 4.833333194255828857e-01 4.277499914169311523e-01 4.059999883174896240e-01 5.849999785423278809e-01 7.294999957084655762e-01 5.440037846565246582e-01 4.853055775165557861e-01 4.296891391277313232e-01 4.063929915428161621e-01 5.821925997734069824e-01 7.100954055786132812e-01
5.437499880790710449e-01 4.833333194255828857e-01 4.277499914169311523e-01 4.059999883174896240e-01 5.849999785423278809e-01 3.375000059604644775e-01 5.431477427482604980e-01 4.829131960868835449e-01 4.308692514896392822e-01 4.105635285377502441e-01 5.806488990783691406e-01 3.732370138168334961e-01
5.437499880790710449e-01 4.833333194255828857e-01 4.277499914169311523e-01 4.059999883174896240e-01 5.849999785423278809e-01 6.315000057220458984e-01 5.431476235389709473e-01 4.832739830017089844e-01 4.292534291744232178e-01 4.062097668647766113e-01 5.828323960304260254e-01 6.174925565719604492e-01
5.437499880790710449e-01 4.833333194255828857e-01 4.277499914169311523e-01 4.059999883174896240e-01 5.849999785423278809e-01 2.125000059604644775e-01 5.424002408981323242e-01 4.829154312610626221e-01 4.323449730873107910e-01 4.104487895965576172e-01 5.784183144569396973e-01 2.550732195377349854e-01
5.437499880790710449e-01 4.833333194255828857e-01 4.277499914169311523e-01 4.059999883174896240e-01 5.849999785423278809e-01 5.594999790191650391e-01 5.442826747894287109e-01 4.826098084449768066e-01 4.282272160053253174e-01 4.051024019718170166e-01 5.854740738868713379e-01 5.609363913536071777e-01
5.437499880790710449e-01 4.833333194255828857e-01 4.277499914169311523e-01 4.059999883174896240e-01 5.849999785423278809e-01 2.485000044107437134e-01 5.442106127738952637e-01 4.824549853801727295e-01 4.305158853530883789e-01 4.107248783111572266e-01 5.805383920669555664e-01 2.925296127796173096e-01
5.437499880790710449e-01 4.833333194255828857e-01 4.277499914169311523e-01 4.059999883174896240e-01 5.849999785423278809e-01 6.744999885559082031e-01 5.446711778640747070e-01 4.830586016178131104e-01 4.293628931045532227e-01 4.048174619674682617e-01 5.840433239936828613e-01 6.564462184906005859e-01
5.437499880790710449e-01 4.833333194255828857e-01 4.277499914169311523e-01 4.059999883174896240e-01 5.849999785423278809e-01 2.994999885559082031e-01 5.411130785942077637e-01 4.830821752548217773e-01 4.322024881839752197e-01 4.104661941528320312e-01 5.790622234344482422e-01 3.394504785537719727e-01
5.437499880790710449e-01 4.833333194255828857e-01 4.277499914169311523e-01 4.059999883174896240e-01 5.849999785423278809e-01 8.044999837875366211e-01 5.457784533500671387e-01 4.837177991867065430e-01 4.281485378742218018e-01 4.014115333557128906e-01 5.853271484375000000e-01 7.650773525238037109e-01
5.437499880790710449e-01 4.833333194255828857e-01 4.277499914169311523e-01 4.059999883174896240e-01 5.849999785423278809e-01 9.915000200271606445e-01 5.457181930541992188e-01 4.843502342700958252e-01 4.287322461605072021e-01 3.981428444385528564e-01 5.867166519165039062e-01 9.339922070503234863e-01
5.437499880790710449e-01 4.833333194255828857e-01 4.277499914169311523e-01 4.059999883174896240e-01 5.849999785423278809e-01 3.585000038146972656e-01 5.442802906036376953e-01 4.822560250759124756e-01 4.295200705528259277e-01 4.043405652046203613e-01 5.840733051300048828e-01 3.968300819396972656e-01
5.437499880790710449e-01 4.833333194255828857e-01 4.277499914169311523e-01 4.059999883174896240e-01 5.849999785423278809e-01 4.250000044703483582e-02 5.434083938598632812e-01 4.824873507022857666e-01 4.322881996631622314e-01 4.127508401870727539e-01 5.757595896720886230e-01 8.574245125055313110e-02
5.437499880790710449e-01 4.833333194255828857e-01 4.277499914169311523e-01 4.059999883174896240e-01 5.849999785423278809e-01 3.095000088214874268e-01 5.425067543983459473e-01 4.830282032489776611e-01 4.317847192287445068e-01 4.090684652328491211e-01 5.797979831695556641e-01 3.289356529712677002e-01
5.437499880790710449e-01 4.833333194255828857e-01 4.277499914169311523e-01 4.059999883174896240e-01 5.849999785423278809e-01 1.215000003576278687e-01 5.446247458457946777e-01 4.822079837322235107e-01 4.303714632987976074e-01 4.091446995735168457e-01 5.803954601287841797e-01 1.498425900936126709e-01
5.437499880790710449e-01 4.833333194255828857e-01 4.277499914169311523e-01 4.059999883174896240e-01 5.849999785423278809e-01 2.944999933242797852e-01 5.431196093559265137e-01 4.828744530677795410e-01 4.328295588493347168e-01 4.087666273117065430e-01 5.789296030998229980e-01 3.045431971549987793e-01
5.437499880790710449e-01 4.833333194255828857e-01 4.277499914169311523e-01 4.059999883174896240e-01 5.849999785423278809e-01 2.915000021457672119e-01 5.431560277938842773e-01 4.832164049148559570e-01 4.309686422348022461e-01 4.078514873981475830e-01 5.814202427864074707e-01 3.260126113891601562e-01
5.437499880790710449e-01 4.833333194255828857e-01 4.277499914169311523e-01 4.059999883174896240e-01 5.849999785423278809e-01 8.084999918937683105e-01 5.452948808670043945e-01 4.843846261501312256e-01 4.290047585964202881e-01 4.016138315200805664e-01 5.863975882530212402e-01 8.094719648361206055e-01
5.437499880790710449e-01 4.833333194255828857e-01 4.277499914169311523e-01 4.059999883174896240e-01 5.849999785423278809e-01 3.084999918937683105e-01 5.427100062370300293e-01 4.825323224067687988e-01 4.302174150943756104e-01 4.064415395259857178e-01 5.841536521911621094e-01 3.548800051212310791e-01
5.437499880790710449e-01 4.833333194255828857e-01 4.277499914169311523e-01 4.059999883174896240e-01 5.849999785423278809e-01 7.825000286102294922e-01 5.424880385398864746e-01 4.848963022232055664e-01 4.318110346794128418e-01 4.073926806449890137e-01 5.798711180686950684e-01 7.370077967643737793e-01
5.437499880790710449e-01 4.833333194255828857e-01 4.277499914169311523e-01 4.059999883174896240e-01 5.849999785423278809e-01 3.975000083446502686e-01 5.437481403350830078e-01 4.821928143501281738e-01 4.293786287307739258e-01 4.059489071369171143e-01 5.838681459426879883e-01 4.174180328845977783e-01
5.437499880790710449e-01 4.833333194255828857e-01 4.277499914169311523e-01 4.059999883174896240e-01 5.849999785423278809e-01 7.705000042915344238e-01 5.426689386367797852e-01 4.844321906566619873e-01 4.311160743236541748e-01 4.074575901031494141e-01 5.804216861724853516e-01 7.533788084983825684e-01
5.437499880790710449e-01 4.833333194255828857e-01 4.277499914169311523e-01 4.059999883174896240e-01 5.849999785423278809e-01 7.475000023841857910e-01 5.440440773963928223e-01 4.838120937347412109e-01 4.285504221916198730e-01 4.040036499500274658e-01 5.841052532196044922e-01 7.229216694831848145e-01
5.437499880790710449e-01 4.833333194255828857e-01 4.277499914169311523e-01 4.059999883174896240e-01 5.849999785423278809e-01 9.654999971389770508e-01 5.470611453056335449e-01 4.839990139007568359e-01 4.278223812580108643e-01 3.963614404201507568e-01 5.901792049407958984e-01 9.238337278366088867e-01
5.437499880790710449e-01 4.833333194255828857e-01 4.277499914169311523e-01 4.059999883174896240e-01 5.849999785423278809e-01 3.314999938011169434e-01 5.440965294837951660e-01 4.828528165817260742e-01 4.284675419330596924e-01 4.073322117328643799e-01 5.844044685363769531e-01 3.667970597743988037e-01
5.437499880790710449e-01 4.833333194255828857e-01 4.277499914169311523e-01 4.059999883174896240e-01 5.849999785423278809e-01 8.054999709129333496e-01 5.437571406364440918e-01 4.827848076820373535e-01 4.320589303970336914e-01 4.040232300758361816e-01 5.815845727920532227e-01 7.574530243873596191e-01
5.437499880790710449e-01 4.833333194255828857e-01 4.277499914169311523e-01 4.059999883174896240e-01 5.849999785423278809e-01 9.785000085830688477e-01 5.465058088302612305e-01 4.840850830078125000e-01 4.293248355388641357e-01 3.984723389148712158e-01 5.867038965225219727e-01 9.358971714973449707e-01
5.437499880790710449e-01 4.833333194255828857e-01 4.277499914169311523e-01 4.059999883174896240e-01 5.849999785423278809e-01 6.650000065565109253e-02 5.445372462272644043e-01 4.840262234210968018e-01 4.309848546981811523e-01 4.099592864513397217e-01 5.792611241340637207e-01 1.153716742992401123e-01
5.437499880790710449e-01 4.833333194255828857e-01 4.277499914169311523e-01 4.059999883174896240e-01 5.849999785423278809e-01 9.585000276565551758e-01 5.457846522331237793e-01 4.848711192607879639e-01 4.311168491840362549e-01 3.999755084514617920e-01 5.849357247352600098e-01 9.245571494102478027e-01
5.437499880790710449e-01 4.833333194255828857e-01 4.277499914169311523e-01 4.059999883174896240e-01 5.849999785423278809e-01 3.874999880790710449e-01 5.416746735572814941e-01 4.829374551773071289e-01 4.315879642963409424e-01 4.094069600105285645e-01 5.797679424285888672e-01 4.116850793361663818e-01
5.437499880790710449e-01 4.833333194255828857e-01 4.277499914169311523e-01 4.059999883174896240e-01 5.849999785423278809e-01 5.554999709129333496e-01 5.431671142578125000e-01 4.836754202842712402e-01 4.296971559524536133e-01 4.056467711925506592e-01 5.838187336921691895e-01 5.676187276840209961e-01
5.437499880790710449e-01 4.833333194255828857e-01 4.277499914169311523e-01 4.059999883174896240e-01 5.849999785423278809e-01 4.945000112056732178e-01 5.422826409339904785e-01 4.822751581668853760e-01 4.304875135421752930e-01 4.069922268390655518e-01 5.811618566513061523e-01 5.048983097076416016e-01
5.437499880790710449e-01 4.833333194255828857e-01 4.277499914169311523e-01 4.059999883174896240e-01 5.849999785423278809e-01 9.315000176429748535e-01 5.447127819061279297e-01 4.846286475658416748e-01 4.315684437751770020e-01 4.029950499534606934e-01 5.832608342170715332e-01 8.939583301544189453e-01
5.437499880790710449e-01 4.833333194255828857e-01 4.277499914169311523e-01 4.059999883174896240e-01 5.849999785423278809e-01 6.965000033378601074e-01 5.435527563095092773e-01 4.829535782337188721e-01 4.299068748950958252e-01 4.049241542816162109e-01 5.834645628929138184e-01 6.778966784477233887e-01
5.437499880790710449e-01 4.833333194255828857e-01 4.277499914169311523e-01 4.059999883174896240e-01 5.849999785423278809e-01 3.964999914169311523e-01 5.427383184432983398e-01 4.821111261844635010e-01 4.296718835830688477e-01 4.056947827339172363e-01 5.823575854301452637e-01 4.499870836734771729e-01
5.437499880790710449e-01 4.833333194255828857e-01 4.277499914169311523e-01 4.059999883174896240e-01 5.849999785423278809e-01 1.094999983906745911e-01 5.435200333595275879e-01 4.824308454990386963e-01 4.322634339332580566e-01 4.127794504165649414e-01 5.768054723739624023e-01 1.258274167776107788e-01
5.437499880790710449e-01 4.833333194255828857e-01 4.277499914169311523e-01 4.059999883174896240e-01 5.849999785423278809e-01 1.764999926090240479e-01 5.427365899085998535e-01 4.839348495006561279e-01 4.295304715633392334e-01 4.103597998619079590e-01 5.805701613426208496e-01 2.212125509977340698e-01
5.437499880790710449e-01 4.833333194255828857e-01 4.277499914169311523e-01 4.059999883174896240e-01 5.849999785423278809e-01 6.194999814033508301e-01 5.427731871604919434e-01 4.843260049819946289e-01 4.303523600101470947e-01 4.063739180564880371e-01 5.807593464851379395e-01 5.992083549499511719e-01
5.437499880790710449e-01 4.833333194255828857e-01 4.277499914169311523e-01 4.059999883174896240e-01 5.849999785423278809e-01 9.064999818801879883e-01 5.443522930145263672e-01 4.850756824016571045e-01 4.329572021961212158e-01 4.047146141529083252e-01 5.813321471214294434e-01 8.765628933906555176e-01
5.437499880790710449e-01 4.833333194255828857e-01 4.277499914169311523e-01 4.059999883174896240e-01 5.849999785423278809e-01 6.495000123977661133e-01 5.439679622650146484e-01 4.819822609424591064e-01 4.296075403690338135e-01 4.059103727340698242e-01 5.831764340400695801e-01 6.399127840995788574e-01
5.437499880790710449e-01 4.833333194255828857e-01 4.277499914169311523e-01 4.059999883174896240e-01 5.849999785423278809e-01 1.445000022649765015e-01 5.426946878433227539e-01 4.832445979118347168e-01 4.330864846706390381e-01 4.143546819686889648e-01 5.770303010940551758e-01 1.891599893569946289e-01
5.437499880790710449e-01 4.833333194255828857e-01 4.277499914169311523e-01 4.059999883174896240e-01 5.849999785423278809e-01 2.465000003576278687e-01 5.441325902938842773e-01 4.823765456676483154e-01 4.299042522907257080e-01 4.080365896224975586e-01 5.815846323966979980e-01 2.878860831260681152e-01
5.437499880790710449e-01 4.833333194255828857e-01 4.277499914169311523e-01 4.059999883174896240e-01 5.849999785423278809e-01 9.294999837875366211e-01 5.433006882667541504e-01 4.857487678527832031e-01 4.314852356910705566e-01 4.034754335880279541e-01 5.827007293701171875e-01 8.787742257118225098e-01
5.437499880790710449e-01 4.833333194255828857e-01 4.277499914169311523e-01 4.059999883174896240e-01 5.849999785423278809e-01 7.095000147819519043e-01 5.443109869956970215e-01 4.832597374916076660e-01 4.286698997020721436e-01 4.053937494754791260e-01 5.835757851600646973e-01 6.839921474456787109e-01
5.437499880790710449e-01 4.833333194255828857e-01 4.277499914169311523e-01 4.059999883174896240e-01 5.849999785423278809e-01 3.594999909400939941e-01 5.414719581604003906e-01 4.823246598243713379e-01 4.313861727714538574e-01 4.079621732234954834e-01 5.809999704360961914e-01 4.084655046463012695e-01
5.437499880790710449e-01 4.833333194255828857e-01 4.277499914169311523e-01 4.059999883174896240e-01 5.849999785423278809e-01 4.135000109672546387e-01 5.436682701110839844e-01 4.825462400913238525e-01 4.284212589263916016e-01 4.060048758983612061e-01 5.836242437362670898e-01 4.417125880718231201e-01
5.437499880790710449e-01 4.833333194255828857e-01 4.277499914169311523e-01 4.059999883174896240e-01 5.849999785423278809e-01 8.794999718666076660e-01 5.442165136337280273e-01 4.852773547172546387e-01 4.318525493144989014e-01 4.032378196716308594e-01 5.835300683975219727e-01 8.359342813491821289e-01
5.437499880790710449e-01 4.833333194255828857e-01 4.277499914169311523e-01 4.059999883174896240e-01 5.849999785423278809e-01 4.905000030994415283e-01 5.423590540885925293e-01 4.839684665203094482e-01 4.296752214431762695e-01 4.092033505439758301e-01 5.802034139633178711e-01 4.941939413547515869e-01
5.437499880790710449e-01 4.833333194255828857e-01 4.277499914169311523e-01 4.059999883174896240e-01 5.849999785423278809e-01 1.924999952316284180e-01 5.435218214988708496e-01 4.825528562068939209e-01 4.313775002956390381e-01 4.083577096462249756e-01 5.797314643859863281e-01 2.295195907354354858e-01
5.437499880790710449e-01 4.833333194255828857e-01 4.277499914169311523e-01 4.059999883174896240e-01 5.849999785423278809e-01 1.334999948740005493e-01 5.431295037269592285e-01 4.837011694908142090e-01 4.316964447498321533e-01 4.101126492023468018e-01 5.795698165893554688e-01 1.629691272974014282e-01
5.437499880790710449e-01 4.833333194255828857e-01 4.277499914169311523e-01 4.059999883174896240e-01 5.849999785423278809e-01 9.564999938011169434e-01 5.484879016876220703e-01 4.831289052963256836e-01 4.308487176895141602e-01 3.924350440502166748e-01 5.914295315742492676e-01 9.653406143188476562e-01
5.437499880790710449e-01 4.833333194255828857e-01 4.277499914169311523e-01 4.059999883174896240e-01 5.849999785423278809e-01 6.449999660253524780e-02 5.455192923545837402e-01 4.834052622318267822e-01 4.295498132705688477e-01 4.095875918865203857e-01 5.785095691680908203e-01 1.066759675741195679e-01
5.437499880790710449e-01 4.833333194255828857e-01 4.277499914169311523e-01 4.059999883174896240e-01 5.849999785423278809e-01 6.384999752044677734e-01 5.446462035179138184e-01 4.826634526252746582e-01 4.290097951889038086e-01 4.065091907978057861e-01 5.831440687179565430e-01 6.453469395637512207e-01
5.437499880790710449e-01 4.833333194255828857e-01 4.277499914169311523e-01 4.059999883174896240e-01 5.849999785423278809e-01 4.794999957084655762e-01 5.437161922454833984e-01 4.829454421997070312e-01 4.294025897979736328e-01 4.061084985733032227e-01 5.838457942008972168e-01 4.810892641544342041e-01
5.437499880790710449e-01 4.833333194255828857e-01 4.277499914169311523e-01 4.059999883174896240e-01 5.849999785423278809e-01 5.795000195503234863e-01 5.420877337455749512e-01 4.830748438835144043e-01 4.308038353919982910e-01 4.082900881767272949e-01 5.827959179878234863e-01 5.736922025680541992e-01
5.437499880790710449e-01 4.833333194255828857e-01 4.277499914169311523e-01 4.059999883174896240e-01 5.849999785423278809e-01 9.844999909400939941e-01 5.447340607643127441e-01 4.846684038639068604e-01 4.323605895042419434e-01 4.009916782379150391e-01 5.840188264846801758e-01 9.245397448539733887e-01
5.437499880790710449e-01 4.833333194255828857e-01 4.277499914169311523e-01 4.059999883174896240e-01 5.849999785423278809e-01 8.694999814033508301e-01 5.481034517288208008e-01 4.824649393558502197e-01 4.269764423370361328e-01 3.986472487449645996e-01 5.875490307807922363e-01 8.329743146896362305e-01
5.437499880790710449e-01 4.833333194255828857e-01 4.277499914169311523e-01 4.059999883174896240e-01 5.849999785423278809e-01 2.894999980926513672e-01 5.434290766716003418e-01 4.822308421134948730e-01 4.288852512836456299e-01 4.071864783763885498e-01 5.819765925407409668e-01 3.326888084411621094e-01
5.437499880790710449e-01 4.833333194255828857e-01 4.277499914169311523e-01 4.059999883174896240e-01 5.849999785423278809e-01 2.434999942779541016e-01 5.427818894386291504e-01 4.820845723152160645e-01 4.303351938724517822e-01 4.086362719535827637e-01 5.805816054344177246e-01 2.999097406864166260e-01
5.437499880790710449e-01 4.833333194255828857e-01 4.277499914169311523e-01 4.059999883174896240e-01 5.849999785423278809e-01 1.315000057220458984e-01 5.425754189491271973e-01 4.826312661170959473e-01 4.313468635082244873e-01 4.081235826015472412e-01 5.808035731315612793e-01 2.130184769630432129e-01
5.437499880790710449e-01 4.833333194255828857e-01 4.277499914169311523e-01 4.059999883174896240e-01 5.849999785423278809e-01 8.684999942779541016e-01 5.444231033325195312e-01 4.844520092010498047e-01 4.316093921661376953e-01 4.030052125453948975e-01 5.824514031410217285e-01 8.374114632606506348e-01
5.437499880790710449e-01 4.833333194255828857e-01 4.277499914169311523e-01 4.059999883174896240e-01 5.849999785423278809e-01 9.934999942779541016e-01 5.492967367172241211e-01 4.854179322719573975e-01 4.268667995929718018e-01 3.921613097190856934e-01 5.923318862915039062e-01 9.627623558044433594e-01
5.437499880790710449e-01 4.833333194255828857e-01 4.277499914169311523e-01 4.059999883174896240e-01 5.849999785423278809e-01 6.054999828338623047e-01 5.442907810211181641e-01 4.823743700981140137e-01 4.296121299266815186e-01 4.062719941139221191e-01 5.830425620079040527e-01 5.929046273231506348e-01
5.437499880790710449e-01 4.833333194255828857e-01 4.277499914169311523e-01 4.059999883174896240e-01 5.849999785423278809e-01 4.444999992847442627e-01 5.431661009788513184e-01 4.818906486034393311e-01 4.298871159553527832e-01 4.073614180088043213e-01 5.828917622566223145e-01 4.610024988651275635e-01
5.437499880790710449e-01 4.833333194255828857e-01 4.277499914169311523e-01 4.059999883174896240e-01 5.849999785423278809e-01 4.995000064373016357e-01 5.434974431991577148e-01 4.827866256237030029e-01 4.296908080577850342e-01 4.066118299961090088e-01 5.832760334014892578e-01 5.050226449966430664e-01
5.437499880790710449e-01 4.833333194255828857e-01 4.277499914169311523e-01 4.059999883174896240e-01 5.849999785423278809e-01 4.450000077486038208e-02 5.438924431800842285e-01 4.826951324939727783e-01 4.340582489967346191e-01 4.113901853561401367e-01 5.765146613121032715e-01 9.373632073402404785e-02
5.437499880790710449e-01 4.833333194255828857e-01 4.277499914169311523e-01 4.059999883174896240e-01 5.849999785423278809e-01 9.455000162124633789e-01 5.462911128997802734e-01 4.853299558162689209e-01 4.296394884586334229e-01 3.987075388431549072e-01 5.861517190933227539e-01 9.268875718116760254e-01
5.437499880790710449e-01 4.833333194255828857e-01 4.277499914169311523e-01 4.059999883174896240e-01 5.849999785423278809e-01 6.365000009536743164e-01 5.433853268623352051e-01 4.821959733963012695e-01 4.288372099399566650e-01 4.042873978614807129e-01 5.845872759819030762e-01 6.221863031387329102e-01
5.437499880790710449e-01 4.833333194255828857e-01 4.277499914169311523e-01 4.059999883174896240e-01 5.849999785423278809e-01 2.904999852180480957e-01 5.412631034851074219e-01 4.837188720703125000e-01 4.309655427932739258e-01 4.108877182006835938e-01 5.784428119659423828e-01 3.228293955326080322e-01
5.437499880790710449e-01 4.833333194255828857e-01 4.277499914169311523e-01 4.059999883174896240e-01 5.849999785423278809e-01 1.774999946355819702e-01 5.423502922058105469e-01 4.826467335224151611e-01 4.293138384819030762e-01 4.077318906784057617e-01 5.804464221000671387e-01 2.243111729621887207e-01
5.437499880790710449e-01 4.833333194255828857e-01 4.277499914169311523e-01 4.059999883174896240e-01 5.849999785423278809e-01 9.714999794960021973e-01 5.464129447937011719e-01 4.839825332164764404e-01 4.289498329162597656e-01 3.991983830928802490e-01 5.875111818313598633e-01 9.289854168891906738e-01
5.437499880790710449e-01 4.833333194255828857e-01 4.277499914169311523e-01 4.059999883174896240e-01 5.849999785423278809e-01 1.350000035017728806e-02 5.443515181541442871e-01 4.825764894485473633e-01 4.341394007205963135e-01 4.106518626213073730e-01 5.769524574279785156e-01 6.731574237346649170e-02
5.437499880790710449e-01 4.833333194255828857e-01 4.277499914169311523e-01 4.059999883174896240e-01 5.849999785423278809e-01 1.064999997615814209e-01 5.438982248306274414e-01 4.831072092056274414e-01 4.315726161003112793e-01 4.105818569660186768e-01 5.798109769821166992e-01 1.493595391511917114e-01
5.437499880790710449e-01 4.833333194255828857e-01 4.277499914169311523e-01 4.059999883174896240e-01 5.849999785423278809e-01 3.325000107288360596e-01 5.428126454353332520e-01 4.825842678546905518e-01 4.318495392799377441e-01 4.085314273834228516e-01 5.802668333053588867e-01 3.702879846096038818e-01
5.437499880790710449e-01 4.833333194255828857e-01 4.277499914169311523e-01 4.059999883174896240e-01 5.849999785423278809e-01 7.634999752044677734e-01 5.432231426239013672e-01 4.843280315399169922e-01 4.294839203357696533e-01 4.066154956817626953e-01 5.811342000961303711e-01 7.345011830329895020e-01
5.437499880790710449e-01 4.833333194255828857e-01 4.277499914169311523e-01 4.059999883174896240e-01 5.849999785423278809e-01 5.350000038743019104e-02 5.436841249465942383e-01 4.833300709724426270e-01 4.335145652294158936e-01 4.117076694965362549e-01 5.755325555801391602e-01 9.849961847066879272e-02
5.437499880790710449e-01 4.833333194255828857e-01 4.277499914169311523e-01 4.059999883174896240e-01 5.849999785423278809e-01 6.575000286102294922e-01 5.427468419075012207e-01 4.827382266521453857e-01 4.297153651714324951e-01 4.068444967269897461e-01 5.824093818664550781e-01 6.285085678100585938e-01
5.437499880790710449e-01 4.833333194255828857e-01 4.277499914169311523e-01 4.059999883174896240e-01 5.849999785423278809e-01 7.499999832361936569e-03 5.445923805236816406e-01 4.841042160987854004e-01 4.305429756641387939e-01 4.111115038394927979e-01 5.766074061393737793e-01 5.779705569148063660e-02
5.437499880790710449e-01 4.833333194255828857e-01 4.277499914169311523e-01 4.059999883174896240e-01 5.849999785423278809e-01 9.854999780654907227e-01 5.469346642494201660e-01 4.854965209960937500e-01 4.291483461856842041e-01 3.969260454177856445e-01 5.887051224708557129e-01 9.504493474960327148e-01
5.437499880790710449e-01 4.833333194255828857e-01 4.277499914169311523e-01 4.059999883174896240e-01 5.849999785423278809e-01 2.594999969005584717e-01 5.424838662147521973e-01 4.830271005630493164e-01 4.310470819473266602e-01 4.082585275173187256e-01 5.808523297309875488e-01 3.105189800262451172e-01
5.437499880790710449e-01 4.833333194255828857e-01 4.277499914169311523e-01 4.059999883174896240e-01 5.849999785423278809e-01 5.150000005960464478e-02 5.446803569793701172e-01 4.832828342914581299e-01 4.331300556659698486e-01 4.081890285015106201e-01 5.777711272239685059e-01 6.436278671026229858e-02
5.437499880790710449e-01 4.833333194255828857e-01 4.277499914169311523e-01 4.059999883174896240e-01 5.849999785423278809e-01 3.714999854564666748e-01 5.436927080154418945e-01 4.829467236995697021e-01 4.290959537029266357e-01 4.075329601764678955e-01 5.814699530601501465e-01 4.150879085063934326e-01
5.437499880790710449e-01 4.833333194255828857e-01 4.277499914169311523e-01 4.059999883174896240e-01 5.849999785423278809e-01 8.215000033378601074e-01 5.435446500778198242e-01 4.838091433048248291e-01 4.315429329872131348e-01 4.051831364631652832e-01 5.825680494308471680e-01 7.792800068855285645e-01
5.437499880790710449e-01 4.833333194255828857e-01 4.277499914169311523e-01 4.059999883174896240e-01 5.849999785423278809e-01 2.745000123977661133e-01 5.427888035774230957e-01 4.831072092056274414e-01 4.317745864391326904e-01 4.113877713680267334e-01 5.795396566390991211e-01 3.104678988456726074e-01
5.437499880790710449e-01 4.833333194255828857e-01 4.277499914169311523e-01 4.059999883174896240e-01 5.849999785423278809e-01 3.855000138282775879e-01 5.433109998703002930e-01 4.819188416004180908e-01 4.308697283267974854e-01 4.073652923107147217e-01 5.810690522193908691e-01 3.887469172477722168e-01
5.437499880790710449e-01 4.833333194255828857e-01 4.277499914169311523e-01 4.059999883174896240e-01 5.849999785423278809e-01 5.774999856948852539e-01 5.421731472015380859e-01 4.827121198177337646e-01 4.305454492568969727e-01 4.084349274635314941e-01 5.812615156173706055e-01 5.735451579093933105e-01
5.437499880790710449e-01 4.833333194255828857e-01 4.277499914169311523e-01 4.059999883174896240e-01 5.849999785423278809e-01 5.134999752044677734e-01 5.434549450874328613e-01 4.827812314033508301e-01 4.303761422634124756e-01 4.070311784744262695e-01 5.825490355491638184e-01 5.230622291564941406e-01
5.437499880790710449e-01 4.833333194255828857e-01 4.277499914169311523e-01 4.059999883174896240e-01 5.849999785423278809e-01 8.125000000000000000e-01 5.431613922119140625e-01 4.844208359718322754e-01 4.312983155250549316e-01 4.059123694896697998e-01 5.821522474288940430e-01 7.849279046058654785e-01
5.437499880790710449e-01 4.833333194255828857e-01 4.277499914169311523e-01 4.059999883174896240e-01 5.849999785423278809e-01 5.954999923706054688e-01 5.431476831436157227e-01 4.823425710201263428e-01 4.299803674221038818e-01 4.060598313808441162e-01 5.839650630950927734e-01 5.888628363609313965e-01
5.437499880790710449e-01 4.833333194255828857e-01 4.277499914169311523e-01 4.059999883174896240e-01 5.849999785423278809e-01 9.950000047683715820e-02 5.423385500907897949e-01 4.832553863525390625e-01 4.329882562160491943e-01 4.114589691162109375e-01 5.766066908836364746e-01 1.464191079139709473e-01
5.437499880790710449e-01 4.833333194255828857e-01 4.277499914169311523e-01 4.059999883174896240e-01 5.849999785423278809e-01 4.645000100135803223e-01 5.428733229637145996e-01 4.824211895465850830e-01 4.296041131019592285e-01 4.069940447807312012e-01 5.825405716896057129e-01 4.661519825458526611e-01
5.437499880790710449e-01 4.833333194255828857e-01 4.277499914169311523e-01 4.059999883174896240e-01 5.849999785423278809e-01 2.444999963045120239e-01 5.421406030654907227e-01 4.831565320491790771e-01 4.310875236988067627e-01 4.105624854564666748e-01 5.790525674819946289e-01 2.809327840805053711e-01
5.437499880790710449e-01 4.833333194255828857e-01 4.277499914169311523e-01 4.059999883174896240e-01 5.849999785423278809e-01 6.305000185966491699e-01 5.432208180427551270e-01 4.833325743675231934e-01 4.295876622200012207e-01 4.064427614212036133e-01 5.820742845535278320e-01 6.020396351814270020e-01
5.437499880790710449e-01 4.833333194255828857e-01 4.277499914169311523e-01 4.059999883174896240e-01 5.849999785423278809e-01 6.125000119209289551e-01 5.433563590049743652e-01 4.825130403041839600e-01 4.281547069549560547e-01 4.056617617607116699e-01 5.838037133216857910e-01 6.009151339530944824e-01
5.437499880790710449e-01 4.833333194255828857e-01 4.277499914169311523e-01 4.059999883174896240e-01 5.849999785423278809e-01 5.644999742507934570e-01 5.424731969833374023e-01 4.835951030254364014e-01 4.316815733909606934e-01 4.095080196857452393e-01 5.814330577850341797e-01 5.607830882072448730e-01
5.437499880790710449e-01 4.833333194255828857e-01 4.277499914169311523e-01 4.059999883174896240e-01 5.849999785423278809e-01 9.265000224113464355e-01 5.468391180038452148e-01 4.849904477596282959e-01 4.298197329044342041e-01 3.974680006504058838e-01 5.884629487991333008e-01 9.007785320281982422e-01
5.437499880790710449e-01 4.833333194255828857e-01 4.277499914169311523e-01 4.059999883174896240e-01 5.849999785423278809e-01 7.384999990463256836e-01 5.437598824501037598e-01 4.825716614723205566e-01 4.301682710647583008e-01 4.054712355136871338e-01 5.826051831245422363e-01 7.138482928276062012e-01
