3.915224969387054443e-01 4.399886727333068848e-01 3.655945062637329102e-01 6.860575079917907715e-01 7.004935145378112793e-01 8.386942744255065918e-02 3.685076534748077393e-01 4.135608077049255371e-01 4.859498441219329834e-01 6.018393635749816895e-01 6.237755417823791504e-01 6.663221716880798340e-01 3.651438057422637939e-01 4.242329597473144531e-01
1.794025003910064697e-01 4.401108324527740479e-01 5.952695012092590332e-01 4.741952419281005859e-01 9.085032343864440918e-01 9.068393111228942871e-01 2.860616743564605713e-01 8.550342172384262085e-02 4.190037250518798828e-01 6.323073506355285645e-01 4.474581480026245117e-01 9.272734522819519043e-01 5.302618741989135742e-01 3.622460067272186279e-01
2.768650054931640625e-01 3.343124985694885254e-01 1.403087526559829712e-01 9.292724728584289551e-01 6.357747316360473633e-01 5.279412865638732910e-01 7.147667407989501953e-01 3.090246915817260742e-01 4.930687248706817627e-01 1.829122155904769897e-01 8.660451769828796387e-01 6.928894519805908203e-01 4.582576453685760498e-01 7.321562170982360840e-01
9.092400074005126953e-01 5.936956405639648438e-01 2.016207426786422729e-01 3.350412547588348389e-01 5.013005137443542480e-01 6.598384678363800049e-02 5.722113251686096191e-01 8.764087557792663574e-01 6.745992898941040039e-01 3.501731455326080322e-01 4.237650036811828613e-01 4.575243294239044189e-01 2.888504266738891602e-01 4.107297956943511963e-01
2.780900001525878906e-01 1.792176663875579834e-01 9.288704991340637207e-01 6.176350116729736328e-01 9.227149933576583862e-02 5.913984775543212891e-01 9.506603479385375977e-01 4.440262615680694580e-01 2.206877470016479492e-01 4.767447412014007568e-01 5.849054455757141113e-01 1.931231282651424408e-02 6.770496964454650879e-01 7.814329266548156738e-01
4.709349870681762695e-01 3.548451662063598633e-01 7.789080142974853516e-01 1.375962495803833008e-01 1.834249943494796753e-01 8.134646415710449219e-01 4.403123259544372559e-01 4.676924347877502441e-01 3.349161744117736816e-01 6.604980826377868652e-01 1.573884040117263794e-01 2.236882895231246948e-01 6.612674593925476074e-01 4.174329042434692383e-01
1.987649947404861450e-01 2.743841707706451416e-01 9.119752645492553711e-01 9.380350112915039062e-01 6.959974765777587891e-01 3.948940336704254150e-01 7.560707330703735352e-01 1.728004664182662964e-01 1.585038900375366211e-01 7.794163227081298828e-01 7.897359132766723633e-01 7.321526408195495605e-01 5.090029239654541016e-01 6.352169513702392578e-01
7.883725166320800781e-01 6.593629717826843262e-01 8.596755266189575195e-01 2.987412512302398682e-01 7.223179936408996582e-01 4.795535206794738770e-01 9.717208743095397949e-01 7.699138522148132324e-01 5.101167559623718262e-01 3.803056180477142334e-01 5.547342300415039062e-01 5.946135520935058594e-01 4.342425763607025146e-01 5.458074212074279785e-01
1.180450022220611572e-01 5.258161425590515137e-01 3.197174891829490662e-02 3.379600048065185547e-01 1.635382473468780518e-01 3.489731252193450928e-01 4.183226525783538818e-01 1.616320610046386719e-01 5.741742849349975586e-01 8.978376537561416626e-02 2.970121204853057861e-01 2.659977972507476807e-01 7.224339842796325684e-01 5.952121615409851074e-01
3.643549978733062744e-01 8.031976819038391113e-01 6.656810045242309570e-01 1.120777502655982971e-01 2.856124937534332275e-02 5.675760507583618164e-01 7.655128836631774902e-01 3.283662199974060059e-01 5.702180862426757812e-01 4.507306814193725586e-01 3.989166617393493652e-01 4.770187288522720337e-02 5.445902943611145020e-01 4.256063401699066162e-01
1.640650033950805664e-01 2.728306651115417480e-01 5.832762718200683594e-01 5.042325258255004883e-01 4.812425076961517334e-01 8.335813879966735840e-02 5.751573443412780762e-01 2.013393938541412354e-01 3.369818031787872314e-01 7.064539194107055664e-01 4.534489214420318604e-01 4.937987625598907471e-01 4.569506645202636719e-01 4.643270075321197510e-01
1.693174988031387329e-01 7.909858226776123047e-01 2.466634958982467651e-01 1.619444936513900757e-01 5.461649894714355469e-01 6.064682602882385254e-01 4.500993192195892334e-01 1.913051307201385498e-01 6.195351481437683105e-01 2.009148150682449341e-01 2.449117302894592285e-01 6.743087172508239746e-01 5.692609548568725586e-01 4.914579987525939941e-01
6.403974890708923340e-01 1.812776625156402588e-01 7.186290025711059570e-01 1.826110035181045532e-01 9.235674738883972168e-01 1.713234335184097290e-01 7.629056572914123535e-01 5.224865674972534180e-01 4.019863605499267578e-01 6.589602828025817871e-01 6.205749511718750000e-01 7.760908603668212891e-01 4.195094704627990723e-01 3.770084977149963379e-01
4.601399898529052734e-01 4.738574922084808350e-01 6.792887449264526367e-01 2.801632583141326904e-01 7.813665270805358887e-01 9.392333030700683594e-02 8.295833319425582886e-02 5.389422178268432617e-01 5.332981348037719727e-01 4.429678618907928467e-01 4.564161896705627441e-01 7.609562277793884277e-01 4.246399998664855957e-01 4.318163692951202393e-01
2.902024984359741211e-01 5.149865150451660156e-01 1.232604980468750000e-01 6.134899854660034180e-01 2.377225011587142944e-01 6.893795132637023926e-01 5.033299922943115234e-01 3.276259303092956543e-01 5.076763629913330078e-01 1.669048517942428589e-01 4.890761077404022217e-01 3.294786512851715088e-01 6.175967454910278320e-01 6.233693957328796387e-01
3.586100041866302490e-01 7.043098211288452148e-01 5.855717658996582031e-01 1.687217503786087036e-01 6.629977226257324219e-01 5.079816281795501709e-02 9.374176859855651855e-01 3.807063102722167969e-01 5.370171070098876953e-01 3.339854776859283447e-01 4.473936557769775391e-01 5.715965628623962402e-01 4.734976887702941895e-01 5.185143947601318359e-01
4.449824988842010498e-01 1.730004996061325073e-01 1.919837445020675659e-01 8.914049863815307617e-01 4.474482536315917969e-01 1.133459582924842834e-01 3.014020025730133057e-01 4.617047309875488281e-01 3.661837577819824219e-01 6.319210529327392578e-01 5.921600461006164551e-01 4.750971496105194092e-01 4.498329460620880127e-01 4.725176095962524414e-01
6.583349704742431641e-01 3.264728188514709473e-01 1.187812536954879761e-01 7.566974759101867676e-01 1.733645051717758179e-01 5.806132405996322632e-02 2.242893278598785400e-01 7.853092551231384277e-01 5.665876269340515137e-01 4.694906771183013916e-01 4.763035178184509277e-01 1.354016065597534180e-01 3.944604098796844482e-01 4.793345630168914795e-01
5.189650058746337891e-01 2.451331615447998047e-01 6.070244908332824707e-01 7.364624738693237305e-01 9.460164904594421387e-01 6.749446392059326172e-01 2.121790051460266113e-01 5.385020971298217773e-01 3.247379064559936523e-01 6.764706373214721680e-01 5.543022751808166504e-01 8.899504542350769043e-01 5.651412010192871094e-01 3.464961051940917969e-01
7.084274888038635254e-01 4.328461587429046631e-01 7.115697264671325684e-01 5.112199783325195312e-01 5.491034984588623047e-01 6.666193008422851562e-01 8.808780908584594727e-01 6.855007410049438477e-01 4.709517657756805420e-01 4.556359648704528809e-01 5.888230800628662109e-01 5.159255266189575195e-01 4.345843195915222168e-01 5.315991044044494629e-01
2.356700003147125244e-01 5.783045291900634766e-01 5.420337319374084473e-01 6.593250036239624023e-01 6.885660290718078613e-01 7.283633351325988770e-01 1.879143267869949341e-01 2.540653347969055176e-01 5.063875317573547363e-01 5.140461921691894531e-01 5.361994504928588867e-01 7.446244955062866211e-01 4.217294156551361084e-01 4.653463959693908691e-01
6.157274842262268066e-01 6.278780102729797363e-01 7.956697344779968262e-01 5.310574769973754883e-01 6.794289946556091309e-01 5.777800083160400391e-01 7.445900142192840576e-02 5.546722412109375000e-01 4.823652803897857666e-01 5.938548445701599121e-01 5.649903416633605957e-01 6.648281812667846680e-01 3.947609961032867432e-01 3.927947878837585449e-01
3.959375023841857910e-01 2.165694981813430786e-01 4.341965019702911377e-01 3.762249946594238281e-01 5.548002719879150391e-01 4.541881680488586426e-01 6.575070023536682129e-01 3.872176706790924072e-01 2.639181017875671387e-01 5.896788239479064941e-01 2.960693538188934326e-01 5.855479240417480469e-01 5.510058403015136719e-01 5.352446436882019043e-01
8.718374967575073242e-01 3.035014867782592773e-01 2.463639974594116211e-01 8.503274917602539062e-01 9.827795028686523438e-01 6.430036425590515137e-01 9.072946906089782715e-01 6.983536481857299805e-01 4.690611064434051514e-01 4.722591638565063477e-01 7.928062081336975098e-01 7.837100028991699219e-01 3.893742859363555908e-01 5.360527038574218750e-01
9.115700125694274902e-01 2.014214992523193359e-01 1.227905005216598511e-01 1.231812536716461182e-01 8.804874867200851440e-02 3.731257617473602295e-01 8.967713117599487305e-01 8.226057887077331543e-01 3.449642658233642578e-01 2.256015688180923462e-01 3.464029729366302490e-01 2.232828363776206970e-02 6.591459512710571289e-01 7.911349534988403320e-01
6.325374841690063477e-01 4.777173399925231934e-01 9.069085121154785156e-01 2.631149999797344208e-02 4.379667639732360840e-01 7.652301192283630371e-01 1.946966722607612610e-02 6.419935226440429688e-01 3.934165239334106445e-01 6.582076549530029297e-01 2.360589206218719482e-01 4.824993312358856201e-01 5.725012421607971191e-01 3.486185371875762939e-01
2.656599879264831543e-01 7.706983089447021484e-01 3.846769928932189941e-01 2.513934969902038574e-01 5.829137563705444336e-01 2.549786865711212158e-01 9.400420188903808594e-01 3.269528746604919434e-01 5.714826583862304688e-01 1.672174781560897827e-01 4.182794690132141113e-01 5.566715598106384277e-01 5.547803044319152832e-01 5.742285847663879395e-01
3.307375013828277588e-01 3.269171714782714844e-01 2.206532508134841919e-01 5.232500261627137661e-04 1.193580031394958496e-01 7.583325505256652832e-01 3.585340082645416260e-01 3.331764042377471924e-01 3.639188110828399658e-01 3.593562245368957520e-01 1.176661998033523560e-01 1.799037009477615356e-01 7.246540784835815430e-01 5.051526427268981934e-01
1.802050024271011353e-01 4.150078296661376953e-01 3.737749904394149780e-02 1.352314949035644531e-01 7.568194866180419922e-01 6.386690586805343628e-02 7.936084270477294922e-01 2.650984823703765869e-01 5.988090634346008301e-01 1.938580423593521118e-01 3.282161056995391846e-01 6.756796836853027344e-01 5.393276214599609375e-01 5.239324569702148438e-01
5.235400199890136719e-01 1.799228340387344360e-01 2.585499882698059082e-01 4.634810090065002441e-01 3.276025131344795227e-02 5.215286612510681152e-01 3.986496627330780029e-01 3.961831033229827881e-01 3.143062591552734375e-01 5.532530546188354492e-01 4.888308942317962646e-01 2.850702032446861267e-02 6.479663252830505371e-01 6.388357281684875488e-01
6.050000083632767200e-04 7.626801729202270508e-01 1.937910020351409912e-01 3.050400018692016602e-01 6.250527501106262207e-01 2.081033401191234589e-02 1.950639933347702026e-01 2.731503546237945557e-02 7.676886916160583496e-01 1.328669488430023193e-01 5.070005655288696289e-01 7.958500981330871582e-01 3.438279926776885986e-01 5.351309180259704590e-01
1.979175060987472534e-01 6.752796769142150879e-01 4.547674953937530518e-02 7.874624729156494141e-01 5.690722465515136719e-01 2.273631244897842407e-01 9.522694349288940430e-01 1.879791468381881714e-01 7.174673676490783691e-01 3.112327121198177338e-02 8.838698267936706543e-01 5.934118628501892090e-01 4.056154489517211914e-01 8.136368989944458008e-01
8.739100098609924316e-01 6.439178586006164551e-01 3.565104901790618896e-01 8.655250072479248047e-03 7.428217530250549316e-01 2.297111153602600098e-01 3.042726814746856689e-01 7.649178504943847656e-01 5.476099848747253418e-01 3.086161911487579346e-01 3.518324196338653564e-01 7.372959852218627930e-01 4.544531106948852539e-01 4.748194217681884766e-01
9.506275057792663574e-01 6.128249764442443848e-01 1.361224949359893799e-01 7.617350220680236816e-01 9.079587459564208984e-01 9.126816391944885254e-01 9.433433413505554199e-01 7.597230076789855957e-01 4.433273971080780029e-01 2.337369471788406372e-01 6.132136583328247070e-01 7.550791501998901367e-01 5.310816168785095215e-01 6.264315843582153320e-01
2.096750028431415558e-02 3.860625028610229492e-01 2.796250022947788239e-02 2.733870148658752441e-01 9.157245159149169922e-01 5.558437108993530273e-01 5.390610098838806152e-01 3.655365481972694397e-02 6.606550216674804688e-01 2.853359878063201904e-01 2.111509442329406738e-01 7.914559245109558105e-01 6.725367307662963867e-01 3.257162570953369141e-01
9.722474813461303711e-01 8.184563517570495605e-01 5.392625182867050171e-02 8.052600026130676270e-01 3.060939908027648926e-01 5.404233187437057495e-02 6.121023297309875488e-01 9.109842181205749512e-01 4.344736039638519287e-01 5.461857318878173828e-01 4.676041901111602783e-01 3.149492144584655762e-01 4.653908014297485352e-01 4.989989697933197021e-01
4.812900125980377197e-01 2.725526690483093262e-01 1.738772541284561157e-01 1.519527435302734375e-01 9.137692451477050781e-01 5.948666930198669434e-01 8.393558859825134277e-01 3.533599376678466797e-01 3.112484514713287354e-01 3.068174421787261963e-01 3.999320864677429199e-01 8.449887633323669434e-01 5.687211155891418457e-01 6.253161430358886719e-01
7.994899749755859375e-01 2.026771605014801025e-01 9.166177511215209961e-01 2.795712351799011230e-01 9.473620057106018066e-01 9.447643160820007324e-01 2.532186806201934814e-01 7.265278100967407227e-01 2.946602702140808105e-01 7.563888430595397949e-01 3.543553352355957031e-01 8.162708282470703125e-01 5.923054218292236328e-01 2.574502229690551758e-01
5.437625050544738770e-01 4.533329904079437256e-01 3.228259980678558350e-01 2.969120144844055176e-01 2.515499945729970932e-03 9.912050366401672363e-01 1.553283333778381348e-01 4.030345380306243896e-01 4.642803370952606201e-01 4.255582690238952637e-01 3.027752935886383057e-01 3.391572088003158569e-02 6.738480925559997559e-01 5.054471492767333984e-01
8.265799880027770996e-01 7.946988344192504883e-01 1.353474985808134079e-02 6.612499952316284180e-01 3.967007398605346680e-01 5.772690176963806152e-01 8.687244057655334473e-01 8.347516655921936035e-01 7.284663915634155273e-01 5.922810360789299011e-02 6.660791039466857910e-01 3.744650781154632568e-01 3.980855941772460938e-01 7.210115790367126465e-01
8.442950248718261719e-01 5.838288068771362305e-01 1.733697503805160522e-01 6.421350240707397461e-01 7.646177411079406738e-01 4.676388800144195557e-01 7.017969489097595215e-01 7.599441409111022949e-01 5.431988835334777832e-01 2.058007419109344482e-01 7.411042451858520508e-01 7.633022665977478027e-01 4.158628880977630615e-01 6.393603086471557617e-01
8.570424914360046387e-01 2.230241596698760986e-01 8.506785035133361816e-01 1.406340003013610840e-01 6.842997670173645020e-01 6.881133466958999634e-02 5.785366892814636230e-01 8.393890857696533203e-01 3.736794888973236084e-01 6.401576399803161621e-01 4.544790089130401611e-01 6.138544082641601562e-01 5.306912660598754883e-01 3.906452953815460205e-01
3.080675005912780762e-01 7.010611891746520996e-01 4.994640052318572998e-01 5.099800229072570801e-01 5.613575130701065063e-02 7.657982707023620605e-01 4.196510016918182373e-01 3.158825337886810303e-01 6.119788885116577148e-01 4.770452678203582764e-01 6.075453162193298340e-01 9.967391192913055420e-02 4.004730582237243652e-01 4.579438567161560059e-01
8.085849881172180176e-01 5.551509857177734375e-01 3.423945009708404541e-01 3.365197479724884033e-01 3.025574982166290283e-01 2.764036357402801514e-01 7.077468037605285645e-01 8.844864368438720703e-01 6.292231082916259766e-01 3.892992734909057617e-01 2.876183688640594482e-01 2.889970541000366211e-01 3.971363902091979980e-01 4.161829352378845215e-01
9.314125180244445801e-01 2.637443244457244873e-01 5.814767479896545410e-01 2.277624979615211487e-02 8.870834708213806152e-01 3.887223303318023682e-01 6.581820249557495117e-01 8.069071173667907715e-01 3.340366184711456299e-01 4.890644252300262451e-01 3.422816097736358643e-01 7.857778668403625488e-01 5.598869919776916504e-01 4.439544081687927246e-01
9.990050196647644043e-01 5.127146840095520020e-01 9.860417246818542480e-01 5.404725074768066406e-01 3.357677459716796875e-01 5.072447657585144043e-01 9.573369026184082031e-01 9.325928092002868652e-01 2.842089235782623291e-01 6.669319272041320801e-01 8.113317489624023438e-01 1.583864539861679077e-01 4.565463960170745850e-01 6.585083603858947754e-01
6.880224943161010742e-01 7.261505126953125000e-01 5.024064779281616211e-01 5.359575152397155762e-01 7.773067355155944824e-01 1.318297982215881348e-01 3.498750030994415283e-01 7.585785984992980957e-01 5.393162965774536133e-01 3.755332231521606445e-01 5.414206385612487793e-01 7.817898392677307129e-01 4.084588587284088135e-01 4.837464094161987305e-01
2.698175013065338135e-01 6.942576766014099121e-01 1.674434989690780640e-01 8.185899853706359863e-01 2.747847437858581543e-01 5.642480850219726562e-01 1.363613307476043701e-01 2.863032817840576172e-01 5.581548213958740234e-01 1.004877462983131409e-01 6.288657188415527344e-01 4.519601464271545410e-01 5.630879998207092285e-01 6.901488900184631348e-01
2.291425019502639771e-01 7.988243103027343750e-01 8.099225163459777832e-01 7.555599808692932129e-01 9.395350217819213867e-01 5.867105126380920410e-01 2.200309932231903076e-01 1.621974855661392212e-01 5.394790768623352051e-01 5.195977687835693359e-01 7.104621529579162598e-01 9.685912132263183594e-01 4.278574883937835693e-01 3.596313893795013428e-01
6.267899870872497559e-01 7.339239716529846191e-01 7.689437270164489746e-01 3.005647361278533936e-01 9.013969898223876953e-01 5.489408373832702637e-01 4.495436549186706543e-01 5.552964210510253906e-01 4.988420009613037109e-01 4.216036498546600342e-01 6.269106864929199219e-01 8.882077336311340332e-01 4.588866829872131348e-01 4.670481979846954346e-01
1.999824941158294678e-01 4.529278278350830078e-01 1.536564975976943970e-01 5.150550007820129395e-01 2.908100001513957977e-02 4.583289027214050293e-01 5.162556767463684082e-01 2.284093350172042847e-01 4.968127608299255371e-01 3.985203802585601807e-01 6.067422032356262207e-01 6.707580387592315674e-02 5.534577965736389160e-01 5.559043288230895996e-01
3.933550119400024414e-01 7.792611718177795410e-01 2.256225049495697021e-01 4.539837539196014404e-01 9.645607471466064453e-01 5.436675548553466797e-01 9.842261672019958496e-01 3.489285409450531006e-01 6.317700147628784180e-01 6.315667182207107544e-02 4.462023675441741943e-01 8.187745213508605957e-01 5.330547094345092773e-01 6.454716920852661133e-01
5.774924755096435547e-01 4.571650028228759766e-01 1.816727519035339355e-01 2.390747517347335815e-01 7.880027294158935547e-01 5.546672940254211426e-01 4.587976634502410889e-01 5.322539806365966797e-01 5.657321214675903320e-01 2.019615322351455688e-01 3.614229857921600342e-01 7.681198716163635254e-01 5.099971890449523926e-01 5.213395953178405762e-01
3.992750123143196106e-02 6.035388112068176270e-01 6.669340133666992188e-01 4.333457648754119873e-01 3.646380007266998291e-01 2.555052638053894043e-01 2.414180040359497070e-01 4.290226101875305176e-02 5.464176535606384277e-01 6.450261473655700684e-01 4.791680872440338135e-01 4.631100594997406006e-01 4.099313020706176758e-01 4.682984650135040283e-01
3.339149951934814453e-01 4.823488295078277588e-01 9.623647332191467285e-01 4.525727629661560059e-01 6.711884737014770508e-01 8.217902779579162598e-01 1.188416630029678345e-01 3.230983912944793701e-01 3.365271389484405518e-01 6.671608090400695801e-01 5.423502922058105469e-01 6.914799809455871582e-01 5.150109529495239258e-01 4.561160802841186523e-01
8.288250118494033813e-02 7.698554992675781250e-01 8.580407500267028809e-01 9.049124717712402344e-01 3.087849915027618408e-02 7.982417941093444824e-01 7.089091539382934570e-01 2.922664768993854523e-02 5.542016625404357910e-01 6.159315109252929688e-01 6.448056101799011230e-01 1.719345897436141968e-01 4.241747856140136719e-01 5.244730710983276367e-01
6.369550228118896484e-01 7.106475234031677246e-01 6.629995107650756836e-01 6.680275201797485352e-01 2.808440029621124268e-01 2.159877866506576538e-02 2.603693306446075439e-01 8.099596500396728516e-01 4.755942225456237793e-01 5.907683968544006348e-01 5.127979516983032227e-01 3.220923244953155518e-01 4.167691767215728760e-01 4.254463911056518555e-01
6.573550105094909668e-01 3.867893218994140625e-01 5.973952412605285645e-01 1.390857547521591187e-01 2.904852628707885742e-01 8.112040162086486816e-01 6.816638708114624023e-01 6.543325185775756836e-01 4.257416725158691406e-01 5.337231159210205078e-01 1.933104246854782104e-01 2.887946665287017822e-01 6.083406805992126465e-01 4.368704855442047119e-01
4.182874858379364014e-01 4.612033367156982422e-01 7.349099963903427124e-02 7.383800148963928223e-01 1.558504998683929443e-01 5.213742256164550781e-01 8.444640040397644043e-01 4.489138424396514893e-01 5.919613838195800781e-01 2.587254345417022705e-01 6.220828294754028320e-01 1.168675422668457031e-01 4.887608289718627930e-01 5.933056473731994629e-01
5.996025204658508301e-01 2.187239974737167358e-01 2.859387397766113281e-01 6.319125294685363770e-01 7.379267215728759766e-01 7.215978503227233887e-01 7.927479743957519531e-01 5.197416543960571289e-01 3.923527896404266357e-01 5.100509524345397949e-01 5.586088895797729492e-01 6.627734303474426270e-01 5.004466772079467773e-01 5.106339454650878906e-01
7.809500098228454590e-01 5.252936482429504395e-01 8.591882586479187012e-01 8.087325096130371094e-01 9.970407485961914062e-01 2.341383844614028931e-01 6.756131649017333984e-01 7.925087213516235352e-01 4.996416866779327393e-01 6.023563146591186523e-01 9.021307229995727539e-01 9.035909175872802734e-01 3.212705254554748535e-01 4.261756539344787598e-01
2.270675003528594971e-01 4.621528387069702148e-01 6.680135130882263184e-01 1.053114980459213257e-01 7.079409956932067871e-01 3.282281756401062012e-02 6.169936656951904297e-01 2.441677898168563843e-01 3.459231257438659668e-01 5.623801946640014648e-01 2.781599164009094238e-01 7.185189127922058105e-01 5.484645366668701172e-01 4.873328804969787598e-01
6.312825083732604980e-01 2.546228468418121338e-01 5.712372660636901855e-01 3.460980057716369629e-01 6.178572773933410645e-01 4.528657495975494385e-01 1.277023404836654663e-01 6.557303667068481445e-01 3.449272811412811279e-01 6.893087625503540039e-01 2.912923395633697510e-01 6.175664663314819336e-01 5.550503730773925781e-01 3.258563280105590820e-01
9.728350043296813965e-01 1.728146672248840332e-01 3.561397492885589600e-01 8.527474999427795410e-01 2.137182503938674927e-01 9.482091665267944336e-01 8.089429736137390137e-01 8.215149044990539551e-01 2.335783094167709351e-01 6.668111085891723633e-01 7.579075098037719727e-01 1.039122790098190308e-01 4.977574050426483154e-01 7.122319340705871582e-01
4.176250100135803223e-02 2.605246603488922119e-01 8.082550168037414551e-01 7.088400125503540039e-01 9.726099669933319092e-02 8.720312118530273438e-01 5.954156517982482910e-01 8.279711008071899414e-03 2.297174334526062012e-01 8.773286938667297363e-01 5.863373875617980957e-01 7.487793266773223877e-02 4.987131059169769287e-01 6.039970517158508301e-01
9.908249974250793457e-02 3.643186688423156738e-01 3.800162374973297119e-01 4.586944878101348877e-01 9.990582466125488281e-01 2.283266633749008179e-01 8.083066344261169434e-02 6.133399903774261475e-02 5.101661682128906250e-01 6.238574385643005371e-01 5.880469083786010742e-01 9.531632661819458008e-01 4.403971731662750244e-01 3.114542961120605469e-01
6.744599938392639160e-01 3.613803386688232422e-01 5.103832483291625977e-01 3.837450146675109863e-01 5.895657539367675781e-01 4.618036374449729919e-02 3.808499872684478760e-01 6.298238635063171387e-01 4.233913123607635498e-01 6.737819910049438477e-01 4.729600548744201660e-01 5.259872674942016602e-01 3.982584178447723389e-01 3.277445435523986816e-01
2.649224996566772461e-01 2.358601689338684082e-01 9.669939875602722168e-01 8.739550113677978516e-01 7.936995029449462891e-01 3.246545493602752686e-01 2.368256598711013794e-01 2.584558129310607910e-01 1.424323171377182007e-01 8.591969013214111328e-01 7.894228696823120117e-01 8.113593459129333496e-01 5.115301609039306641e-01 4.983208775520324707e-01
8.557350039482116699e-01 3.413478434085845947e-01 6.399185061454772949e-01 4.771282374858856201e-01 2.543214857578277588e-01 6.311722993850708008e-01 6.887222528457641602e-01 8.541296720504760742e-01 4.072415828704833984e-01 6.148363351821899414e-01 5.778186321258544922e-01 1.817793846130371094e-01 4.296037554740905762e-01 5.140118598937988281e-01
7.619249820709228516e-01 5.623946785926818848e-01 7.566737532615661621e-01 5.573624968528747559e-01 1.388995051383972168e-01 9.981855750083923340e-01 3.868726789951324463e-01 9.035990834236145020e-01 4.057035744190216064e-01 4.815558195114135742e-01 3.739697337150573730e-01 1.315526217222213745e-01 5.394864082336425781e-01 5.954524874687194824e-01
4.891099929809570312e-01 5.454931855201721191e-01 4.661380052566528320e-01 7.929674983024597168e-01 1.037275046110153198e-02 6.028006076812744141e-01 3.721086680889129639e-01 4.493647515773773193e-01 4.813471436500549316e-01 5.413088798522949219e-01 6.932495832443237305e-01 2.615375444293022156e-02 4.008777737617492676e-01 5.541503429412841797e-01
4.618175029754638672e-01 8.308724761009216309e-01 6.438454985618591309e-01 4.836890101432800293e-01 1.742827445268630981e-01 6.004298105835914612e-02 5.046179890632629395e-01 5.117198228836059570e-01 6.052485704421997070e-01 4.259094297885894775e-01 5.108203291893005371e-01 2.083949595689773560e-01 4.031502008438110352e-01 4.605547189712524414e-01
7.612250000238418579e-02 6.363673210144042969e-01 3.854382634162902832e-01 1.954012513160705566e-01 8.093104958534240723e-01 5.679041147232055664e-01 5.694033205509185791e-02 4.898687079548835754e-02 6.161531805992126465e-01 4.937807321548461914e-01 2.628973424434661865e-01 9.246438741683959961e-01 5.304115414619445801e-01 2.678793370723724365e-01
3.520975112915039062e-01 3.082848191261291504e-01 7.619307637214660645e-01 2.474567443132400513e-01 8.176295161247253418e-01 9.469219446182250977e-01 7.358211278915405273e-01 2.826066911220550537e-01 2.845763266086578369e-01 5.443680286407470703e-01 5.315571427345275879e-01 7.698959708213806152e-01 5.428992509841918945e-01 5.893124341964721680e-01
9.855474829673767090e-01 2.033886611461639404e-01 9.584337472915649414e-01 7.117875218391418457e-01 6.930927634239196777e-01 5.881259441375732422e-01 3.790040016174316406e-01 9.187844991683959961e-01 2.606001198291778564e-01 8.020964860916137695e-01 8.129395842552185059e-01 6.628690958023071289e-01 4.511781930923461914e-01 3.896666467189788818e-01
3.825249895453453064e-02 2.844470143318176270e-01 6.388379931449890137e-01 3.223335146903991699e-01 7.256242632865905762e-01 3.368747532367706299e-01 6.635733246803283691e-01 1.234162133187055588e-02 2.940250933170318604e-01 8.433206081390380859e-01 5.643481016159057617e-01 7.040498852729797363e-01 3.420536816120147705e-01 5.176404714584350586e-01
7.798550128936767578e-01 4.261656701564788818e-01 2.231547534465789795e-01 9.638224840164184570e-01 8.622482419013977051e-01 3.938568830490112305e-01 6.200990080833435059e-01 7.017233967781066895e-01 4.704830944538116455e-01 4.752894639968872070e-01 8.421604037284851074e-01 8.136919140815734863e-01 3.726006150245666504e-01 5.463465452194213867e-01
6.259425282478332520e-01 3.014331758022308350e-01 1.485912501811981201e-01 4.580957591533660889e-01 7.705637216567993164e-01 8.267338275909423828e-01 2.553633451461791992e-01 5.873143672943115234e-01 5.529362559318542480e-01 2.355962991714477539e-01 3.603778183460235596e-01 7.300375103950500488e-01 5.047931671142578125e-01 5.076571702957153320e-01
4.578525125980377197e-01 5.847293138504028320e-01 7.017765045166015625e-01 7.578824758529663086e-01 3.888577520847320557e-01 2.122800052165985107e-01 5.813996791839599609e-01 4.977605342864990234e-01 4.750655591487884521e-01 6.137438416481018066e-01 6.099405884742736816e-01 3.917194306850433350e-01 3.335255980491638184e-01 4.130342602729797363e-01
8.080250024795532227e-02 3.573994934558868408e-01 9.662290215492248535e-01 6.792899966239929199e-01 5.672724843025207520e-01 5.125874876976013184e-01 7.600963115692138672e-01 1.451742276549339294e-02 2.043839842081069946e-01 8.657816052436828613e-01 7.745519280433654785e-01 6.255609989166259766e-01 3.886782824993133545e-01 6.304009556770324707e-01
8.165749907493591309e-02 5.916183590888977051e-01 8.413150161504745483e-02 5.793750286102294922e-01 6.981599926948547363e-01 8.597926497459411621e-01 9.409117698669433594e-01 7.395233213901519775e-02 7.113969922065734863e-01 5.560153350234031677e-02 3.826460242271423340e-01 5.489606857299804688e-01 5.948205590248107910e-01 6.322364211082458496e-01
6.151000037789344788e-02 6.728168129920959473e-01 5.089524984359741211e-01 8.778125047683715820e-01 7.372587323188781738e-01 8.913036584854125977e-01 1.647300086915493011e-02 4.253535717725753784e-02 6.594999432563781738e-01 4.075166583061218262e-01 3.446923792362213135e-01 9.289929270744323730e-01 4.757486581802368164e-01 3.073197603225708008e-01
8.015725016593933105e-01 5.923038125038146973e-01 7.747370004653930664e-01 5.414500087499618530e-02 3.919857442378997803e-01 7.450779676437377930e-01 2.157640010118484497e-01 7.829712033271789551e-01 5.579923987388610840e-01 5.160131454467773438e-01 2.831278741359710693e-01 4.037610888481140137e-01 4.333215951919555664e-01 3.568138182163238525e-01
5.745649933815002441e-01 1.831691712141036987e-01 6.563194990158081055e-01 8.714874982833862305e-01 6.856409907341003418e-01 2.989600896835327148e-01 8.851518630981445312e-01 5.293264389038085938e-01 3.181537985801696777e-01 6.986619234085083008e-01 8.496537208557128906e-01 6.488526463508605957e-01 3.547014296054840088e-01 4.958681166172027588e-01
7.788749933242797852e-01 1.939969956874847412e-01 7.486305236816406250e-01 8.033400028944015503e-02 7.285297513008117676e-01 6.470609307289123535e-01 3.644200041890144348e-02 6.401004791259765625e-01 4.368626177310943604e-01 6.278695464134216309e-01 4.985221922397613525e-01 6.641205549240112305e-01 4.221568107604980469e-01 3.479110300540924072e-01
3.783524930477142334e-01 4.758246541023254395e-01 2.805329859256744385e-01 9.298049807548522949e-01 4.370642602443695068e-01 8.164232373237609863e-01 5.689759850502014160e-01 3.381976187229156494e-01 5.965077280998229980e-01 4.165272116661071777e-01 7.281375527381896973e-01 4.342569708824157715e-01 3.631336987018585205e-01 5.192415714263916016e-01
2.262825071811676025e-01 3.520023226737976074e-01 2.302384972572326660e-01 2.541489899158477783e-01 6.097245216369628906e-01 9.378677010536193848e-01 1.245416700839996338e-01 2.925195097923278809e-01 4.649902284145355225e-01 4.411119222640991211e-01 1.553772389888763428e-01 6.019154787063598633e-01 6.088456511497497559e-01 4.259998798370361328e-01
8.034999668598175049e-02 8.062493205070495605e-01 4.360064864158630371e-01 7.908400297164916992e-01 3.615710139274597168e-01 4.221536219120025635e-01 8.304058909416198730e-01 4.111066088080406189e-02 6.148634552955627441e-01 3.581807613372802734e-01 8.611051440238952637e-01 5.142115950584411621e-01 3.432341814041137695e-01 6.669709086418151855e-01
6.945325136184692383e-01 2.884384989738464355e-01 8.377732634544372559e-01 6.146925091743469238e-01 7.425462603569030762e-01 8.704830408096313477e-01 3.987466543912887573e-02 7.086276412010192871e-01 2.613177895545959473e-01 7.126335501670837402e-01 4.661049842834472656e-01 7.349298000335693359e-01 5.756059885025024414e-01 3.751291334629058838e-01
1.412000041455030441e-02 5.109578371047973633e-01 8.534232378005981445e-01 2.960324883460998535e-01 4.027594923973083496e-01 3.013576865196228027e-01 5.926493406295776367e-01 2.314002625644207001e-02 5.159528255462646484e-01 7.244728207588195801e-01 4.195785224437713623e-01 3.875924646854400635e-01 4.373992085456848145e-01 4.558254182338714600e-01
6.166499853134155273e-02 5.544776916503906250e-01 9.701694846153259277e-01 7.445949912071228027e-01 3.224112391471862793e-01 3.286957442760467529e-01 1.269143372774124146e-01 2.324960753321647644e-02 4.534668028354644775e-01 7.376163601875305176e-01 7.374168634414672852e-01 4.285018146038055420e-01 3.216381669044494629e-01 5.532694458961486816e-01
3.022249974310398102e-02 8.012443184852600098e-01 2.762752473354339600e-01 9.072750210762023926e-01 8.655869960784912109e-01 2.819007039070129395e-01 8.110892772674560547e-01 1.423702761530876160e-02 8.161786794662475586e-01 2.411903142929077148e-01 8.966484665870666504e-01 9.493589401245117188e-01 1.898545771837234497e-01 5.667822360992431641e-01
5.113499760627746582e-01 2.378431707620620728e-01 3.455624878406524658e-01 2.148524969816207886e-01 8.313295245170593262e-01 2.577446401119232178e-01 6.638646721839904785e-01 5.149464011192321777e-01 3.806799650192260742e-01 4.552570879459381104e-01 4.133064448833465576e-01 7.717253565788269043e-01 5.435333847999572754e-01 5.045896172523498535e-01
8.372499942779541016e-01 4.964953362941741943e-01 7.864217758178710938e-01 1.196952536702156067e-01 6.558899879455566406e-01 4.126114249229431152e-01 8.352743983268737793e-01 7.382086515426635742e-01 4.445149898529052734e-01 5.803438425064086914e-01 4.632246792316436768e-01 5.630795955657958984e-01 4.505192935466766357e-01 3.904535174369812012e-01
8.795400261878967285e-01 4.430179893970489502e-01 6.310387253761291504e-01 2.864712476730346680e-01 5.999267697334289551e-01 2.638386785984039307e-01 4.022533446550369263e-02 8.264678120613098145e-01 4.994452893733978271e-01 5.797407031059265137e-01 4.569308161735534668e-01 5.660534501075744629e-01 3.962429761886596680e-01 3.481424748897552490e-01
3.434999883174896240e-01 5.211371779441833496e-01 8.041267395019531250e-01 5.010049939155578613e-01 4.457629919052124023e-01 6.407568454742431641e-01 4.862506687641143799e-01 3.272511065006256104e-01 3.380288183689117432e-01 6.273435354232788086e-01 4.579232037067413330e-01 5.160569548606872559e-01 5.178743004798889160e-01 4.910681545734405518e-01
6.971150040626525879e-01 3.702096641063690186e-01 2.406907528638839722e-01 5.957549810409545898e-01 4.728960096836090088e-01 5.884084105491638184e-01 6.735448837280273438e-01 6.294819116592407227e-01 5.200040936470031738e-01 5.144705772399902344e-01 4.505492150783538818e-01 4.096933901309967041e-01 4.105540513992309570e-01 4.210925400257110596e-01
3.660899996757507324e-01 2.527939975261688232e-01 7.037402391433715820e-01 5.978599786758422852e-01 6.748697757720947266e-01 7.463386654853820801e-01 2.581023275852203369e-01 2.866621613502502441e-01 2.450399100780487061e-01 7.222114801406860352e-01 5.544639825820922852e-01 7.085043191909790039e-01 5.316479802131652832e-01 4.641395211219787598e-01
7.833675146102905273e-01 4.851410090923309326e-01 4.625167548656463623e-01 8.910225033760070801e-01 2.814037501811981201e-01 9.563513994216918945e-01 9.677899628877639771e-02 7.919206619262695312e-01 4.886159896850585938e-01 5.903191566467285156e-01 6.018397808074951172e-01 2.726202011108398438e-01 3.816487193107604980e-01 4.422525763511657715e-01
6.495425105094909668e-01 7.412800192832946777e-01 3.043000027537345886e-02 7.792050242424011230e-01 7.509437203407287598e-01 3.816798925399780273e-01 9.246689081192016602e-01 6.478438377380371094e-01 6.541491150856018066e-01 6.678017973899841309e-02 7.901692986488342285e-01 7.280607819557189941e-01 3.980256915092468262e-01 7.327963709831237793e-01
5.692874789237976074e-01 3.641664981842041016e-01 4.404575005173683167e-02 2.932477593421936035e-01 7.343674898147583008e-01 8.351206779479980469e-01 5.881213545799255371e-01 4.673608839511871338e-01 5.296505689620971680e-01 2.719430327415466309e-01 3.397553861141204834e-01 6.783995032310485840e-01 5.334720015525817871e-01 5.031179189682006836e-01
2.943474948406219482e-01 6.059141755104064941e-01 3.404900133609771729e-01 5.019899830222129822e-02 9.364472627639770508e-01 3.801256418228149414e-01 3.225743472576141357e-01 2.985683381557464600e-01 6.104898452758789062e-01 3.207562863826751709e-01 1.577486395835876465e-01 9.307725429534912109e-01 5.323081612586975098e-01 3.143263757228851318e-01
3.237150013446807861e-01 7.159793376922607422e-01 1.005389988422393799e-01 6.957774758338928223e-01 1.091347485780715942e-01 4.382783770561218262e-01 9.614337086677551270e-01 3.766237199306488037e-01 5.757096409797668457e-01 1.068402007222175598e-01 7.483340501785278320e-01 6.385606527328491211e-02 5.814830660820007324e-01 7.321422696113586426e-01
9.378799796104431152e-01 2.468235045671463013e-01 8.417827486991882324e-01 2.632252573966979980e-01 5.194742679595947266e-01 5.607881546020507812e-01 8.390653729438781738e-01 8.912063241004943848e-01 2.993613183498382568e-01 6.818236708641052246e-01 4.997215569019317627e-01 4.613941013813018799e-01 5.253186821937561035e-01 4.698502123355865479e-01
7.468674778938293457e-01 4.677500128746032715e-01 3.403122425079345703e-01 9.844074845314025879e-01 6.249527335166931152e-01 3.694692850112915039e-01 7.887266874313354492e-01 8.518581986427307129e-01 3.716379106044769287e-01 3.435306549072265625e-01 7.232805490493774414e-01 6.762372255325317383e-01 5.161591768264770508e-01 6.709287762641906738e-01
7.007849812507629395e-01 4.251696765422821045e-01 4.579209983348846436e-01 3.648525103926658630e-02 6.657435297966003418e-01 2.796197831630706787e-01 4.927276670932769775e-01 6.884793639183044434e-01 4.063363671302795410e-01 3.619889020919799805e-01 3.290115594863891602e-01 6.821325421333312988e-01 5.413672327995300293e-01 5.295910835266113281e-01
3.923675119876861572e-01 5.075591802597045898e-01 7.471457719802856445e-01 5.862674713134765625e-01 5.657017230987548828e-01 2.904629409313201904e-01 4.223130047321319580e-01 4.639418125152587891e-01 3.483099043369293213e-01 5.650175809860229492e-01 5.614959001541137695e-01 6.528075337409973145e-01 5.241792798042297363e-01 5.150613188743591309e-01
3.870750069618225098e-01 3.357258439064025879e-01 8.364717364311218262e-01 7.109050154685974121e-01 2.765842378139495850e-01 1.620801985263824463e-01 7.706966996192932129e-02 4.073828756809234619e-01 2.654407024383544922e-01 7.726590633392333984e-01 6.023817658424377441e-01 3.665459156036376953e-01 3.955028653144836426e-01 4.244555234909057617e-01
3.117224872112274170e-01 7.509760260581970215e-01 2.167277485132217407e-01 7.559850066900253296e-02 8.642495274543762207e-01 8.300188183784484863e-02 7.231480479240417480e-01 2.940810918807983398e-01 6.365004181861877441e-01 2.199072390794754028e-01 3.810185790061950684e-01 9.053285717964172363e-01 4.609667658805847168e-01 4.619742035865783691e-01
4.961249977350234985e-02 5.777558088302612305e-01 5.829795002937316895e-01 3.493617475032806396e-01 9.518602490425109863e-01 8.638531565666198730e-01 6.957533210515975952e-02 4.253930225968360901e-02 6.087990403175354004e-01 6.343907117843627930e-01 2.405265569686889648e-01 9.516467452049255371e-01 5.700263381004333496e-01 1.768557131290435791e-01
8.591175079345703125e-01 5.583998560905456543e-01 7.405387759208679199e-01 9.984325170516967773e-01 9.162707328796386719e-01 5.616476535797119141e-01 1.942483335733413696e-01 7.884269952774047852e-01 4.099777936935424805e-01 7.034152746200561523e-01 8.927664160728454590e-01 8.698762655258178711e-01 3.362043499946594238e-01 3.796634674072265625e-01
8.964675068855285645e-01 3.624795079231262207e-01 2.787545025348663330e-01 7.069125175476074219e-01 8.014817237854003906e-01 9.630825519561767578e-01 4.612233340740203857e-01 7.301370501518249512e-01 4.797641932964324951e-01 4.963001310825347900e-01 4.763301312923431396e-01 7.097608447074890137e-01 4.435935020446777344e-01 4.195047318935394287e-01
9.798499941825866699e-02 5.884426832199096680e-01 5.140967369079589844e-01 3.001849949359893799e-01 8.603529930114746094e-01 3.957545459270477295e-01 1.522736698389053345e-01 1.007567718625068665e-01 5.870279073715209961e-01 5.468792915344238281e-01 3.464080691337585449e-01 9.295383691787719727e-01 4.618979990482330322e-01 2.508719861507415771e-01
4.543924927711486816e-01 7.378360033035278320e-01 5.042652487754821777e-01 5.452425032854080200e-02 3.704949915409088135e-01 3.414631187915802002e-01 3.860243260860443115e-01 4.889664053916931152e-01 4.959319829940795898e-01 4.279878437519073486e-01 2.846674323081970215e-01 4.441046714782714844e-01 5.466600060462951660e-01 4.391244351863861084e-01
4.681299924850463867e-01 1.851781606674194336e-01 9.461502432823181152e-01 4.364475011825561523e-01 3.299537599086761475e-01 9.383332133293151855e-01 8.224333524703979492e-01 4.423454999923706055e-01 2.004249840974807739e-01 7.926681637763977051e-01 4.862618446350097656e-01 3.191687166690826416e-01 5.206924676895141602e-01 5.165942311286926270e-01
6.872249841690063477e-01 8.315606713294982910e-01 4.650804996490478516e-01 8.842549920082092285e-01 9.784927368164062500e-01 4.295774698257446289e-01 2.765719890594482422e-01 6.276643872261047363e-01 5.510846972465515137e-01 4.777354300022125244e-01 7.491264343261718750e-01 9.380720257759094238e-01 3.482996225357055664e-01 3.929911255836486816e-01
6.341400146484375000e-01 2.281313389539718628e-01 1.487150043249130249e-02 1.323725003749132156e-02 7.149450182914733887e-01 5.451665520668029785e-01 6.353093385696411133e-01 4.601448476314544678e-01 2.811402082443237305e-01 3.706087470054626465e-01 1.257364451885223389e-01 7.206413149833679199e-01 5.883355140686035156e-01 5.536078810691833496e-01
3.096500039100646973e-01 4.260173439979553223e-01 3.249287605285644531e-01 7.842350006103515625e-01 5.957267284393310547e-01 5.445885062217712402e-01 1.113356649875640869e-01 3.491429984569549561e-01 3.424252569675445557e-01 3.190996944904327393e-01 7.637936472892761230e-01 7.280201911926269531e-01 5.401508212089538574e-01 6.938710808753967285e-01
1.083974987268447876e-01 7.824605107307434082e-01 1.283230036497116089e-01 8.469774723052978516e-01 7.821302413940429688e-01 9.846647381782531738e-01 3.239319920539855957e-01 1.461502443999052048e-02 7.118415236473083496e-01 2.463409155607223511e-01 1.927300840616226196e-01 8.075318932533264160e-01 7.220706939697265625e-01 2.804517149925231934e-01
5.574300289154052734e-01 1.967226713895797729e-01 4.778167605400085449e-01 7.591174840927124023e-01 8.798952698707580566e-01 3.475827276706695557e-01 1.180666685104370117e-01 4.546305239200592041e-01 4.239215850830078125e-01 6.352548003196716309e-01 8.416507840156555176e-01 8.625358343124389648e-01 3.560912013053894043e-01 4.491555690765380859e-01
4.651749879121780396e-02 7.589908242225646973e-01 3.930207490921020508e-01 1.136192530393600464e-01 9.063389897346496582e-01 3.170475661754608154e-01 4.703536629676818848e-01 3.556460887193679810e-02 6.824507713317871094e-01 4.274640381336212158e-01 3.259780406951904297e-01 9.580779671669006348e-01 4.763869345188140869e-01 2.479558438062667847e-01
4.052499774843454361e-03 4.715193212032318115e-01 8.828007578849792480e-01 7.200124859809875488e-01 7.454494833946228027e-01 2.316546440124511719e-01 9.594941139221191406e-01 3.533308394253253937e-03 4.001886844635009766e-01 8.085775375366210938e-01 8.792911171913146973e-01 6.886355876922607422e-01 2.172694206237792969e-01 6.306826472282409668e-01
1.661400049924850464e-01 6.121063232421875000e-01 9.414732456207275391e-01 3.537087440490722656e-01 2.443282455205917358e-01 5.430192947387695312e-01 2.133366614580154419e-01 1.721749007701873779e-01 4.031375050544738770e-01 6.666538715362548828e-01 3.979484140872955322e-01 3.700714409351348877e-01 5.056926012039184570e-01 4.611903429031372070e-01
4.984774887561798096e-01 7.421206831932067871e-01 8.284729719161987305e-01 3.709172606468200684e-01 8.933074772357940674e-02 1.202331297099590302e-02 1.692630052566528320e-01 5.600541234016418457e-01 5.763027071952819824e-01 5.646907687187194824e-01 3.692487776279449463e-01 1.004087775945663452e-01 4.289131164550781250e-01 3.739934861660003662e-01
2.817200124263763428e-01 2.428318262100219727e-01 6.349735260009765625e-01 5.497174859046936035e-01 5.123487710952758789e-01 2.889033406972885132e-02 4.576143324375152588e-01 3.119733035564422607e-01 2.670938372611999512e-01 6.704663634300231934e-01 3.912692666053771973e-01 5.480904579162597656e-01 5.327186584472656250e-01 5.062794685363769531e-01
4.960150122642517090e-01 6.019331812858581543e-01 9.009832739830017090e-01 5.664924979209899902e-01 1.700827479362487793e-01 3.835171759128570557e-01 8.645050525665283203e-01 5.423932075500488281e-01 4.236018657684326172e-01 6.036018729209899902e-01 5.886536836624145508e-01 9.860136359930038452e-02 4.074273407459259033e-01 5.094407796859741211e-01
1.284125000238418579e-01 1.719155013561248779e-01 5.350260138511657715e-01 2.646502554416656494e-01 8.763049840927124023e-01 5.629256367683410645e-01 3.499099984765052795e-02 4.955483600497245789e-02 2.600317895412445068e-01 8.157098889350891113e-01 4.000177681446075439e-01 8.764595389366149902e-01 5.294250249862670898e-01 3.623853921890258789e-01
8.184524774551391602e-01 5.098446607589721680e-01 3.618807494640350342e-01 5.049499869346618652e-01 9.765369892120361328e-01 4.842854440212249756e-01 1.008686646819114685e-01 7.365676760673522949e-01 5.317913889884948730e-01 4.346198439598083496e-01 4.838527739048004150e-01 9.004669785499572754e-01 4.264263808727264404e-01 3.612317144870758057e-01
2.522799968719482422e-01 6.224631667137145996e-01 8.469499647617340088e-03 3.744035065174102783e-01 6.552180051803588867e-01 2.078589946031570435e-01 1.057523339986801147e-01 2.877143919467926025e-01 6.962141394615173340e-01 7.991658151149749756e-02 5.492523312568664551e-01 7.694733142852783203e-01 4.307180047035217285e-01 6.369298696517944336e-01
9.764050245285034180e-01 7.269231677055358887e-01 2.711445093154907227e-01 3.747839927673339844e-01 6.142227649688720703e-01 8.628149628639221191e-01 3.085440099239349365e-01 8.112161755561828613e-01 6.469179987907409668e-01 3.110034465789794922e-01 4.156429767608642578e-01 5.739978551864624023e-01 3.478107452392578125e-01 4.461389183998107910e-01
7.200924754142761230e-01 6.290853619575500488e-01 2.440380007028579712e-01 8.746700286865234375e-01 2.886202633380889893e-01 2.409722208976745605e-01 7.121522426605224609e-01 7.965558171272277832e-01 6.999511718750000000e-01 3.872615993022918701e-01 7.951377630233764648e-01 2.425521016120910645e-01 2.190324515104293823e-01 5.112311840057373047e-01
6.806275248527526855e-01 6.559263467788696289e-01 7.233687639236450195e-01 5.689550042152404785e-01 3.091317415237426758e-01 4.911198019981384277e-01 1.333433296531438828e-02 7.972419857978820801e-01 5.300457477569580078e-01 6.142303347587585449e-01 4.396997690200805664e-01 3.151529133319854736e-01 3.678646385669708252e-01 3.483576476573944092e-01
8.214499950408935547e-01 6.396030187606811523e-01 8.020964860916137695e-01 8.544650077819824219e-01 8.157207369804382324e-01 5.137507319450378418e-01 6.084013581275939941e-01 8.586209416389465332e-01 4.559204876422882080e-01 5.365145802497863770e-01 8.501167893409729004e-01 8.076996803283691406e-01 3.816238045692443848e-01 4.897774159908294678e-01
9.423925280570983887e-01 7.337131500244140625e-01 4.884625077247619629e-01 9.180124998092651367e-01 4.536060094833374023e-01 6.236575543880462646e-03 2.140016704797744751e-01 9.615297913551330566e-01 6.092210412025451660e-01 5.508042573928833008e-01 7.877935171127319336e-01 4.458022713661193848e-01 2.283739447593688965e-01 3.860255181789398193e-01
1.682250015437602997e-02 4.826410114765167236e-01 3.107782602310180664e-01 8.287500143051147461e-01 2.228614985942840576e-01 3.730318248271942139e-01 3.581836521625518799e-01 1.218802295625209808e-02 5.630611777305603027e-01 5.582139492034912109e-01 7.495028376579284668e-01 2.504856586456298828e-01 3.787043094635009766e-01 6.044250726699829102e-01
4.026250168681144714e-02 7.954681515693664551e-01 8.151177763938903809e-01 1.905857473611831665e-01 7.008910179138183594e-01 9.428991675376892090e-01 9.972299635410308838e-02 2.046064101159572601e-02 7.313048839569091797e-01 6.630876660346984863e-01 7.608083542436361313e-03 7.485158443450927734e-01 9.167531728744506836e-01 7.950294017791748047e-02
8.352324962615966797e-01 5.909068584442138672e-01 7.283250093460083008e-01 4.879472553730010986e-01 6.768722534179687500e-01 8.085382580757141113e-01 3.966679871082305908e-01 7.178243398666381836e-01 3.394740223884582520e-01 6.541569232940673828e-01 3.899545967578887939e-01 6.500205993652343750e-01 5.565649271011352539e-01 3.699597716331481934e-01
1.733749918639659882e-02 6.821466684341430664e-01 8.410032391548156738e-01 7.020475268363952637e-01 9.559684991836547852e-01 6.888074874877929688e-01 3.034853339195251465e-01 2.128502726554870605e-02 6.413277983665466309e-01 5.849459767341613770e-01 3.223275840282440186e-01 9.569394588470458984e-01 5.173542499542236328e-01 2.061110585927963257e-01
8.975899815559387207e-01 4.697036743164062500e-01 7.336025238037109375e-01 3.491324931383132935e-02 2.700837552547454834e-01 5.310596227645874023e-01 7.722600698471069336e-01 8.060964345932006836e-01 4.403336048126220703e-01 5.799578428268432617e-01 3.479577600955963135e-01 1.880133152008056641e-01 5.246854424476623535e-01 4.800354540348052979e-01
8.833774924278259277e-01 3.062469959259033203e-01 7.148334980010986328e-01 9.394775032997131348e-01 8.379694819450378418e-01 4.785756468772888184e-01 1.238410025835037231e-01 8.433143496513366699e-01 3.328053355216979980e-01 7.096064090728759766e-01 8.426617980003356934e-01 8.088237047195434570e-01 3.955077230930328369e-01 3.790802061557769775e-01
4.256824851036071777e-01 2.939333319664001465e-01 1.245462521910667419e-01 2.713499963283538818e-01 7.041749954223632812e-01 4.688818156719207764e-01 8.423999883234500885e-03 4.689893424510955811e-01 3.525003194808959961e-01 2.900170981884002686e-01 2.183932363986968994e-01 7.739827632904052734e-01 5.714227557182312012e-01 5.706844925880432129e-01
1.679424941539764404e-01 8.274276852607727051e-01 5.432714819908142090e-01 1.820649951696395874e-02 8.153262734413146973e-01 2.306262552738189697e-01 7.360599935054779053e-02 2.175450772047042847e-01 5.568882226943969727e-01 4.010415375232696533e-01 7.859890908002853394e-02 9.407230615615844727e-01 5.827954411506652832e-01 2.553291618824005127e-01
1.445074975490570068e-01 4.729340076446533203e-01 7.897175103425979614e-02 8.761600255966186523e-01 3.548862636089324951e-01 5.823444724082946777e-01 3.159376680850982666e-01 1.055808737874031067e-01 5.792319178581237793e-01 7.497075200080871582e-02 7.925407290458679199e-01 4.800995886325836182e-01 5.347743630409240723e-01 7.649151682853698730e-01
6.716700196266174316e-01 3.031946718692779541e-01 4.493922591209411621e-01 1.494902521371841431e-01 5.518347620964050293e-01 5.307163596153259277e-01 3.457366675138473511e-02 6.145114898681640625e-01 4.814904928207397461e-01 5.697376728057861328e-01 3.139924407005310059e-01 5.406721234321594238e-01 4.658963978290557861e-01 3.459404706954956055e-01
2.044575065374374390e-01 6.246816515922546387e-01 3.054497539997100830e-01 6.257774829864501953e-01 8.180882334709167480e-01 8.765958249568939209e-02 9.826537370681762695e-01 2.270369380712509155e-01 5.569185018539428711e-01 3.360531926155090332e-01 7.067608237266540527e-01 6.646523475646972656e-01 3.964581191539764404e-01 5.932025909423828125e-01
5.720275044441223145e-01 4.936041533946990967e-01 6.043180227279663086e-01 6.604175269603729248e-02 5.735285282135009766e-01 1.785506010055541992e-01 8.053066581487655640e-02 5.457598567008972168e-01 3.961637020111083984e-01 6.534658670425415039e-01 2.840980291366577148e-01 5.556876063346862793e-01 5.536921620368957520e-01 3.446928560733795166e-01
4.019599854946136475e-01 4.681201577186584473e-01 5.185887217521667480e-01 3.967222571372985840e-01 2.856342494487762451e-01 2.351643443107604980e-01 5.484333261847496033e-02 4.212059378623962402e-01 5.112839937210083008e-01 5.889717340469360352e-01 5.256965756416320801e-01 3.136817216873168945e-01 3.660185039043426514e-01 4.045630991458892822e-01
6.271250247955322266e-01 1.996716707944869995e-01 8.539312481880187988e-01 7.863399982452392578e-01 3.019177615642547607e-01 6.361659765243530273e-01 9.492045044898986816e-01 6.429405212402343750e-01 1.837849020957946777e-01 7.461860775947570801e-01 7.551739215850830078e-01 1.678179204463958740e-01 5.002804398536682129e-01 6.564515829086303711e-01
4.319350123405456543e-01 2.201023399829864502e-01 2.271544933319091797e-01 2.004617452621459961e-01 7.734645009040832520e-01 1.259227246046066284e-01 8.821533918380737305e-01 3.933745324611663818e-01 4.384782016277313232e-01 5.206867456436157227e-01 3.980716764926910400e-01 6.126147508621215820e-01 4.947916269302368164e-01 4.629306495189666748e-01
1.382649987936019897e-01 4.242379963397979736e-01 3.870057463645935059e-01 2.739222645759582520e-01 1.535300016403198242e-01 8.454275727272033691e-01 6.823347806930541992e-01 1.092671975493431091e-01 5.179575085639953613e-01 5.388761162757873535e-01 3.681988418102264404e-01 1.719028502702713013e-01 5.796734094619750977e-01 4.654871821403503418e-01
5.481150150299072266e-01 6.148309707641601562e-01 2.334485054016113281e-01 4.371657371520996094e-01 8.387942314147949219e-01 6.195420026779174805e-01 3.453060090541839600e-01 5.191066861152648926e-01 5.775064229965209961e-01 2.320452332496643066e-01 4.068186283111572266e-01 8.342160582542419434e-01 4.817800223827362061e-01 5.013349056243896484e-01
7.961149811744689941e-01 7.080058455467224121e-01 5.146562457084655762e-01 3.924799859523773193e-01 1.429699957370758057e-01 5.741235613822937012e-01 2.478723376989364624e-01 7.959769964218139648e-01 5.420318245887756348e-01 4.230295419692993164e-01 3.719851374626159668e-01 1.413603574037551880e-01 4.783450365066528320e-01 4.984954595565795898e-01
1.346125006675720215e-01 3.737258315086364746e-01 1.707367449998855591e-01 8.429499864578247070e-01 9.537982344627380371e-01 3.651761636137962341e-02 4.878459870815277100e-01 1.617329865694046021e-01 5.512120127677917480e-01 5.275465846061706543e-01 7.285880446434020996e-01 9.168408513069152832e-01 3.546636998653411865e-01 4.212338626384735107e-01
8.526775240898132324e-01 5.115010142326354980e-01 3.768150135874748230e-02 8.213700056076049805e-01 6.952049732208251953e-01 1.856072694063186646e-01 3.137840032577514648e-01 8.583728075027465820e-01 5.390898585319519043e-01 2.686091959476470947e-01 6.052289605140686035e-01 7.514419555664062500e-01 4.223055839538574219e-01 5.753172636032104492e-01
6.814774870872497559e-01 3.800818324089050293e-01 3.593422472476959229e-01 6.565399765968322754e-01 4.243335127830505371e-01 1.351579725742340088e-01 1.919530034065246582e-01 6.922461390495300293e-01 5.061934590339660645e-01 6.054903268814086914e-01 5.741125941276550293e-01 4.084190428256988525e-01 3.438381850719451904e-01 3.721206188201904297e-01
8.471350073814392090e-01 4.721638262271881104e-01 1.958574950695037842e-01 1.323132514953613281e-01 4.070807397365570068e-01 3.512502014636993408e-01 1.963299959897994995e-01 7.231206297874450684e-01 5.263054966926574707e-01 4.873176515102386475e-01 2.447463274002075195e-01 4.136282801628112793e-01 4.974472522735595703e-01 3.871554136276245117e-01
7.328374981880187988e-01 5.203235149383544922e-01 6.857187747955322266e-01 5.158724784851074219e-01 3.781472444534301758e-01 7.726946473121643066e-01 2.045466601848602295e-01 7.368966341018676758e-01 5.459271073341369629e-01 6.089044213294982910e-01 5.116741657257080078e-01 3.302615284919738770e-01 3.396203517913818359e-01 3.495149314403533936e-01
2.229599952697753906e-01 5.477301478385925293e-01 1.433512568473815918e-01 7.683675289154052734e-01 2.172455042600631714e-01 8.682365417480468750e-01 6.173650026321411133e-01 2.073698043823242188e-01 5.298770666122436523e-01 9.552124887704849243e-02 5.407100319862365723e-01 2.997586131095886230e-01 6.500054001808166504e-01 6.862624883651733398e-01
9.917999804019927979e-02 8.105639815330505371e-01 9.747987389564514160e-01 7.417950034141540527e-02 1.971040070056915283e-01 8.333922028541564941e-01 1.052133366465568542e-02 1.136257871985435486e-01 5.481809973716735840e-01 6.170707941055297852e-01 3.108178079128265381e-01 3.251389861106872559e-01 5.363264083862304688e-01 3.802638053894042969e-01
2.172224968671798706e-01 5.670261383056640625e-01 8.740835189819335938e-01 9.835324883460998535e-01 9.697797298431396484e-01 9.299288988113403320e-01 4.750596582889556885e-01 1.139271482825279236e-01 3.872753977775573730e-01 7.229290008544921875e-01 8.441986441612243652e-01 9.661131501197814941e-01 4.314782321453094482e-01 3.730922043323516846e-01
9.865124821662902832e-01 4.368748366832733154e-01 4.525982439517974854e-01 3.285277485847473145e-01 8.410974740982055664e-01 3.436492979526519775e-01 9.645522236824035645e-01 8.181061148643493652e-01 5.266519188880920410e-01 3.590253293514251709e-01 5.540422797203063965e-01 6.686186194419860840e-01 4.142525792121887207e-01 5.365842580795288086e-01
8.076450228691101074e-01 2.748398184776306152e-01 8.101195096969604492e-01 1.942099928855895996e-01 5.029797554016113281e-01 6.637082099914550781e-01 6.374236941337585449e-01 8.011464476585388184e-01 3.558579683303833008e-01 6.280202269554138184e-01 3.761568069458007812e-01 4.913666844367980957e-01 5.475250482559204102e-01 4.288128316402435303e-01
5.287899971008300781e-01 6.729981899261474609e-01 9.072967767715454102e-01 8.702225089073181152e-01 9.707217216491699219e-01 4.525095969438552856e-02 5.235880017280578613e-01 5.069798827171325684e-01 4.891885817050933838e-01 6.623971462249755859e-01 8.628405928611755371e-01 9.187160730361938477e-01 3.081028461456298828e-01 3.689834177494049072e-01
3.538450002670288086e-01 1.902383267879486084e-01 2.484862506389617920e-01 5.129550099372863770e-01 3.490292429924011230e-01 5.120608806610107422e-01 6.247966736555099487e-02 3.817372918128967285e-01 4.015557765960693359e-01 6.021749973297119141e-01 3.864612281322479248e-01 3.747940659523010254e-01 5.005038976669311523e-01 4.354980885982513428e-01
2.710725069046020508e-01 5.734021663665771484e-01 3.155847489833831787e-01 5.611975193023681641e-01 6.579167246818542480e-01 1.268856525421142578e-01 2.591633424162864685e-02 3.194118440151214600e-01 5.805730819702148438e-01 3.926267027854919434e-01 6.551070809364318848e-01 7.448710203170776367e-01 3.619577884674072266e-01 5.191969871520996094e-01
5.146424770355224609e-01 7.400485277175903320e-01 9.453434944152832031e-01 6.225699782371520996e-01 1.413842439651489258e-01 8.122097849845886230e-01 2.889286577701568604e-01 5.996633768081665039e-01 4.063163697719573975e-01 5.988732576370239258e-01 3.741594254970550537e-01 2.079996168613433838e-01 5.483492016792297363e-01 4.724104404449462891e-01
1.783100068569183350e-01 5.080066919326782227e-01 4.792632460594177246e-01 2.531862556934356689e-01 7.932427525520324707e-01 7.149228453636169434e-01 4.821993410587310791e-01 1.146752312779426575e-01 4.991701245307922363e-01 4.074966311454772949e-01 3.661678433418273926e-01 8.648595213890075684e-01 5.361095666885375977e-01 4.727620184421539307e-01
7.805600166320800781e-01 3.048731684684753418e-01 2.625592648983001709e-01 6.585775017738342285e-01 1.974067538976669312e-01 8.314639329910278320e-01 7.302883267402648926e-01 7.870907187461853027e-01 4.425728917121887207e-01 4.893399477005004883e-01 3.520382940769195557e-01 1.187067180871963501e-01 5.645647048950195312e-01 5.455857515335083008e-01
3.104799985885620117e-01 7.479196786880493164e-01 7.965440154075622559e-01 6.848474740982055664e-01 3.328649997711181641e-01 3.916097879409790039e-01 4.102066531777381897e-02 3.487292528152465820e-01 5.446879863739013672e-01 5.411872863769531250e-01 6.694986224174499512e-01 4.187557697296142578e-01 3.855175077915191650e-01 4.734500050544738770e-01
3.294275104999542236e-01 7.733401656150817871e-01 1.493985056877136230e-01 5.219424962997436523e-01 7.071182727813720703e-01 9.238082766532897949e-01 8.520923256874084473e-01 2.511321306228637695e-01 6.572407484054565430e-01 8.254103362560272217e-02 3.460039496421813965e-01 7.487674355506896973e-01 5.510702133178710938e-01 5.867666006088256836e-01
9.969300031661987305e-01 1.853153407573699951e-01 5.946162343025207520e-01 3.194234967231750488e-01 6.363099813461303711e-02 1.232825219631195068e-01 3.152573406696319580e-01 9.115799069404602051e-01 1.653088778257369995e-01 7.204580903053283691e-01 5.621850490570068359e-01 4.431936517357826233e-02 5.134557485580444336e-01 7.589975595474243164e-01
9.668574929237365723e-01 1.919428259134292603e-01 6.263830065727233887e-01 8.953624963760375977e-01 9.742457270622253418e-01 7.615771889686584473e-01 1.582150012254714966e-01 8.481838703155517578e-01 2.725842595100402832e-01 7.736829519271850586e-01 7.221413850784301758e-01 8.735969066619873047e-01 5.190100073814392090e-01 2.999098598957061768e-01
4.109925031661987305e-01 6.649144887924194336e-01 8.350780010223388672e-01 9.475824832916259766e-01 4.614642560482025146e-01 5.095159411430358887e-01 3.747733309864997864e-02 4.290021359920501709e-01 5.296275019645690918e-01 5.779851078987121582e-01 8.599727749824523926e-01 5.530139207839965820e-01 3.222088515758514404e-01 5.208031535148620605e-01
4.364775121212005615e-01 5.137766599655151367e-01 9.151265025138854980e-01 7.698475122451782227e-01 8.470377326011657715e-01 1.177074760198593140e-01 1.468826681375503540e-01 4.273316860198974609e-01 3.862870633602142334e-01 6.873204112052917480e-01 8.032939434051513672e-01 8.780521154403686523e-01 3.674238920211791992e-01 3.968884944915771484e-01
8.996000289916992188e-01 6.043524742126464844e-01 7.848539948463439941e-01 4.169670045375823975e-01 3.107174932956695557e-01 1.276740431785583496e-01 4.606069922447204590e-01 9.496797919273376465e-01 6.042727231979370117e-01 5.386361479759216309e-01 5.590916872024536133e-01 2.605414688587188721e-01 2.799746394157409668e-01 3.888681530952453613e-01
1.988250017166137695e-02 6.619135141372680664e-01 8.983749747276306152e-01 4.854847490787506104e-01 7.887985110282897949e-01 8.180000782012939453e-01 7.332437634468078613e-01 1.795603334903717041e-02 6.221750974655151367e-01 5.338652729988098145e-01 3.768393993377685547e-01 8.992891907691955566e-01 4.599962830543518066e-01 3.360287845134735107e-01
6.428874731063842773e-01 6.863654851913452148e-01 8.696272373199462891e-01 5.212299898266792297e-02 2.282877564430236816e-01 2.851262688636779785e-01 7.379709482192993164e-01 6.933569312095642090e-01 5.452573299407958984e-01 5.381325483322143555e-01 3.063778877258300781e-01 1.990058571100234985e-01 4.650339484214782715e-01 3.864172995090484619e-01
8.382124900817871094e-01 2.278251647949218750e-01 3.118360042572021484e-01 9.864724874496459961e-01 7.571529746055603027e-01 6.595295071601867676e-01 2.587586641311645508e-01 8.542412519454956055e-01 3.614269495010375977e-01 4.653729498386383057e-01 5.887134075164794922e-01 7.447332143783569336e-01 5.359032750129699707e-01 5.186895132064819336e-01
1.945874989032745361e-01 6.939941644668579102e-01 4.014810025691986084e-01 1.812302470207214355e-01 1.896084994077682495e-01 7.000187039375305176e-01 7.596010565757751465e-01 1.755270808935165405e-01 4.940239787101745605e-01 2.399030178785324097e-01 2.588006556034088135e-01 2.557723522186279297e-01 6.973626017570495605e-01 5.291464328765869141e-01
4.566274881362915039e-01 7.609930038452148438e-01 4.903362393379211426e-01 6.952674984931945801e-01 8.391277790069580078e-01 1.487612128257751465e-01 8.181467056274414062e-01 3.688696622848510742e-01 5.788306593894958496e-01 4.128445386886596680e-01 8.636611700057983398e-01 8.190957903861999512e-01 3.098245561122894287e-01 5.639700889587402344e-01
9.918649792671203613e-01 2.399043291807174683e-01 2.555755078792572021e-01 6.090649962425231934e-01 9.141659736633300781e-01 2.139394879341125488e-01 3.539999946951866150e-03 9.060750603675842285e-01 3.829987049102783203e-01 4.597707688808441162e-01 5.104712843894958496e-01 8.582093119621276855e-01 5.430198311805725098e-01 4.318340122699737549e-01
1.092374995350837708e-01 1.833164989948272705e-01 7.579747438430786133e-01 8.804849982261657715e-01 9.208365082740783691e-01 6.374710202217102051e-01 3.775483369827270508e-01 3.568969294428825378e-02 1.896895915269851685e-01 8.785204887390136719e-01 8.078110218048095703e-01 9.052302837371826172e-01 4.710865616798400879e-01 4.753464460372924805e-01
3.882024884223937988e-01 2.249021679162979126e-01 6.726797223091125488e-01 9.212700128555297852e-01 6.600842475891113281e-01 5.994726419448852539e-01 2.185086607933044434e-01 3.311240971088409424e-01 1.878968775272369385e-01 7.839390635490417480e-01 7.415203452110290527e-01 7.130482792854309082e-01 5.220751762390136719e-01 5.084472298622131348e-01
6.951050162315368652e-01 5.479220151901245117e-01 3.075642585754394531e-01 9.796925187110900879e-01 4.516704976558685303e-01 1.952718198299407959e-01 1.101979985833168030e-01 7.781167030334472656e-01 5.020718574523925781e-01 5.715236067771911621e-01 6.531431078910827637e-01 4.958099126815795898e-01 3.551111221313476562e-01 4.111288189888000488e-01
1.500625014305114746e-01 5.123521685600280762e-01 1.863054931163787842e-01 7.742224633693695068e-02 5.120747685432434082e-01 8.886257410049438477e-01 1.990929991006851196e-01 1.410682201385498047e-01 5.605659484863281250e-01 3.503341972827911377e-01 2.156183570623397827e-01 5.159867405891418457e-01 6.236348152160644531e-01 4.395675063133239746e-01
3.401150107383728027e-01 4.098608195781707764e-01 8.265535235404968262e-01 2.340075001120567322e-02 8.499457240104675293e-01 5.403444170951843262e-01 9.904894232749938965e-01 2.958784997463226318e-01 3.141112625598907471e-01 5.038817524909973145e-01 2.458343654870986938e-01 6.491369009017944336e-01 5.578774213790893555e-01 5.389376878738403320e-01
9.553149938583374023e-01 3.911499977111816406e-01 7.155485153198242188e-01 3.628087639808654785e-01 7.127962708473205566e-01 9.843708276748657227e-01 2.401273399591445923e-01 7.494906783103942871e-01 4.518559873104095459e-01 6.233484148979187012e-01 5.014985203742980957e-01 6.276758909225463867e-01 4.179668128490447998e-01 3.399323225021362305e-01
4.699699878692626953e-01 2.541689872741699219e-01 2.573255002498626709e-01 7.542175054550170898e-01 2.843067646026611328e-01 6.752315908670425415e-02 9.036083221435546875e-01 4.424450695514678955e-01 3.720125854015350342e-01 6.379957199096679688e-01 6.578405499458312988e-01 1.719713360071182251e-01 3.941915631294250488e-01 5.199410915374755859e-01
9.970824718475341797e-01 3.792193233966827393e-01 8.835369944572448730e-01 6.201500073075294495e-02 9.941319823265075684e-01 6.856448650360107422e-01 4.570056796073913574e-01 7.691014409065246582e-01 3.702912628650665283e-01 6.854320168495178223e-01 4.287139475345611572e-01 8.235523700714111328e-01 5.423499941825866699e-01 2.690643668174743652e-01
1.374125033617019653e-01 5.233963131904602051e-01 5.068612694740295410e-01 4.987154901027679443e-01 1.879700087010860443e-02 5.285377502441406250e-01 6.129043102264404297e-01 1.319171786308288574e-01 4.951879084110260010e-01 5.584855079650878906e-01 5.318593978881835938e-01 6.683333218097686768e-02 5.290958881378173828e-01 4.872096478939056396e-01
7.293300032615661621e-01 2.239926606416702271e-01 4.996367394924163818e-01 4.466232359409332275e-01 4.925682544708251953e-01 9.836612939834594727e-01 9.378047585487365723e-01 5.624862313270568848e-01 3.507669568061828613e-01 6.994483470916748047e-01 4.147917926311492920e-01 3.311206400394439697e-01 4.753211736679077148e-01 4.006432294845581055e-01
3.900099992752075195e-01 2.739291787147521973e-01 3.150264918804168701e-01 3.430207371711730957e-01 1.287014931440353394e-01 9.063737392425537109e-01 5.168513059616088867e-01 3.650318980216979980e-01 4.810910820960998535e-01 5.138556361198425293e-01 3.672648966312408447e-01 1.136230006814002991e-01 5.598163008689880371e-01 4.399024844169616699e-01
4.696499928832054138e-02 5.904046893119812012e-01 4.128272533416748047e-01 8.961125016212463379e-01 4.829832613468170166e-01 6.732547283172607422e-01 6.345176696777343750e-01 1.399657782167196274e-02 6.070740222930908203e-01 5.235918164253234863e-01 8.862624764442443848e-01 5.544744133949279785e-01 2.775252759456634521e-01 6.382061243057250977e-01
5.246300101280212402e-01 7.891093492507934570e-01 6.284675002098083496e-01 3.088797628879547119e-01 1.713967472314834595e-01 8.540242314338684082e-01 3.292213380336761475e-01 5.921956896781921387e-01 5.435238480567932129e-01 4.378023445606231689e-01 2.283990234136581421e-01 2.312268018722534180e-01 5.535675883293151855e-01 4.050977230072021484e-01
1.477124989032745361e-01 7.612910270690917969e-01 7.669077515602111816e-01 8.615375310182571411e-02 2.658597528934478760e-01 6.681354641914367676e-01 5.808043479919433594e-01 1.488482952117919922e-01 5.236555337905883789e-01 5.641563534736633301e-01 3.067946434020996094e-01 3.521081507205963135e-01 5.460129976272583008e-01 4.295893609523773193e-01
5.701324939727783203e-01 5.879386663436889648e-01 9.124447703361511230e-01 4.478504955768585205e-01 5.956705212593078613e-01 5.426297187805175781e-01 6.436336636543273926e-01 5.250280499458312988e-01 4.521182179450988770e-01 5.981895327568054199e-01 6.100842356681823730e-01 6.012628078460693359e-01 3.903408646583557129e-01 4.275645613670349121e-01
2.720350027084350586e-01 8.071784973144531250e-01 8.371084928512573242e-01 4.278457462787628174e-01 8.059327602386474609e-01 8.791138529777526855e-01 5.675200223922729492e-01 2.364210933446884155e-01 5.698070526123046875e-01 3.898063600063323975e-01 4.006140828132629395e-01 8.610337972640991211e-01 4.778175950050354004e-01 4.244569838047027588e-01
4.539249837398529053e-02 6.400160193443298340e-01 1.193045005202293396e-01 2.625067532062530518e-01 2.417974919080734253e-02 8.794419169425964355e-01 3.599239885807037354e-01 2.512208931148052216e-02 7.169559001922607422e-01 7.969299703836441040e-02 1.690830886363983154e-01 6.787866353988647461e-02 8.548581004142761230e-01 4.123441874980926514e-01
1.074424982070922852e-01 3.771494925022125244e-01 7.191944718360900879e-01 7.471150159835815430e-01 2.170749939978122711e-02 7.507810741662979126e-02 2.692546546459197998e-01 1.499993801116943359e-01 4.288332164287567139e-01 7.401062250137329102e-01 7.319652438163757324e-01 4.854812845587730408e-02 2.954142987728118896e-01 4.742670655250549316e-01
7.266225218772888184e-01 2.745763361454010010e-01 5.135664939880371094e-01 8.061174750328063965e-01 9.611989855766296387e-01 5.417202115058898926e-01 2.644590139389038086e-01 7.372925281524658203e-01 3.498671352863311768e-01 6.240680813789367676e-01 6.286098957061767578e-01 8.737490773200988770e-01 5.086184740066528320e-01 3.660591840744018555e-01
