1.180450022220611572e-01 5.258161425590515137e-01 3.197174891829490662e-02 3.379600048065185547e-01 1.635382473468780518e-01 3.489731252193450928e-01 4.183226525783538818e-01 1.756565123796463013e-01 5.708624720573425293e-01 1.609983146190643311e-01 3.200099468231201172e-01 2.486720085144042969e-01 6.109850406646728516e-01 5.931284427642822266e-01
3.401150107383728027e-01 4.098608195781707764e-01 8.265535235404968262e-01 2.340075001120567322e-02 8.499457240104675293e-01 5.403444170951843262e-01 9.904894232749938965e-01 3.307636380195617676e-01 3.489901125431060791e-01 5.097241401672363281e-01 2.239628136157989502e-01 6.501798033714294434e-01 5.551953315734863281e-01 5.142215490341186523e-01
3.586100041866302490e-01 7.043098211288452148e-01 5.855717658996582031e-01 1.687217503786087036e-01 6.629977226257324219e-01 5.079816281795501709e-02 9.374176859855651855e-01 3.990028202533721924e-01 5.364392995834350586e-01 2.494331896305084229e-01 3.759420216083526611e-01 5.645906925201416016e-01 4.867947697639465332e-01 5.709839463233947754e-01
2.270675003528594971e-01 4.621528387069702148e-01 6.680135130882263184e-01 1.053114980459213257e-01 7.079409956932067871e-01 3.282281756401062012e-02 6.169936656951904297e-01 2.841521799564361572e-01 3.685880601406097412e-01 5.336109995841979980e-01 2.140450477600097656e-01 7.410036921501159668e-01 5.595235228538513184e-01 4.543647766113281250e-01
8.442950248718261719e-01 5.838288068771362305e-01 1.733697503805160522e-01 6.421350240707397461e-01 7.646177411079406738e-01 4.676388800144195557e-01 7.017969489097595215e-01 8.013929724693298340e-01 5.352715849876403809e-01 2.217952311038970947e-01 7.010674476623535156e-01 7.641111612319946289e-01 4.489209055900573730e-01 6.847878098487854004e-01
1.999824941158294678e-01 4.529278278350830078e-01 1.536564975976943970e-01 5.150550007820129395e-01 2.908100001513957977e-02 4.583289027214050293e-01 5.162556767463684082e-01 2.312250435352325439e-01 5.339136719703674316e-01 4.024585485458374023e-01 6.067715287208557129e-01 7.194301486015319824e-02 5.342018604278564453e-01 5.818811655044555664e-01
3.104799985885620117e-01 7.479196786880493164e-01 7.965440154075622559e-01 6.848474740982055664e-01 3.328649997711181641e-01 3.916097879409790039e-01 4.102066531777381897e-02 3.403742909431457520e-01 5.668036341667175293e-01 5.995554924011230469e-01 6.902373433113098145e-01 3.878225386142730713e-01 3.810493350028991699e-01 4.414467513561248779e-01
8.557350039482116699e-01 3.413478434085845947e-01 6.399185061454772949e-01 4.771282374858856201e-01 2.543214857578277588e-01 6.311722993850708008e-01 6.887222528457641602e-01 8.805240392684936523e-01 4.020604193210601807e-01 6.285735368728637695e-01 5.188592672348022461e-01 2.609244287014007568e-01 5.000532865524291992e-01 5.808407068252563477e-01
9.722474813461303711e-01 8.184563517570495605e-01 5.392625182867050171e-02 8.052600026130676270e-01 3.060939908027648926e-01 5.404233187437057495e-02 6.121023297309875488e-01 9.484952688217163086e-01 5.913032293319702148e-01 4.379865825176239014e-01 5.257086753845214844e-01 3.960388004779815674e-01 4.239061772823333740e-01 5.729221701622009277e-01
4.256824851036071777e-01 2.939333319664001465e-01 1.245462521910667419e-01 2.713499963283538818e-01 7.041749954223632812e-01 4.688818156719207764e-01 8.423999883234500885e-03 4.771782159805297852e-01 3.978492319583892822e-01 3.165314197540283203e-01 1.830560863018035889e-01 7.812024354934692383e-01 5.183511972427368164e-01 5.129033923149108887e-01
8.471350073814392090e-01 4.721638262271881104e-01 1.958574950695037842e-01 1.323132514953613281e-01 4.070807397365570068e-01 3.512502014636993408e-01 1.963299959897994995e-01 7.233686447143554688e-01 5.595344305038452148e-01 4.473892748355865479e-01 2.703776657581329346e-01 4.359785914421081543e-01 5.169726610183715820e-01 3.793144226074218750e-01
6.495425105094909668e-01 7.412800192832946777e-01 3.043000027537345886e-02 7.792050242424011230e-01 7.509437203407287598e-01 3.816798925399780273e-01 9.246689081192016602e-01 6.974881887435913086e-01 6.580246686935424805e-01 9.634469449520111084e-02 7.447579503059387207e-01 6.914541125297546387e-01 4.061275422573089600e-01 7.583938241004943848e-01
9.918649792671203613e-01 2.399043291807174683e-01 2.555755078792572021e-01 6.090649962425231934e-01 9.141659736633300781e-01 2.139394879341125488e-01 3.539999946951866150e-03 9.085618257522583008e-01 3.419019877910614014e-01 5.338519811630249023e-01 4.722684621810913086e-01 8.860718607902526855e-01 5.706269145011901855e-01 4.083199203014373779e-01
4.052499774843454361e-03 4.715193212032318115e-01 8.828007578849792480e-01 7.200124859809875488e-01 7.454494833946228027e-01 2.316546440124511719e-01 9.594941139221191406e-01 1.457934454083442688e-02 4.590819478034973145e-01 8.418236970901489258e-01 9.077048301696777344e-01 6.062365770339965820e-01 3.640203177928924561e-01 6.064899563789367676e-01
2.943474948406219482e-01 6.059141755104064941e-01 3.404900133609771729e-01 5.019899830222129822e-02 9.364472627639770508e-01 3.801256418228149414e-01 3.225743472576141357e-01 3.000785112380981445e-01 5.831050872802734375e-01 4.011826813220977783e-01 2.162402719259262085e-01 9.022357463836669922e-01 4.953020513057708740e-01 2.974003553390502930e-01
1.979175060987472534e-01 6.752796769142150879e-01 4.547674953937530518e-02 7.874624729156494141e-01 5.690722465515136719e-01 2.273631244897842407e-01 9.522694349288940430e-01 1.824675947427749634e-01 6.976817250251770020e-01 9.139249473810195923e-02 8.483253717422485352e-01 4.895446002483367920e-01 3.967915475368499756e-01 7.695306539535522461e-01
1.500625014305114746e-01 5.123521685600280762e-01 1.863054931163787842e-01 7.742224633693695068e-02 5.120747685432434082e-01 8.886257410049438477e-01 1.990929991006851196e-01 1.218073070049285889e-01 5.675346255302429199e-01 3.751553297042846680e-01 2.571773827075958252e-01 4.761494100093841553e-01 6.261752247810363770e-01 4.075824022293090820e-01
8.214499950408935547e-01 6.396030187606811523e-01 8.020964860916137695e-01 8.544650077819824219e-01 8.157207369804382324e-01 5.137507319450378418e-01 6.084013581275939941e-01 8.927870392799377441e-01 4.965516328811645508e-01 5.239737629890441895e-01 8.855006694793701172e-01 8.331902623176574707e-01 4.346331655979156494e-01 5.714198350906372070e-01
1.284125000238418579e-01 1.719155013561248779e-01 5.350260138511657715e-01 2.646502554416656494e-01 8.763049840927124023e-01 5.629256367683410645e-01 3.499099984765052795e-02 1.175813600420951843e-01 3.086296021938323975e-01 7.491320967674255371e-01 3.345564305782318115e-01 8.863077163696289062e-01 6.588420867919921875e-01 3.254341483116149902e-01
6.325374841690063477e-01 4.777173399925231934e-01 9.069085121154785156e-01 2.631149999797344208e-02 4.379667639732360840e-01 7.652301192283630371e-01 1.946966722607612610e-02 6.646034121513366699e-01 4.092726707458496094e-01 6.688611507415771484e-01 2.776434123516082764e-01 5.439777970314025879e-01 5.516828298568725586e-01 3.267499208450317383e-01
3.022249974310398102e-02 8.012443184852600098e-01 2.762752473354339600e-01 9.072750210762023926e-01 8.655869960784912109e-01 2.819007039070129395e-01 8.110892772674560547e-01 2.631236612796783447e-02 8.090069890022277832e-01 3.616366386413574219e-01 7.942819595336914062e-01 8.979684114456176758e-01 2.914990186691284180e-01 4.828146994113922119e-01
1.083974987268447876e-01 7.824605107307434082e-01 1.283230036497116089e-01 8.469774723052978516e-01 7.821302413940429688e-01 9.846647381782531738e-01 3.239319920539855957e-01 3.193966299295425415e-02 6.698530316352844238e-01 1.490739583969116211e-01 4.263391792774200439e-01 8.095110058784484863e-01 7.080315947532653809e-01 3.427439630031585693e-01
7.328374981880187988e-01 5.203235149383544922e-01 6.857187747955322266e-01 5.158724784851074219e-01 3.781472444534301758e-01 7.726946473121643066e-01 2.045466601848602295e-01 7.377275228500366211e-01 5.465945005416870117e-01 6.480682492256164551e-01 4.649387001991271973e-01 3.641127645969390869e-01 4.387258291244506836e-01 3.410014808177947998e-01
5.235400199890136719e-01 1.799228340387344360e-01 2.585499882698059082e-01 4.634810090065002441e-01 3.276025131344795227e-02 5.215286612510681152e-01 3.986496627330780029e-01 4.416803121566772461e-01 3.091264367103576660e-01 5.873271226882934570e-01 4.681615233421325684e-01 5.168351158499717712e-02 5.940787196159362793e-01 6.591721773147583008e-01
9.668574929237365723e-01 1.919428259134292603e-01 6.263830065727233887e-01 8.953624963760375977e-01 9.742457270622253418e-01 7.615771889686584473e-01 1.582150012254714966e-01 8.979525566101074219e-01 2.720335125923156738e-01 7.719770073890686035e-01 7.242108583450317383e-01 9.003232717514038086e-01 5.853842496871948242e-01 3.051218986511230469e-01
8.080250024795532227e-02 3.573994934558868408e-01 9.662290215492248535e-01 6.792899966239929199e-01 5.672724843025207520e-01 5.125874876976013184e-01 7.600963115692138672e-01 3.511081635951995850e-02 3.023201227188110352e-01 8.843668699264526367e-01 8.657102584838867188e-01 5.362026691436767578e-01 4.319652915000915527e-01 5.820657610893249512e-01
8.526775240898132324e-01 5.115010142326354980e-01 3.768150135874748230e-02 8.213700056076049805e-01 6.952049732208251953e-01 1.856072694063186646e-01 3.137840032577514648e-01 8.820331692695617676e-01 5.348891019821166992e-01 2.336178570985794067e-01 5.471568107604980469e-01 7.602346539497375488e-01 4.538727104663848877e-01 6.360129714012145996e-01
3.933550119400024414e-01 7.792611718177795410e-01 2.256225049495697021e-01 4.539837539196014404e-01 9.645607471466064453e-01 5.436675548553466797e-01 9.842261672019958496e-01 3.313299119472503662e-01 6.269003152847290039e-01 1.081765070557594299e-01 3.314178884029388428e-01 7.882664799690246582e-01 4.439878165721893311e-01 6.008093953132629395e-01
6.880224943161010742e-01 7.261505126953125000e-01 5.024064779281616211e-01 5.359575152397155762e-01 7.773067355155944824e-01 1.318297982215881348e-01 3.498750030994415283e-01 7.873845696449279785e-01 5.691598653793334961e-01 3.453890681266784668e-01 5.037020444869995117e-01 7.761318683624267578e-01 4.483329355716705322e-01 5.064653158187866211e-01
3.882024884223937988e-01 2.249021679162979126e-01 6.726797223091125488e-01 9.212700128555297852e-01 6.600842475891113281e-01 5.994726419448852539e-01 2.185086607933044434e-01 3.800370097160339355e-01 2.081228494644165039e-01 8.231558799743652344e-01 8.318557143211364746e-01 6.979368925094604492e-01 5.188574194908142090e-01 5.081218481063842773e-01
6.271250247955322266e-01 1.996716707944869995e-01 8.539312481880187988e-01 7.863399982452392578e-01 3.019177615642547607e-01 6.361659765243530273e-01 9.492045044898986816e-01 7.081621289253234863e-01 2.205798625946044922e-01 7.239592075347900391e-01 7.198027968406677246e-01 2.476740181446075439e-01 5.149120092391967773e-01 7.074061036109924316e-01
8.015725016593933105e-01 5.923038125038146973e-01 7.747370004653930664e-01 5.414500087499618530e-02 3.919857442378997803e-01 7.450779676437377930e-01 2.157640010118484497e-01 8.090562224388122559e-01 5.359202623367309570e-01 4.537203013896942139e-01 2.517568469047546387e-01 4.758392274379730225e-01 5.159878730773925781e-01 3.947063386440277100e-01
2.044575065374374390e-01 6.246816515922546387e-01 3.054497539997100830e-01 6.257774829864501953e-01 8.180882334709167480e-01 8.765958249568939209e-02 9.826537370681762695e-01 2.311916053295135498e-01 5.883557200431823730e-01 2.891745269298553467e-01 6.259818077087402344e-01 5.845380425453186035e-01 4.331283867359161377e-01 5.916311740875244141e-01
9.969300031661987305e-01 1.853153407573699951e-01 5.946162343025207520e-01 3.194234967231750488e-01 6.363099813461303711e-02 1.232825219631195068e-01 3.152573406696319580e-01 9.527223706245422363e-01 1.507351398468017578e-01 7.051770687103271484e-01 6.061608195304870605e-01 1.217884346842765808e-01 5.824842453002929688e-01 8.244507312774658203e-01
3.783524930477142334e-01 4.758246541023254395e-01 2.805329859256744385e-01 9.298049807548522949e-01 4.370642602443695068e-01 8.164232373237609863e-01 5.689759850502014160e-01 3.153473436832427979e-01 5.907102823257446289e-01 3.775832355022430420e-01 6.613104343414306641e-01 3.952693939208984375e-01 4.349294900894165039e-01 5.597691535949707031e-01
6.945325136184692383e-01 2.884384989738464355e-01 8.377732634544372559e-01 6.146925091743469238e-01 7.425462603569030762e-01 8.704830408096313477e-01 3.987466543912887573e-02 7.465547919273376465e-01 2.481627613306045532e-01 7.430210709571838379e-01 4.871507287025451660e-01 7.957103252410888672e-01 6.091467142105102539e-01 3.511378169059753418e-01
2.522799968719482422e-01 6.224631667137145996e-01 8.469499647617340088e-03 3.744035065174102783e-01 6.552180051803588867e-01 2.078589946031570435e-01 1.057523339986801147e-01 2.358868122100830078e-01 6.729811429977416992e-01 1.923612505197525024e-01 4.459169805049896240e-01 7.099777460098266602e-01 4.118664264678955078e-01 5.284491777420043945e-01
3.096500039100646973e-01 4.260173439979553223e-01 3.249287605285644531e-01 7.842350006103515625e-01 5.957267284393310547e-01 5.445885062217712402e-01 1.113356649875640869e-01 4.028397202491760254e-01 3.675724267959594727e-01 4.145105779170989990e-01 6.829150915145874023e-01 7.179226279258728027e-01 5.143628120422363281e-01 6.312729120254516602e-01
7.798550128936767578e-01 4.261656701564788818e-01 2.231547534465789795e-01 9.638224840164184570e-01 8.622482419013977051e-01 3.938568830490112305e-01 6.200990080833435059e-01 7.731019854545593262e-01 5.045767426490783691e-01 4.854207336902618408e-01 8.553761243820190430e-01 8.120888471603393555e-01 4.303836524486541748e-01 5.721473097801208496e-01
9.764050245285034180e-01 7.269231677055358887e-01 2.711445093154907227e-01 3.747839927673339844e-01 6.142227649688720703e-01 8.628149628639221191e-01 3.085440099239349365e-01 8.239868283271789551e-01 6.269156336784362793e-01 3.749735355377197266e-01 3.870214819908142090e-01 5.954075455665588379e-01 4.477108716964721680e-01 4.237028360366821289e-01
7.961149811744689941e-01 7.080058455467224121e-01 5.146562457084655762e-01 3.924799859523773193e-01 1.429699957370758057e-01 5.741235613822937012e-01 2.478723376989364624e-01 7.914075255393981934e-01 5.634202361106872559e-01 4.824629127979278564e-01 4.393263459205627441e-01 1.745782941579818726e-01 4.909670352935791016e-01 5.072851777076721191e-01
2.262825071811676025e-01 3.520023226737976074e-01 2.302384972572326660e-01 2.541489899158477783e-01 6.097245216369628906e-01 9.378677010536193848e-01 1.245416700839996338e-01 2.542293071746826172e-01 4.730067253112792969e-01 4.290433824062347412e-01 1.676138937473297119e-01 6.023040413856506348e-01 6.019838452339172363e-01 4.028919935226440430e-01
8.382124900817871094e-01 2.278251647949218750e-01 3.118360042572021484e-01 9.864724874496459961e-01 7.571529746055603027e-01 6.595295071601867676e-01 2.587586641311645508e-01 8.852913975715637207e-01 3.466970324516296387e-01 5.121223926544189453e-01 6.133098602294921875e-01 8.181952238082885742e-01 5.473672747611999512e-01 5.131468772888183594e-01
5.287899971008300781e-01 6.729981899261474609e-01 9.072967767715454102e-01 8.702225089073181152e-01 9.707217216491699219e-01 4.525095969438552856e-02 5.235880017280578613e-01 5.247340798377990723e-01 5.774099230766296387e-01 7.204052805900573730e-01 9.180793166160583496e-01 8.995372056961059570e-01 3.138001859188079834e-01 3.628895282745361328e-01
8.996000289916992188e-01 6.043524742126464844e-01 7.848539948463439941e-01 4.169670045375823975e-01 3.107174932956695557e-01 1.276740431785583496e-01 4.606069922447204590e-01 9.656688570976257324e-01 6.139677166938781738e-01 5.294971466064453125e-01 5.881639719009399414e-01 3.618944585323333740e-01 3.956791162490844727e-01 5.249060392379760742e-01
5.774924755096435547e-01 4.571650028228759766e-01 1.816727519035339355e-01 2.390747517347335815e-01 7.880027294158935547e-01 5.546672940254211426e-01 4.587976634502410889e-01 5.657528042793273926e-01 5.577475428581237793e-01 2.146624326705932617e-01 3.373174667358398438e-01 7.786422371864318848e-01 4.614407122135162354e-01 5.379900932312011719e-01
5.437625050544738770e-01 4.533329904079437256e-01 3.228259980678558350e-01 2.969120144844055176e-01 2.515499945729970932e-03 9.912050366401672363e-01 1.553283333778381348e-01 4.520373046398162842e-01 4.577428400516510010e-01 3.675487041473388672e-01 2.287757992744445801e-01 5.281505733728408813e-02 6.868972182273864746e-01 5.386868715286254883e-01
9.865124821662902832e-01 4.368748366832733154e-01 4.525982439517974854e-01 3.285277485847473145e-01 8.410974740982055664e-01 3.436492979526519775e-01 9.645522236824035645e-01 8.494920134544372559e-01 5.335065722465515137e-01 3.490936756134033203e-01 5.540134906768798828e-01 6.872280240058898926e-01 4.573480784893035889e-01 5.796494483947753906e-01
1.382649987936019897e-01 4.242379963397979736e-01 3.870057463645935059e-01 2.739222645759582520e-01 1.535300016403198242e-01 8.454275727272033691e-01 6.823347806930541992e-01 1.403976678848266602e-01 5.323035717010498047e-01 5.501255393028259277e-01 3.659229576587677002e-01 1.377815455198287964e-01 6.053007245063781738e-01 4.577475786209106445e-01
8.352324962615966797e-01 5.909068584442138672e-01 7.283250093460083008e-01 4.879472553730010986e-01 6.768722534179687500e-01 8.085382580757141113e-01 3.966679871082305908e-01 7.870185971260070801e-01 3.412537872791290283e-01 6.333758234977722168e-01 4.331112504005432129e-01 7.410875558853149414e-01 5.558875203132629395e-01 4.002377092838287354e-01
9.917999804019927979e-02 8.105639815330505371e-01 9.747987389564514160e-01 7.417950034141540527e-02 1.971040070056915283e-01 8.333922028541564941e-01 1.052133366465568542e-02 1.246616765856742859e-01 5.650233030319213867e-01 6.308355331420898438e-01 3.102320730686187744e-01 2.583923339843750000e-01 5.876818895339965820e-01 3.613285422325134277e-01
5.574300289154052734e-01 1.967226713895797729e-01 4.778167605400085449e-01 7.591174840927124023e-01 8.798952698707580566e-01 3.475827276706695557e-01 1.180666685104370117e-01 5.969561338424682617e-01 3.687385916709899902e-01 6.973614692687988281e-01 8.619771599769592285e-01 8.805918097496032715e-01 4.796568453311920166e-01 4.181336760520935059e-01
5.692874789237976074e-01 3.641664981842041016e-01 4.404575005173683167e-02 2.932477593421936035e-01 7.343674898147583008e-01 8.351206779479980469e-01 5.881213545799255371e-01 4.406181871891021729e-01 5.404112339019775391e-01 2.641436159610748291e-01 2.699378430843353271e-01 6.849189996719360352e-01 4.874576628208160400e-01 4.970002770423889160e-01
5.481150150299072266e-01 6.148309707641601562e-01 2.334485054016113281e-01 4.371657371520996094e-01 8.387942314147949219e-01 6.195420026779174805e-01 3.453060090541839600e-01 5.286442041397094727e-01 5.634955167770385742e-01 3.385102748870849609e-01 3.281993269920349121e-01 8.172990679740905762e-01 4.622789323329925537e-01 4.273044764995574951e-01
3.992750123143196106e-02 6.035388112068176270e-01 6.669340133666992188e-01 4.333457648754119873e-01 3.646380007266998291e-01 2.555052638053894043e-01 2.414180040359497070e-01 6.924942135810852051e-02 5.566095709800720215e-01 6.594335436820983887e-01 4.430297911167144775e-01 3.719313144683837891e-01 5.126683115959167480e-01 4.352361857891082764e-01
5.745649933815002441e-01 1.831691712141036987e-01 6.563194990158081055e-01 8.714874982833862305e-01 6.856409907341003418e-01 2.989600896835327148e-01 8.851518630981445312e-01 5.569779276847839355e-01 3.461279571056365967e-01 7.430074810981750488e-01 8.846093416213989258e-01 6.488519310951232910e-01 4.002057313919067383e-01 5.190489888191223145e-01
3.538450002670288086e-01 1.902383267879486084e-01 2.484862506389617920e-01 5.129550099372863770e-01 3.490292429924011230e-01 5.120608806610107422e-01 6.247966736555099487e-02 3.803223073482513428e-01 4.128975868225097656e-01 6.051898598670959473e-01 3.930955827236175537e-01 3.847244679927825928e-01 5.267001390457153320e-01 4.681892096996307373e-01
2.291425019502639771e-01 7.988243103027343750e-01 8.099225163459777832e-01 7.555599808692932129e-01 9.395350217819213867e-01 5.867105126380920410e-01 2.200309932231903076e-01 1.842888593673706055e-01 5.761346220970153809e-01 6.284286975860595703e-01 7.446091175079345703e-01 9.480503201484680176e-01 4.549559056758880615e-01 3.254193663597106934e-01
8.964675068855285645e-01 3.624795079231262207e-01 2.787545025348663330e-01 7.069125175476074219e-01 8.014817237854003906e-01 9.630825519561767578e-01 4.612233340740203857e-01 7.955899238586425781e-01 5.015558600425720215e-01 4.416267275810241699e-01 4.525405764579772949e-01 7.356883287429809570e-01 4.806053042411804199e-01 4.686141610145568848e-01
6.951050162315368652e-01 5.479220151901245117e-01 3.075642585754394531e-01 9.796925187110900879e-01 4.516704976558685303e-01 1.952718198299407959e-01 1.101979985833168030e-01 7.940717935562133789e-01 5.803910493850708008e-01 6.110816001892089844e-01 6.585032343864440918e-01 4.962361454963684082e-01 3.841496706008911133e-01 4.051548540592193604e-01
2.172224968671798706e-01 5.670261383056640625e-01 8.740835189819335938e-01 9.835324883460998535e-01 9.697797298431396484e-01 9.299288988113403320e-01 4.750596582889556885e-01 2.090726643800735474e-01 3.721117675304412842e-01 7.864210605621337891e-01 8.747007846832275391e-01 9.651852250099182129e-01 5.515225529670715332e-01 3.183661997318267822e-01
7.994899749755859375e-01 2.026771605014801025e-01 9.166177511215209961e-01 2.795712351799011230e-01 9.473620057106018066e-01 9.447643160820007324e-01 2.532186806201934814e-01 7.614193558692932129e-01 2.980614602565765381e-01 7.644652128219604492e-01 4.143491089344024658e-01 8.473749756813049316e-01 5.970246195793151855e-01 2.474694848060607910e-01
7.809500098228454590e-01 5.252936482429504395e-01 8.591882586479187012e-01 8.087325096130371094e-01 9.970407485961914062e-01 2.341383844614028931e-01 6.756131649017333984e-01 8.300476074218750000e-01 5.746960043907165527e-01 6.763836145401000977e-01 9.120097160339355469e-01 9.020898938179016113e-01 3.513143956661224365e-01 3.933076858520507812e-01
1.987649947404861450e-01 2.743841707706451416e-01 9.119752645492553711e-01 9.380350112915039062e-01 6.959974765777587891e-01 3.948940336704254150e-01 7.560707330703735352e-01 2.508864998817443848e-01 1.828134655952453613e-01 8.310269713401794434e-01 8.765628337860107422e-01 7.289965152740478516e-01 5.432953834533691406e-01 5.722495317459106445e-01
1.374125033617019653e-01 5.233963131904602051e-01 5.068612694740295410e-01 4.987154901027679443e-01 1.879700087010860443e-02 5.285377502441406250e-01 6.129043102264404297e-01 1.644790917634963989e-01 5.201269388198852539e-01 5.758610963821411133e-01 6.092552542686462402e-01 5.606805905699729919e-02 5.146585702896118164e-01 5.190433263778686523e-01
8.085849881172180176e-01 5.551509857177734375e-01 3.423945009708404541e-01 3.365197479724884033e-01 3.025574982166290283e-01 2.764036357402801514e-01 7.077468037605285645e-01 9.019891023635864258e-01 6.000445485115051270e-01 3.881121575832366943e-01 3.234529197216033936e-01 3.344095647335052490e-01 4.787774085998535156e-01 4.774223268032073975e-01
9.798499941825866699e-02 5.884426832199096680e-01 5.140967369079589844e-01 3.001849949359893799e-01 8.603529930114746094e-01 3.957545459270477295e-01 1.522736698389053345e-01 1.097007244825363159e-01 6.024090647697448730e-01 5.618180036544799805e-01 3.754654228687286377e-01 9.020504951477050781e-01 5.076670050621032715e-01 2.837296724319458008e-01
3.900099992752075195e-01 2.739291787147521973e-01 3.150264918804168701e-01 3.430207371711730957e-01 1.287014931440353394e-01 9.063737392425537109e-01 5.168513059616088867e-01 3.733298182487487793e-01 5.297853350639343262e-01 5.436080694198608398e-01 3.676884770393371582e-01 1.259830594062805176e-01 5.656747221946716309e-01 4.298486411571502686e-01
1.693174988031387329e-01 7.909858226776123047e-01 2.466634958982467651e-01 1.619444936513900757e-01 5.461649894714355469e-01 6.064682602882385254e-01 4.500993192195892334e-01 1.598609834909439087e-01 5.853058099746704102e-01 2.067312747240066528e-01 2.420745342969894409e-01 6.883379220962524414e-01 5.602646470069885254e-01 4.669374525547027588e-01
1.794025003910064697e-01 4.401108324527740479e-01 5.952695012092590332e-01 4.741952419281005859e-01 9.085032343864440918e-01 9.068393111228942871e-01 2.860616743564605713e-01 1.539617627859115601e-01 4.261422157287597656e-01 6.619505286216735840e-01 3.892817795276641846e-01 9.139789938926696777e-01 6.020099520683288574e-01 2.987762689590454102e-01
5.113499760627746582e-01 2.378431707620620728e-01 3.455624878406524658e-01 2.148524969816207886e-01 8.313295245170593262e-01 2.577446401119232178e-01 6.638646721839904785e-01 5.560975670814514160e-01 3.995862305164337158e-01 4.454664289951324463e-01 3.780795335769653320e-01 7.913384437561035156e-01 5.199864506721496582e-01 4.769318699836730957e-01
6.050000083632767200e-04 7.626801729202270508e-01 1.937910020351409912e-01 3.050400018692016602e-01 6.250527501106262207e-01 2.081033401191234589e-02 1.950639933347702026e-01 3.296800330281257629e-02 7.816852331161499023e-01 1.226252391934394836e-01 4.611881375312805176e-01 7.614549994468688965e-01 4.561251103878021240e-01 4.792644679546356201e-01
7.007849812507629395e-01 4.251696765422821045e-01 4.579209983348846436e-01 3.648525103926658630e-02 6.657435297966003418e-01 2.796197831630706787e-01 4.927276670932769775e-01 7.301661968231201172e-01 4.102939069271087646e-01 3.247256278991699219e-01 2.325057089328765869e-01 7.190901637077331543e-01 5.088552832603454590e-01 5.266175866127014160e-01
9.990050196647644043e-01 5.127146840095520020e-01 9.860417246818542480e-01 5.404725074768066406e-01 3.357677459716796875e-01 5.072447657585144043e-01 9.573369026184082031e-01 9.466522336006164551e-01 2.557047605514526367e-01 7.066617608070373535e-01 7.635717391967773438e-01 2.928255200386047363e-01 5.147204399108886719e-01 7.364295721054077148e-01
1.477124989032745361e-01 7.612910270690917969e-01 7.669077515602111816e-01 8.615375310182571411e-02 2.658597528934478760e-01 6.681354641914367676e-01 5.808043479919433594e-01 1.468824744224548340e-01 5.330354571342468262e-01 5.744980573654174805e-01 2.681449651718139648e-01 3.010520935058593750e-01 6.063659787178039551e-01 4.006763100624084473e-01
9.728350043296813965e-01 1.728146672248840332e-01 3.561397492885589600e-01 8.527474999427795410e-01 2.137182503938674927e-01 9.482091665267944336e-01 8.089429736137390137e-01 8.707410693168640137e-01 2.384744584560394287e-01 6.873264908790588379e-01 7.140871286392211914e-01 1.934152096509933472e-01 5.222343206405639648e-01 7.554175853729248047e-01
8.718374967575073242e-01 3.035014867782592773e-01 2.463639974594116211e-01 8.503274917602539062e-01 9.827795028686523438e-01 6.430036425590515137e-01 9.072946906089782715e-01 7.968209981918334961e-01 4.767763912677764893e-01 4.156274795532226562e-01 8.110806345939636230e-01 8.017688989639282227e-01 4.642838537693023682e-01 6.083381175994873047e-01
9.115700125694274902e-01 2.014214992523193359e-01 1.227905005216598511e-01 1.231812536716461182e-01 8.804874867200851440e-02 3.731257617473602295e-01 8.967713117599487305e-01 8.419224619865417480e-01 3.622159063816070557e-01 2.094226777553558350e-01 3.268288969993591309e-01 5.493996292352676392e-02 5.924382209777832031e-01 7.980930805206298828e-01
7.612250000238418579e-02 6.363673210144042969e-01 3.854382634162902832e-01 1.954012513160705566e-01 8.093104958534240723e-01 5.679041147232055664e-01 5.694033205509185791e-02 6.507331877946853638e-02 5.929761528968811035e-01 4.809402525424957275e-01 2.518239021301269531e-01 9.090261459350585938e-01 5.778698921203613281e-01 2.804334163665771484e-01
3.080675005912780762e-01 7.010611891746520996e-01 4.994640052318572998e-01 5.099800229072570801e-01 5.613575130701065063e-02 7.657982707023620605e-01 4.196510016918182373e-01 3.161594569683074951e-01 6.270169615745544434e-01 5.109203457832336426e-01 5.700965523719787598e-01 1.049908250570297241e-01 4.512708187103271484e-01 4.349727034568786621e-01
4.601399898529052734e-01 4.738574922084808350e-01 6.792887449264526367e-01 2.801632583141326904e-01 7.813665270805358887e-01 9.392333030700683594e-02 8.295833319425582886e-02 5.728286504745483398e-01 5.406072139739990234e-01 4.119468033313751221e-01 3.576325476169586182e-01 7.835311293601989746e-01 4.698331654071807861e-01 4.158172905445098877e-01
4.681299924850463867e-01 1.851781606674194336e-01 9.461502432823181152e-01 4.364475011825561523e-01 3.299537599086761475e-01 9.383332133293151855e-01 8.224333524703979492e-01 4.718570113182067871e-01 2.322522848844528198e-01 7.616646885871887207e-01 4.489243626594543457e-01 3.461862206459045410e-01 5.690674185752868652e-01 5.497122406959533691e-01
1.733749918639659882e-02 6.821466684341430664e-01 8.410032391548156738e-01 7.020475268363952637e-01 9.559684991836547852e-01 6.888074874877929688e-01 3.034853339195251465e-01 3.392634913325309753e-02 6.372783184051513672e-01 6.053567528724670410e-01 5.187354683876037598e-01 9.529723525047302246e-01 5.251024365425109863e-01 2.404169738292694092e-01
1.346125006675720215e-01 3.737258315086364746e-01 1.707367449998855591e-01 8.429499864578247070e-01 9.537982344627380371e-01 3.651761636137962341e-02 4.878459870815277100e-01 1.667082756757736206e-01 5.948412418365478516e-01 6.022993326187133789e-01 7.839775085449218750e-01 8.849722743034362793e-01 3.991791605949401855e-01 4.048075377941131592e-01
7.468674778938293457e-01 4.677500128746032715e-01 3.403122425079345703e-01 9.844074845314025879e-01 6.249527335166931152e-01 3.694692850112915039e-01 7.887266874313354492e-01 8.818730115890502930e-01 4.001495540142059326e-01 3.718579709529876709e-01 6.828795075416564941e-01 7.523891925811767578e-01 5.027331113815307617e-01 6.514846086502075195e-01
4.709349870681762695e-01 3.548451662063598633e-01 7.789080142974853516e-01 1.375962495803833008e-01 1.834249943494796753e-01 8.134646415710449219e-01 4.403123259544372559e-01 5.217578411102294922e-01 3.383234739303588867e-01 6.336900591850280762e-01 1.937853395938873291e-01 2.612963616847991943e-01 6.451480388641357422e-01 4.751142561435699463e-01
8.570424914360046387e-01 2.230241596698760986e-01 8.506785035133361816e-01 1.406340003013610840e-01 6.842997670173645020e-01 6.881133466958999634e-02 5.785366892814636230e-01 8.654919266700744629e-01 3.658184111118316650e-01 6.889176368713378906e-01 4.007243514060974121e-01 6.960894465446472168e-01 5.423054695129394531e-01 3.511109650135040283e-01
4.984774887561798096e-01 7.421206831932067871e-01 8.284729719161987305e-01 3.709172606468200684e-01 8.933074772357940674e-02 1.202331297099590302e-02 1.692630052566528320e-01 5.428572893142700195e-01 6.183068156242370605e-01 5.426409840583801270e-01 4.197120368480682373e-01 1.111304238438606262e-01 4.945050776004791260e-01 3.906226456165313721e-01
6.716700196266174316e-01 3.031946718692779541e-01 4.493922591209411621e-01 1.494902521371841431e-01 5.518347620964050293e-01 5.307163596153259277e-01 3.457366675138473511e-02 6.399228572845458984e-01 4.742678105831146240e-01 5.646887421607971191e-01 2.959806621074676514e-01 6.062498092651367188e-01 5.119598507881164551e-01 3.524302244186401367e-01
1.802050024271011353e-01 4.150078296661376953e-01 3.737749904394149780e-02 1.352314949035644531e-01 7.568194866180419922e-01 6.386690586805343628e-02 7.936084270477294922e-01 2.483718991279602051e-01 5.701107382774353027e-01 2.548073232173919678e-01 2.789295017719268799e-01 6.791192293167114258e-01 5.058964490890502930e-01 4.785529971122741699e-01
6.166499853134155273e-02 5.544776916503906250e-01 9.701694846153259277e-01 7.445949912071228027e-01 3.224112391471862793e-01 3.286957442760467529e-01 1.269143372774124146e-01 5.780332535505294800e-02 4.382617175579071045e-01 7.883970737457275391e-01 7.049438357353210449e-01 3.768226802349090576e-01 4.426517784595489502e-01 5.148929953575134277e-01
6.806275248527526855e-01 6.559263467788696289e-01 7.233687639236450195e-01 5.689550042152404785e-01 3.091317415237426758e-01 4.911198019981384277e-01 1.333433296531438828e-02 7.783722281455993652e-01 5.051991939544677734e-01 6.474028229713439941e-01 4.129233360290527344e-01 3.670249581336975098e-01 4.764215648174285889e-01 3.664041161537170410e-01
1.445074975490570068e-01 4.729340076446533203e-01 7.897175103425979614e-02 8.761600255966186523e-01 3.548862636089324951e-01 5.823444724082946777e-01 3.159376680850982666e-01 1.279976665973663330e-01 5.739384293556213379e-01 1.532537192106246948e-01 7.211689352989196777e-01 3.979059159755706787e-01 4.911597073078155518e-01 7.190257310867309570e-01
7.883725166320800781e-01 6.593629717826843262e-01 8.596755266189575195e-01 2.987412512302398682e-01 7.223179936408996582e-01 4.795535206794738770e-01 9.717208743095397949e-01 7.655951380729675293e-01 5.165394544601440430e-01 4.796812534332275391e-01 5.202854871749877930e-01 6.002762913703918457e-01 4.604409635066986084e-01 4.936878681182861328e-01
8.034999668598175049e-02 8.062493205070495605e-01 4.360064864158630371e-01 7.908400297164916992e-01 3.615710139274597168e-01 4.221536219120025635e-01 8.304058909416198730e-01 5.788351595401763916e-02 6.383531689643859863e-01 4.806088805198669434e-01 8.567206859588623047e-01 4.312445521354675293e-01 3.644618988037109375e-01 6.257883906364440918e-01
4.364775121212005615e-01 5.137766599655151367e-01 9.151265025138854980e-01 7.698475122451782227e-01 8.470377326011657715e-01 1.177074760198593140e-01 1.468826681375503540e-01 4.954352080821990967e-01 4.218337833881378174e-01 7.434718608856201172e-01 8.679781556129455566e-01 8.656204342842102051e-01 4.165861904621124268e-01 3.784357309341430664e-01
5.189650058746337891e-01 2.451331615447998047e-01 6.070244908332824707e-01 7.364624738693237305e-01 9.460164904594421387e-01 6.749446392059326172e-01 2.121790051460266113e-01 5.963029265403747559e-01 3.039769828319549561e-01 7.350528240203857422e-01 5.671601295471191406e-01 9.019456505775451660e-01 5.966781377792358398e-01 2.897218763828277588e-01
8.591175079345703125e-01 5.583998560905456543e-01 7.405387759208679199e-01 9.984325170516967773e-01 9.162707328796386719e-01 5.616476535797119141e-01 1.942483335733413696e-01 8.304343223571777344e-01 4.741370975971221924e-01 7.350578904151916504e-01 9.115360975265502930e-01 8.780574798583984375e-01 3.835901319980621338e-01 3.893093764781951904e-01
7.788749933242797852e-01 1.939969956874847412e-01 7.486305236816406250e-01 8.033400028944015503e-02 7.285297513008117676e-01 6.470609307289123535e-01 3.644200041890144348e-02 6.721666455268859863e-01 3.788565993309020996e-01 6.912076473236083984e-01 4.208798110485076904e-01 7.111950516700744629e-01 5.224584937095642090e-01 3.239606022834777832e-01
2.780900001525878906e-01 1.792176663875579834e-01 9.288704991340637207e-01 6.176350116729736328e-01 9.227149933576583862e-02 5.913984775543212891e-01 9.506603479385375977e-01 4.517432451248168945e-01 2.325986176729202271e-01 5.649123191833496094e-01 7.219073176383972168e-01 3.785900026559829712e-02 5.478727817535400391e-01 8.060387969017028809e-01
4.960150122642517090e-01 6.019331812858581543e-01 9.009832739830017090e-01 5.664924979209899902e-01 1.700827479362487793e-01 3.835171759128570557e-01 8.645050525665283203e-01 5.170497298240661621e-01 4.020006060600280762e-01 6.405307650566101074e-01 5.451400876045227051e-01 1.580430269241333008e-01 4.929982125759124756e-01 5.505130887031555176e-01
4.578525125980377197e-01 5.847293138504028320e-01 7.017765045166015625e-01 7.578824758529663086e-01 3.888577520847320557e-01 2.122800052165985107e-01 5.813996791839599609e-01 4.869337379932403564e-01 5.300194025039672852e-01 6.439998149871826172e-01 6.227487921714782715e-01 3.607160747051239014e-01 3.929347097873687744e-01 3.982029855251312256e-01
8.372499942779541016e-01 4.964953362941741943e-01 7.864217758178710938e-01 1.196952536702156067e-01 6.558899879455566406e-01 4.126114249229431152e-01 8.352743983268737793e-01 7.454435825347900391e-01 4.146087467670440674e-01 6.625210046768188477e-01 4.616588950157165527e-01 6.270241141319274902e-01 4.941141307353973389e-01 3.712534904479980469e-01
6.267899870872497559e-01 7.339239716529846191e-01 7.689437270164489746e-01 3.005647361278533936e-01 9.013969898223876953e-01 5.489408373832702637e-01 4.495436549186706543e-01 6.125592589378356934e-01 5.391777753829956055e-01 4.355150163173675537e-01 5.232750177383422852e-01 8.781549930572509766e-01 4.705899655818939209e-01 4.118646085262298584e-01
1.945874989032745361e-01 6.939941644668579102e-01 4.014810025691986084e-01 1.812302470207214355e-01 1.896084994077682495e-01 7.000187039375305176e-01 7.596010565757751465e-01 2.050637006759643555e-01 5.217974781990051270e-01 3.407013714313507080e-01 2.755194008350372314e-01 2.507133483886718750e-01 6.236079335212707520e-01 5.051416754722595215e-01
1.682250015437602997e-02 4.826410114765167236e-01 3.107782602310180664e-01 8.287500143051147461e-01 2.228614985942840576e-01 3.730318248271942139e-01 3.581836521625518799e-01 3.178195282816886902e-02 5.891669392585754395e-01 5.956229567527770996e-01 7.426739335060119629e-01 1.990934014320373535e-01 4.607180058956146240e-01 5.759578347206115723e-01
4.618175029754638672e-01 8.308724761009216309e-01 6.438454985618591309e-01 4.836890101432800293e-01 1.742827445268630981e-01 6.004298105835914612e-02 5.046179890632629395e-01 5.058102607727050781e-01 6.198133826255798340e-01 4.989727437496185303e-01 4.743092656135559082e-01 1.994467824697494507e-01 4.597786068916320801e-01 4.054389595985412598e-01
6.259425282478332520e-01 3.014331758022308350e-01 1.485912501811981201e-01 4.580957591533660889e-01 7.705637216567993164e-01 8.267338275909423828e-01 2.553633451461791992e-01 5.994251966476440430e-01 5.364346504211425781e-01 2.651329338550567627e-01 2.615529000759124756e-01 7.322918772697448730e-01 4.772796630859375000e-01 4.907032847404479980e-01
6.814774870872497559e-01 3.800818324089050293e-01 3.593422472476959229e-01 6.565399765968322754e-01 4.243335127830505371e-01 1.351579725742340088e-01 1.919530034065246582e-01 6.740595698356628418e-01 5.354117155075073242e-01 6.502973437309265137e-01 5.587241053581237793e-01 4.169055223464965820e-01 4.100662767887115479e-01 3.611975312232971191e-01
9.553149938583374023e-01 3.911499977111816406e-01 7.155485153198242188e-01 3.628087639808654785e-01 7.127962708473205566e-01 9.843708276748657227e-01 2.401273399591445923e-01 7.743403315544128418e-01 4.722679257392883301e-01 6.743519306182861328e-01 5.474385023117065430e-01 6.647054553031921387e-01 4.495294392108917236e-01 3.382355272769927979e-01
2.720350027084350586e-01 8.071784973144531250e-01 8.371084928512573242e-01 4.278457462787628174e-01 8.059327602386474609e-01 8.791138529777526855e-01 5.675200223922729492e-01 2.333992421627044678e-01 5.696333646774291992e-01 5.227711796760559082e-01 3.906754255294799805e-01 8.255484104156494141e-01 4.752993583679199219e-01 3.526704609394073486e-01
1.074424982070922852e-01 3.771494925022125244e-01 7.191944718360900879e-01 7.471150159835815430e-01 2.170749939978122711e-02 7.507810741662979126e-02 2.692546546459197998e-01 2.176986932754516602e-01 3.742582201957702637e-01 7.217843532562255859e-01 6.826058030128479004e-01 6.375014781951904297e-02 4.699843525886535645e-01 5.611343383789062500e-01
7.805600166320800781e-01 3.048731684684753418e-01 2.625592648983001709e-01 6.585775017738342285e-01 1.974067538976669312e-01 8.314639329910278320e-01 7.302883267402648926e-01 7.965687513351440430e-01 3.884820640087127686e-01 5.170257091522216797e-01 3.513920903205871582e-01 2.103021144866943359e-01 5.558105111122131348e-01 5.945897698402404785e-01
4.449824988842010498e-01 1.730004996061325073e-01 1.919837445020675659e-01 8.914049863815307617e-01 4.474482536315917969e-01 1.133459582924842834e-01 3.014020025730133057e-01 4.652214050292968750e-01 3.825785517692565918e-01 6.826433539390563965e-01 6.199788451194763184e-01 4.555383622646331787e-01 4.489786326885223389e-01 4.676674306392669678e-01
9.314125180244445801e-01 2.637443244457244873e-01 5.814767479896545410e-01 2.277624979615211487e-02 8.870834708213806152e-01 3.887223303318023682e-01 6.581820249557495117e-01 8.074926137924194336e-01 3.345172703266143799e-01 4.956500828266143799e-01 3.316571414470672607e-01 8.148659467697143555e-01 5.596079230308532715e-01 4.495520591735839844e-01
7.293300032615661621e-01 2.239926606416702271e-01 4.996367394924163818e-01 4.466232359409332275e-01 4.925682544708251953e-01 9.836612939834594727e-01 9.378047585487365723e-01 5.927044749259948730e-01 3.735962510108947754e-01 6.959825158119201660e-01 4.127521216869354248e-01 3.611810803413391113e-01 5.240352153778076172e-01 4.375198185443878174e-01
5.246300101280212402e-01 7.891093492507934570e-01 6.284675002098083496e-01 3.088797628879547119e-01 1.713967472314834595e-01 8.540242314338684082e-01 3.292213380336761475e-01 5.352830290794372559e-01 5.914663672447204590e-01 4.312865436077117920e-01 2.888091504573822021e-01 1.964792162179946899e-01 5.732357501983642578e-01 3.917389512062072754e-01
8.975899815559387207e-01 4.697036743164062500e-01 7.336025238037109375e-01 3.491324931383132935e-02 2.700837552547454834e-01 5.310596227645874023e-01 7.722600698471069336e-01 8.391464352607727051e-01 3.744894862174987793e-01 6.168428063392639160e-01 3.208368122577667236e-01 2.737025022506713867e-01 5.599687099456787109e-01 5.234236121177673340e-01
6.971150040626525879e-01 3.702096641063690186e-01 2.406907528638839722e-01 5.957549810409545898e-01 4.728960096836090088e-01 5.884084105491638184e-01 6.735448837280273438e-01 6.773549914360046387e-01 5.479118227958679199e-01 4.865979552268981934e-01 4.215955138206481934e-01 4.436254799365997314e-01 4.720706045627593994e-01 4.376108944416046143e-01
4.019599854946136475e-01 4.681201577186584473e-01 5.185887217521667480e-01 3.967222571372985840e-01 2.856342494487762451e-01 2.351643443107604980e-01 5.484333261847496033e-02 4.236854612827301025e-01 5.638107657432556152e-01 6.281284093856811523e-01 5.528106689453125000e-01 2.774461805820465088e-01 4.100982844829559326e-01 3.704536259174346924e-01
1.412000041455030441e-02 5.109578371047973633e-01 8.534232378005981445e-01 2.960324883460998535e-01 4.027594923973083496e-01 3.013576865196228027e-01 5.926493406295776367e-01 4.594641178846359253e-02 5.155827999114990234e-01 7.296580672264099121e-01 3.688869774341583252e-01 3.144597113132476807e-01 5.674311518669128418e-01 4.275718927383422852e-01
2.229599952697753906e-01 5.477301478385925293e-01 1.433512568473815918e-01 7.683675289154052734e-01 2.172455042600631714e-01 8.682365417480468750e-01 6.173650026321411133e-01 2.186190038919448853e-01 5.471801161766052246e-01 1.353394240140914917e-01 4.602495729923248291e-01 2.830993533134460449e-01 5.567092299461364746e-01 6.778709292411804199e-01
5.720275044441223145e-01 4.936041533946990967e-01 6.043180227279663086e-01 6.604175269603729248e-02 5.735285282135009766e-01 1.785506010055541992e-01 8.053066581487655640e-02 5.601950883865356445e-01 4.077367484569549561e-01 7.016640305519104004e-01 3.352959454059600830e-01 5.962341427803039551e-01 5.212444067001342773e-01 3.024164736270904541e-01
2.096750028431415558e-02 3.860625028610229492e-01 2.796250022947788239e-02 2.733870148658752441e-01 9.157245159149169922e-01 5.558437108993530273e-01 5.390610098838806152e-01 3.432051092386245728e-02 6.345701813697814941e-01 2.365043610334396362e-01 3.862491846084594727e-01 7.865704894065856934e-01 6.825082302093505859e-01 3.506042957305908203e-01
1.092374995350837708e-01 1.833164989948272705e-01 7.579747438430786133e-01 8.804849982261657715e-01 9.208365082740783691e-01 6.374710202217102051e-01 3.775483369827270508e-01 7.080396264791488647e-02 3.036465942859649658e-01 8.744458556175231934e-01 8.799647688865661621e-01 8.827361464500427246e-01 5.111711025238037109e-01 4.263613820075988770e-01
7.266225218772888184e-01 2.745763361454010010e-01 5.135664939880371094e-01 8.061174750328063965e-01 9.611989855766296387e-01 5.417202115058898926e-01 2.644590139389038086e-01 7.722714543342590332e-01 2.980340719223022461e-01 7.150119543075561523e-01 6.183708310127258301e-01 8.912711739540100098e-01 5.852100253105163574e-01 3.172631561756134033e-01
6.583349704742431641e-01 3.264728188514709473e-01 1.187812536954879761e-01 7.566974759101867676e-01 1.733645051717758179e-01 5.806132405996322632e-02 2.242893278598785400e-01 7.757069468498229980e-01 5.199074149131774902e-01 5.592226982116699219e-01 4.315366446971893311e-01 1.974873691797256470e-01 4.968559741973876953e-01 4.865344464778900146e-01
4.182874858379364014e-01 4.612033367156982422e-01 7.349099963903427124e-02 7.383800148963928223e-01 1.558504998683929443e-01 5.213742256164550781e-01 8.444640040397644043e-01 3.779695928096771240e-01 6.153485178947448730e-01 3.278936743736267090e-01 5.867406725883483887e-01 1.175246685743331909e-01 4.924980998039245605e-01 5.583593845367431641e-01
2.817200124263763428e-01 2.428318262100219727e-01 6.349735260009765625e-01 5.497174859046936035e-01 5.123487710952758789e-01 2.889033406972885132e-02 4.576143324375152588e-01 3.250253200531005859e-01 3.035405874252319336e-01 7.532739043235778809e-01 5.187988877296447754e-01 5.544614791870117188e-01 5.264713168144226074e-01 4.471694529056549072e-01
2.698175013065338135e-01 6.942576766014099121e-01 1.674434989690780640e-01 8.185899853706359863e-01 2.747847437858581543e-01 5.642480850219726562e-01 1.363613307476043701e-01 3.004619181156158447e-01 5.815793275833129883e-01 1.197515949606895447e-01 5.687370896339416504e-01 4.332647025585174561e-01 4.905816018581390381e-01 7.020741701126098633e-01
9.506275057792663574e-01 6.128249764442443848e-01 1.361224949359893799e-01 7.617350220680236816e-01 9.079587459564208984e-01 9.126816391944885254e-01 9.433433413505554199e-01 8.092290759086608887e-01 3.686956763267517090e-01 2.848712801933288574e-01 5.442921519279479980e-01 7.992408871650695801e-01 5.098159909248352051e-01 6.582072377204895020e-01
8.833774924278259277e-01 3.062469959259033203e-01 7.148334980010986328e-01 9.394775032997131348e-01 8.379694819450378418e-01 4.785756468772888184e-01 1.238410025835037231e-01 8.760953545570373535e-01 4.207378923892974854e-01 7.292735576629638672e-01 8.942643404006958008e-01 8.373458981513977051e-01 4.237625598907470703e-01 4.282311499118804932e-01
7.619249820709228516e-01 5.623946785926818848e-01 7.566737532615661621e-01 5.573624968528747559e-01 1.388995051383972168e-01 9.981855750083923340e-01 3.868726789951324463e-01 9.013345241546630859e-01 4.230327904224395752e-01 5.281381011009216309e-01 4.699004292488098145e-01 1.917403787374496460e-01 5.126536488533020020e-01 6.374158263206481934e-01
5.996025204658508301e-01 2.187239974737167358e-01 2.859387397766113281e-01 6.319125294685363770e-01 7.379267215728759766e-01 7.215978503227233887e-01 7.927479743957519531e-01 5.859314799308776855e-01 4.026329517364501953e-01 4.535832703113555908e-01 5.041778683662414551e-01 6.852427124977111816e-01 5.044106841087341309e-01 5.484279990196228027e-01
3.660899996757507324e-01 2.527939975261688232e-01 7.037402391433715820e-01 5.978599786758422852e-01 6.748697757720947266e-01 7.463386654853820801e-01 2.581023275852203369e-01 3.685967326164245605e-01 2.879676222801208496e-01 7.430072426795959473e-01 6.576816439628601074e-01 7.205477952957153320e-01 5.397381782531738281e-01 4.327345788478851318e-01
1.640650033950805664e-01 2.728306651115417480e-01 5.832762718200683594e-01 5.042325258255004883e-01 4.812425076961517334e-01 8.335813879966735840e-02 5.751573443412780762e-01 2.415294647216796875e-01 4.282195270061492920e-01 7.339356541633605957e-01 5.621249675750732422e-01 4.277163743972778320e-01 4.487798511981964111e-01 4.180518388748168945e-01
3.915224969387054443e-01 4.399886727333068848e-01 3.655945062637329102e-01 6.860575079917907715e-01 7.004935145378112793e-01 8.386942744255065918e-02 3.685076534748077393e-01 4.280365407466888428e-01 5.147495269775390625e-01 5.799072384834289551e-01 5.987335443496704102e-01 6.607900261878967285e-01 4.227905273437500000e-01 4.195899367332458496e-01
7.084274888038635254e-01 4.328461587429046631e-01 7.115697264671325684e-01 5.112199783325195312e-01 5.491034984588623047e-01 6.666193008422851562e-01 8.808780908584594727e-01 6.866880655288696289e-01 4.720889031887054443e-01 5.404794812202453613e-01 6.032898426055908203e-01 5.235223770141601562e-01 4.564531445503234863e-01 5.198372602462768555e-01
3.643549978733062744e-01 8.031976819038391113e-01 6.656810045242309570e-01 1.120777502655982971e-01 2.856124937534332275e-02 5.675760507583618164e-01 7.655128836631774902e-01 3.278878331184387207e-01 6.050177216529846191e-01 4.832468032836914062e-01 3.875970542430877686e-01 5.391750484704971313e-02 5.749363899230957031e-01 4.263239204883575439e-01
9.855474829673767090e-01 2.033886611461639404e-01 9.584337472915649414e-01 7.117875218391418457e-01 6.930927634239196777e-01 5.881259441375732422e-01 3.790040016174316406e-01 9.539457559585571289e-01 2.500884234905242920e-01 8.067344427108764648e-01 7.551884651184082031e-01 7.953851819038391113e-01 5.634191632270812988e-01 3.979865014553070068e-01
2.768650054931640625e-01 3.343124985694885254e-01 1.403087526559829712e-01 9.292724728584289551e-01 6.357747316360473633e-01 5.279412865638732910e-01 7.147667407989501953e-01 3.733327388763427734e-01 4.807659387588500977e-01 2.405820786952972412e-01 8.212332129478454590e-01 6.571977734565734863e-01 4.651690721511840820e-01 7.197884321212768555e-01
3.339149951934814453e-01 4.823488295078277588e-01 9.623647332191467285e-01 4.525727629661560059e-01 6.711884737014770508e-01 8.217902779579162598e-01 1.188416630029678345e-01 3.582690656185150146e-01 3.382025361061096191e-01 7.336550354957580566e-01 5.147100687026977539e-01 7.211380600929260254e-01 5.356560349464416504e-01 3.644773364067077637e-01
2.710725069046020508e-01 5.734021663665771484e-01 3.155847489833831787e-01 5.611975193023681641e-01 6.579167246818542480e-01 1.268856525421142578e-01 2.591633424162864685e-02 2.970756888389587402e-01 5.912098288536071777e-01 4.070747792720794678e-01 5.672613978385925293e-01 6.937257647514343262e-01 4.149029850959777832e-01 4.842184484004974365e-01
6.872249841690063477e-01 8.315606713294982910e-01 4.650804996490478516e-01 8.842549920082092285e-01 9.784927368164062500e-01 4.295774698257446289e-01 2.765719890594482422e-01 7.089846134185791016e-01 6.191555261611938477e-01 5.631823539733886719e-01 7.867674231529235840e-01 9.175383448600769043e-01 3.842113018035888672e-01 3.643086254596710205e-01
5.146424770355224609e-01 7.400485277175903320e-01 9.453434944152832031e-01 6.225699782371520996e-01 1.413842439651489258e-01 8.122097849845886230e-01 2.889286577701568604e-01 5.810752511024475098e-01 4.497764706611633301e-01 6.211668252944946289e-01 4.305181801319122314e-01 2.409392446279525757e-01 5.149151086807250977e-01 4.697772860527038574e-01
6.341400146484375000e-01 2.281313389539718628e-01 1.487150043249130249e-02 1.323725003749132156e-02 7.149450182914733887e-01 5.451665520668029785e-01 6.353093385696411133e-01 5.690115094184875488e-01 3.328124880790710449e-01 2.773621380329132080e-01 1.281961947679519653e-01 7.408814430236816406e-01 5.465277433395385742e-01 5.697430372238159180e-01
9.908249974250793457e-02 3.643186688423156738e-01 3.800162374973297119e-01 4.586944878101348877e-01 9.990582466125488281e-01 2.283266633749008179e-01 8.083066344261169434e-02 1.014440953731536865e-01 5.344926714897155762e-01 6.507729887962341309e-01 5.586836934089660645e-01 9.371352791786193848e-01 5.277181267738342285e-01 2.996207475662231445e-01
3.434999883174896240e-01 5.211371779441833496e-01 8.041267395019531250e-01 5.010049939155578613e-01 4.457629919052124023e-01 6.407568454742431641e-01 4.862506687641143799e-01 3.611257374286651611e-01 3.828032612800598145e-01 6.901951432228088379e-01 4.558785855770111084e-01 5.367172360420227051e-01 5.017576217651367188e-01 4.119307994842529297e-01
4.176250100135803223e-02 2.605246603488922119e-01 8.082550168037414551e-01 7.088400125503540039e-01 9.726099669933319092e-02 8.720312118530273438e-01 5.954156517982482910e-01 1.846717856824398041e-02 3.298653364181518555e-01 8.643141388893127441e-01 7.545430064201354980e-01 4.564344137907028198e-02 5.450920462608337402e-01 6.011388897895812988e-01
3.923675119876861572e-01 5.075591802597045898e-01 7.471457719802856445e-01 5.862674713134765625e-01 5.657017230987548828e-01 2.904629409313201904e-01 4.223130047321319580e-01 4.943005144596099854e-01 3.573765754699707031e-01 5.888233184814453125e-01 4.521096944808959961e-01 6.491088271141052246e-01 5.249546766281127930e-01 4.764526784420013428e-01
6.312825083732604980e-01 2.546228468418121338e-01 5.712372660636901855e-01 3.460980057716369629e-01 6.178572773933410645e-01 4.528657495975494385e-01 1.277023404836654663e-01 6.960913538932800293e-01 3.645006418228149414e-01 6.876232624053955078e-01 3.121119141578674316e-01 6.735654473304748535e-01 5.583249330520629883e-01 3.202864229679107666e-01
9.378799796104431152e-01 2.468235045671463013e-01 8.417827486991882324e-01 2.632252573966979980e-01 5.194742679595947266e-01 5.607881546020507812e-01 8.390653729438781738e-01 9.213421344757080078e-01 3.811384737491607666e-01 6.746599078178405762e-01 5.305355191230773926e-01 5.018308162689208984e-01 5.029731392860412598e-01 4.929483830928802490e-01
9.970824718475341797e-01 3.792193233966827393e-01 8.835369944572448730e-01 6.201500073075294495e-02 9.941319823265075684e-01 6.856448650360107422e-01 4.570056796073913574e-01 8.330770730972290039e-01 3.465017676353454590e-01 6.829404234886169434e-01 4.000335037708282471e-01 8.708782792091369629e-01 5.824861526489257812e-01 2.803626358509063721e-01
8.288250118494033813e-02 7.698554992675781250e-01 8.580407500267028809e-01 9.049124717712402344e-01 3.087849915027618408e-02 7.982417941093444824e-01 7.089091539382934570e-01 6.316704303026199341e-02 5.579536557197570801e-01 5.888282656669616699e-01 6.655960083007812500e-01 1.104916781187057495e-01 5.090357065200805664e-01 5.420299172401428223e-01
3.870750069618225098e-01 3.357258439064025879e-01 8.364717364311218262e-01 7.109050154685974121e-01 2.765842378139495850e-01 1.620801985263824463e-01 7.706966996192932129e-02 4.125412106513977051e-01 3.022395670413970947e-01 7.719273567199707031e-01 6.235188245773315430e-01 3.597018718719482422e-01 4.688675701618194580e-01 4.926236867904663086e-01
8.165749907493591309e-02 5.916183590888977051e-01 8.413150161504745483e-02 5.793750286102294922e-01 6.981599926948547363e-01 8.597926497459411621e-01 9.409117698669433594e-01 6.162234768271446228e-02 6.485921144485473633e-01 1.205585673451423645e-01 2.763825953006744385e-01 5.679272413253784180e-01 6.199078559875488281e-01 5.207772850990295410e-01
8.795400261878967285e-01 4.430179893970489502e-01 6.310387253761291504e-01 2.864712476730346680e-01 5.999267697334289551e-01 2.638386785984039307e-01 4.022533446550369263e-02 8.564683198928833008e-01 5.393506288528442383e-01 5.917797684669494629e-01 4.770535528659820557e-01 6.222746372222900391e-01 4.469710588455200195e-01 3.597526848316192627e-01
6.403974890708923340e-01 1.812776625156402588e-01 7.186290025711059570e-01 1.826110035181045532e-01 9.235674738883972168e-01 1.713234335184097290e-01 7.629056572914123535e-01 5.946855545043945312e-01 3.581327497959136963e-01 6.880773305892944336e-01 5.817872881889343262e-01 7.988489270210266113e-01 5.217268466949462891e-01 3.528464734554290771e-01
5.701324939727783203e-01 5.879386663436889648e-01 9.124447703361511230e-01 4.478504955768585205e-01 5.956705212593078613e-01 5.426297187805175781e-01 6.436336636543273926e-01 5.816754698753356934e-01 4.428461492061614990e-01 5.814284682273864746e-01 5.455194115638732910e-01 6.118975877761840820e-01 4.699361920356750488e-01 4.583603143692016602e-01
6.151000037789344788e-02 6.728168129920959473e-01 5.089524984359741211e-01 8.778125047683715820e-01 7.372587323188781738e-01 8.913036584854125977e-01 1.647300086915493011e-02 6.111763790249824524e-02 6.507147550582885742e-01 3.523233234882354736e-01 2.665504813194274902e-01 9.028028845787048340e-01 5.461310744285583496e-01 3.049278855323791504e-01
3.520975112915039062e-01 3.082848191261291504e-01 7.619307637214660645e-01 2.474567443132400513e-01 8.176295161247253418e-01 9.469219446182250977e-01 7.358211278915405273e-01 3.297079503536224365e-01 3.162147700786590576e-01 6.162370443344116211e-01 4.992704391479492188e-01 7.765485048294067383e-01 5.712030529975891113e-01 4.670498073101043701e-01
4.699699878692626953e-01 2.541689872741699219e-01 2.573255002498626709e-01 7.542175054550170898e-01 2.843067646026611328e-01 6.752315908670425415e-02 9.036083221435546875e-01 4.532926380634307861e-01 3.774460256099700928e-01 6.580716371536254883e-01 5.901772975921630859e-01 2.266607135534286499e-01 4.747126996517181396e-01 5.434096455574035645e-01
1.661400049924850464e-01 6.121063232421875000e-01 9.414732456207275391e-01 3.537087440490722656e-01 2.443282455205917358e-01 5.430192947387695312e-01 2.133366614580154419e-01 1.980350315570831299e-01 4.590856134891510010e-01 7.139729857444763184e-01 4.496207237243652344e-01 3.209109008312225342e-01 4.980467259883880615e-01 4.111389219760894775e-01
8.265799880027770996e-01 7.946988344192504883e-01 1.353474985808134079e-02 6.612499952316284180e-01 3.967007398605346680e-01 5.772690176963806152e-01 8.687244057655334473e-01 8.224194645881652832e-01 7.661374211311340332e-01 8.320476114749908447e-02 6.383658051490783691e-01 3.672760426998138428e-01 4.096286296844482422e-01 7.182054519653320312e-01
1.988250017166137695e-02 6.619135141372680664e-01 8.983749747276306152e-01 4.854847490787506104e-01 7.887985110282897949e-01 8.180000782012939453e-01 7.332437634468078613e-01 3.633577004075050354e-02 5.983663797378540039e-01 5.673684477806091309e-01 3.677450120449066162e-01 8.838911652565002441e-01 5.496430397033691406e-01 3.399452865123748779e-01
6.573550105094909668e-01 3.867893218994140625e-01 5.973952412605285645e-01 1.390857547521591187e-01 2.904852628707885742e-01 8.112040162086486816e-01 6.816638708114624023e-01 6.546043157577514648e-01 3.817940652370452881e-01 5.995227098464965820e-01 2.259054780006408691e-01 3.615292608737945557e-01 5.951601862907409668e-01 4.488230645656585693e-01
4.651749879121780396e-02 7.589908242225646973e-01 3.930207490921020508e-01 1.136192530393600464e-01 9.063389897346496582e-01 3.170475661754608154e-01 4.703536629676818848e-01 5.252678692340850830e-02 6.987407803535461426e-01 4.160047769546508789e-01 3.573339879512786865e-01 9.423387050628662109e-01 5.132335424423217773e-01 2.475461363792419434e-01
8.739100098609924316e-01 6.439178586006164551e-01 3.565104901790618896e-01 8.655250072479248047e-03 7.428217530250549316e-01 2.297111153602600098e-01 3.042726814746856689e-01 7.887231111526489258e-01 5.546766519546508789e-01 2.865016460418701172e-01 3.035715520381927490e-01 7.376033663749694824e-01 4.652600586414337158e-01 4.885803461074829102e-01
2.356700003147125244e-01 5.783045291900634766e-01 5.420337319374084473e-01 6.593250036239624023e-01 6.885660290718078613e-01 7.283633351325988770e-01 1.879143267869949341e-01 2.623705863952636719e-01 5.322638154029846191e-01 5.789296627044677734e-01 4.565143287181854248e-01 7.029553055763244629e-01 4.598625898361206055e-01 3.843606412410736084e-01
4.319350123405456543e-01 2.201023399829864502e-01 2.271544933319091797e-01 2.004617452621459961e-01 7.734645009040832520e-01 1.259227246046066284e-01 8.821533918380737305e-01 4.337967038154602051e-01 4.296604990959167480e-01 4.717820286750793457e-01 2.951350510120391846e-01 6.482569575309753418e-01 5.112491250038146973e-01 4.718493819236755371e-01
4.543924927711486816e-01 7.378360033035278320e-01 5.042652487754821777e-01 5.452425032854080200e-02 3.704949915409088135e-01 3.414631187915802002e-01 3.860243260860443115e-01 4.509903788566589355e-01 5.241977572441101074e-01 3.887858390808105469e-01 2.890099585056304932e-01 4.604153335094451904e-01 5.304306745529174805e-01 4.559405148029327393e-01
4.539249837398529053e-02 6.400160193443298340e-01 1.193045005202293396e-01 2.625067532062530518e-01 2.417974919080734253e-02 8.794419169425964355e-01 3.599239885807037354e-01 2.424350753426551819e-02 6.830406785011291504e-01 7.506693899631500244e-02 1.494778096675872803e-01 4.738022387027740479e-02 8.818221092224121094e-01 4.357174634933471680e-01
1.679424941539764404e-01 8.274276852607727051e-01 5.432714819908142090e-01 1.820649951696395874e-02 8.153262734413146973e-01 2.306262552738189697e-01 7.360599935054779053e-02 2.163016051054000854e-01 5.491570830345153809e-01 4.266836047172546387e-01 1.428645849227905273e-01 9.202470779418945312e-01 5.533602237701416016e-01 2.613634169101715088e-01
4.109925031661987305e-01 6.649144887924194336e-01 8.350780010223388672e-01 9.475824832916259766e-01 4.614642560482025146e-01 5.095159411430358887e-01 3.747733309864997864e-02 4.222422242164611816e-01 5.367458462715148926e-01 6.250945925712585449e-01 8.244965076446533203e-01 5.161559581756591797e-01 3.519877791404724121e-01 4.916062653064727783e-01
2.656599879264831543e-01 7.706983089447021484e-01 3.846769928932189941e-01 2.513934969902038574e-01 5.829137563705444336e-01 2.549786865711212158e-01 9.400420188903808594e-01 3.123437762260437012e-01 5.760722756385803223e-01 1.484585404396057129e-01 3.633912503719329834e-01 5.152577757835388184e-01 5.003178119659423828e-01 6.199694275856018066e-01
