6.597499847412109375e-01 2.834999859333038330e-01 8.867499828338623047e-01 8.802499771118164062e-01 9.377499818801879883e-01 3.167499899864196777e-01 7.494567632675170898e-01 1.922456324100494385e-01 9.734333753585815430e-01 7.568678259849548340e-01 8.939220905303955078e-01 2.242124676704406738e-01
9.942499995231628418e-01 2.911666631698608398e-01 8.725000172853469849e-02 9.897500276565551758e-01 3.057500123977661133e-01 6.042500138282775879e-01 9.001942873001098633e-01 3.476931154727935791e-01 3.578893840312957764e-01 8.829830884933471680e-01 3.513056337833404541e-01 6.994257569313049316e-01
6.227499842643737793e-01 5.504999756813049316e-01 9.182500243186950684e-01 2.882499992847442627e-01 4.312500059604644775e-01 7.077500224113464355e-01 5.684785246849060059e-01 4.828816950321197510e-01 7.897420525550842285e-01 3.450360298156738281e-01 5.665685534477233887e-01 5.566418170928955078e-01
8.162500262260437012e-01 6.061666607856750488e-01 4.707500040531158447e-01 2.437500059604644775e-01 1.947499960660934448e-01 3.232499957084655762e-01 8.050814867019653320e-01 6.132409572601318359e-01 4.100911617279052734e-01 3.362302482128143311e-01 1.861030757427215576e-01 3.876800835132598877e-01
1.967500001192092896e-01 5.351666808128356934e-01 5.907499790191650391e-01 6.075000017881393433e-02 9.127500057220458984e-01 9.517499804496765137e-01 1.607032716274261475e-01 4.733302593231201172e-01 5.112746357917785645e-01 1.068074032664299011e-01 9.416627883911132812e-01 8.398889303207397461e-01
3.842499852180480957e-01 7.928333282470703125e-01 6.317499876022338867e-01 7.692499756813049316e-01 8.192499876022338867e-01 7.407500147819519043e-01 4.270356595516204834e-01 5.903117656707763672e-01 5.894854068756103516e-01 5.660319924354553223e-01 7.833217978477478027e-01 3.982537388801574707e-01
3.557499945163726807e-01 4.548333287239074707e-01 2.712500095367431641e-01 3.907499909400939941e-01 8.172500133514404297e-01 9.425000101327896118e-02 4.244398474693298340e-01 5.479715466499328613e-01 2.785799801349639893e-01 3.734847009181976318e-01 8.379974365234375000e-01 4.394837915897369385e-01
9.327499866485595703e-01 1.961666643619537354e-01 5.502499938011169434e-01 5.617499947547912598e-01 1.867499947547912598e-01 6.222500205039978027e-01 9.143022298812866211e-01 4.205487966537475586e-01 4.341103732585906982e-01 8.289388418197631836e-01 2.108666151762008667e-01 6.613290905952453613e-01
7.925000041723251343e-02 4.868333339691162109e-01 4.742499887943267822e-01 2.274999953806400299e-02 9.662500023841857910e-01 8.462499976158142090e-01 8.858805894851684570e-02 5.883876681327819824e-01 5.935960412025451660e-01 1.187275424599647522e-01 8.621703386306762695e-01 7.280013561248779297e-01
5.237500071525573730e-01 5.421666502952575684e-01 4.572499990463256836e-01 7.225000113248825073e-02 6.075000017881393433e-02 4.832499921321868896e-01 4.875360131263732910e-01 5.216152667999267578e-01 4.249477386474609375e-01 3.304338455200195312e-01 1.172834783792495728e-01 6.461338996887207031e-01
9.250000119209289551e-03 6.671666502952575684e-01 8.472499847412109375e-01 4.362500011920928955e-01 1.627500057220458984e-01 2.147500067949295044e-01 3.447880223393440247e-02 6.980253458023071289e-01 8.497074842453002930e-01 5.340571403503417969e-01 1.899520754814147949e-01 2.936108708381652832e-01
4.982500076293945312e-01 3.598333299160003662e-01 6.932500004768371582e-01 8.737499713897705078e-01 3.422499895095825195e-01 8.537499904632568359e-01 6.354829668998718262e-01 4.329198300838470459e-01 5.905135273933410645e-01 6.511836647987365723e-01 3.055779933929443359e-01 6.504700183868408203e-01
6.677500009536743164e-01 6.388333439826965332e-01 2.257499992847442627e-01 1.757500022649765015e-01 1.952500045299530029e-01 1.592500060796737671e-01 7.583218216896057129e-01 6.710093617439270020e-01 2.968835830688476562e-01 2.105869054794311523e-01 1.969808936119079590e-01 2.617447376251220703e-01
1.502500027418136597e-01 6.945000290870666504e-01 7.067499756813049316e-01 2.177499979734420776e-01 9.425000101327896118e-02 7.327499985694885254e-01 1.175831407308578491e-01 6.975891590118408203e-01 5.486825704574584961e-01 3.019963204860687256e-01 1.481820493936538696e-01 6.925761699676513672e-01
2.087499946355819702e-01 8.308333158493041992e-01 8.952500224113464355e-01 2.347500026226043701e-01 1.957499980926513672e-01 4.662500023841857910e-01 2.648445367813110352e-01 6.800959110260009766e-01 6.784454584121704102e-01 3.450210988521575928e-01 2.695401012897491455e-01 3.318229317665100098e-01
2.562499940395355225e-01 6.324999928474426270e-01 7.047500014305114746e-01 3.497500121593475342e-01 2.192499935626983643e-01 1.677500009536743164e-01 3.738597929477691650e-01 6.282466053962707520e-01 6.473977565765380859e-01 3.964230418205261230e-01 2.766425311565399170e-01 3.952013552188873291e-01
5.967500209808349609e-01 5.328333377838134766e-01 5.092499852180480957e-01 5.947499871253967285e-01 3.992500007152557373e-01 3.677499890327453613e-01 6.450096368789672852e-01 5.804978013038635254e-01 5.506216883659362793e-01 4.884161055088043213e-01 4.033094644546508789e-01 4.287886321544647217e-01
7.262499928474426270e-01 3.008333444595336914e-01 2.924999967217445374e-02 6.517500281333923340e-01 3.974999859929084778e-02 5.482500195503234863e-01 7.141720652580261230e-01 3.925281763076782227e-01 2.262078821659088135e-01 6.740697622299194336e-01 4.795364290475845337e-02 7.405153512954711914e-01
6.177499890327453613e-01 6.188333630561828613e-01 4.407500028610229492e-01 3.187499940395355225e-01 5.037500262260437012e-01 1.127500012516975403e-01 6.632497906684875488e-01 6.124140620231628418e-01 6.198559403419494629e-01 3.212981522083282471e-01 5.407649874687194824e-01 4.154435396194458008e-01
1.492500007152557373e-01 5.341666936874389648e-01 2.392500042915344238e-01 5.562499761581420898e-01 3.927499949932098389e-01 8.967499732971191406e-01 1.638193726539611816e-01 5.900529026985168457e-01 1.483083814382553101e-01 4.999176263809204102e-01 4.059665501117706299e-01 9.307680726051330566e-01
8.002499938011169434e-01 3.785000145435333252e-01 3.072499930858612061e-01 7.832499742507934570e-01 1.722500026226043701e-01 9.412500262260437012e-01 8.129259943962097168e-01 4.488653838634490967e-01 3.551893830299377441e-01 6.329934000968933105e-01 1.242761760950088501e-01 6.651476621627807617e-01
3.097499907016754150e-01 5.391666889190673828e-01 8.897500038146972656e-01 1.025000028312206268e-02 7.647500038146972656e-01 5.742499828338623047e-01 2.353349328041076660e-01 4.224316477775573730e-01 7.522696852684020996e-01 1.277572661638259888e-01 9.107945561408996582e-01 6.805386543273925781e-01
9.192500114440917969e-01 4.514999985694885254e-01 6.262500286102294922e-01 7.275000214576721191e-02 7.157499790191650391e-01 9.662500023841857910e-01 8.907912373542785645e-01 4.763483107089996338e-01 4.695532321929931641e-01 1.833693981170654297e-01 7.365645766258239746e-01 6.072927713394165039e-01
8.697500228881835938e-01 5.304999947547912598e-01 9.707499742507934570e-01 6.927499771118164062e-01 5.352500081062316895e-01 5.874999985098838806e-02 8.738765120506286621e-01 4.456443488597869873e-01 9.146892428398132324e-01 8.514220714569091797e-01 6.343580484390258789e-01 2.214887440204620361e-01
9.197499752044677734e-01 7.251666784286499023e-01 5.852500200271606445e-01 9.272500276565551758e-01 1.032499969005584717e-01 7.707499861717224121e-01 9.502325057983398438e-01 3.667204380035400391e-01 3.381167650222778320e-01 8.863359689712524414e-01 1.314500570297241211e-01 7.412201762199401855e-01
