6.341400146484375000e-01 2.281313389539718628e-01 1.487150043249130249e-02 1.323725003749132156e-02 7.149450182914733887e-01 5.451665520668029785e-01 6.353093385696411133e-01 5.781732201576232910e-01 3.243821859359741211e-01 2.714508771896362305e-01 1.188743636012077332e-01 8.294050097465515137e-01 5.631838440895080566e-01 6.808175444602966309e-01
1.083974987268447876e-01 7.824605107307434082e-01 1.283230036497116089e-01 8.469774723052978516e-01 7.821302413940429688e-01 9.846647381782531738e-01 3.239319920539855957e-01 4.334560409188270569e-02 7.064927220344543457e-01 1.044345274567604065e-01 3.869024515151977539e-01 8.467330336570739746e-01 7.276262640953063965e-01 3.399195075035095215e-01
4.601399898529052734e-01 4.738574922084808350e-01 6.792887449264526367e-01 2.801632583141326904e-01 7.813665270805358887e-01 9.392333030700683594e-02 8.295833319425582886e-02 5.563907623291015625e-01 5.281465053558349609e-01 4.026972949504852295e-01 3.430411815643310547e-01 7.859298586845397949e-01 4.541078805923461914e-01 4.574629664421081543e-01
3.933550119400024414e-01 7.792611718177795410e-01 2.256225049495697021e-01 4.539837539196014404e-01 9.645607471466064453e-01 5.436675548553466797e-01 9.842261672019958496e-01 3.247873485088348389e-01 6.152212619781494141e-01 1.125592887401580811e-01 3.701367080211639404e-01 8.191002607345581055e-01 4.190736114978790283e-01 6.534927487373352051e-01
9.314125180244445801e-01 2.637443244457244873e-01 5.814767479896545410e-01 2.277624979615211487e-02 8.870834708213806152e-01 3.887223303318023682e-01 6.581820249557495117e-01 8.196713924407958984e-01 3.198436796665191650e-01 4.900693893432617188e-01 2.602871358394622803e-01 8.317432999610900879e-01 5.990104079246520996e-01 5.512507557868957520e-01
1.374125033617019653e-01 5.233963131904602051e-01 5.068612694740295410e-01 4.987154901027679443e-01 1.879700087010860443e-02 5.285377502441406250e-01 6.129043102264404297e-01 1.603219062089920044e-01 5.030642747879028320e-01 5.383712649345397949e-01 5.497108101844787598e-01 6.763058900833129883e-02 4.999884366989135742e-01 5.474623441696166992e-01
7.293300032615661621e-01 2.239926606416702271e-01 4.996367394924163818e-01 4.466232359409332275e-01 4.925682544708251953e-01 9.836612939834594727e-01 9.378047585487365723e-01 5.974457263946533203e-01 3.468572795391082764e-01 6.162900924682617188e-01 4.124372005462646484e-01 3.869929313659667969e-01 5.274924039840698242e-01 4.849187731742858887e-01
5.113499760627746582e-01 2.378431707620620728e-01 3.455624878406524658e-01 2.148524969816207886e-01 8.313295245170593262e-01 2.577446401119232178e-01 6.638646721839904785e-01 5.555890798568725586e-01 4.023368656635284424e-01 4.114294052124023438e-01 3.172359466552734375e-01 7.898905873298645020e-01 5.113625526428222656e-01 5.448157787322998047e-01
9.917999804019927979e-02 8.105639815330505371e-01 9.747987389564514160e-01 7.417950034141540527e-02 1.971040070056915283e-01 8.333922028541564941e-01 1.052133366465568542e-02 1.330530494451522827e-01 5.591726899147033691e-01 5.749125480651855469e-01 3.223784565925598145e-01 2.821848690509796143e-01 6.295092105865478516e-01 4.068054258823394775e-01
3.882024884223937988e-01 2.249021679162979126e-01 6.726797223091125488e-01 9.212700128555297852e-01 6.600842475891113281e-01 5.994726419448852539e-01 2.185086607933044434e-01 3.470563292503356934e-01 2.325161993503570557e-01 8.315328359603881836e-01 7.747734189033508301e-01 7.097554206848144531e-01 5.003299117088317871e-01 4.671873152256011963e-01
9.970824718475341797e-01 3.792193233966827393e-01 8.835369944572448730e-01 6.201500073075294495e-02 9.941319823265075684e-01 6.856448650360107422e-01 4.570056796073913574e-01 8.269873857498168945e-01 3.558867573738098145e-01 6.878914237022399902e-01 3.158260881900787354e-01 8.856258988380432129e-01 5.813114047050476074e-01 3.075576424598693848e-01
3.434999883174896240e-01 5.211371779441833496e-01 8.041267395019531250e-01 5.010049939155578613e-01 4.457629919052124023e-01 6.407568454742431641e-01 4.862506687641143799e-01 3.902730643749237061e-01 4.033239781856536865e-01 6.238470077514648438e-01 4.533135890960693359e-01 5.476717352867126465e-01 4.854039847850799561e-01 4.192554950714111328e-01
4.109925031661987305e-01 6.649144887924194336e-01 8.350780010223388672e-01 9.475824832916259766e-01 4.614642560482025146e-01 5.095159411430358887e-01 3.747733309864997864e-02 4.460178017616271973e-01 5.561933517456054688e-01 5.623009204864501953e-01 7.987351417541503906e-01 5.628653764724731445e-01 2.897509038448333740e-01 4.354506433010101318e-01
8.718374967575073242e-01 3.035014867782592773e-01 2.463639974594116211e-01 8.503274917602539062e-01 9.827795028686523438e-01 6.430036425590515137e-01 9.072946906089782715e-01 7.890951037406921387e-01 4.946439862251281738e-01 3.855220377445220947e-01 8.064192533493041992e-01 8.255568146705627441e-01 4.921435713768005371e-01 6.167781352996826172e-01
2.172224968671798706e-01 5.670261383056640625e-01 8.740835189819335938e-01 9.835324883460998535e-01 9.697797298431396484e-01 9.299288988113403320e-01 4.750596582889556885e-01 1.608773022890090942e-01 4.704815447330474854e-01 8.427238464355468750e-01 8.405945897102355957e-01 9.669094681739807129e-01 5.048130750656127930e-01 3.026226460933685303e-01
3.339149951934814453e-01 4.823488295078277588e-01 9.623647332191467285e-01 4.525727629661560059e-01 6.711884737014770508e-01 8.217902779579162598e-01 1.188416630029678345e-01 3.440583646297454834e-01 3.719598948955535889e-01 6.965297460556030273e-01 5.240618586540222168e-01 7.028832435607910156e-01 5.068136453628540039e-01 3.838339149951934814e-01
5.692874789237976074e-01 3.641664981842041016e-01 4.404575005173683167e-02 2.932477593421936035e-01 7.343674898147583008e-01 8.351206779479980469e-01 5.881213545799255371e-01 4.649111628532409668e-01 5.215555429458618164e-01 2.644864320755004883e-01 2.890959084033966064e-01 7.147575616836547852e-01 4.783418774604797363e-01 5.473118424415588379e-01
6.583349704742431641e-01 3.264728188514709473e-01 1.187812536954879761e-01 7.566974759101867676e-01 1.733645051717758179e-01 5.806132405996322632e-02 2.242893278598785400e-01 7.610844969749450684e-01 4.835224151611328125e-01 4.914524555206298828e-01 4.292421042919158936e-01 2.303299158811569214e-01 5.106459259986877441e-01 4.888646304607391357e-01
1.180450022220611572e-01 5.258161425590515137e-01 3.197174891829490662e-02 3.379600048065185547e-01 1.635382473468780518e-01 3.489731252193450928e-01 4.183226525783538818e-01 1.785683780908584595e-01 5.600570440292358398e-01 1.710781604051589966e-01 3.924597799777984619e-01 2.446479946374893188e-01 6.226294636726379395e-01 6.101944446563720703e-01
8.591175079345703125e-01 5.583998560905456543e-01 7.405387759208679199e-01 9.984325170516967773e-01 9.162707328796386719e-01 5.616476535797119141e-01 1.942483335733413696e-01 8.139881491661071777e-01 5.254973769187927246e-01 7.559908032417297363e-01 9.121413230895996094e-01 8.919349312782287598e-01 3.111212849617004395e-01 3.480643928050994873e-01
7.619249820709228516e-01 5.623946785926818848e-01 7.566737532615661621e-01 5.573624968528747559e-01 1.388995051383972168e-01 9.981855750083923340e-01 3.868726789951324463e-01 8.609365820884704590e-01 4.144044220447540283e-01 5.222748517990112305e-01 4.963742792606353760e-01 1.963835209608078003e-01 5.446971654891967773e-01 6.299425959587097168e-01
8.034999668598175049e-02 8.062493205070495605e-01 4.360064864158630371e-01 7.908400297164916992e-01 3.615710139274597168e-01 4.221536219120025635e-01 8.304058909416198730e-01 6.526393443346023560e-02 6.509604454040527344e-01 4.763531684875488281e-01 8.462017774581909180e-01 4.825130403041839600e-01 2.969481647014617920e-01 6.111731529235839844e-01
2.780900001525878906e-01 1.792176663875579834e-01 9.288704991340637207e-01 6.176350116729736328e-01 9.227149933576583862e-02 5.913984775543212891e-01 9.506603479385375977e-01 3.474135994911193848e-01 2.155601829290390015e-01 6.473304033279418945e-01 7.396891117095947266e-01 2.945625223219394684e-02 5.735111832618713379e-01 8.221610784530639648e-01
2.698175013065338135e-01 6.942576766014099121e-01 1.674434989690780640e-01 8.185899853706359863e-01 2.747847437858581543e-01 5.642480850219726562e-01 1.363613307476043701e-01 2.831504642963409424e-01 5.769517421722412109e-01 1.154633238911628723e-01 6.510444283485412598e-01 4.800471663475036621e-01 4.586937725543975830e-01 7.097960710525512695e-01
5.189650058746337891e-01 2.451331615447998047e-01 6.070244908332824707e-01 7.364624738693237305e-01 9.460164904594421387e-01 6.749446392059326172e-01 2.121790051460266113e-01 5.361945629119873047e-01 3.355443775653839111e-01 7.367035746574401855e-01 5.030589699745178223e-01 8.961846232414245605e-01 5.789950489997863770e-01 3.108997941017150879e-01
7.084274888038635254e-01 4.328461587429046631e-01 7.115697264671325684e-01 5.112199783325195312e-01 5.491034984588623047e-01 6.666193008422851562e-01 8.808780908584594727e-01 6.653526425361633301e-01 4.806203842163085938e-01 4.980662465095520020e-01 5.368478298187255859e-01 5.341398715972900391e-01 4.432606697082519531e-01 4.875735938549041748e-01
5.287899971008300781e-01 6.729981899261474609e-01 9.072967767715454102e-01 8.702225089073181152e-01 9.707217216491699219e-01 4.525095969438552856e-02 5.235880017280578613e-01 5.128947496414184570e-01 6.290636658668518066e-01 7.556151747703552246e-01 9.311375617980957031e-01 9.065890908241271973e-01 2.569656670093536377e-01 3.465572893619537354e-01
1.500625014305114746e-01 5.123521685600280762e-01 1.863054931163787842e-01 7.742224633693695068e-02 5.120747685432434082e-01 8.886257410049438477e-01 1.990929991006851196e-01 1.543151885271072388e-01 5.699215531349182129e-01 3.646815717220306396e-01 2.773453891277313232e-01 4.531302750110626221e-01 6.469784975051879883e-01 4.252468347549438477e-01
1.979175060987472534e-01 6.752796769142150879e-01 4.547674953937530518e-02 7.874624729156494141e-01 5.690722465515136719e-01 2.273631244897842407e-01 9.522694349288940430e-01 1.428282260894775391e-01 7.057460546493530273e-01 7.190874963998794556e-02 8.876183629035949707e-01 5.146162509918212891e-01 3.199490904808044434e-01 7.620413899421691895e-01
2.656599879264831543e-01 7.706983089447021484e-01 3.846769928932189941e-01 2.513934969902038574e-01 5.829137563705444336e-01 2.549786865711212158e-01 9.400420188903808594e-01 3.262440562248229980e-01 5.614432692527770996e-01 1.527880430221557617e-01 4.524451494216918945e-01 5.571753382682800293e-01 4.751333594322204590e-01 6.463916897773742676e-01
9.764050245285034180e-01 7.269231677055358887e-01 2.711445093154907227e-01 3.747839927673339844e-01 6.142227649688720703e-01 8.628149628639221191e-01 3.085440099239349365e-01 8.192363977432250977e-01 6.397177577018737793e-01 3.719465136528015137e-01 4.001506567001342773e-01 5.448737144470214844e-01 4.297325015068054199e-01 4.213432073593139648e-01
6.872249841690063477e-01 8.315606713294982910e-01 4.650804996490478516e-01 8.842549920082092285e-01 9.784927368164062500e-01 4.295774698257446289e-01 2.765719890594482422e-01 6.640434265136718750e-01 6.589549183845520020e-01 5.768921971321105957e-01 8.171420693397521973e-01 9.284839034080505371e-01 3.519186079502105713e-01 3.836887776851654053e-01
3.520975112915039062e-01 3.082848191261291504e-01 7.619307637214660645e-01 2.474567443132400513e-01 8.176295161247253418e-01 9.469219446182250977e-01 7.358211278915405273e-01 3.247387409210205078e-01 3.309515118598937988e-01 6.054487824440002441e-01 4.537450373172760010e-01 7.479300498962402344e-01 5.205498933792114258e-01 4.867445528507232666e-01
4.449824988842010498e-01 1.730004996061325073e-01 1.919837445020675659e-01 8.914049863815307617e-01 4.474482536315917969e-01 1.133459582924842834e-01 3.014020025730133057e-01 5.015408992767333984e-01 4.049454331398010254e-01 6.147424578666687012e-01 5.639981031417846680e-01 4.964852035045623779e-01 4.336408078670501709e-01 4.321353137493133545e-01
9.908249974250793457e-02 3.643186688423156738e-01 3.800162374973297119e-01 4.586944878101348877e-01 9.990582466125488281e-01 2.283266633749008179e-01 8.083066344261169434e-02 7.939380407333374023e-02 5.835955142974853516e-01 6.810096502304077148e-01 5.282731056213378906e-01 9.382468461990356445e-01 4.848536849021911621e-01 3.143036961555480957e-01
2.522799968719482422e-01 6.224631667137145996e-01 8.469499647617340088e-03 3.744035065174102783e-01 6.552180051803588867e-01 2.078589946031570435e-01 1.057523339986801147e-01 2.468828111886978149e-01 6.379743218421936035e-01 2.074055373668670654e-01 5.055096149444580078e-01 7.208240032196044922e-01 3.721535801887512207e-01 5.456207394599914551e-01
9.722474813461303711e-01 8.184563517570495605e-01 5.392625182867050171e-02 8.052600026130676270e-01 3.060939908027648926e-01 5.404233187437057495e-02 6.121023297309875488e-01 9.395828843116760254e-01 6.095132827758789062e-01 4.569084048271179199e-01 4.963191747665405273e-01 3.688766956329345703e-01 4.063193202018737793e-01 4.808447659015655518e-01
5.774924755096435547e-01 4.571650028228759766e-01 1.816727519035339355e-01 2.390747517347335815e-01 7.880027294158935547e-01 5.546672940254211426e-01 4.587976634502410889e-01 5.697407126426696777e-01 5.501936078071594238e-01 2.050254493951797485e-01 3.292777240276336670e-01 8.132358193397521973e-01 4.611747860908508301e-01 6.118579506874084473e-01
1.661400049924850464e-01 6.121063232421875000e-01 9.414732456207275391e-01 3.537087440490722656e-01 2.443282455205917358e-01 5.430192947387695312e-01 2.133366614580154419e-01 2.121514827013015747e-01 4.556159675121307373e-01 6.795278787612915039e-01 4.327102899551391602e-01 3.558823466300964355e-01 5.016108155250549316e-01 4.296922385692596436e-01
7.788749933242797852e-01 1.939969956874847412e-01 7.486305236816406250e-01 8.033400028944015503e-02 7.285297513008117676e-01 6.470609307289123535e-01 3.644200041890144348e-02 6.634642481803894043e-01 3.960440158843994141e-01 6.464998126029968262e-01 4.142344892024993896e-01 6.867522001266479492e-01 4.934976994991302490e-01 3.460857570171356201e-01
2.943474948406219482e-01 6.059141755104064941e-01 3.404900133609771729e-01 5.019899830222129822e-02 9.364472627639770508e-01 3.801256418228149414e-01 3.225743472576141357e-01 2.360234558582305908e-01 5.991873741149902344e-01 3.999692499637603760e-01 1.867979317903518677e-01 9.196439981460571289e-01 4.521532356739044189e-01 3.068659901618957520e-01
4.182874858379364014e-01 4.612033367156982422e-01 7.349099963903427124e-02 7.383800148963928223e-01 1.558504998683929443e-01 5.213742256164550781e-01 8.444640040397644043e-01 4.191892445087432861e-01 5.877618193626403809e-01 2.962895035743713379e-01 5.756612420082092285e-01 1.430313736200332642e-01 4.697960019111633301e-01 5.643044114112854004e-01
9.378799796104431152e-01 2.468235045671463013e-01 8.417827486991882324e-01 2.632252573966979980e-01 5.194742679595947266e-01 5.607881546020507812e-01 8.390653729438781738e-01 8.976116180419921875e-01 3.908785581588745117e-01 6.468540430068969727e-01 4.920795559883117676e-01 4.551035165786743164e-01 4.935193955898284912e-01 4.953275620937347412e-01
3.992750123143196106e-02 6.035388112068176270e-01 6.669340133666992188e-01 4.333457648754119873e-01 3.646380007266998291e-01 2.555052638053894043e-01 2.414180040359497070e-01 7.827737182378768921e-02 5.539122223854064941e-01 6.661122441291809082e-01 4.539689123630523682e-01 3.988367021083831787e-01 5.046334266662597656e-01 4.767811596393585205e-01
1.802050024271011353e-01 4.150078296661376953e-01 3.737749904394149780e-02 1.352314949035644531e-01 7.568194866180419922e-01 6.386690586805343628e-02 7.936084270477294922e-01 2.752946913242340088e-01 5.454739332199096680e-01 2.768717706203460693e-01 2.926699221134185791e-01 7.048687934875488281e-01 4.770603477954864502e-01 4.968623220920562744e-01
3.096500039100646973e-01 4.260173439979553223e-01 3.249287605285644531e-01 7.842350006103515625e-01 5.957267284393310547e-01 5.445885062217712402e-01 1.113356649875640869e-01 3.946414589881896973e-01 3.802206814289093018e-01 4.121193289756774902e-01 6.138047575950622559e-01 6.863353252410888672e-01 5.043214559555053711e-01 6.043841838836669922e-01
1.988250017166137695e-02 6.619135141372680664e-01 8.983749747276306152e-01 4.854847490787506104e-01 7.887985110282897949e-01 8.180000782012939453e-01 7.332437634468078613e-01 3.623548895120620728e-02 6.089236736297607422e-01 5.537667870521545410e-01 3.809950053691864014e-01 8.934432864189147949e-01 5.133295655250549316e-01 3.626263439655303955e-01
1.074424982070922852e-01 3.771494925022125244e-01 7.191944718360900879e-01 7.471150159835815430e-01 2.170749939978122711e-02 7.507810741662979126e-02 2.692546546459197998e-01 2.100154608488082886e-01 3.324677050113677979e-01 7.057672142982482910e-01 6.494665145874023438e-01 8.192593604326248169e-02 4.635015726089477539e-01 5.996606349945068359e-01
4.709349870681762695e-01 3.548451662063598633e-01 7.789080142974853516e-01 1.375962495803833008e-01 1.834249943494796753e-01 8.134646415710449219e-01 4.403123259544372559e-01 4.829234480857849121e-01 3.067005574703216553e-01 6.196208596229553223e-01 2.234887480735778809e-01 2.408473789691925049e-01 6.862337589263916016e-01 5.183743238449096680e-01
9.668574929237365723e-01 1.919428259134292603e-01 6.263830065727233887e-01 8.953624963760375977e-01 9.742457270622253418e-01 7.615771889686584473e-01 1.582150012254714966e-01 8.926906585693359375e-01 2.949442863464355469e-01 8.013145923614501953e-01 6.597003936767578125e-01 9.023185372352600098e-01 5.821139216423034668e-01 3.122470974922180176e-01
1.412000041455030441e-02 5.109578371047973633e-01 8.534232378005981445e-01 2.960324883460998535e-01 4.027594923973083496e-01 3.013576865196228027e-01 5.926493406295776367e-01 3.964686021208763123e-02 5.111888051033020020e-01 7.646672725677490234e-01 3.866768181324005127e-01 3.367840647697448730e-01 5.599416494369506836e-01 4.737869203090667725e-01
2.817200124263763428e-01 2.428318262100219727e-01 6.349735260009765625e-01 5.497174859046936035e-01 5.123487710952758789e-01 2.889033406972885132e-02 4.576143324375152588e-01 3.337363004684448242e-01 3.164510130882263184e-01 7.214738130569458008e-01 5.175727605819702148e-01 5.667428374290466309e-01 5.020359158515930176e-01 4.462231993675231934e-01
8.372499942779541016e-01 4.964953362941741943e-01 7.864217758178710938e-01 1.196952536702156067e-01 6.558899879455566406e-01 4.126114249229431152e-01 8.352743983268737793e-01 7.177071571350097656e-01 4.227229058742523193e-01 6.226167678833007812e-01 4.329311549663543701e-01 6.051527261734008789e-01 4.624226689338684082e-01 3.745154440402984619e-01
9.855474829673767090e-01 2.033886611461639404e-01 9.584337472915649414e-01 7.117875218391418457e-01 6.930927634239196777e-01 5.881259441375732422e-01 3.790040016174316406e-01 9.494919180870056152e-01 2.634623050689697266e-01 8.134798407554626465e-01 6.677881479263305664e-01 7.729983329772949219e-01 5.612812638282775879e-01 4.027012884616851807e-01
6.495425105094909668e-01 7.412800192832946777e-01 3.043000027537345886e-02 7.792050242424011230e-01 7.509437203407287598e-01 3.816798925399780273e-01 9.246689081192016602e-01 6.842323541641235352e-01 6.667990088462829590e-01 7.396424561738967896e-02 7.816302776336669922e-01 7.026998996734619141e-01 4.303279519081115723e-01 7.959088683128356934e-01
4.618175029754638672e-01 8.308724761009216309e-01 6.438454985618591309e-01 4.836890101432800293e-01 1.742827445268630981e-01 6.004298105835914612e-02 5.046179890632629395e-01 5.619190931320190430e-01 5.824393630027770996e-01 4.146602451801300049e-01 4.758907854557037354e-01 2.603358924388885498e-01 4.311281144618988037e-01 4.133425951004028320e-01
2.262825071811676025e-01 3.520023226737976074e-01 2.302384972572326660e-01 2.541489899158477783e-01 6.097245216369628906e-01 9.378677010536193848e-01 1.245416700839996338e-01 2.551358342170715332e-01 4.757773280143737793e-01 4.011003077030181885e-01 1.690372079610824585e-01 6.384466290473937988e-01 5.992807745933532715e-01 4.275786876678466797e-01
4.681299924850463867e-01 1.851781606674194336e-01 9.461502432823181152e-01 4.364475011825561523e-01 3.299537599086761475e-01 9.383332133293151855e-01 8.224333524703979492e-01 4.781458973884582520e-01 2.100881040096282959e-01 7.571708559989929199e-01 4.553014636039733887e-01 3.351259231567382812e-01 5.727534890174865723e-01 5.715411901473999023e-01
1.382649987936019897e-01 4.242379963397979736e-01 3.870057463645935059e-01 2.739222645759582520e-01 1.535300016403198242e-01 8.454275727272033691e-01 6.823347806930541992e-01 1.392355263233184814e-01 5.243485569953918457e-01 5.567026138305664062e-01 3.611202538013458252e-01 1.463378816843032837e-01 6.257357001304626465e-01 4.816463887691497803e-01
5.996025204658508301e-01 2.187239974737167358e-01 2.859387397766113281e-01 6.319125294685363770e-01 7.379267215728759766e-01 7.215978503227233887e-01 7.927479743957519531e-01 6.010364294052124023e-01 4.043726921081542969e-01 4.194935262203216553e-01 4.391503632068634033e-01 6.817847490310668945e-01 5.182487368583679199e-01 5.756375789642333984e-01
2.356700003147125244e-01 5.783045291900634766e-01 5.420337319374084473e-01 6.593250036239624023e-01 6.885660290718078613e-01 7.283633351325988770e-01 1.879143267869949341e-01 2.829519212245941162e-01 5.347920060157775879e-01 5.496225953102111816e-01 4.971247315406799316e-01 6.814225912094116211e-01 4.429468810558319092e-01 4.207038581371307373e-01
6.312825083732604980e-01 2.546228468418121338e-01 5.712372660636901855e-01 3.460980057716369629e-01 6.178572773933410645e-01 4.528657495975494385e-01 1.277023404836654663e-01 6.839251518249511719e-01 3.682274222373962402e-01 6.260728240013122559e-01 3.051157891750335693e-01 6.455557942390441895e-01 5.367631316184997559e-01 3.727372884750366211e-01
6.050000083632767200e-04 7.626801729202270508e-01 1.937910020351409912e-01 3.050400018692016602e-01 6.250527501106262207e-01 2.081033401191234589e-02 1.950639933347702026e-01 4.796609282493591309e-02 7.534902691841125488e-01 1.226786598563194275e-01 5.104532837867736816e-01 7.892209887504577637e-01 4.007605314254760742e-01 4.989494681358337402e-01
2.720350027084350586e-01 8.071784973144531250e-01 8.371084928512573242e-01 4.278457462787628174e-01 8.059327602386474609e-01 8.791138529777526855e-01 5.675200223922729492e-01 2.205305695533752441e-01 5.700182318687438965e-01 5.025817751884460449e-01 4.129670560359954834e-01 8.151610493659973145e-01 4.468570649623870850e-01 3.891249001026153564e-01
4.319350123405456543e-01 2.201023399829864502e-01 2.271544933319091797e-01 2.004617452621459961e-01 7.734645009040832520e-01 1.259227246046066284e-01 8.821533918380737305e-01 4.526791870594024658e-01 4.260289967060089111e-01 4.372641742229461670e-01 3.062984645366668701e-01 6.697506904602050781e-01 4.944121539592742920e-01 5.142391920089721680e-01
6.259425282478332520e-01 3.014331758022308350e-01 1.485912501811981201e-01 4.580957591533660889e-01 7.705637216567993164e-01 8.267338275909423828e-01 2.553633451461791992e-01 6.218959689140319824e-01 5.302957892417907715e-01 2.573792636394500732e-01 2.557638585567474365e-01 7.766729593276977539e-01 4.867863357067108154e-01 5.542159080505371094e-01
2.044575065374374390e-01 6.246816515922546387e-01 3.054497539997100830e-01 6.257774829864501953e-01 8.180882334709167480e-01 8.765958249568939209e-02 9.826537370681762695e-01 2.459266781806945801e-01 5.760588645935058594e-01 2.803317904472351074e-01 6.575196981430053711e-01 5.817762017250061035e-01 3.953106105327606201e-01 5.824931263923645020e-01
8.015725016593933105e-01 5.923038125038146973e-01 7.747370004653930664e-01 5.414500087499618530e-02 3.919857442378997803e-01 7.450779676437377930e-01 2.157640010118484497e-01 8.204071521759033203e-01 5.407992601394653320e-01 4.382213354110717773e-01 2.582252323627471924e-01 4.507821202278137207e-01 5.448266267776489258e-01 3.694183826446533203e-01
4.019599854946136475e-01 4.681201577186584473e-01 5.185887217521667480e-01 3.967222571372985840e-01 2.856342494487762451e-01 2.351643443107604980e-01 5.484333261847496033e-02 4.878131151199340820e-01 5.423039197921752930e-01 5.183588266372680664e-01 5.453029274940490723e-01 3.458730876445770264e-01 3.555829524993896484e-01 3.752122819423675537e-01
6.403974890708923340e-01 1.812776625156402588e-01 7.186290025711059570e-01 1.826110035181045532e-01 9.235674738883972168e-01 1.713234335184097290e-01 7.629056572914123535e-01 5.574362874031066895e-01 3.954564929008483887e-01 6.679820418357849121e-01 5.519745349884033203e-01 7.790960073471069336e-01 5.072968602180480957e-01 3.609924316406250000e-01
6.814774870872497559e-01 3.800818324089050293e-01 3.593422472476959229e-01 6.565399765968322754e-01 4.243335127830505371e-01 1.351579725742340088e-01 1.919530034065246582e-01 6.758706569671630859e-01 5.223793387413024902e-01 5.749709606170654297e-01 5.429598689079284668e-01 4.378242790699005127e-01 3.348236978054046631e-01 3.382408916950225830e-01
9.506275057792663574e-01 6.128249764442443848e-01 1.361224949359893799e-01 7.617350220680236816e-01 9.079587459564208984e-01 9.126816391944885254e-01 9.433433413505554199e-01 8.425433039665222168e-01 3.509243428707122803e-01 2.589025497436523438e-01 4.269272089004516602e-01 8.201887011528015137e-01 5.991091132164001465e-01 7.490680813789367676e-01
7.883725166320800781e-01 6.593629717826843262e-01 8.596755266189575195e-01 2.987412512302398682e-01 7.223179936408996582e-01 4.795535206794738770e-01 9.717208743095397949e-01 7.489805817604064941e-01 5.242737531661987305e-01 4.646860361099243164e-01 4.688052535057067871e-01 5.912008285522460938e-01 4.511962831020355225e-01 4.836543202400207520e-01
8.557350039482116699e-01 3.413478434085845947e-01 6.399185061454772949e-01 4.771282374858856201e-01 2.543214857578277588e-01 6.311722993850708008e-01 6.887222528457641602e-01 8.466307520866394043e-01 3.870497345924377441e-01 5.903149247169494629e-01 5.174031257629394531e-01 2.763044238090515137e-01 5.063079595565795898e-01 5.845792293548583984e-01
5.720275044441223145e-01 4.936041533946990967e-01 6.043180227279663086e-01 6.604175269603729248e-02 5.735285282135009766e-01 1.785506010055541992e-01 8.053066581487655640e-02 5.447178483009338379e-01 4.168339967727661133e-01 6.143631339073181152e-01 3.344348967075347900e-01 5.680627226829528809e-01 4.980991184711456299e-01 3.428876101970672607e-01
4.699699878692626953e-01 2.541689872741699219e-01 2.573255002498626709e-01 7.542175054550170898e-01 2.843067646026611328e-01 6.752315908670425415e-02 9.036083221435546875e-01 4.882961809635162354e-01 3.495863974094390869e-01 6.045644283294677734e-01 5.402702689170837402e-01 2.837055027484893799e-01 4.889668226242065430e-01 5.572580099105834961e-01
8.165749907493591309e-02 5.916183590888977051e-01 8.413150161504745483e-02 5.793750286102294922e-01 6.981599926948547363e-01 8.597926497459411621e-01 9.409117698669433594e-01 8.679217845201492310e-02 6.423432230949401855e-01 1.295119971036911011e-01 2.882611453533172607e-01 5.719317197799682617e-01 5.891132950782775879e-01 5.136402249336242676e-01
2.710725069046020508e-01 5.734021663665771484e-01 3.155847489833831787e-01 5.611975193023681641e-01 6.579167246818542480e-01 1.268856525421142578e-01 2.591633424162864685e-02 3.266834616661071777e-01 5.780411958694458008e-01 3.996556699275970459e-01 5.918430089950561523e-01 6.690039038658142090e-01 3.894172310829162598e-01 4.957900047302246094e-01
4.052499774843454361e-03 4.715193212032318115e-01 8.828007578849792480e-01 7.200124859809875488e-01 7.454494833946228027e-01 2.316546440124511719e-01 9.594941139221191406e-01 1.139504089951515198e-02 5.027959346771240234e-01 8.717957735061645508e-01 9.022226333618164062e-01 6.549677252769470215e-01 3.142372369766235352e-01 6.131588220596313477e-01
3.660899996757507324e-01 2.527939975261688232e-01 7.037402391433715820e-01 5.978599786758422852e-01 6.748697757720947266e-01 7.463386654853820801e-01 2.581023275852203369e-01 3.542770743370056152e-01 3.128185868263244629e-01 7.334239482879638672e-01 6.263242363929748535e-01 7.126523256301879883e-01 5.148046016693115234e-01 4.237144589424133301e-01
2.270675003528594971e-01 4.621528387069702148e-01 6.680135130882263184e-01 1.053114980459213257e-01 7.079409956932067871e-01 3.282281756401062012e-02 6.169936656951904297e-01 2.838490009307861328e-01 3.654811978340148926e-01 5.010595917701721191e-01 2.095529437065124512e-01 7.709338068962097168e-01 5.098307132720947266e-01 5.004719495773315430e-01
4.651749879121780396e-02 7.589908242225646973e-01 3.930207490921020508e-01 1.136192530393600464e-01 9.063389897346496582e-01 3.170475661754608154e-01 4.703536629676818848e-01 4.400045424699783325e-02 7.155516743659973145e-01 3.339413702487945557e-01 4.031102657318115234e-01 9.404368996620178223e-01 4.684380590915679932e-01 3.066380620002746582e-01
6.271250247955322266e-01 1.996716707944869995e-01 8.539312481880187988e-01 7.863399982452392578e-01 3.019177615642547607e-01 6.361659765243530273e-01 9.492045044898986816e-01 6.708441376686096191e-01 1.968726217746734619e-01 7.272998690605163574e-01 6.881231069564819336e-01 2.483368217945098877e-01 5.489789247512817383e-01 6.949232220649719238e-01
2.768650054931640625e-01 3.343124985694885254e-01 1.403087526559829712e-01 9.292724728584289551e-01 6.357747316360473633e-01 5.279412865638732910e-01 7.147667407989501953e-01 3.087627589702606201e-01 5.130792260169982910e-01 2.130750119686126709e-01 8.188033103942871094e-01 6.364156007766723633e-01 4.377874732017517090e-01 6.932300925254821777e-01
4.176250100135803223e-02 2.605246603488922119e-01 8.082550168037414551e-01 7.088400125503540039e-01 9.726099669933319092e-02 8.720312118530273438e-01 5.954156517982482910e-01 9.860767982900142670e-03 3.146896958351135254e-01 9.176434278488159180e-01 6.947316527366638184e-01 4.957659542560577393e-02 5.217043161392211914e-01 6.331713795661926270e-01
4.364775121212005615e-01 5.137766599655151367e-01 9.151265025138854980e-01 7.698475122451782227e-01 8.470377326011657715e-01 1.177074760198593140e-01 1.468826681375503540e-01 4.690408408641815186e-01 4.934846758842468262e-01 7.639210820198059082e-01 8.599483966827392578e-01 8.636730909347534180e-01 3.764274120330810547e-01 3.615854084491729736e-01
6.951050162315368652e-01 5.479220151901245117e-01 3.075642585754394531e-01 9.796925187110900879e-01 4.516704976558685303e-01 1.952718198299407959e-01 1.101979985833168030e-01 7.705594301223754883e-01 5.854803323745727539e-01 5.460663437843322754e-01 6.543971300125122070e-01 4.818315207958221436e-01 2.812452018260955811e-01 3.578087389469146729e-01
3.915224969387054443e-01 4.399886727333068848e-01 3.655945062637329102e-01 6.860575079917907715e-01 7.004935145378112793e-01 8.386942744255065918e-02 3.685076534748077393e-01 4.452153146266937256e-01 5.248110890388488770e-01 5.356525778770446777e-01 6.049768924713134766e-01 6.419555544853210449e-01 4.000737071037292480e-01 4.277750849723815918e-01
6.151000037789344788e-02 6.728168129920959473e-01 5.089524984359741211e-01 8.778125047683715820e-01 7.372587323188781738e-01 8.913036584854125977e-01 1.647300086915493011e-02 6.100333109498023987e-02 6.627709269523620605e-01 3.237445950508117676e-01 2.822973728179931641e-01 9.100741744041442871e-01 4.803548157215118408e-01 3.344820141792297363e-01
7.809500098228454590e-01 5.252936482429504395e-01 8.591882586479187012e-01 8.087325096130371094e-01 9.970407485961914062e-01 2.341383844614028931e-01 6.756131649017333984e-01 8.176694512367248535e-01 6.335707306861877441e-01 6.870775818824768066e-01 9.358893036842346191e-01 9.174410700798034668e-01 2.632145583629608154e-01 3.811006546020507812e-01
9.990050196647644043e-01 5.127146840095520020e-01 9.860417246818542480e-01 5.404725074768066406e-01 3.357677459716796875e-01 5.072447657585144043e-01 9.573369026184082031e-01 9.243469238281250000e-01 2.450914531946182251e-01 6.911357641220092773e-01 7.201325297355651855e-01 2.609187364578247070e-01 5.601984858512878418e-01 7.277880907058715820e-01
7.798550128936767578e-01 4.261656701564788818e-01 2.231547534465789795e-01 9.638224840164184570e-01 8.622482419013977051e-01 3.938568830490112305e-01 6.200990080833435059e-01 7.707083225250244141e-01 5.312724113464355469e-01 4.537711739540100098e-01 8.563998937606811523e-01 8.363553881645202637e-01 4.264950454235076904e-01 5.624068975448608398e-01
8.265799880027770996e-01 7.946988344192504883e-01 1.353474985808134079e-02 6.612499952316284180e-01 3.967007398605346680e-01 5.772690176963806152e-01 8.687244057655334473e-01 8.498058915138244629e-01 7.973637580871582031e-01 6.270579248666763306e-02 6.953259706497192383e-01 3.960283398628234863e-01 4.016846120357513428e-01 7.228864431381225586e-01
2.096750028431415558e-02 3.860625028610229492e-01 2.796250022947788239e-02 2.733870148658752441e-01 9.157245159149169922e-01 5.558437108993530273e-01 5.390610098838806152e-01 5.024168267846107483e-02 6.603589057922363281e-01 1.797189116477966309e-01 3.728338479995727539e-01 8.091674447059631348e-01 6.922159790992736816e-01 3.649898171424865723e-01
7.612250000238418579e-02 6.363673210144042969e-01 3.854382634162902832e-01 1.954012513160705566e-01 8.093104958534240723e-01 5.679041147232055664e-01 5.694033205509185791e-02 5.970837920904159546e-02 6.182895302772521973e-01 4.412932991981506348e-01 2.575666606426239014e-01 9.169180393218994141e-01 5.198997855186462402e-01 3.095268607139587402e-01
6.806275248527526855e-01 6.559263467788696289e-01 7.233687639236450195e-01 5.689550042152404785e-01 3.091317415237426758e-01 4.911198019981384277e-01 1.333433296531438828e-02 7.747277617454528809e-01 4.955522716045379639e-01 5.663792490959167480e-01 4.076266288757324219e-01 3.787017762660980225e-01 4.322666823863983154e-01 3.644932508468627930e-01
1.679424941539764404e-01 8.274276852607727051e-01 5.432714819908142090e-01 1.820649951696395874e-02 8.153262734413146973e-01 2.306262552738189697e-01 7.360599935054779053e-02 1.555449068546295166e-01 5.807025432586669922e-01 4.150837361812591553e-01 1.129996553063392639e-01 9.423015713691711426e-01 5.006780028343200684e-01 2.613261044025421143e-01
1.987649947404861450e-01 2.743841707706451416e-01 9.119752645492553711e-01 9.380350112915039062e-01 6.959974765777587891e-01 3.948940336704254150e-01 7.560707330703735352e-01 1.974841207265853882e-01 2.004599273204803467e-01 8.680958151817321777e-01 8.260363340377807617e-01 7.336268424987792969e-01 5.038462877273559570e-01 5.086071491241455078e-01
3.538450002670288086e-01 1.902383267879486084e-01 2.484862506389617920e-01 5.129550099372863770e-01 3.490292429924011230e-01 5.120608806610107422e-01 6.247966736555099487e-02 4.312455654144287109e-01 4.116272628307342529e-01 5.530404448509216309e-01 3.948733508586883545e-01 4.412692487239837646e-01 5.253310203552246094e-01 4.873206615447998047e-01
3.022249974310398102e-02 8.012443184852600098e-01 2.762752473354339600e-01 9.072750210762023926e-01 8.655869960784912109e-01 2.819007039070129395e-01 8.110892772674560547e-01 3.354793787002563477e-02 8.093438744544982910e-01 3.318347632884979248e-01 7.991842031478881836e-01 9.000510573387145996e-01 2.681176960468292236e-01 4.984287619590759277e-01
2.229599952697753906e-01 5.477301478385925293e-01 1.433512568473815918e-01 7.683675289154052734e-01 2.172455042600631714e-01 8.682365417480468750e-01 6.173650026321411133e-01 1.975814849138259888e-01 5.404437780380249023e-01 1.478695422410964966e-01 5.697368383407592773e-01 3.090632259845733643e-01 5.322879552841186523e-01 6.843261718750000000e-01
7.805600166320800781e-01 3.048731684684753418e-01 2.625592648983001709e-01 6.585775017738342285e-01 1.974067538976669312e-01 8.314639329910278320e-01 7.302883267402648926e-01 7.410391569137573242e-01 3.773954808712005615e-01 5.180826187133789062e-01 3.874863088130950928e-01 2.097991257905960083e-01 6.089589595794677734e-01 5.997613668441772461e-01
1.999824941158294678e-01 4.529278278350830078e-01 1.536564975976943970e-01 5.150550007820129395e-01 2.908100001513957977e-02 4.583289027214050293e-01 5.162556767463684082e-01 2.435981482267379761e-01 5.212854146957397461e-01 3.869149982929229736e-01 5.679407715797424316e-01 8.400791138410568237e-02 5.172959566116333008e-01 5.915416479110717773e-01
1.477124989032745361e-01 7.612910270690917969e-01 7.669077515602111816e-01 8.615375310182571411e-02 2.658597528934478760e-01 6.681354641914367676e-01 5.808043479919433594e-01 1.488446593284606934e-01 5.338555574417114258e-01 5.619499087333679199e-01 3.014813661575317383e-01 3.061370849609375000e-01 6.223855614662170410e-01 4.393823444843292236e-01
5.246300101280212402e-01 7.891093492507934570e-01 6.284675002098083496e-01 3.088797628879547119e-01 1.713967472314834595e-01 8.540242314338684082e-01 3.292213380336761475e-01 5.497852563858032227e-01 5.779278874397277832e-01 3.667508959770202637e-01 3.025319874286651611e-01 2.019824236631393433e-01 6.358649730682373047e-01 4.189778268337249756e-01
1.445074975490570068e-01 4.729340076446533203e-01 7.897175103425979614e-02 8.761600255966186523e-01 3.548862636089324951e-01 5.823444724082946777e-01 3.159376680850982666e-01 1.093811243772506714e-01 5.809884667396545410e-01 1.504999101161956787e-01 7.745509147644042969e-01 4.339536428451538086e-01 4.102706909179687500e-01 7.020328640937805176e-01
3.643549978733062744e-01 8.031976819038391113e-01 6.656810045242309570e-01 1.120777502655982971e-01 2.856124937534332275e-02 5.675760507583618164e-01 7.655128836631774902e-01 3.437035679817199707e-01 5.716686844825744629e-01 3.837798535823822021e-01 3.811348676681518555e-01 6.235872954130172729e-02 6.302340030670166016e-01 5.016764402389526367e-01
4.539249837398529053e-02 6.400160193443298340e-01 1.193045005202293396e-01 2.625067532062530518e-01 2.417974919080734253e-02 8.794419169425964355e-01 3.599239885807037354e-01 2.508948557078838348e-02 7.329664230346679688e-01 7.334345579147338867e-02 1.464887857437133789e-01 3.792364150285720825e-02 9.192169308662414551e-01 4.412377774715423584e-01
8.471350073814392090e-01 4.721638262271881104e-01 1.958574950695037842e-01 1.323132514953613281e-01 4.070807397365570068e-01 3.512502014636993408e-01 1.963299959897994995e-01 7.400507330894470215e-01 5.601530075073242188e-01 4.147442877292633057e-01 2.916048169136047363e-01 4.200142323970794678e-01 5.365445017814636230e-01 3.734804987907409668e-01
8.288250118494033813e-02 7.698554992675781250e-01 8.580407500267028809e-01 9.049124717712402344e-01 3.087849915027618408e-02 7.982417941093444824e-01 7.089091539382934570e-01 5.824505910277366638e-02 5.495243668556213379e-01 6.222908496856689453e-01 6.040010452270507812e-01 1.239285394549369812e-01 4.744227230548858643e-01 5.586446523666381836e-01
8.739100098609924316e-01 6.439178586006164551e-01 3.565104901790618896e-01 8.655250072479248047e-03 7.428217530250549316e-01 2.297111153602600098e-01 3.042726814746856689e-01 8.107121586799621582e-01 5.566605925559997559e-01 2.870426476001739502e-01 2.658211290836334229e-01 7.764720916748046875e-01 4.965609014034271240e-01 5.290915966033935547e-01
8.996000289916992188e-01 6.043524742126464844e-01 7.848539948463439941e-01 4.169670045375823975e-01 3.107174932956695557e-01 1.276740431785583496e-01 4.606069922447204590e-01 9.565742611885070801e-01 6.254056096076965332e-01 5.365369915962219238e-01 5.650159120559692383e-01 3.212786316871643066e-01 3.220778405666351318e-01 4.079440832138061523e-01
8.352324962615966797e-01 5.909068584442138672e-01 7.283250093460083008e-01 4.879472553730010986e-01 6.768722534179687500e-01 8.085382580757141113e-01 3.966679871082305908e-01 7.788615822792053223e-01 3.418565690517425537e-01 6.078820228576660156e-01 3.684837222099304199e-01 7.323660254478454590e-01 5.721895098686218262e-01 4.454308152198791504e-01
1.284125000238418579e-01 1.719155013561248779e-01 5.350260138511657715e-01 2.646502554416656494e-01 8.763049840927124023e-01 5.629256367683410645e-01 3.499099984765052795e-02 8.009761571884155273e-02 3.498784601688385010e-01 7.554007768630981445e-01 2.846116721630096436e-01 8.964578509330749512e-01 5.595064759254455566e-01 3.272979557514190674e-01
9.728350043296813965e-01 1.728146672248840332e-01 3.561397492885589600e-01 8.527474999427795410e-01 2.137182503938674927e-01 9.482091665267944336e-01 8.089429736137390137e-01 8.198006749153137207e-01 2.209688872098922729e-01 6.812778115272521973e-01 6.929069161415100098e-01 1.833430230617523193e-01 5.590183138847351074e-01 7.427530884742736816e-01
8.795400261878967285e-01 4.430179893970489502e-01 6.310387253761291504e-01 2.864712476730346680e-01 5.999267697334289551e-01 2.638386785984039307e-01 4.022533446550369263e-02 8.385003209114074707e-01 5.542557835578918457e-01 5.664916038513183594e-01 4.668158590793609619e-01 5.574472546577453613e-01 3.782789409160614014e-01 3.486012220382690430e-01
3.586100041866302490e-01 7.043098211288452148e-01 5.855717658996582031e-01 1.687217503786087036e-01 6.629977226257324219e-01 5.079816281795501709e-02 9.374176859855651855e-01 4.295591413974761963e-01 5.219837427139282227e-01 2.460400015115737915e-01 4.296447336673736572e-01 6.067659854888916016e-01 4.722326099872589111e-01 6.034821867942810059e-01
8.382124900817871094e-01 2.278251647949218750e-01 3.118360042572021484e-01 9.864724874496459961e-01 7.571529746055603027e-01 6.595295071601867676e-01 2.587586641311645508e-01 8.920281529426574707e-01 3.341082036495208740e-01 5.174422860145568848e-01 4.901326298713684082e-01 8.246397376060485840e-01 6.159261465072631836e-01 5.691646337509155273e-01
6.267899870872497559e-01 7.339239716529846191e-01 7.689437270164489746e-01 3.005647361278533936e-01 9.013969898223876953e-01 5.489408373832702637e-01 4.495436549186706543e-01 5.634636282920837402e-01 5.457712411880493164e-01 4.299124777317047119e-01 4.914484918117523193e-01 8.777036666870117188e-01 4.585656821727752686e-01 4.499311447143554688e-01
1.945874989032745361e-01 6.939941644668579102e-01 4.014810025691986084e-01 1.812302470207214355e-01 1.896084994077682495e-01 7.000187039375305176e-01 7.596010565757751465e-01 2.184931635856628418e-01 5.217138528823852539e-01 3.430041372776031494e-01 3.041377365589141846e-01 2.512155473232269287e-01 6.471137404441833496e-01 5.272448062896728516e-01
1.640650033950805664e-01 2.728306651115417480e-01 5.832762718200683594e-01 5.042325258255004883e-01 4.812425076961517334e-01 8.335813879966735840e-02 5.751573443412780762e-01 2.738336622714996338e-01 4.448414444923400879e-01 6.758372783660888672e-01 5.259521603584289551e-01 4.631427824497222900e-01 4.356361627578735352e-01 4.163538813591003418e-01
3.401150107383728027e-01 4.098608195781707764e-01 8.265535235404968262e-01 2.340075001120567322e-02 8.499457240104675293e-01 5.403444170951843262e-01 9.904894232749938965e-01 3.439315855503082275e-01 3.380415141582489014e-01 4.902125895023345947e-01 2.214496880769729614e-01 7.013344764709472656e-01 5.231397747993469238e-01 5.551227331161499023e-01
9.969300031661987305e-01 1.853153407573699951e-01 5.946162343025207520e-01 3.194234967231750488e-01 6.363099813461303711e-02 1.232825219631195068e-01 3.152573406696319580e-01 9.084580540657043457e-01 1.326068937778472900e-01 7.633621692657470703e-01 6.289972662925720215e-01 1.068099886178970337e-01 6.479510664939880371e-01 8.182100057601928711e-01
8.442950248718261719e-01 5.838288068771362305e-01 1.733697503805160522e-01 6.421350240707397461e-01 7.646177411079406738e-01 4.676388800144195557e-01 7.017969489097595215e-01 8.080165982246398926e-01 5.415478944778442383e-01 1.826653182506561279e-01 6.648377776145935059e-01 7.863363623619079590e-01 5.092650651931762695e-01 7.339494824409484863e-01
3.900099992752075195e-01 2.739291787147521973e-01 3.150264918804168701e-01 3.430207371711730957e-01 1.287014931440353394e-01 9.063737392425537109e-01 5.168513059616088867e-01 3.837936222553253174e-01 5.091363191604614258e-01 4.741513431072235107e-01 3.562240600585937500e-01 1.446630507707595825e-01 6.171800494194030762e-01 4.789936542510986328e-01
