5.437499880790710449e-01 4.833333194255828857e-01 4.277499914169311523e-01 4.059999883174896240e-01 5.849999785423278809e-01 2.045000046491622925e-01 5.418949723243713379e-01 4.841860234737396240e-01 4.299277663230895996e-01 4.099113643169403076e-01 5.826134681701660156e-01 1.209438294172286987e-01
5.437499880790710449e-01 4.833333194255828857e-01 4.277499914169311523e-01 4.059999883174896240e-01 5.849999785423278809e-01 9.955000281333923340e-01 5.467534661293029785e-01 4.812023341655731201e-01 4.237215220928192139e-01 3.988094627857208252e-01 5.909444093704223633e-01 9.872502088546752930e-01
5.437499880790710449e-01 4.833333194255828857e-01 4.277499914169311523e-01 4.059999883174896240e-01 5.849999785423278809e-01 3.844999969005584717e-01 5.447477698326110840e-01 4.824639260768890381e-01 4.260435402393341064e-01 4.029802680015563965e-01 5.876423120498657227e-01 4.227426350116729736e-01
5.437499880790710449e-01 4.833333194255828857e-01 4.277499914169311523e-01 4.059999883174896240e-01 5.849999785423278809e-01 1.215000003576278687e-01 5.421522259712219238e-01 4.839826524257659912e-01 4.286879897117614746e-01 4.064029753208160400e-01 5.838455557823181152e-01 1.312211602926254272e-01
5.437499880790710449e-01 4.833333194255828857e-01 4.277499914169311523e-01 4.059999883174896240e-01 5.849999785423278809e-01 5.734999775886535645e-01 5.456084012985229492e-01 4.822407066822052002e-01 4.258803725242614746e-01 4.020298719406127930e-01 5.886822938919067383e-01 5.994228720664978027e-01
5.437499880790710449e-01 4.833333194255828857e-01 4.277499914169311523e-01 4.059999883174896240e-01 5.849999785423278809e-01 9.394999742507934570e-01 5.453231334686279297e-01 4.822908937931060791e-01 4.259685873985290527e-01 4.036316871643066406e-01 5.879535079002380371e-01 9.278332591056823730e-01
5.437499880790710449e-01 4.833333194255828857e-01 4.277499914169311523e-01 4.059999883174896240e-01 5.849999785423278809e-01 6.834999918937683105e-01 5.445072650909423828e-01 4.827224612236022949e-01 4.260705709457397461e-01 4.041944444179534912e-01 5.867831707000732422e-01 7.384701967239379883e-01
5.437499880790710449e-01 4.833333194255828857e-01 4.277499914169311523e-01 4.059999883174896240e-01 5.849999785423278809e-01 8.665000200271606445e-01 5.439195632934570312e-01 4.829070270061492920e-01 4.275483489036560059e-01 4.054913818836212158e-01 5.860795378684997559e-01 8.390343189239501953e-01
5.437499880790710449e-01 4.833333194255828857e-01 4.277499914169311523e-01 4.059999883174896240e-01 5.849999785423278809e-01 4.375000000000000000e-01 5.432161688804626465e-01 4.835888445377349854e-01 4.272922277450561523e-01 4.057847857475280762e-01 5.856014490127563477e-01 4.169888496398925781e-01
5.437499880790710449e-01 4.833333194255828857e-01 4.277499914169311523e-01 4.059999883174896240e-01 5.849999785423278809e-01 1.554999947547912598e-01 5.416740775108337402e-01 4.842321872711181641e-01 4.305062592029571533e-01 4.115181267261505127e-01 5.815377235412597656e-01 2.091505080461502075e-01
5.437499880790710449e-01 4.833333194255828857e-01 4.277499914169311523e-01 4.059999883174896240e-01 5.849999785423278809e-01 5.435000061988830566e-01 5.411528944969177246e-01 4.847036600112915039e-01 4.309778511524200439e-01 4.122607707977294922e-01 5.801916122436523438e-01 5.194267630577087402e-01
5.437499880790710449e-01 4.833333194255828857e-01 4.277499914169311523e-01 4.059999883174896240e-01 5.849999785423278809e-01 5.615000128746032715e-01 5.430186390876770020e-01 4.836819469928741455e-01 4.288257062435150146e-01 4.083947241306304932e-01 5.838347077369689941e-01 5.420402288436889648e-01
5.437499880790710449e-01 4.833333194255828857e-01 4.277499914169311523e-01 4.059999883174896240e-01 5.849999785423278809e-01 6.294999718666076660e-01 5.413998961448669434e-01 4.845072925090789795e-01 4.301561713218688965e-01 4.105290770530700684e-01 5.814046859741210938e-01 5.353958010673522949e-01
5.437499880790710449e-01 4.833333194255828857e-01 4.277499914169311523e-01 4.059999883174896240e-01 5.849999785423278809e-01 8.250000327825546265e-02 5.430299043655395508e-01 4.835467636585235596e-01 4.296653866767883301e-01 4.082421064376831055e-01 5.837672948837280273e-01 8.542689681053161621e-02
5.437499880790710449e-01 4.833333194255828857e-01 4.277499914169311523e-01 4.059999883174896240e-01 5.849999785423278809e-01 5.874999761581420898e-01 5.436818003654479980e-01 4.833493828773498535e-01 4.276281595230102539e-01 4.062112271785736084e-01 5.852724313735961914e-01 5.011312961578369141e-01
5.437499880790710449e-01 4.833333194255828857e-01 4.277499914169311523e-01 4.059999883174896240e-01 5.849999785423278809e-01 8.500000461935997009e-03 5.419431924819946289e-01 4.841293394565582275e-01 4.312711954116821289e-01 4.112102985382080078e-01 5.810737013816833496e-01 1.567370742559432983e-01
5.437499880790710449e-01 4.833333194255828857e-01 4.277499914169311523e-01 4.059999883174896240e-01 5.849999785423278809e-01 5.885000228881835938e-01 5.431807637214660645e-01 4.836011826992034912e-01 4.287985265254974365e-01 4.080850183963775635e-01 5.838255882263183594e-01 5.479310154914855957e-01
5.437499880790710449e-01 4.833333194255828857e-01 4.277499914169311523e-01 4.059999883174896240e-01 5.849999785423278809e-01 2.635000050067901611e-01 5.430862307548522949e-01 4.831296503543853760e-01 4.286374449729919434e-01 4.069788157939910889e-01 5.838349461555480957e-01 2.407594472169876099e-01
5.437499880790710449e-01 4.833333194255828857e-01 4.277499914169311523e-01 4.059999883174896240e-01 5.849999785423278809e-01 5.000000237487256527e-04 5.422452688217163086e-01 4.841714799404144287e-01 4.287727475166320801e-01 4.075847566127777100e-01 5.841357111930847168e-01 6.087715551257133484e-02
5.437499880790710449e-01 4.833333194255828857e-01 4.277499914169311523e-01 4.059999883174896240e-01 5.849999785423278809e-01 8.649999648332595825e-02 5.435224175453186035e-01 4.835647046566009521e-01 4.292741715908050537e-01 4.063666164875030518e-01 5.849393606185913086e-01 5.262446776032447815e-02
5.437499880790710449e-01 4.833333194255828857e-01 4.277499914169311523e-01 4.059999883174896240e-01 5.849999785423278809e-01 3.774999976158142090e-01 5.414251685142517090e-01 4.842947125434875488e-01 4.317924380302429199e-01 4.124046862125396729e-01 5.802239179611206055e-01 3.100217878818511963e-01
5.437499880790710449e-01 4.833333194255828857e-01 4.277499914169311523e-01 4.059999883174896240e-01 5.849999785423278809e-01 8.734999895095825195e-01 5.458962321281433105e-01 4.821388721466064453e-01 4.244231879711151123e-01 4.007373154163360596e-01 5.893960595130920410e-01 9.458868503570556641e-01
5.437499880790710449e-01 4.833333194255828857e-01 4.277499914169311523e-01 4.059999883174896240e-01 5.849999785423278809e-01 1.714999973773956299e-01 5.439819693565368652e-01 4.829920530319213867e-01 4.272050261497497559e-01 4.050409197807312012e-01 5.862991809844970703e-01 2.179532647132873535e-01
5.437499880790710449e-01 4.833333194255828857e-01 4.277499914169311523e-01 4.059999883174896240e-01 5.849999785423278809e-01 4.544999897480010986e-01 5.414355397224426270e-01 4.844588339328765869e-01 4.307739734649658203e-01 4.116634130477905273e-01 5.806383490562438965e-01 5.125311613082885742e-01
5.437499880790710449e-01 4.833333194255828857e-01 4.277499914169311523e-01 4.059999883174896240e-01 5.849999785423278809e-01 9.455000162124633789e-01 5.453660488128662109e-01 4.814480245113372803e-01 4.249377250671386719e-01 4.012154638767242432e-01 5.891899466514587402e-01 9.792054295539855957e-01
5.437499880790710449e-01 4.833333194255828857e-01 4.277499914169311523e-01 4.059999883174896240e-01 5.849999785423278809e-01 1.934999972581863403e-01 5.435664057731628418e-01 4.834637641906738281e-01 4.289810657501220703e-01 4.056567847728729248e-01 5.850034952163696289e-01 1.290031224489212036e-01
5.437499880790710449e-01 4.833333194255828857e-01 4.277499914169311523e-01 4.059999883174896240e-01 5.849999785423278809e-01 2.745000123977661133e-01 5.416068434715270996e-01 4.845454692840576172e-01 4.296546280384063721e-01 4.095017313957214355e-01 5.821377635002136230e-01 2.988073825836181641e-01
5.437499880790710449e-01 4.833333194255828857e-01 4.277499914169311523e-01 4.059999883174896240e-01 5.849999785423278809e-01 8.905000090599060059e-01 5.443676710128784180e-01 4.826936721801757812e-01 4.271069765090942383e-01 4.054009020328521729e-01 5.865944623947143555e-01 8.775309324264526367e-01
5.437499880790710449e-01 4.833333194255828857e-01 4.277499914169311523e-01 4.059999883174896240e-01 5.849999785423278809e-01 9.585000276565551758e-01 5.459439754486083984e-01 4.828810095787048340e-01 4.233117103576660156e-01 3.974792361259460449e-01 5.892607569694519043e-01 9.641057252883911133e-01
5.437499880790710449e-01 4.833333194255828857e-01 4.277499914169311523e-01 4.059999883174896240e-01 5.849999785423278809e-01 9.014999866485595703e-01 5.447462797164916992e-01 4.828382730484008789e-01 4.261329472064971924e-01 4.035613834857940674e-01 5.877016186714172363e-01 8.487610220909118652e-01
5.437499880790710449e-01 4.833333194255828857e-01 4.277499914169311523e-01 4.059999883174896240e-01 5.849999785423278809e-01 1.955000013113021851e-01 5.416435599327087402e-01 4.845111966133117676e-01 4.285128712654113770e-01 4.085644185543060303e-01 5.831526517868041992e-01 2.836206555366516113e-01
5.437499880790710449e-01 4.833333194255828857e-01 4.277499914169311523e-01 4.059999883174896240e-01 5.849999785423278809e-01 5.504999756813049316e-01 5.428262948989868164e-01 4.837946295738220215e-01 4.291837811470031738e-01 4.088868796825408936e-01 5.831823945045471191e-01 5.941894650459289551e-01
5.437499880790710449e-01 4.833333194255828857e-01 4.277499914169311523e-01 4.059999883174896240e-01 5.849999785423278809e-01 4.584999978542327881e-01 5.440089106559753418e-01 4.831558465957641602e-01 4.283802807331085205e-01 4.069445133209228516e-01 5.856520533561706543e-01 4.535214602947235107e-01
5.437499880790710449e-01 4.833333194255828857e-01 4.277499914169311523e-01 4.059999883174896240e-01 5.849999785423278809e-01 4.084999859333038330e-01 5.409138202667236328e-01 4.846137762069702148e-01 4.324713051319122314e-01 4.138614833354949951e-01 5.789220333099365234e-01 3.657830059528350830e-01
5.437499880790710449e-01 4.833333194255828857e-01 4.277499914169311523e-01 4.059999883174896240e-01 5.849999785423278809e-01 7.294999957084655762e-01 5.411495566368103027e-01 4.843199253082275391e-01 4.310689270496368408e-01 4.123943746089935303e-01 5.802853703498840332e-01 7.332714796066284180e-01
5.437499880790710449e-01 4.833333194255828857e-01 4.277499914169311523e-01 4.059999883174896240e-01 5.849999785423278809e-01 3.745000064373016357e-01 5.428872704505920410e-01 4.837817549705505371e-01 4.286459088325500488e-01 4.062017798423767090e-01 5.842703580856323242e-01 3.382243514060974121e-01
5.437499880790710449e-01 4.833333194255828857e-01 4.277499914169311523e-01 4.059999883174896240e-01 5.849999785423278809e-01 6.575000286102294922e-01 5.453636050224304199e-01 4.823200106620788574e-01 4.253035783767700195e-01 4.026347696781158447e-01 5.884742140769958496e-01 7.345930933952331543e-01
5.437499880790710449e-01 4.833333194255828857e-01 4.277499914169311523e-01 4.059999883174896240e-01 5.849999785423278809e-01 4.684999883174896240e-01 5.436280369758605957e-01 4.833075702190399170e-01 4.285042285919189453e-01 4.067839682102203369e-01 5.847167372703552246e-01 4.780095517635345459e-01
5.437499880790710449e-01 4.833333194255828857e-01 4.277499914169311523e-01 4.059999883174896240e-01 5.849999785423278809e-01 1.105000004172325134e-01 5.429594516754150391e-01 4.835767745971679688e-01 4.296511113643646240e-01 4.082079529762268066e-01 5.839176177978515625e-01 1.368460357189178467e-01
5.437499880790710449e-01 4.833333194255828857e-01 4.277499914169311523e-01 4.059999883174896240e-01 5.849999785423278809e-01 4.045000076293945312e-01 5.444207787513732910e-01 4.827580749988555908e-01 4.259949028491973877e-01 4.036964178085327148e-01 5.872372388839721680e-01 4.073502719402313232e-01
5.437499880790710449e-01 4.833333194255828857e-01 4.277499914169311523e-01 4.059999883174896240e-01 5.849999785423278809e-01 9.574999809265136719e-01 5.450124144554138184e-01 4.824863374233245850e-01 4.251086711883544922e-01 4.017570912837982178e-01 5.886768698692321777e-01 9.306553602218627930e-01
5.437499880790710449e-01 4.833333194255828857e-01 4.277499914169311523e-01 4.059999883174896240e-01 5.849999785423278809e-01 6.754999756813049316e-01 5.445538163185119629e-01 4.831603169441223145e-01 4.272101819515228271e-01 4.045608937740325928e-01 5.867419838905334473e-01 6.984889507293701172e-01
5.437499880790710449e-01 4.833333194255828857e-01 4.277499914169311523e-01 4.059999883174896240e-01 5.849999785423278809e-01 9.064999818801879883e-01 5.433444976806640625e-01 4.830674827098846436e-01 4.277572035789489746e-01 4.062802493572235107e-01 5.843540430068969727e-01 9.007931351661682129e-01
5.437499880790710449e-01 4.833333194255828857e-01 4.277499914169311523e-01 4.059999883174896240e-01 5.849999785423278809e-01 9.325000047683715820e-01 5.447233915328979492e-01 4.825513958930969238e-01 4.264765679836273193e-01 4.043600559234619141e-01 5.873070955276489258e-01 9.091261625289916992e-01
5.437499880790710449e-01 4.833333194255828857e-01 4.277499914169311523e-01 4.059999883174896240e-01 5.849999785423278809e-01 2.050000056624412537e-02 5.442675352096557617e-01 4.831509590148925781e-01 4.262546896934509277e-01 4.036081433296203613e-01 5.880913734436035156e-01 4.237856715917587280e-02
5.437499880790710449e-01 4.833333194255828857e-01 4.277499914169311523e-01 4.059999883174896240e-01 5.849999785423278809e-01 6.165000200271606445e-01 5.415531992912292480e-01 4.843591153621673584e-01 4.313050508499145508e-01 4.126567244529724121e-01 5.801451802253723145e-01 7.136331796646118164e-01
5.437499880790710449e-01 4.833333194255828857e-01 4.277499914169311523e-01 4.059999883174896240e-01 5.849999785423278809e-01 8.364999890327453613e-01 5.452105402946472168e-01 4.824932813644409180e-01 4.244008064270019531e-01 4.015104770660400391e-01 5.893553495407104492e-01 8.323897123336791992e-01
5.437499880790710449e-01 4.833333194255828857e-01 4.277499914169311523e-01 4.059999883174896240e-01 5.849999785423278809e-01 1.944999992847442627e-01 5.449306368827819824e-01 4.828965365886688232e-01 4.243546128273010254e-01 4.004471302032470703e-01 5.904175639152526855e-01 1.254834532737731934e-01
5.437499880790710449e-01 4.833333194255828857e-01 4.277499914169311523e-01 4.059999883174896240e-01 5.849999785423278809e-01 3.634999990463256836e-01 5.465500354766845703e-01 4.808500409126281738e-01 4.255954921245574951e-01 3.995981812477111816e-01 5.910767316818237305e-01 3.667286336421966553e-01
5.437499880790710449e-01 4.833333194255828857e-01 4.277499914169311523e-01 4.059999883174896240e-01 5.849999785423278809e-01 5.065000057220458984e-01 5.459726452827453613e-01 4.824578166007995605e-01 4.243745207786560059e-01 4.016120731830596924e-01 5.895831584930419922e-01 5.671744942665100098e-01
5.437499880790710449e-01 4.833333194255828857e-01 4.277499914169311523e-01 4.059999883174896240e-01 5.849999785423278809e-01 8.184999823570251465e-01 5.435349345207214355e-01 4.843385517597198486e-01 4.296577274799346924e-01 4.099501669406890869e-01 5.823059678077697754e-01 7.841687798500061035e-01
5.437499880790710449e-01 4.833333194255828857e-01 4.277499914169311523e-01 4.059999883174896240e-01 5.849999785423278809e-01 7.944999933242797852e-01 5.443259477615356445e-01 4.827366173267364502e-01 4.278719723224639893e-01 4.050707221031188965e-01 5.858227014541625977e-01 8.118340373039245605e-01
5.437499880790710449e-01 4.833333194255828857e-01 4.277499914169311523e-01 4.059999883174896240e-01 5.849999785423278809e-01 5.499999970197677612e-03 5.420928597450256348e-01 4.841757416725158691e-01 4.314020574092864990e-01 4.110062420368194580e-01 5.816229581832885742e-01 9.203220158815383911e-02
5.437499880790710449e-01 4.833333194255828857e-01 4.277499914169311523e-01 4.059999883174896240e-01 5.849999785423278809e-01 5.950000137090682983e-02 5.443152785301208496e-01 4.824867844581604004e-01 4.261562526226043701e-01 4.028862714767456055e-01 5.890276432037353516e-01 5.939824506640434265e-02
5.437499880790710449e-01 4.833333194255828857e-01 4.277499914169311523e-01 4.059999883174896240e-01 5.849999785423278809e-01 7.975000143051147461e-01 5.432264208793640137e-01 4.831220209598541260e-01 4.276570975780487061e-01 4.065645039081573486e-01 5.847282409667968750e-01 8.861957192420959473e-01
5.437499880790710449e-01 4.833333194255828857e-01 4.277499914169311523e-01 4.059999883174896240e-01 5.849999785423278809e-01 2.499999944120645523e-03 5.426993370056152344e-01 4.840580523014068604e-01 4.302603900432586670e-01 4.091330170631408691e-01 5.831797719001770020e-01 3.278484567999839783e-02
5.437499880790710449e-01 4.833333194255828857e-01 4.277499914169311523e-01 4.059999883174896240e-01 5.849999785423278809e-01 9.564999938011169434e-01 5.481343269348144531e-01 4.797264635562896729e-01 4.207795858383178711e-01 3.960622847080230713e-01 5.945510864257812500e-01 9.943595528602600098e-01
5.437499880790710449e-01 4.833333194255828857e-01 4.277499914169311523e-01 4.059999883174896240e-01 5.849999785423278809e-01 1.350000035017728806e-02 5.426552295684814453e-01 4.838239848613739014e-01 4.291628301143646240e-01 4.081766009330749512e-01 5.841162204742431641e-01 6.353916972875595093e-02
5.437499880790710449e-01 4.833333194255828857e-01 4.277499914169311523e-01 4.059999883174896240e-01 5.849999785423278809e-01 1.745000034570693970e-01 5.417620539665222168e-01 4.841911196708679199e-01 4.316376745700836182e-01 4.118585586547851562e-01 5.806388854980468750e-01 2.205650657415390015e-01
5.437499880790710449e-01 4.833333194255828857e-01 4.277499914169311523e-01 4.059999883174896240e-01 5.849999785423278809e-01 6.604999899864196777e-01 5.411894917488098145e-01 4.845669567584991455e-01 4.312075376510620117e-01 4.123485684394836426e-01 5.801535844802856445e-01 6.637844443321228027e-01
5.437499880790710449e-01 4.833333194255828857e-01 4.277499914169311523e-01 4.059999883174896240e-01 5.849999785423278809e-01 1.515000015497207642e-01 5.429884791374206543e-01 4.837363660335540771e-01 4.278843700885772705e-01 4.066299200057983398e-01 5.849091410636901855e-01 1.409579217433929443e-01
5.437499880790710449e-01 4.833333194255828857e-01 4.277499914169311523e-01 4.059999883174896240e-01 5.849999785423278809e-01 5.295000076293945312e-01 5.431971549987792969e-01 4.831517338752746582e-01 4.288337826728820801e-01 4.081218242645263672e-01 5.843878984451293945e-01 5.544419288635253906e-01
5.437499880790710449e-01 4.833333194255828857e-01 4.277499914169311523e-01 4.059999883174896240e-01 5.849999785423278809e-01 5.954999923706054688e-01 5.392900109291076660e-01 4.855753183364868164e-01 4.345232248306274414e-01 4.181681275367736816e-01 5.752969980239868164e-01 6.098334789276123047e-01
5.437499880790710449e-01 4.833333194255828857e-01 4.277499914169311523e-01 4.059999883174896240e-01 5.849999785423278809e-01 7.814999818801879883e-01 5.422590970993041992e-01 4.837951958179473877e-01 4.304100871086120605e-01 4.105336368083953857e-01 5.821033716201782227e-01 6.903890967369079590e-01
5.437499880790710449e-01 4.833333194255828857e-01 4.277499914169311523e-01 4.059999883174896240e-01 5.849999785423278809e-01 1.994999945163726807e-01 5.402444601058959961e-01 4.850230216979980469e-01 4.329875111579895020e-01 4.148455560207366943e-01 5.784456729888916016e-01 1.168771535158157349e-01
5.437499880790710449e-01 4.833333194255828857e-01 4.277499914169311523e-01 4.059999883174896240e-01 5.849999785423278809e-01 4.174999892711639404e-01 5.431991815567016602e-01 4.835453033447265625e-01 4.284400343894958496e-01 4.076479077339172363e-01 5.840005278587341309e-01 4.285317361354827881e-01
5.437499880790710449e-01 4.833333194255828857e-01 4.277499914169311523e-01 4.059999883174896240e-01 5.849999785423278809e-01 2.845000028610229492e-01 5.421860218048095703e-01 4.835909307003021240e-01 4.298807680606842041e-01 4.092169702053070068e-01 5.822024345397949219e-01 2.375049889087677002e-01
5.437499880790710449e-01 4.833333194255828857e-01 4.277499914169311523e-01 4.059999883174896240e-01 5.849999785423278809e-01 2.615000009536743164e-01 5.408794283866882324e-01 4.845266640186309814e-01 4.321860373020172119e-01 4.136605262756347656e-01 5.795865654945373535e-01 2.849655151367187500e-01
5.437499880790710449e-01 4.833333194255828857e-01 4.277499914169311523e-01 4.059999883174896240e-01 5.849999785423278809e-01 3.434999883174896240e-01 5.419795513153076172e-01 4.841295778751373291e-01 4.308664202690124512e-01 4.111379384994506836e-01 5.813179016113281250e-01 3.929975330829620361e-01
5.437499880790710449e-01 4.833333194255828857e-01 4.277499914169311523e-01 4.059999883174896240e-01 5.849999785423278809e-01 6.154999732971191406e-01 5.435466170310974121e-01 4.833353459835052490e-01 4.279808700084686279e-01 4.065141379833221436e-01 5.852999687194824219e-01 6.577308177947998047e-01
5.437499880790710449e-01 4.833333194255828857e-01 4.277499914169311523e-01 4.059999883174896240e-01 5.849999785423278809e-01 8.015000224113464355e-01 5.435729622840881348e-01 4.831836223602294922e-01 4.275935888290405273e-01 4.053509533405303955e-01 5.854758024215698242e-01 8.196020126342773438e-01
5.437499880790710449e-01 4.833333194255828857e-01 4.277499914169311523e-01 4.059999883174896240e-01 5.849999785423278809e-01 8.349999785423278809e-02 5.423554778099060059e-01 4.836845993995666504e-01 4.287985265254974365e-01 4.076873660087585449e-01 5.845144987106323242e-01 4.115778952836990356e-02
5.437499880790710449e-01 4.833333194255828857e-01 4.277499914169311523e-01 4.059999883174896240e-01 5.849999785423278809e-01 6.449999660253524780e-02 5.413581132888793945e-01 4.843242764472961426e-01 4.305452704429626465e-01 4.111266434192657471e-01 5.814628601074218750e-01 9.730389714241027832e-02
5.437499880790710449e-01 4.833333194255828857e-01 4.277499914169311523e-01 4.059999883174896240e-01 5.849999785423278809e-01 5.845000147819519043e-01 5.424945354461669922e-01 4.838838279247283936e-01 4.298059940338134766e-01 4.096953570842742920e-01 5.824414491653442383e-01 5.339045524597167969e-01
5.437499880790710449e-01 4.833333194255828857e-01 4.277499914169311523e-01 4.059999883174896240e-01 5.849999785423278809e-01 1.574999988079071045e-01 5.442242026329040527e-01 4.832447469234466553e-01 4.276656210422515869e-01 4.044004082679748535e-01 5.860705971717834473e-01 9.301155805587768555e-02
