6.259425282478332520e-01 3.014331758022308350e-01 1.485912501811981201e-01 4.580957591533660889e-01 7.705637216567993164e-01 8.267338275909423828e-01 2.553633451461791992e-01 4.969616234302520752e-01 4.518060982227325439e-01 4.508147239685058594e-01 4.940076172351837158e-01 7.863494157791137695e-01 5.186393260955810547e-01 4.865071475505828857e-01
6.814774870872497559e-01 3.800818324089050293e-01 3.593422472476959229e-01 6.565399765968322754e-01 4.243335127830505371e-01 1.351579725742340088e-01 1.919530034065246582e-01 6.905882954597473145e-01 3.997069895267486572e-01 5.361477136611938477e-01 6.111650466918945312e-01 4.853683710098266602e-01 4.866403043270111084e-01 3.700359761714935303e-01
1.999824941158294678e-01 4.529278278350830078e-01 1.536564975976943970e-01 5.150550007820129395e-01 2.908100001513957977e-02 4.583289027214050293e-01 5.162556767463684082e-01 1.479901373386383057e-01 3.975530564785003662e-01 3.262088000774383545e-01 4.728536903858184814e-01 6.279093027114868164e-02 6.615938544273376465e-01 5.684047937393188477e-01
3.900099992752075195e-01 2.739291787147521973e-01 3.150264918804168701e-01 3.430207371711730957e-01 1.287014931440353394e-01 9.063737392425537109e-01 5.168513059616088867e-01 2.318803071975708008e-01 4.033945500850677490e-01 3.932949304580688477e-01 4.999521970748901367e-01 1.103021129965782166e-01 6.116002202033996582e-01 5.445513129234313965e-01
6.312825083732604980e-01 2.546228468418121338e-01 5.712372660636901855e-01 3.460980057716369629e-01 6.178572773933410645e-01 4.528657495975494385e-01 1.277023404836654663e-01 6.967533230781555176e-01 3.795165717601776123e-01 5.496663451194763184e-01 5.887812972068786621e-01 7.025371789932250977e-01 5.191984176635742188e-01 3.726044595241546631e-01
1.180450022220611572e-01 5.258161425590515137e-01 3.197174891829490662e-02 3.379600048065185547e-01 1.635382473468780518e-01 3.489731252193450928e-01 4.183226525783538818e-01 1.170403808355331421e-01 5.090523362159729004e-01 2.237019389867782593e-01 4.098435938358306885e-01 1.333363056182861328e-01 6.169835925102233887e-01 4.945528805255889893e-01
1.382649987936019897e-01 4.242379963397979736e-01 3.870057463645935059e-01 2.739222645759582520e-01 1.535300016403198242e-01 8.454275727272033691e-01 6.823347806930541992e-01 1.138712391257286072e-01 4.478738009929656982e-01 2.684906125068664551e-01 4.324178099632263184e-01 8.834997564554214478e-02 6.650770902633666992e-01 5.288748741149902344e-01
4.176250100135803223e-02 2.605246603488922119e-01 8.082550168037414551e-01 7.088400125503540039e-01 9.726099669933319092e-02 8.720312118530273438e-01 5.954156517982482910e-01 1.322845518589019775e-01 3.748995363712310791e-01 3.644605875015258789e-01 4.832769930362701416e-01 5.189466848969459534e-02 7.055932879447937012e-01 5.993480682373046875e-01
3.339149951934814453e-01 4.823488295078277588e-01 9.623647332191467285e-01 4.525727629661560059e-01 6.711884737014770508e-01 8.217902779579162598e-01 1.188416630029678345e-01 5.041539669036865234e-01 4.454343318939208984e-01 4.687671661376953125e-01 4.985035359859466553e-01 7.865343689918518066e-01 5.153065323829650879e-01 4.855395853519439697e-01
2.044575065374374390e-01 6.246816515922546387e-01 3.054497539997100830e-01 6.257774829864501953e-01 8.180882334709167480e-01 8.765958249568939209e-02 9.826537370681762695e-01 2.749114930629730225e-01 5.360472202301025391e-01 3.269340693950653076e-01 4.264718890190124512e-01 6.563248634338378906e-01 4.873961806297302246e-01 5.405338406562805176e-01
3.933550119400024414e-01 7.792611718177795410e-01 2.256225049495697021e-01 4.539837539196014404e-01 9.645607471466064453e-01 5.436675548553466797e-01 9.842261672019958496e-01 3.066491484642028809e-01 5.128281116485595703e-01 3.353301286697387695e-01 4.182853400707244873e-01 8.147745728492736816e-01 5.083717107772827148e-01 5.606021285057067871e-01
2.780900001525878906e-01 1.792176663875579834e-01 9.288704991340637207e-01 6.176350116729736328e-01 9.227149933576583862e-02 5.913984775543212891e-01 9.506603479385375977e-01 3.541850447654724121e-01 3.339090645313262939e-01 5.011934041976928711e-01 5.706081986427307129e-01 7.461711019277572632e-02 6.117138266563415527e-01 5.686933398246765137e-01
4.019599854946136475e-01 4.681201577186584473e-01 5.185887217521667480e-01 3.967222571372985840e-01 2.856342494487762451e-01 2.351643443107604980e-01 5.484333261847496033e-02 4.315810501575469971e-01 4.489354789257049561e-01 4.647165536880493164e-01 5.338049530982971191e-01 3.345172107219696045e-01 4.937053024768829346e-01 4.724987149238586426e-01
9.314125180244445801e-01 2.637443244457244873e-01 5.814767479896545410e-01 2.277624979615211487e-02 8.870834708213806152e-01 3.887223303318023682e-01 6.581820249557495117e-01 7.696646451950073242e-01 3.430938124656677246e-01 5.720024704933166504e-01 6.000452637672424316e-01 8.401257991790771484e-01 5.631332397460937500e-01 3.691159188747406006e-01
7.619249820709228516e-01 5.623946785926818848e-01 7.566737532615661621e-01 5.573624968528747559e-01 1.388995051383972168e-01 9.981855750083923340e-01 3.868726789951324463e-01 6.299295425415039062e-01 3.739353418350219727e-01 5.417719483375549316e-01 6.119790673255920410e-01 2.105594426393508911e-01 5.207220315933227539e-01 4.496689140796661377e-01
8.557350039482116699e-01 3.413478434085845947e-01 6.399185061454772949e-01 4.771282374858856201e-01 2.543214857578277588e-01 6.311722993850708008e-01 6.887222528457641602e-01 7.036916613578796387e-01 3.723034262657165527e-01 5.513023734092712402e-01 6.326420307159423828e-01 2.755353152751922607e-01 4.986160099506378174e-01 4.020356535911560059e-01
6.583349704742431641e-01 3.264728188514709473e-01 1.187812536954879761e-01 7.566974759101867676e-01 1.733645051717758179e-01 5.806132405996322632e-02 2.242893278598785400e-01 5.959028005599975586e-01 3.874163925647735596e-01 5.254400968551635742e-01 6.017215251922607422e-01 2.353986054658889771e-01 5.070657134056091309e-01 4.504553675651550293e-01
4.539249837398529053e-02 6.400160193443298340e-01 1.193045005202293396e-01 2.625067532062530518e-01 2.417974919080734253e-02 8.794419169425964355e-01 3.599239885807037354e-01 3.074755519628524780e-02 6.022279262542724609e-01 8.323618024587631226e-02 2.760005295276641846e-01 1.266029775142669678e-01 6.658188700675964355e-01 4.742745161056518555e-01
9.668574929237365723e-01 1.919428259134292603e-01 6.263830065727233887e-01 8.953624963760375977e-01 9.742457270622253418e-01 7.615771889686584473e-01 1.582150012254714966e-01 9.182958006858825684e-01 2.429795712232589722e-01 6.483299136161804199e-01 6.813165545463562012e-01 9.094616770744323730e-01 6.119320392608642578e-01 2.603611946105957031e-01
9.506275057792663574e-01 6.128249764442443848e-01 1.361224949359893799e-01 7.617350220680236816e-01 9.079587459564208984e-01 9.126816391944885254e-01 9.433433413505554199e-01 6.896362900733947754e-01 3.902446925640106201e-01 5.416054129600524902e-01 5.792135000228881836e-01 7.537930607795715332e-01 5.347811579704284668e-01 4.023721218109130859e-01
3.882024884223937988e-01 2.249021679162979126e-01 6.726797223091125488e-01 9.212700128555297852e-01 6.600842475891113281e-01 5.994726419448852539e-01 2.185086607933044434e-01 6.827649474143981934e-01 3.862565159797668457e-01 5.505012869834899902e-01 5.892612934112548828e-01 7.323681116104125977e-01 5.262117385864257812e-01 3.904902338981628418e-01
4.109925031661987305e-01 6.649144887924194336e-01 8.350780010223388672e-01 9.475824832916259766e-01 4.614642560482025146e-01 5.095159411430358887e-01 3.747733309864997864e-02 6.229921579360961914e-01 4.203026592731475830e-01 5.210160017013549805e-01 5.845862030982971191e-01 5.840621590614318848e-01 4.825896620750427246e-01 3.907814919948577881e-01
4.319350123405456543e-01 2.201023399829864502e-01 2.271544933319091797e-01 2.004617452621459961e-01 7.734645009040832520e-01 1.259227246046066284e-01 8.821533918380737305e-01 4.375073313713073730e-01 4.849634766578674316e-01 4.425315260887145996e-01 4.888565242290496826e-01 6.700896024703979492e-01 4.817288815975189209e-01 4.995208680629730225e-01
4.449824988842010498e-01 1.730004996061325073e-01 1.919837445020675659e-01 8.914049863815307617e-01 4.474482536315917969e-01 1.133459582924842834e-01 3.014020025730133057e-01 5.836424827575683594e-01 4.308665990829467773e-01 5.071013569831848145e-01 5.790928602218627930e-01 4.497292935848236084e-01 4.666920304298400879e-01 4.184217453002929688e-01
2.096750028431415558e-02 3.860625028610229492e-01 2.796250022947788239e-02 2.733870148658752441e-01 9.157245159149169922e-01 5.558437108993530273e-01 5.390610098838806152e-01 1.157696247100830078e-01 4.927897453308105469e-01 1.442468315362930298e-01 2.395548224449157715e-01 9.871439337730407715e-01 6.194866895675659180e-01 6.679733395576477051e-01
