4.109925031661987305e-01 6.649144887924194336e-01 8.350780010223388672e-01 9.475824832916259766e-01 4.614642560482025146e-01 5.095159411430358887e-01 3.747733309864997864e-02 3.732682466506958008e-01 4.995878636837005615e-01 5.419630408287048340e-01 7.016384005546569824e-01 5.208549499511718750e-01 3.315147459506988525e-01 2.483072280883789062e-01
6.312825083732604980e-01 2.546228468418121338e-01 5.712372660636901855e-01 3.460980057716369629e-01 6.178572773933410645e-01 4.528657495975494385e-01 1.277023404836654663e-01 7.052147984504699707e-01 3.281319737434387207e-01 6.111345887184143066e-01 5.178309679031372070e-01 6.697566509246826172e-01 5.694197416305541992e-01 3.730848729610443115e-01
3.882024884223937988e-01 2.249021679162979126e-01 6.726797223091125488e-01 9.212700128555297852e-01 6.600842475891113281e-01 5.994726419448852539e-01 2.185086607933044434e-01 4.513210058212280273e-01 2.556801736354827881e-01 8.649986982345581055e-01 7.761092782020568848e-01 7.413786649703979492e-01 6.268270015716552734e-01 2.919034957885742188e-01
9.506275057792663574e-01 6.128249764442443848e-01 1.361224949359893799e-01 7.617350220680236816e-01 9.079587459564208984e-01 9.126816391944885254e-01 9.433433413505554199e-01 7.062770128250122070e-01 5.045486092567443848e-01 2.865231335163116455e-01 4.372436702251434326e-01 7.966014742851257324e-01 5.941839814186096191e-01 6.997539401054382324e-01
1.382649987936019897e-01 4.242379963397979736e-01 3.870057463645935059e-01 2.739222645759582520e-01 1.535300016403198242e-01 8.454275727272033691e-01 6.823347806930541992e-01 9.966673702001571655e-02 4.207215905189514160e-01 3.389075994491577148e-01 4.045338332653045654e-01 1.346111595630645752e-01 6.005480289459228516e-01 6.581857800483703613e-01
8.557350039482116699e-01 3.413478434085845947e-01 6.399185061454772949e-01 4.771282374858856201e-01 2.543214857578277588e-01 6.311722993850708008e-01 6.887222528457641602e-01 8.425423502922058105e-01 3.688414990901947021e-01 5.499966144561767578e-01 5.603260993957519531e-01 2.455331385135650635e-01 5.365064144134521484e-01 4.766252934932708740e-01
9.668574929237365723e-01 1.919428259134292603e-01 6.263830065727233887e-01 8.953624963760375977e-01 9.742457270622253418e-01 7.615771889686584473e-01 1.582150012254714966e-01 8.207258582115173340e-01 2.866209745407104492e-01 6.883492469787597656e-01 6.583801507949829102e-01 8.783539533615112305e-01 5.706712007522583008e-01 2.237673848867416382e-01
4.019599854946136475e-01 4.681201577186584473e-01 5.185887217521667480e-01 3.967222571372985840e-01 2.856342494487762451e-01 2.351643443107604980e-01 5.484333261847496033e-02 3.796976804733276367e-01 4.372260272502899170e-01 4.282757043838500977e-01 5.815991163253784180e-01 3.063281178474426270e-01 3.504857718944549561e-01 2.768581509590148926e-01
2.780900001525878906e-01 1.792176663875579834e-01 9.288704991340637207e-01 6.176350116729736328e-01 9.227149933576583862e-02 5.913984775543212891e-01 9.506603479385375977e-01 5.247591137886047363e-01 2.667021453380584717e-01 6.246367692947387695e-01 5.073665976524353027e-01 3.037554584443569183e-02 7.304040789604187012e-01 8.756834864616394043e-01
6.583349704742431641e-01 3.264728188514709473e-01 1.187812536954879761e-01 7.566974759101867676e-01 1.733645051717758179e-01 5.806132405996322632e-02 2.242893278598785400e-01 6.949363946914672852e-01 4.252445101737976074e-01 3.049764931201934814e-01 5.197408795356750488e-01 1.696058362722396851e-01 3.859540522098541260e-01 3.518154919147491455e-01
4.176250100135803223e-02 2.605246603488922119e-01 8.082550168037414551e-01 7.088400125503540039e-01 9.726099669933319092e-02 8.720312118530273438e-01 5.954156517982482910e-01 1.334760338068008423e-02 2.350764125585556030e-01 8.943091034889221191e-01 7.047547698020935059e-01 3.113064542412757874e-02 8.189839124679565430e-01 7.712309360504150391e-01
7.619249820709228516e-01 5.623946785926818848e-01 7.566737532615661621e-01 5.573624968528747559e-01 1.388995051383972168e-01 9.981855750083923340e-01 3.868726789951324463e-01 8.431892991065979004e-01 3.723472654819488525e-01 5.138779878616333008e-01 5.312159657478332520e-01 1.656316965818405151e-01 5.836055278778076172e-01 5.618513226509094238e-01
6.259425282478332520e-01 3.014331758022308350e-01 1.485912501811981201e-01 4.580957591533660889e-01 7.705637216567993164e-01 8.267338275909423828e-01 2.553633451461791992e-01 5.773739814758300781e-01 5.562688112258911133e-01 1.517185270786285400e-01 4.186522066593170166e-01 7.561152577400207520e-01 5.227636098861694336e-01 6.655011177062988281e-01
4.319350123405456543e-01 2.201023399829864502e-01 2.271544933319091797e-01 2.004617452621459961e-01 7.734645009040832520e-01 1.259227246046066284e-01 8.821533918380737305e-01 5.106406211853027344e-01 4.950433671474456787e-01 2.799140214920043945e-01 4.441717565059661865e-01 6.784928441047668457e-01 5.245357155799865723e-01 6.494278311729431152e-01
1.180450022220611572e-01 5.258161425590515137e-01 3.197174891829490662e-02 3.379600048065185547e-01 1.635382473468780518e-01 3.489731252193450928e-01 4.183226525783538818e-01 1.149921715259552002e-01 5.689670443534851074e-01 7.745689898729324341e-02 3.167532086372375488e-01 2.026021480560302734e-01 5.512121915817260742e-01 7.617695927619934082e-01
3.339149951934814453e-01 4.823488295078277588e-01 9.623647332191467285e-01 4.525727629661560059e-01 6.711884737014770508e-01 8.217902779579162598e-01 1.188416630029678345e-01 4.149799048900604248e-01 3.909892439842224121e-01 6.906514763832092285e-01 6.462878584861755371e-01 7.285062670707702637e-01 5.243161320686340332e-01 3.367550671100616455e-01
2.096750028431415558e-02 3.860625028610229492e-01 2.796250022947788239e-02 2.733870148658752441e-01 9.157245159149169922e-01 5.558437108993530273e-01 5.390610098838806152e-01 7.345391809940338135e-02 4.248438775539398193e-01 4.931084439158439636e-02 2.097594738006591797e-01 9.288549423217773438e-01 5.602747797966003418e-01 3.941483795642852783e-01
4.539249837398529053e-02 6.400160193443298340e-01 1.193045005202293396e-01 2.625067532062530518e-01 2.417974919080734253e-02 8.794419169425964355e-01 3.599239885807037354e-01 4.203405231237411499e-03 5.245786905288696289e-01 6.465253420174121857e-03 9.720055758953094482e-02 1.926430314779281616e-02 8.311330676078796387e-01 3.841315507888793945e-01
1.999824941158294678e-01 4.529278278350830078e-01 1.536564975976943970e-01 5.150550007820129395e-01 2.908100001513957977e-02 4.583289027214050293e-01 5.162556767463684082e-01 1.187117844820022583e-01 4.741112589836120605e-01 2.670735716819763184e-01 4.517073333263397217e-01 6.279700994491577148e-02 5.120072960853576660e-01 5.103748440742492676e-01
4.449824988842010498e-01 1.730004996061325073e-01 1.919837445020675659e-01 8.914049863815307617e-01 4.474482536315917969e-01 1.133459582924842834e-01 3.014020025730133057e-01 4.832104146480560303e-01 3.883358836174011230e-01 6.096437573432922363e-01 6.451165676116943359e-01 4.709576368331909180e-01 4.303594529628753662e-01 3.255380094051361084e-01
2.044575065374374390e-01 6.246816515922546387e-01 3.054497539997100830e-01 6.257774829864501953e-01 8.180882334709167480e-01 8.765958249568939209e-02 9.826537370681762695e-01 2.532894611358642578e-01 6.263154745101928711e-01 2.717215418815612793e-01 5.766975283622741699e-01 7.100237011909484863e-01 3.977991938591003418e-01 6.719101071357727051e-01
9.314125180244445801e-01 2.637443244457244873e-01 5.814767479896545410e-01 2.277624979615211487e-02 8.870834708213806152e-01 3.887223303318023682e-01 6.581820249557495117e-01 8.172162771224975586e-01 3.800425529479980469e-01 4.614207446575164795e-01 4.015917778015136719e-01 8.444724678993225098e-01 6.430017352104187012e-01 5.670528411865234375e-01
3.933550119400024414e-01 7.792611718177795410e-01 2.256225049495697021e-01 4.539837539196014404e-01 9.645607471466064453e-01 5.436675548553466797e-01 9.842261672019958496e-01 4.625436365604400635e-01 6.710768342018127441e-01 8.463180065155029297e-02 4.454067051410675049e-01 8.947361111640930176e-01 5.132727026939392090e-01 8.440899252891540527e-01
3.900099992752075195e-01 2.739291787147521973e-01 3.150264918804168701e-01 3.430207371711730957e-01 1.287014931440353394e-01 9.063737392425537109e-01 5.168513059616088867e-01 2.700535356998443604e-01 3.671174943447113037e-01 3.251316249370574951e-01 4.450829327106475830e-01 9.692429751157760620e-02 5.217781662940979004e-01 5.063974857330322266e-01
6.814774870872497559e-01 3.800818324089050293e-01 3.593422472476959229e-01 6.565399765968322754e-01 4.243335127830505371e-01 1.351579725742340088e-01 1.919530034065246582e-01 6.204917430877685547e-01 4.250619709491729736e-01 4.400479793548583984e-01 6.029832959175109863e-01 4.185825288295745850e-01 3.444361090660095215e-01 2.725097537040710449e-01
