2.044575065374374390e-01 6.246816515922546387e-01 3.054497539997100830e-01 6.257774829864501953e-01 8.180882334709167480e-01 8.765958249568939209e-02 9.826537370681762695e-01 2.460744827985763550e-01 6.084423661231994629e-01 2.988969683647155762e-01 6.435829401016235352e-01 7.503812313079833984e-01 3.504264056682586670e-01 6.678534746170043945e-01
2.096750028431415558e-02 3.860625028610229492e-01 2.796250022947788239e-02 2.733870148658752441e-01 9.157245159149169922e-01 5.558437108993530273e-01 5.390610098838806152e-01 2.848449163138866425e-02 5.878309607505798340e-01 9.059272706508636475e-02 7.775513827800750732e-02 9.391844868659973145e-01 6.728284358978271484e-01 5.860962867736816406e-01
6.259425282478332520e-01 3.014331758022308350e-01 1.485912501811981201e-01 4.580957591533660889e-01 7.705637216567993164e-01 8.267338275909423828e-01 2.553633451461791992e-01 5.711643695831298828e-01 4.987499415874481201e-01 1.466330736875534058e-01 4.388953149318695068e-01 8.172647356986999512e-01 5.294736623764038086e-01 5.937393903732299805e-01
4.176250100135803223e-02 2.605246603488922119e-01 8.082550168037414551e-01 7.088400125503540039e-01 9.726099669933319092e-02 8.720312118530273438e-01 5.954156517982482910e-01 1.093531120568513870e-02 2.904214262962341309e-01 8.410935401916503906e-01 7.144894599914550781e-01 1.919266022741794586e-02 8.655112981796264648e-01 6.792140603065490723e-01
8.557350039482116699e-01 3.413478434085845947e-01 6.399185061454772949e-01 4.771282374858856201e-01 2.543214857578277588e-01 6.311722993850708008e-01 6.887222528457641602e-01 8.230629563331604004e-01 3.262753188610076904e-01 6.619998812675476074e-01 6.457310318946838379e-01 2.532126605510711670e-01 5.295596718788146973e-01 4.207563698291778564e-01
3.900099992752075195e-01 2.739291787147521973e-01 3.150264918804168701e-01 3.430207371711730957e-01 1.287014931440353394e-01 9.063737392425537109e-01 5.168513059616088867e-01 2.689464688301086426e-01 3.570525348186492920e-01 2.948896288871765137e-01 3.548631966114044189e-01 8.715192973613739014e-02 5.166905522346496582e-01 4.625809192657470703e-01
9.668574929237365723e-01 1.919428259134292603e-01 6.263830065727233887e-01 8.953624963760375977e-01 9.742457270622253418e-01 7.615771889686584473e-01 1.582150012254714966e-01 8.872170448303222656e-01 2.075601071119308472e-01 7.246240973472595215e-01 7.488907575607299805e-01 9.269745349884033203e-01 6.299080848693847656e-01 1.365839242935180664e-01
3.339149951934814453e-01 4.823488295078277588e-01 9.623647332191467285e-01 4.525727629661560059e-01 6.711884737014770508e-01 8.217902779579162598e-01 1.188416630029678345e-01 3.954167366027832031e-01 3.324207365512847900e-01 6.801925897598266602e-01 5.595123767852783203e-01 7.529664635658264160e-01 5.679728388786315918e-01 3.817276060581207275e-01
3.933550119400024414e-01 7.792611718177795410e-01 2.256225049495697021e-01 4.539837539196014404e-01 9.645607471466064453e-01 5.436675548553466797e-01 9.842261672019958496e-01 3.989559412002563477e-01 7.133119106292724609e-01 5.240717157721519470e-02 5.291534066200256348e-01 9.217857718467712402e-01 6.129470467567443848e-01 8.561160564422607422e-01
4.449824988842010498e-01 1.730004996061325073e-01 1.919837445020675659e-01 8.914049863815307617e-01 4.474482536315917969e-01 1.133459582924842834e-01 3.014020025730133057e-01 4.704502522945404053e-01 3.081956207752227783e-01 5.334863066673278809e-01 6.064066886901855469e-01 4.604511559009552002e-01 3.615973293781280518e-01 3.001356422901153564e-01
4.319350123405456543e-01 2.201023399829864502e-01 2.271544933319091797e-01 2.004617452621459961e-01 7.734645009040832520e-01 1.259227246046066284e-01 8.821533918380737305e-01 4.328356087207794189e-01 3.767617642879486084e-01 3.640951514244079590e-01 4.269370138645172119e-01 6.636854410171508789e-01 4.066944420337677002e-01 5.456852316856384277e-01
9.506275057792663574e-01 6.128249764442443848e-01 1.361224949359893799e-01 7.617350220680236816e-01 9.079587459564208984e-01 9.126816391944885254e-01 9.433433413505554199e-01 7.781562805175781250e-01 5.172145366668701172e-01 2.971327900886535645e-01 5.585640668869018555e-01 8.631680607795715332e-01 7.030831575393676758e-01 7.676059603691101074e-01
1.999824941158294678e-01 4.529278278350830078e-01 1.536564975976943970e-01 5.150550007820129395e-01 2.908100001513957977e-02 4.583289027214050293e-01 5.162556767463684082e-01 1.309928745031356812e-01 4.868266880512237549e-01 2.948621511459350586e-01 4.455946385860443115e-01 4.975187033414840698e-02 5.489789843559265137e-01 5.062739849090576172e-01
6.312825083732604980e-01 2.546228468418121338e-01 5.712372660636901855e-01 3.460980057716369629e-01 6.178572773933410645e-01 4.528657495975494385e-01 1.277023404836654663e-01 6.666167974472045898e-01 2.109142541885375977e-01 5.226786136627197266e-01 3.899361789226531982e-01 6.471163630485534668e-01 4.745982587337493896e-01 2.785222530364990234e-01
4.109925031661987305e-01 6.649144887924194336e-01 8.350780010223388672e-01 9.475824832916259766e-01 4.614642560482025146e-01 5.095159411430358887e-01 3.747733309864997864e-02 4.018216133117675781e-01 6.530721187591552734e-01 7.134523987770080566e-01 8.785738348960876465e-01 5.378267168998718262e-01 3.926996588706970215e-01 2.131641507148742676e-01
4.539249837398529053e-02 6.400160193443298340e-01 1.193045005202293396e-01 2.625067532062530518e-01 2.417974919080734253e-02 8.794419169425964355e-01 3.599239885807037354e-01 3.415504703298211098e-03 8.785555362701416016e-01 6.674890965223312378e-02 1.198102310299873352e-01 1.026737596839666367e-02 9.334197640419006348e-01 4.208773672580718994e-01
6.814774870872497559e-01 3.800818324089050293e-01 3.593422472476959229e-01 6.565399765968322754e-01 4.243335127830505371e-01 1.351579725742340088e-01 1.919530034065246582e-01 6.837588548660278320e-01 3.574077785015106201e-01 3.886744678020477295e-01 6.760702133178710938e-01 4.375329911708831787e-01 2.383471727371215820e-01 2.104041874408721924e-01
4.019599854946136475e-01 4.681201577186584473e-01 5.185887217521667480e-01 3.967222571372985840e-01 2.856342494487762451e-01 2.351643443107604980e-01 5.484333261847496033e-02 4.162114262580871582e-01 3.985517024993896484e-01 4.030064046382904053e-01 5.740216970443725586e-01 3.036677241325378418e-01 2.979218661785125732e-01 2.782948315143585205e-01
6.583349704742431641e-01 3.264728188514709473e-01 1.187812536954879761e-01 7.566974759101867676e-01 1.733645051717758179e-01 5.806132405996322632e-02 2.242893278598785400e-01 6.697581410408020020e-01 4.048607051372528076e-01 2.839663326740264893e-01 5.787796974182128906e-01 1.564996093511581421e-01 3.294229507446289062e-01 3.151138126850128174e-01
7.619249820709228516e-01 5.623946785926818848e-01 7.566737532615661621e-01 5.573624968528747559e-01 1.388995051383972168e-01 9.981855750083923340e-01 3.868726789951324463e-01 8.233401775360107422e-01 4.033193588256835938e-01 7.534599304199218750e-01 5.203411579132080078e-01 1.816698163747787476e-01 7.747824192047119141e-01 5.548115968704223633e-01
9.314125180244445801e-01 2.637443244457244873e-01 5.814767479896545410e-01 2.277624979615211487e-02 8.870834708213806152e-01 3.887223303318023682e-01 6.581820249557495117e-01 8.567362427711486816e-01 2.943588197231292725e-01 5.601850748062133789e-01 3.407892584800720215e-01 8.864094018936157227e-01 7.535538077354431152e-01 5.836427807807922363e-01
1.180450022220611572e-01 5.258161425590515137e-01 3.197174891829490662e-02 3.379600048065185547e-01 1.635382473468780518e-01 3.489731252193450928e-01 4.183226525783538818e-01 1.229157447814941406e-01 5.661925077438354492e-01 4.865210875868797302e-02 3.242008388042449951e-01 2.222625017166137695e-01 4.119214117527008057e-01 6.337840557098388672e-01
3.882024884223937988e-01 2.249021679162979126e-01 6.726797223091125488e-01 9.212700128555297852e-01 6.600842475891113281e-01 5.994726419448852539e-01 2.185086607933044434e-01 4.174492657184600830e-01 2.291275709867477417e-01 8.919538855552673340e-01 7.596133351325988770e-01 6.897442340850830078e-01 7.086011767387390137e-01 2.202067226171493530e-01
1.382649987936019897e-01 4.242379963397979736e-01 3.870057463645935059e-01 2.739222645759582520e-01 1.535300016403198242e-01 8.454275727272033691e-01 6.823347806930541992e-01 8.801592886447906494e-02 4.513158798217773438e-01 3.591724038124084473e-01 3.339107632637023926e-01 1.130525544285774231e-01 6.392959356307983398e-01 6.275428533554077148e-01
2.780900001525878906e-01 1.792176663875579834e-01 9.288704991340637207e-01 6.176350116729736328e-01 9.227149933576583862e-02 5.913984775543212891e-01 9.506603479385375977e-01 2.979135811328887939e-01 3.200484812259674072e-01 8.786982297897338867e-01 6.445719003677368164e-01 1.801790483295917511e-02 7.568010091781616211e-01 8.427268862724304199e-01
