4.109925031661987305e-01 6.649144887924194336e-01 8.350780010223388672e-01 9.475824832916259766e-01 4.614642560482025146e-01 5.095159411430358887e-01 3.747733309864997864e-02 4.264604151248931885e-01 5.231104493141174316e-01 5.652049779891967773e-01 7.592580318450927734e-01 5.404443740844726562e-01 2.972372472286224365e-01 3.909435272216796875e-01
2.780900001525878906e-01 1.792176663875579834e-01 9.288704991340637207e-01 6.176350116729736328e-01 9.227149933576583862e-02 5.913984775543212891e-01 9.506603479385375977e-01 5.450407266616821289e-01 2.885608375072479248e-01 6.346718072891235352e-01 5.599707961082458496e-01 1.837199926376342773e-02 6.316298246383666992e-01 8.311625123023986816e-01
6.814774870872497559e-01 3.800818324089050293e-01 3.593422472476959229e-01 6.565399765968322754e-01 4.243335127830505371e-01 1.351579725742340088e-01 1.919530034065246582e-01 6.644655466079711914e-01 4.740497469902038574e-01 5.234761238098144531e-01 5.782706737518310547e-01 4.158443212509155273e-01 3.808128535747528076e-01 3.316277563571929932e-01
3.900099992752075195e-01 2.739291787147521973e-01 3.150264918804168701e-01 3.430207371711730957e-01 1.287014931440353394e-01 9.063737392425537109e-01 5.168513059616088867e-01 2.817336916923522949e-01 4.814156591892242432e-01 4.708425402641296387e-01 3.789528608322143555e-01 9.699932485818862915e-02 5.709671974182128906e-01 4.358496963977813721e-01
6.806275248527526855e-01 6.559263467788696289e-01 7.233687639236450195e-01 5.689550042152404785e-01 3.091317415237426758e-01 4.911198019981384277e-01 1.333433296531438828e-02 7.707999348640441895e-01 4.730605781078338623e-01 5.636899471282958984e-01 4.847787618637084961e-01 3.207184970378875732e-01 4.300720989704132080e-01 3.556230962276458740e-01
2.710725069046020508e-01 5.734021663665771484e-01 3.155847489833831787e-01 5.611975193023681641e-01 6.579167246818542480e-01 1.268856525421142578e-01 2.591633424162864685e-02 3.576639294624328613e-01 5.608186721801757812e-01 4.009032249450683594e-01 6.627761125564575195e-01 7.557784914970397949e-01 3.801959156990051270e-01 4.687145054340362549e-01
2.522799968719482422e-01 6.224631667137145996e-01 8.469499647617340088e-03 3.744035065174102783e-01 6.552180051803588867e-01 2.078589946031570435e-01 1.057523339986801147e-01 2.520119249820709229e-01 6.772913932800292969e-01 1.342585086822509766e-01 5.813084840774536133e-01 7.677708268165588379e-01 3.657935857772827148e-01 5.360931158065795898e-01
4.319350123405456543e-01 2.201023399829864502e-01 2.271544933319091797e-01 2.004617452621459961e-01 7.734645009040832520e-01 1.259227246046066284e-01 8.821533918380737305e-01 4.933478236198425293e-01 4.038628637790679932e-01 3.500427305698394775e-01 3.965660333633422852e-01 6.530708074569702148e-01 5.870901942253112793e-01 5.267888307571411133e-01
8.996000289916992188e-01 6.043524742126464844e-01 7.848539948463439941e-01 4.169670045375823975e-01 3.107174932956695557e-01 1.276740431785583496e-01 4.606069922447204590e-01 9.495725035667419434e-01 5.153492093086242676e-01 5.523334741592407227e-01 6.173324584960937500e-01 3.204753100872039795e-01 3.469637036323547363e-01 3.673046529293060303e-01
1.500625014305114746e-01 5.123521685600280762e-01 1.863054931163787842e-01 7.742224633693695068e-02 5.120747685432434082e-01 8.886257410049438477e-01 1.990929991006851196e-01 1.267282664775848389e-01 5.585121512413024902e-01 3.031806945800781250e-01 1.978437453508377075e-01 5.067856311798095703e-01 6.755870580673217773e-01 4.169431626796722412e-01
8.382124900817871094e-01 2.278251647949218750e-01 3.118360042572021484e-01 9.864724874496459961e-01 7.571529746055603027e-01 6.595295071601867676e-01 2.587586641311645508e-01 8.423847556114196777e-01 3.474686443805694580e-01 4.868110418319702148e-01 5.394458770751953125e-01 7.780049443244934082e-01 5.358362197875976562e-01 4.444910287857055664e-01
1.802050024271011353e-01 4.150078296661376953e-01 3.737749904394149780e-02 1.352314949035644531e-01 7.568194866180419922e-01 6.386690586805343628e-02 7.936084270477294922e-01 2.846995592117309570e-01 5.524142980575561523e-01 1.885838657617568970e-01 3.514147102832794189e-01 6.888228058815002441e-01 5.352166891098022461e-01 4.984788894653320312e-01
1.284125000238418579e-01 1.719155013561248779e-01 5.350260138511657715e-01 2.646502554416656494e-01 8.763049840927124023e-01 5.629256367683410645e-01 3.499099984765052795e-02 1.051824986934661865e-01 2.594043314456939697e-01 8.020552992820739746e-01 3.657041490077972412e-01 9.528628587722778320e-01 6.889117360115051270e-01 3.488295376300811768e-01
6.312825083732604980e-01 2.546228468418121338e-01 5.712372660636901855e-01 3.460980057716369629e-01 6.178572773933410645e-01 4.528657495975494385e-01 1.277023404836654663e-01 6.988841891288757324e-01 3.087798357009887695e-01 6.417059302330017090e-01 4.020974338054656982e-01 6.440004110336303711e-01 5.822079181671142578e-01 3.614442050457000732e-01
2.720350027084350586e-01 8.071784973144531250e-01 8.371084928512573242e-01 4.278457462787628174e-01 8.059327602386474609e-01 8.791138529777526855e-01 5.675200223922729492e-01 3.107944428920745850e-01 5.318962335586547852e-01 4.225096404552459717e-01 3.714500367641448975e-01 9.548362493515014648e-01 5.165454149246215820e-01 3.694097399711608887e-01
1.999824941158294678e-01 4.529278278350830078e-01 1.536564975976943970e-01 5.150550007820129395e-01 2.908100001513957977e-02 4.583289027214050293e-01 5.162556767463684082e-01 1.843758970499038696e-01 5.397042036056518555e-01 3.446354866027832031e-01 5.684400796890258789e-01 6.372365355491638184e-02 5.026183724403381348e-01 5.534647703170776367e-01
7.798550128936767578e-01 4.261656701564788818e-01 2.231547534465789795e-01 9.638224840164184570e-01 8.622482419013977051e-01 3.938568830490112305e-01 6.200990080833435059e-01 6.258786916732788086e-01 4.842227995395660400e-01 5.050332546234130859e-01 7.531520724296569824e-01 7.841582298278808594e-01 3.554357588291168213e-01 4.463978409767150879e-01
1.180450022220611572e-01 5.258161425590515137e-01 3.197174891829490662e-02 3.379600048065185547e-01 1.635382473468780518e-01 3.489731252193450928e-01 4.183226525783538818e-01 1.421573162078857422e-01 5.294031500816345215e-01 1.339149624109268188e-01 3.829693496227264404e-01 2.046844512224197388e-01 6.323072910308837891e-01 6.538150310516357422e-01
3.882024884223937988e-01 2.249021679162979126e-01 6.726797223091125488e-01 9.212700128555297852e-01 6.600842475891113281e-01 5.994726419448852539e-01 2.185086607933044434e-01 3.924447298049926758e-01 2.267056554555892944e-01 8.122236728668212891e-01 7.486890554428100586e-01 7.067252397537231445e-01 4.615066945552825928e-01 4.723083972930908203e-01
9.908249974250793457e-02 3.643186688423156738e-01 3.800162374973297119e-01 4.586944878101348877e-01 9.990582466125488281e-01 2.283266633749008179e-01 8.083066344261169434e-02 1.186992079019546509e-01 5.163014531135559082e-01 6.324480772018432617e-01 3.526193499565124512e-01 9.959738850593566895e-01 5.421667695045471191e-01 2.144673615694046021e-01
1.987649947404861450e-01 2.743841707706451416e-01 9.119752645492553711e-01 9.380350112915039062e-01 6.959974765777587891e-01 3.948940336704254150e-01 7.560707330703735352e-01 1.971332132816314697e-01 1.936526745557785034e-01 8.776725530624389648e-01 7.995026707649230957e-01 7.291662096977233887e-01 4.755302071571350098e-01 6.259645223617553711e-01
1.074424982070922852e-01 3.771494925022125244e-01 7.191944718360900879e-01 7.471150159835815430e-01 2.170749939978122711e-02 7.507810741662979126e-02 2.692546546459197998e-01 9.482038021087646484e-02 3.752948939800262451e-01 7.238360047340393066e-01 4.872246384620666504e-01 4.731638729572296143e-02 5.293449163436889648e-01 5.098029971122741699e-01
1.661400049924850464e-01 6.121063232421875000e-01 9.414732456207275391e-01 3.537087440490722656e-01 2.443282455205917358e-01 5.430192947387695312e-01 2.133366614580154419e-01 1.684797108173370361e-01 4.424919188022613525e-01 6.740261316299438477e-01 4.673435986042022705e-01 3.266565799713134766e-01 5.047769546508789062e-01 4.100287556648254395e-01
2.172224968671798706e-01 5.670261383056640625e-01 8.740835189819335938e-01 9.835324883460998535e-01 9.697797298431396484e-01 9.299288988113403320e-01 4.750596582889556885e-01 2.090863287448883057e-01 4.621939659118652344e-01 7.873966097831726074e-01 7.762946486473083496e-01 9.923670887947082520e-01 4.072803258895874023e-01 2.711958289146423340e-01
4.182874858379364014e-01 4.612033367156982422e-01 7.349099963903427124e-02 7.383800148963928223e-01 1.558504998683929443e-01 5.213742256164550781e-01 8.444640040397644043e-01 2.727677822113037109e-01 6.148812174797058105e-01 2.802159190177917480e-01 5.818767547607421875e-01 8.203390240669250488e-02 4.565697014331817627e-01 4.819426536560058594e-01
1.640650033950805664e-01 2.728306651115417480e-01 5.832762718200683594e-01 5.042325258255004883e-01 4.812425076961517334e-01 8.335813879966735840e-02 5.751573443412780762e-01 2.392239570617675781e-01 3.705134987831115723e-01 7.203247547149658203e-01 5.660239458084106445e-01 4.735453128814697266e-01 4.564548730850219727e-01 3.716948330402374268e-01
9.728350043296813965e-01 1.728146672248840332e-01 3.561397492885589600e-01 8.527474999427795410e-01 2.137182503938674927e-01 9.482091665267944336e-01 8.089429736137390137e-01 8.803408741950988770e-01 2.588992416858673096e-01 7.539623975753784180e-01 6.054911017417907715e-01 1.177255287766456604e-01 5.051788687705993652e-01 6.615996956825256348e-01
4.539249837398529053e-02 6.400160193443298340e-01 1.193045005202293396e-01 2.625067532062530518e-01 2.417974919080734253e-02 8.794419169425964355e-01 3.599239885807037354e-01 7.726619951426982880e-03 8.282457590103149414e-01 4.929466545581817627e-02 1.627560704946517944e-01 1.425216440111398697e-02 8.361151814460754395e-01 3.416999876499176025e-01
8.352324962615966797e-01 5.909068584442138672e-01 7.283250093460083008e-01 4.879472553730010986e-01 6.768722534179687500e-01 8.085382580757141113e-01 3.966679871082305908e-01 7.817971706390380859e-01 3.112454116344451904e-01 5.629523992538452148e-01 4.270852208137512207e-01 7.151540517807006836e-01 5.954315662384033203e-01 4.331620335578918457e-01
5.113499760627746582e-01 2.378431707620620728e-01 3.455624878406524658e-01 2.148524969816207886e-01 8.313295245170593262e-01 2.577446401119232178e-01 6.638646721839904785e-01 5.831214785575866699e-01 3.740441501140594482e-01 4.190121293067932129e-01 4.384015202522277832e-01 7.934702634811401367e-01 5.798673629760742188e-01 5.574314594268798828e-01
3.339149951934814453e-01 4.823488295078277588e-01 9.623647332191467285e-01 4.525727629661560059e-01 6.711884737014770508e-01 8.217902779579162598e-01 1.188416630029678345e-01 3.763452172279357910e-01 3.681706488132476807e-01 6.725197434425354004e-01 5.738796591758728027e-01 7.196608185768127441e-01 4.868037998676300049e-01 3.689161539077758789e-01
5.774924755096435547e-01 4.571650028228759766e-01 1.816727519035339355e-01 2.390747517347335815e-01 7.880027294158935547e-01 5.546672940254211426e-01 4.587976634502410889e-01 5.754172801971435547e-01 4.539086520671844482e-01 2.267207056283950806e-01 4.293333590030670166e-01 8.061594367027282715e-01 5.674877166748046875e-01 5.850129127502441406e-01
2.229599952697753906e-01 5.477301478385925293e-01 1.433512568473815918e-01 7.683675289154052734e-01 2.172455042600631714e-01 8.682365417480468750e-01 6.173650026321411133e-01 2.232518494129180908e-01 4.527305960655212402e-01 1.347963362932205200e-01 4.607585966587066650e-01 2.875654399394989014e-01 6.695073246955871582e-01 7.524996399879455566e-01
4.449824988842010498e-01 1.730004996061325073e-01 1.919837445020675659e-01 8.914049863815307617e-01 4.474482536315917969e-01 1.133459582924842834e-01 3.014020025730133057e-01 4.743465483188629150e-01 3.953883349895477295e-01 6.204947233200073242e-01 5.814465880393981934e-01 4.376552402973175049e-01 4.220525622367858887e-01 3.900177478790283203e-01
9.314125180244445801e-01 2.637443244457244873e-01 5.814767479896545410e-01 2.277624979615211487e-02 8.870834708213806152e-01 3.887223303318023682e-01 6.581820249557495117e-01 8.109511137008666992e-01 2.847885191440582275e-01 5.262615680694580078e-01 3.626168966293334961e-01 8.351101279258728027e-01 6.662802100181579590e-01 5.161268115043640137e-01
4.709349870681762695e-01 3.548451662063598633e-01 7.789080142974853516e-01 1.375962495803833008e-01 1.834249943494796753e-01 8.134646415710449219e-01 4.403123259544372559e-01 4.275271594524383545e-01 3.540597259998321533e-01 7.015519738197326660e-01 2.659958899021148682e-01 1.652585566043853760e-01 6.464298367500305176e-01 4.756507575511932373e-01
9.668574929237365723e-01 1.919428259134292603e-01 6.263830065727233887e-01 8.953624963760375977e-01 9.742457270622253418e-01 7.615771889686584473e-01 1.582150012254714966e-01 8.562248945236206055e-01 2.870535254478454590e-01 6.573680639266967773e-01 6.622806191444396973e-01 8.919325470924377441e-01 5.006716251373291016e-01 2.929999828338623047e-01
7.788749933242797852e-01 1.939969956874847412e-01 7.486305236816406250e-01 8.033400028944015503e-02 7.285297513008117676e-01 6.470609307289123535e-01 3.644200041890144348e-02 7.298551201820373535e-01 3.294356763362884521e-01 5.597494840621948242e-01 4.337997436523437500e-01 7.400066256523132324e-01 5.800007581710815430e-01 4.134601056575775146e-01
1.374125033617019653e-01 5.233963131904602051e-01 5.068612694740295410e-01 4.987154901027679443e-01 1.879700087010860443e-02 5.285377502441406250e-01 6.129043102264404297e-01 1.149432137608528137e-01 5.020825266838073730e-01 5.065785050392150879e-01 5.267456769943237305e-01 7.033693790435791016e-02 5.103132128715515137e-01 4.965876042842864990e-01
4.176250100135803223e-02 2.605246603488922119e-01 8.082550168037414551e-01 7.088400125503540039e-01 9.726099669933319092e-02 8.720312118530273438e-01 5.954156517982482910e-01 6.910573225468397141e-03 2.872733175754547119e-01 8.937412500381469727e-01 6.443733572959899902e-01 6.306497007608413696e-02 5.602321028709411621e-01 6.111904978752136230e-01
9.506275057792663574e-01 6.128249764442443848e-01 1.361224949359893799e-01 7.617350220680236816e-01 9.079587459564208984e-01 9.126816391944885254e-01 9.433433413505554199e-01 7.004811167716979980e-01 3.618115782737731934e-01 3.490453958511352539e-01 4.627791941165924072e-01 7.463111877441406250e-01 5.988909602165222168e-01 6.523199081420898438e-01
4.651749879121780396e-02 7.589908242225646973e-01 3.930207490921020508e-01 1.136192530393600464e-01 9.063389897346496582e-01 3.170475661754608154e-01 4.703536629676818848e-01 3.757306560873985291e-02 7.984712719917297363e-01 3.800579309463500977e-01 9.175781160593032837e-02 9.985105395317077637e-01 5.250492691993713379e-01 1.155128553509712219e-01
2.044575065374374390e-01 6.246816515922546387e-01 3.054497539997100830e-01 6.257774829864501953e-01 8.180882334709167480e-01 8.765958249568939209e-02 9.826537370681762695e-01 2.692124843597412109e-01 5.566350221633911133e-01 3.218998610973358154e-01 6.512038111686706543e-01 6.640504002571105957e-01 4.155323207378387451e-01 5.635818243026733398e-01
3.933550119400024414e-01 7.792611718177795410e-01 2.256225049495697021e-01 4.539837539196014404e-01 9.645607471466064453e-01 5.436675548553466797e-01 9.842261672019958496e-01 4.074512422084808350e-01 5.152831673622131348e-01 1.438996195793151855e-01 4.558128714561462402e-01 8.583253622055053711e-01 5.651461482048034668e-01 6.605707406997680664e-01
7.293300032615661621e-01 2.239926606416702271e-01 4.996367394924163818e-01 4.466232359409332275e-01 4.925682544708251953e-01 9.836612939834594727e-01 9.378047585487365723e-01 6.108779907226562500e-01 3.686085939407348633e-01 6.620252132415771484e-01 4.189527928829193115e-01 3.090168833732604980e-01 5.205324292182922363e-01 3.963287472724914551e-01
3.520975112915039062e-01 3.082848191261291504e-01 7.619307637214660645e-01 2.474567443132400513e-01 8.176295161247253418e-01 9.469219446182250977e-01 7.358211278915405273e-01 3.765676319599151611e-01 3.282115459442138672e-01 5.525363087654113770e-01 4.934439361095428467e-01 8.003643751144409180e-01 6.138212084770202637e-01 5.668035149574279785e-01
9.917999804019927979e-02 8.105639815330505371e-01 9.747987389564514160e-01 7.417950034141540527e-02 1.971040070056915283e-01 8.333922028541564941e-01 1.052133366465568542e-02 9.263567626476287842e-02 5.392621755599975586e-01 5.855104923248291016e-01 3.483143746852874756e-01 2.700653076171875000e-01 5.880072712898254395e-01 3.577424287796020508e-01
1.477124989032745361e-01 7.612910270690917969e-01 7.669077515602111816e-01 8.615375310182571411e-02 2.658597528934478760e-01 6.681354641914367676e-01 5.808043479919433594e-01 1.366217583417892456e-01 4.713420271873474121e-01 5.306628942489624023e-01 3.054307401180267334e-01 3.514033257961273193e-01 6.586040258407592773e-01 4.886906743049621582e-01
5.996025204658508301e-01 2.187239974737167358e-01 2.859387397766113281e-01 6.319125294685363770e-01 7.379267215728759766e-01 7.215978503227233887e-01 7.927479743957519531e-01 5.990911722183227539e-01 3.971434235572814941e-01 4.291279315948486328e-01 5.033140182495117188e-01 6.650810837745666504e-01 5.238170027732849121e-01 5.303043127059936523e-01
3.538450002670288086e-01 1.902383267879486084e-01 2.484862506389617920e-01 5.129550099372863770e-01 3.490292429924011230e-01 5.120608806610107422e-01 6.247966736555099487e-02 4.123787283897399902e-01 4.171560704708099365e-01 5.757310986518859863e-01 4.711110889911651611e-01 3.567964136600494385e-01 4.973326921463012695e-01 3.962727487087249756e-01
6.259425282478332520e-01 3.014331758022308350e-01 1.485912501811981201e-01 4.580957591533660889e-01 7.705637216567993164e-01 8.267338275909423828e-01 2.553633451461791992e-01 5.808236002922058105e-01 4.700800776481628418e-01 2.364439666271209717e-01 3.935441076755523682e-01 7.206576466560363770e-01 5.544232726097106934e-01 5.382848978042602539e-01
6.271250247955322266e-01 1.996716707944869995e-01 8.539312481880187988e-01 7.863399982452392578e-01 3.019177615642547607e-01 6.361659765243530273e-01 9.492045044898986816e-01 7.406151890754699707e-01 2.017873227596282959e-01 7.821807861328125000e-01 5.878268480300903320e-01 2.024275809526443481e-01 5.485690832138061523e-01 6.381860971450805664e-01
7.883725166320800781e-01 6.593629717826843262e-01 8.596755266189575195e-01 2.987412512302398682e-01 7.223179936408996582e-01 4.795535206794738770e-01 9.717208743095397949e-01 7.235898971557617188e-01 4.514069855213165283e-01 3.701733350753784180e-01 5.315029025077819824e-01 5.566728711128234863e-01 4.737827479839324951e-01 4.817401766777038574e-01
2.356700003147125244e-01 5.783045291900634766e-01 5.420337319374084473e-01 6.593250036239624023e-01 6.885660290718078613e-01 7.283633351325988770e-01 1.879143267869949341e-01 3.279289901256561279e-01 4.823147356510162354e-01 4.614574611186981201e-01 5.064699053764343262e-01 7.942176461219787598e-01 4.886105656623840332e-01 4.398528039455413818e-01
2.768650054931640625e-01 3.343124985694885254e-01 1.403087526559829712e-01 9.292724728584289551e-01 6.357747316360473633e-01 5.279412865638732910e-01 7.147667407989501953e-01 3.403471708297729492e-01 4.699897766113281250e-01 3.215654492378234863e-01 7.525413036346435547e-01 7.033809423446655273e-01 4.464150369167327881e-01 6.935967803001403809e-01
1.083974987268447876e-01 7.824605107307434082e-01 1.283230036497116089e-01 8.469774723052978516e-01 7.821302413940429688e-01 9.846647381782531738e-01 3.239319920539855957e-01 2.782187052071094513e-02 8.297349810600280762e-01 8.439528197050094604e-02 1.094150990247726440e-01 8.694528341293334961e-01 7.547786235809326172e-01 1.508074402809143066e-01
8.034999668598175049e-02 8.062493205070495605e-01 4.360064864158630371e-01 7.908400297164916992e-01 3.615710139274597168e-01 4.221536219120025635e-01 8.304058909416198730e-01 5.738731846213340759e-02 6.796686053276062012e-01 4.426697790622711182e-01 7.912446260452270508e-01 4.761905968189239502e-01 3.451288044452667236e-01 6.689416766166687012e-01
4.364775121212005615e-01 5.137766599655151367e-01 9.151265025138854980e-01 7.698475122451782227e-01 8.470377326011657715e-01 1.177074760198593140e-01 1.468826681375503540e-01 4.899749457836151123e-01 4.282408654689788818e-01 7.166013121604919434e-01 8.226033449172973633e-01 8.777123689651489258e-01 3.325616121292114258e-01 3.580576181411743164e-01
3.643549978733062744e-01 8.031976819038391113e-01 6.656810045242309570e-01 1.120777502655982971e-01 2.856124937534332275e-02 5.675760507583618164e-01 7.655128836631774902e-01 2.056837528944015503e-01 5.319806933403015137e-01 4.265494644641876221e-01 3.736238479614257812e-01 3.942785412073135376e-02 5.750085115432739258e-01 4.293782413005828857e-01
7.612250000238418579e-02 6.363673210144042969e-01 3.854382634162902832e-01 1.954012513160705566e-01 8.093104958534240723e-01 5.679041147232055664e-01 5.694033205509185791e-02 7.583491504192352295e-02 6.109594702720642090e-01 4.063349068164825439e-01 6.923199445009231567e-02 9.958777427673339844e-01 6.841927766799926758e-01 1.648511886596679688e-01
4.019599854946136475e-01 4.681201577186584473e-01 5.185887217521667480e-01 3.967222571372985840e-01 2.856342494487762451e-01 2.351643443107604980e-01 5.484333261847496033e-02 3.900666534900665283e-01 5.101699233055114746e-01 5.174061655998229980e-01 5.444446206092834473e-01 2.919048070907592773e-01 3.998714983463287354e-01 3.281689286231994629e-01
3.915224969387054443e-01 4.399886727333068848e-01 3.655945062637329102e-01 6.860575079917907715e-01 7.004935145378112793e-01 8.386942744255065918e-02 3.685076534748077393e-01 4.326326251029968262e-01 5.069016218185424805e-01 5.767208933830261230e-01 6.716749072074890137e-01 6.686744093894958496e-01 3.552799224853515625e-01 3.574721217155456543e-01
2.096750028431415558e-02 3.860625028610229492e-01 2.796250022947788239e-02 2.733870148658752441e-01 9.157245159149169922e-01 5.558437108993530273e-01 5.390610098838806152e-01 5.024179816246032715e-02 7.443982958793640137e-01 1.674098968505859375e-01 1.021298244595527649e-01 8.493905067443847656e-01 7.433539628982543945e-01 1.771301925182342529e-01
1.382649987936019897e-01 4.242379963397979736e-01 3.870057463645935059e-01 2.739222645759582520e-01 1.535300016403198242e-01 8.454275727272033691e-01 6.823347806930541992e-01 1.080125942826271057e-01 5.063437819480895996e-01 4.531802833080291748e-01 4.053108394145965576e-01 1.585887670516967773e-01 6.311860680580139160e-01 5.283644795417785645e-01
7.619249820709228516e-01 5.623946785926818848e-01 7.566737532615661621e-01 5.573624968528747559e-01 1.388995051383972168e-01 9.981855750083923340e-01 3.868726789951324463e-01 8.807985186576843262e-01 4.182051420211791992e-01 6.294821500778198242e-01 4.985750019550323486e-01 1.292669922113418579e-01 4.935421645641326904e-01 5.371847748756408691e-01
9.969300031661987305e-01 1.853153407573699951e-01 5.946162343025207520e-01 3.194234967231750488e-01 6.363099813461303711e-02 1.232825219631195068e-01 3.152573406696319580e-01 9.493081569671630859e-01 1.785816997289657593e-01 8.363617658615112305e-01 5.969172120094299316e-01 5.913279205560684204e-02 5.629500746726989746e-01 7.634146213531494141e-01
6.583349704742431641e-01 3.264728188514709473e-01 1.187812536954879761e-01 7.566974759101867676e-01 1.733645051717758179e-01 5.806132405996322632e-02 2.242893278598785400e-01 7.480255961418151855e-01 5.166693329811096191e-01 4.913290441036224365e-01 5.273253917694091797e-01 1.533621549606323242e-01 4.049928784370422363e-01 3.841155767440795898e-01
2.817200124263763428e-01 2.428318262100219727e-01 6.349735260009765625e-01 5.497174859046936035e-01 5.123487710952758789e-01 2.889033406972885132e-02 4.576143324375152588e-01 3.818248510360717773e-01 2.816664576530456543e-01 7.365753054618835449e-01 5.156013369560241699e-01 5.622534751892089844e-01 5.402426719665527344e-01 4.416504502296447754e-01
3.660899996757507324e-01 2.527939975261688232e-01 7.037402391433715820e-01 5.978599786758422852e-01 6.748697757720947266e-01 7.463386654853820801e-01 2.581023275852203369e-01 3.906418085098266602e-01 2.833821773529052734e-01 7.235872745513916016e-01 6.443743109703063965e-01 7.315743565559387207e-01 5.178015232086181641e-01 4.005948603153228760e-01
5.189650058746337891e-01 2.451331615447998047e-01 6.070244908332824707e-01 7.364624738693237305e-01 9.460164904594421387e-01 6.749446392059326172e-01 2.121790051460266113e-01 5.848705172538757324e-01 3.316205441951751709e-01 7.016090750694274902e-01 6.421876549720764160e-01 9.192169308662414551e-01 4.998296499252319336e-01 3.309960961341857910e-01
1.445074975490570068e-01 4.729340076446533203e-01 7.897175103425979614e-02 8.761600255966186523e-01 3.548862636089324951e-01 5.823444724082946777e-01 3.159376680850982666e-01 1.268781572580337524e-01 5.715212821960449219e-01 1.516513377428054810e-01 7.060855627059936523e-01 4.767208099365234375e-01 4.705112576484680176e-01 7.694579958915710449e-01
1.979175060987472534e-01 6.752796769142150879e-01 4.547674953937530518e-02 7.874624729156494141e-01 5.690722465515136719e-01 2.273631244897842407e-01 9.522694349288940430e-01 1.492360830307006836e-01 7.391674518585205078e-01 1.128163188695907593e-01 8.293033242225646973e-01 5.022899508476257324e-01 2.729612886905670166e-01 7.015326619148254395e-01
4.052499774843454361e-03 4.715193212032318115e-01 8.828007578849792480e-01 7.200124859809875488e-01 7.454494833946228027e-01 2.316546440124511719e-01 9.594941139221191406e-01 5.552691407501697540e-03 4.353322982788085938e-01 8.994212746620178223e-01 8.565406799316406250e-01 6.562201380729675293e-01 3.976303935050964355e-01 6.489351391792297363e-01
6.403974890708923340e-01 1.812776625156402588e-01 7.186290025711059570e-01 1.826110035181045532e-01 9.235674738883972168e-01 1.713234335184097290e-01 7.629056572914123535e-01 5.604323744773864746e-01 3.991633653640747070e-01 6.271090507507324219e-01 6.442862749099731445e-01 7.858751416206359863e-01 4.282336831092834473e-01 3.503545224666595459e-01
8.557350039482116699e-01 3.413478434085845947e-01 6.399185061454772949e-01 4.771282374858856201e-01 2.543214857578277588e-01 6.311722993850708008e-01 6.887222528457641602e-01 8.724426031112670898e-01 4.109735488891601562e-01 6.440096497535705566e-01 5.200808644294738770e-01 2.074475288391113281e-01 4.591723084449768066e-01 4.669326841831207275e-01
