3.401150107383728027e-01 4.098608195781707764e-01 8.265535235404968262e-01 2.340075001120567322e-02 8.499457240104675293e-01 5.403444170951843262e-01 9.904894232749938965e-01 3.180708885192871094e-01 3.785265684127807617e-01 5.094478726387023926e-01 2.967339158058166504e-01 6.786392927169799805e-01 6.007586121559143066e-01 6.234506368637084961e-01
3.538450002670288086e-01 1.902383267879486084e-01 2.484862506389617920e-01 5.129550099372863770e-01 3.490292429924011230e-01 5.120608806610107422e-01 6.247966736555099487e-02 3.727766275405883789e-01 3.702871501445770264e-01 5.367925763130187988e-01 4.184273481369018555e-01 3.782738149166107178e-01 4.852525889873504639e-01 4.477500915527343750e-01
1.999824941158294678e-01 4.529278278350830078e-01 1.536564975976943970e-01 5.150550007820129395e-01 2.908100001513957977e-02 4.583289027214050293e-01 5.162556767463684082e-01 1.774428188800811768e-01 5.485167503356933594e-01 3.898120224475860596e-01 5.448773503303527832e-01 5.564055591821670532e-02 4.344419240951538086e-01 5.437512993812561035e-01
8.034999668598175049e-02 8.062493205070495605e-01 4.360064864158630371e-01 7.908400297164916992e-01 3.615710139274597168e-01 4.221536219120025635e-01 8.304058909416198730e-01 3.157324716448783875e-02 7.287007570266723633e-01 6.121402978897094727e-01 8.001200556755065918e-01 4.338178336620330811e-01 2.428616881370544434e-01 6.466026902198791504e-01
1.083974987268447876e-01 7.824605107307434082e-01 1.283230036497116089e-01 8.469774723052978516e-01 7.821302413940429688e-01 9.846647381782531738e-01 3.239319920539855957e-01 4.614607989788055420e-02 6.540129184722900391e-01 8.962092548608779907e-02 4.501701891422271729e-01 8.421983718872070312e-01 7.711108922958374023e-01 2.845900058746337891e-01
2.768650054931640625e-01 3.343124985694885254e-01 1.403087526559829712e-01 9.292724728584289551e-01 6.357747316360473633e-01 5.279412865638732910e-01 7.147667407989501953e-01 3.012669682502746582e-01 5.235375761985778809e-01 2.087612450122833252e-01 8.342531323432922363e-01 6.425320506095886230e-01 4.549475014209747314e-01 7.326825261116027832e-01
1.374125033617019653e-01 5.233963131904602051e-01 5.068612694740295410e-01 4.987154901027679443e-01 1.879700087010860443e-02 5.285377502441406250e-01 6.129043102264404297e-01 9.858880192041397095e-02 5.169152021408081055e-01 5.482997894287109375e-01 5.687887668609619141e-01 4.493266716599464417e-02 3.766862452030181885e-01 4.912464022636413574e-01
1.445074975490570068e-01 4.729340076446533203e-01 7.897175103425979614e-02 8.761600255966186523e-01 3.548862636089324951e-01 5.823444724082946777e-01 3.159376680850982666e-01 7.958066463470458984e-02 6.221391558647155762e-01 1.403226107358932495e-01 7.899350523948669434e-01 3.629695475101470947e-01 4.726425409317016602e-01 7.518160343170166016e-01
9.728350043296813965e-01 1.728146672248840332e-01 3.561397492885589600e-01 8.527474999427795410e-01 2.137182503938674927e-01 9.482091665267944336e-01 8.089429736137390137e-01 8.406301736831665039e-01 2.096831649541854858e-01 6.500071883201599121e-01 7.786079645156860352e-01 1.662224233150482178e-01 4.530394375324249268e-01 6.627691388130187988e-01
4.709349870681762695e-01 3.548451662063598633e-01 7.789080142974853516e-01 1.375962495803833008e-01 1.834249943494796753e-01 8.134646415710449219e-01 4.403123259544372559e-01 4.336950778961181641e-01 3.380403518676757812e-01 6.762365102767944336e-01 1.791790425777435303e-01 2.271810173988342285e-01 6.039808392524719238e-01 4.594460427761077881e-01
4.699699878692626953e-01 2.541689872741699219e-01 2.573255002498626709e-01 7.542175054550170898e-01 2.843067646026611328e-01 6.752315908670425415e-02 9.036083221435546875e-01 4.229846894741058350e-01 3.215647637844085693e-01 5.824109911918640137e-01 5.966968536376953125e-01 2.079203426837921143e-01 3.874418139457702637e-01 4.784987866878509521e-01
6.271250247955322266e-01 1.996716707944869995e-01 8.539312481880187988e-01 7.863399982452392578e-01 3.019177615642547607e-01 6.361659765243530273e-01 9.492045044898986816e-01 6.638242602348327637e-01 1.801417469978332520e-01 6.652578711509704590e-01 7.819682359695434570e-01 2.081317305564880371e-01 4.211226403713226318e-01 6.314650774002075195e-01
9.855474829673767090e-01 2.033886611461639404e-01 9.584337472915649414e-01 7.117875218391418457e-01 6.930927634239196777e-01 5.881259441375732422e-01 3.790040016174316406e-01 9.525336027145385742e-01 2.300899177789688110e-01 7.446714043617248535e-01 7.720613479614257812e-01 7.697044014930725098e-01 4.684080779552459717e-01 3.071340024471282959e-01
3.339149951934814453e-01 4.823488295078277588e-01 9.623647332191467285e-01 4.525727629661560059e-01 6.711884737014770508e-01 8.217902779579162598e-01 1.188416630029678345e-01 3.363959193229675293e-01 3.405291140079498291e-01 7.224932312965393066e-01 5.610342025756835938e-01 7.092325687408447266e-01 4.935384094715118408e-01 3.585808575153350830e-01
2.356700003147125244e-01 5.783045291900634766e-01 5.420337319374084473e-01 6.593250036239624023e-01 6.885660290718078613e-01 7.283633351325988770e-01 1.879143267869949341e-01 2.484372258186340332e-01 5.573338866233825684e-01 6.159765720367431641e-01 5.016738772392272949e-01 7.779366970062255859e-01 3.904474973678588867e-01 4.147804081439971924e-01
6.403974890708923340e-01 1.812776625156402588e-01 7.186290025711059570e-01 1.826110035181045532e-01 9.235674738883972168e-01 1.713234335184097290e-01 7.629056572914123535e-01 6.066453456878662109e-01 3.868382275104522705e-01 6.701683402061462402e-01 6.285199522972106934e-01 8.144969344139099121e-01 4.754272699356079102e-01 3.740885555744171143e-01
7.293300032615661621e-01 2.239926606416702271e-01 4.996367394924163818e-01 4.466232359409332275e-01 4.925682544708251953e-01 9.836612939834594727e-01 9.378047585487365723e-01 5.695548057556152344e-01 3.174860477447509766e-01 6.315993070602416992e-01 4.537802040576934814e-01 3.407084643840789795e-01 4.581852555274963379e-01 3.695498108863830566e-01
1.180450022220611572e-01 5.258161425590515137e-01 3.197174891829490662e-02 3.379600048065185547e-01 1.635382473468780518e-01 3.489731252193450928e-01 4.183226525783538818e-01 1.257141232490539551e-01 6.006318330764770508e-01 1.511346697807312012e-01 3.955558240413665771e-01 1.696067452430725098e-01 6.839490532875061035e-01 6.208153963088989258e-01
3.900099992752075195e-01 2.739291787147521973e-01 3.150264918804168701e-01 3.430207371711730957e-01 1.287014931440353394e-01 9.063737392425537109e-01 5.168513059616088867e-01 3.203296959400177002e-01 4.913539588451385498e-01 4.934204816818237305e-01 3.445008397102355957e-01 1.059078872203826904e-01 5.358030200004577637e-01 4.375980794429779053e-01
2.044575065374374390e-01 6.246816515922546387e-01 3.054497539997100830e-01 6.257774829864501953e-01 8.180882334709167480e-01 8.765958249568939209e-02 9.826537370681762695e-01 2.124366909265518188e-01 6.130601167678833008e-01 2.804511785507202148e-01 6.831024885177612305e-01 5.906453728675842285e-01 3.574278354644775391e-01 6.108742356300354004e-01
5.113499760627746582e-01 2.378431707620620728e-01 3.455624878406524658e-01 2.148524969816207886e-01 8.313295245170593262e-01 2.577446401119232178e-01 6.638646721839904785e-01 5.806664824485778809e-01 4.244874417781829834e-01 4.009935557842254639e-01 4.383015632629394531e-01 8.257554173469543457e-01 5.762058496475219727e-01 5.777046680450439453e-01
5.189650058746337891e-01 2.451331615447998047e-01 6.070244908332824707e-01 7.364624738693237305e-01 9.460164904594421387e-01 6.749446392059326172e-01 2.121790051460266113e-01 6.373855471611022949e-01 3.509818911552429199e-01 7.371157407760620117e-01 5.579054951667785645e-01 9.437652230262756348e-01 5.897638797760009766e-01 3.364153802394866943e-01
4.539249837398529053e-02 6.400160193443298340e-01 1.193045005202293396e-01 2.625067532062530518e-01 2.417974919080734253e-02 8.794419169425964355e-01 3.599239885807037354e-01 1.253185048699378967e-02 7.209755778312683105e-01 6.365336477756500244e-02 1.259925365447998047e-01 1.893070153892040253e-02 9.525877833366394043e-01 4.687519669532775879e-01
2.817200124263763428e-01 2.428318262100219727e-01 6.349735260009765625e-01 5.497174859046936035e-01 5.123487710952758789e-01 2.889033406972885132e-02 4.576143324375152588e-01 2.811866104602813721e-01 2.785466313362121582e-01 7.227558493614196777e-01 5.594949722290039062e-01 5.474771261215209961e-01 4.542167186737060547e-01 3.977850079536437988e-01
5.774924755096435547e-01 4.571650028228759766e-01 1.816727519035339355e-01 2.390747517347335815e-01 7.880027294158935547e-01 5.546672940254211426e-01 4.587976634502410889e-01 5.509924888610839844e-01 6.015347838401794434e-01 1.810411661863327026e-01 4.951569139957427979e-01 7.998411059379577637e-01 5.464375615119934082e-01 5.815259814262390137e-01
2.943474948406219482e-01 6.059141755104064941e-01 3.404900133609771729e-01 5.019899830222129822e-02 9.364472627639770508e-01 3.801256418228149414e-01 3.225743472576141357e-01 3.013620376586914062e-01 6.603214740753173828e-01 3.563686907291412354e-01 1.712036728858947754e-01 9.857180118560791016e-01 5.167942643165588379e-01 4.044270515441894531e-01
4.052499774843454361e-03 4.715193212032318115e-01 8.828007578849792480e-01 7.200124859809875488e-01 7.454494833946228027e-01 2.316546440124511719e-01 9.594941139221191406e-01 3.093273378908634186e-03 5.937864780426025391e-01 9.413960576057434082e-01 8.894945383071899414e-01 6.375993490219116211e-01 2.443884462118148804e-01 6.205197572708129883e-01
1.640650033950805664e-01 2.728306651115417480e-01 5.832762718200683594e-01 5.042325258255004883e-01 4.812425076961517334e-01 8.335813879966735840e-02 5.751573443412780762e-01 1.927129179239273071e-01 4.116674363613128662e-01 7.129241824150085449e-01 5.672466754913330078e-01 4.228323101997375488e-01 3.708816170692443848e-01 3.545702993869781494e-01
1.284125000238418579e-01 1.719155013561248779e-01 5.350260138511657715e-01 2.646502554416656494e-01 8.763049840927124023e-01 5.629256367683410645e-01 3.499099984765052795e-02 8.863804489374160767e-02 3.377334177494049072e-01 8.141019940376281738e-01 3.000639081001281738e-01 9.580485820770263672e-01 5.988279581069946289e-01 3.625175356864929199e-01
9.378799796104431152e-01 2.468235045671463013e-01 8.417827486991882324e-01 2.632252573966979980e-01 5.194742679595947266e-01 5.607881546020507812e-01 8.390653729438781738e-01 9.159656763076782227e-01 3.567839562892913818e-01 6.498394012451171875e-01 5.528080463409423828e-01 5.138356685638427734e-01 4.825310409069061279e-01 3.698472082614898682e-01
9.908249974250793457e-02 3.643186688423156738e-01 3.800162374973297119e-01 4.586944878101348877e-01 9.990582466125488281e-01 2.283266633749008179e-01 8.083066344261169434e-02 9.186135232448577881e-02 6.279224157333374023e-01 8.137624859809875488e-01 4.286877512931823730e-01 9.915030002593994141e-01 4.619836211204528809e-01 3.372664749622344971e-01
6.951050162315368652e-01 5.479220151901245117e-01 3.075642585754394531e-01 9.796925187110900879e-01 4.516704976558685303e-01 1.952718198299407959e-01 1.101979985833168030e-01 7.847390174865722656e-01 5.516930818557739258e-01 5.532059669494628906e-01 6.905515193939208984e-01 4.741259515285491943e-01 2.637023031711578369e-01 3.318546414375305176e-01
3.933550119400024414e-01 7.792611718177795410e-01 2.256225049495697021e-01 4.539837539196014404e-01 9.645607471466064453e-01 5.436675548553466797e-01 9.842261672019958496e-01 3.015480041503906250e-01 6.906452775001525879e-01 8.502714335918426514e-02 5.174121260643005371e-01 8.320292830467224121e-01 5.365069508552551270e-01 6.589163541793823242e-01
5.287899971008300781e-01 6.729981899261474609e-01 9.072967767715454102e-01 8.702225089073181152e-01 9.707217216491699219e-01 4.525095969438552856e-02 5.235880017280578613e-01 5.555304884910583496e-01 6.362339258193969727e-01 8.167955875396728516e-01 8.874979019165039062e-01 9.402042627334594727e-01 2.173687517642974854e-01 3.815640509128570557e-01
7.809500098228454590e-01 5.252936482429504395e-01 8.591882586479187012e-01 8.087325096130371094e-01 9.970407485961914062e-01 2.341383844614028931e-01 6.756131649017333984e-01 8.382707238197326660e-01 6.200036406517028809e-01 7.278647422790527344e-01 8.713963031768798828e-01 9.255725145339965820e-01 2.370933741331100464e-01 4.009236395359039307e-01
8.591175079345703125e-01 5.583998560905456543e-01 7.405387759208679199e-01 9.984325170516967773e-01 9.162707328796386719e-01 5.616476535797119141e-01 1.942483335733413696e-01 8.203392624855041504e-01 5.031008720397949219e-01 7.536693215370178223e-01 8.820328712463378906e-01 8.824660778045654297e-01 2.793723344802856445e-01 3.483408093452453613e-01
4.319350123405456543e-01 2.201023399829864502e-01 2.271544933319091797e-01 2.004617452621459961e-01 7.734645009040832520e-01 1.259227246046066284e-01 8.821533918380737305e-01 4.481441676616668701e-01 4.240439236164093018e-01 4.336828589439392090e-01 3.737873733043670654e-01 6.401148438453674316e-01 5.338948369026184082e-01 5.407142043113708496e-01
1.074424982070922852e-01 3.771494925022125244e-01 7.191944718360900879e-01 7.471150159835815430e-01 2.170749939978122711e-02 7.507810741662979126e-02 2.692546546459197998e-01 1.241657733917236328e-01 3.160712718963623047e-01 7.130044102668762207e-01 6.540433764457702637e-01 5.089931562542915344e-02 3.228552341461181641e-01 4.967463910579681396e-01
4.109925031661987305e-01 6.649144887924194336e-01 8.350780010223388672e-01 9.475824832916259766e-01 4.614642560482025146e-01 5.095159411430358887e-01 3.747733309864997864e-02 4.249050915241241455e-01 5.691490173339843750e-01 6.141983270645141602e-01 7.896595001220703125e-01 5.066455006599426270e-01 2.402524352073669434e-01 4.357499778270721436e-01
7.612250000238418579e-02 6.363673210144042969e-01 3.854382634162902832e-01 1.954012513160705566e-01 8.093104958534240723e-01 5.679041147232055664e-01 5.694033205509185791e-02 5.537484213709831238e-02 6.651860475540161133e-01 4.573420286178588867e-01 1.314249187707901001e-01 9.912575483322143555e-01 5.806470513343811035e-01 3.654668629169464111e-01
1.661400049924850464e-01 6.121063232421875000e-01 9.414732456207275391e-01 3.537087440490722656e-01 2.443282455205917358e-01 5.430192947387695312e-01 2.133366614580154419e-01 1.409653872251510620e-01 4.266138076782226562e-01 7.022142410278320312e-01 4.359763562679290771e-01 3.106822669506072998e-01 4.225964546203613281e-01 3.749477863311767578e-01
3.915224969387054443e-01 4.399886727333068848e-01 3.655945062637329102e-01 6.860575079917907715e-01 7.004935145378112793e-01 8.386942744255065918e-02 3.685076534748077393e-01 4.553071856498718262e-01 5.248061418533325195e-01 5.694131851196289062e-01 6.225379109382629395e-01 6.821938157081604004e-01 3.496867716312408447e-01 4.324308633804321289e-01
8.015725016593933105e-01 5.923038125038146973e-01 7.747370004653930664e-01 5.414500087499618530e-02 3.919857442378997803e-01 7.450779676437377930e-01 2.157640010118484497e-01 8.177465200424194336e-01 5.676983594894409180e-01 4.867509305477142334e-01 2.500432729721069336e-01 4.229155480861663818e-01 5.796404480934143066e-01 3.603682518005371094e-01
4.364775121212005615e-01 5.137766599655151367e-01 9.151265025138854980e-01 7.698475122451782227e-01 8.470377326011657715e-01 1.177074760198593140e-01 1.468826681375503540e-01 4.898523688316345215e-01 4.740272462368011475e-01 7.906541228294372559e-01 8.500881791114807129e-01 8.951226472854614258e-01 3.343648910522460938e-01 3.809369504451751709e-01
9.506275057792663574e-01 6.128249764442443848e-01 1.361224949359893799e-01 7.617350220680236816e-01 9.079587459564208984e-01 9.126816391944885254e-01 9.433433413505554199e-01 7.855094671249389648e-01 4.575448036193847656e-01 2.937180995941162109e-01 5.583012104034423828e-01 8.252782225608825684e-01 6.706388592720031738e-01 7.188165187835693359e-01
6.312825083732604980e-01 2.546228468418121338e-01 5.712372660636901855e-01 3.460980057716369629e-01 6.178572773933410645e-01 4.528657495975494385e-01 1.277023404836654663e-01 6.984912753105163574e-01 3.523655533790588379e-01 6.131493449211120605e-01 3.807360529899597168e-01 6.405130028724670410e-01 5.266064405441284180e-01 3.229900896549224854e-01
2.720350027084350586e-01 8.071784973144531250e-01 8.371084928512573242e-01 4.278457462787628174e-01 8.059327602386474609e-01 8.791138529777526855e-01 5.675200223922729492e-01 2.218706905841827393e-01 6.184126138687133789e-01 5.533100366592407227e-01 4.049890041351318359e-01 9.413650035858154297e-01 4.295764863491058350e-01 4.336635470390319824e-01
7.883725166320800781e-01 6.593629717826843262e-01 8.596755266189575195e-01 2.987412512302398682e-01 7.223179936408996582e-01 4.795535206794738770e-01 9.717208743095397949e-01 7.437059283256530762e-01 5.186209678649902344e-01 4.655146896839141846e-01 5.369092822074890137e-01 5.731359720230102539e-01 4.257501363754272461e-01 4.405853748321533203e-01
7.788749933242797852e-01 1.939969956874847412e-01 7.486305236816406250e-01 8.033400028944015503e-02 7.285297513008117676e-01 6.470609307289123535e-01 3.644200041890144348e-02 6.819519400596618652e-01 3.715077042579650879e-01 6.307126879692077637e-01 5.249178409576416016e-01 6.930105090141296387e-01 4.581052064895629883e-01 3.213319480419158936e-01
9.668574929237365723e-01 1.919428259134292603e-01 6.263830065727233887e-01 8.953624963760375977e-01 9.742457270622253418e-01 7.615771889686584473e-01 1.582150012254714966e-01 9.032938480377197266e-01 2.912538945674896240e-01 7.618410587310791016e-01 7.102136015892028809e-01 9.102586507797241211e-01 5.292730331420898438e-01 2.791569828987121582e-01
2.096750028431415558e-02 3.860625028610229492e-01 2.796250022947788239e-02 2.733870148658752441e-01 9.157245159149169922e-01 5.558437108993530273e-01 5.390610098838806152e-01 3.959165513515472412e-02 6.145853996276855469e-01 1.748877018690109253e-01 3.546668887138366699e-01 8.360254168510437012e-01 7.482954859733581543e-01 3.270484805107116699e-01
2.172224968671798706e-01 5.670261383056640625e-01 8.740835189819335938e-01 9.835324883460998535e-01 9.697797298431396484e-01 9.299288988113403320e-01 4.750596582889556885e-01 2.339403778314590454e-01 4.775504767894744873e-01 8.908065557479858398e-01 8.263589143753051758e-01 9.906625151634216309e-01 4.859229326248168945e-01 3.505412042140960693e-01
9.917999804019927979e-02 8.105639815330505371e-01 9.747987389564514160e-01 7.417950034141540527e-02 1.971040070056915283e-01 8.333922028541564941e-01 1.052133366465568542e-02 8.938980102539062500e-02 5.769272446632385254e-01 6.197980046272277832e-01 3.180771172046661377e-01 2.469688504934310913e-01 5.700345039367675781e-01 3.705598413944244385e-01
6.259425282478332520e-01 3.014331758022308350e-01 1.485912501811981201e-01 4.580957591533660889e-01 7.705637216567993164e-01 8.267338275909423828e-01 2.553633451461791992e-01 6.040092110633850098e-01 5.734171271324157715e-01 2.283529639244079590e-01 3.994417786598205566e-01 7.249090671539306641e-01 5.669401288032531738e-01 5.267734527587890625e-01
9.314125180244445801e-01 2.637443244457244873e-01 5.814767479896545410e-01 2.277624979615211487e-02 8.870834708213806152e-01 3.887223303318023682e-01 6.581820249557495117e-01 8.224399685859680176e-01 3.716544210910797119e-01 4.917369782924652100e-01 3.613644242286682129e-01 8.545393943786621094e-01 6.646255850791931152e-01 5.288808941841125488e-01
1.987649947404861450e-01 2.743841707706451416e-01 9.119752645492553711e-01 9.380350112915039062e-01 6.959974765777587891e-01 3.948940336704254150e-01 7.560707330703735352e-01 1.686355024576187134e-01 1.961585283279418945e-01 8.332958221435546875e-01 8.885733485221862793e-01 7.587211132049560547e-01 4.573068916797637939e-01 5.445201396942138672e-01
3.586100041866302490e-01 7.043098211288452148e-01 5.855717658996582031e-01 1.687217503786087036e-01 6.629977226257324219e-01 5.079816281795501709e-02 9.374176859855651855e-01 4.023925364017486572e-01 5.527523159980773926e-01 2.133856266736984253e-01 5.100930333137512207e-01 5.030422210693359375e-01 5.486207604408264160e-01 5.760918259620666504e-01
6.583349704742431641e-01 3.264728188514709473e-01 1.187812536954879761e-01 7.566974759101867676e-01 1.733645051717758179e-01 5.806132405996322632e-02 2.242893278598785400e-01 7.612252831459045410e-01 4.803932011127471924e-01 5.389514565467834473e-01 4.211307466030120850e-01 1.732218563556671143e-01 4.515416026115417480e-01 4.133286774158477783e-01
3.434999883174896240e-01 5.211371779441833496e-01 8.041267395019531250e-01 5.010049939155578613e-01 4.457629919052124023e-01 6.407568454742431641e-01 4.862506687641143799e-01 3.408063054084777832e-01 3.533338606357574463e-01 6.410739421844482422e-01 4.876124858856201172e-01 5.053313374519348145e-01 4.466648995876312256e-01 3.700840771198272705e-01
9.764050245285034180e-01 7.269231677055358887e-01 2.711445093154907227e-01 3.747839927673339844e-01 6.142227649688720703e-01 8.628149628639221191e-01 3.085440099239349365e-01 8.010551333427429199e-01 6.629672646522521973e-01 3.753343224525451660e-01 4.510303437709808350e-01 5.409894585609436035e-01 4.485242962837219238e-01 3.925440311431884766e-01
7.798550128936767578e-01 4.261656701564788818e-01 2.231547534465789795e-01 9.638224840164184570e-01 8.622482419013977051e-01 3.938568830490112305e-01 6.200990080833435059e-01 7.419965863227844238e-01 5.307505130767822266e-01 5.116039514541625977e-01 8.094714879989624023e-01 8.215865492820739746e-01 3.550511300563812256e-01 5.160550475120544434e-01
1.382649987936019897e-01 4.242379963397979736e-01 3.870057463645935059e-01 2.739222645759582520e-01 1.535300016403198242e-01 8.454275727272033691e-01 6.823347806930541992e-01 8.400625735521316528e-02 5.258871316909790039e-01 5.553923249244689941e-01 3.321127295494079590e-01 1.228402331471443176e-01 5.401757359504699707e-01 4.634975790977478027e-01
3.992750123143196106e-02 6.035388112068176270e-01 6.669340133666992188e-01 4.333457648754119873e-01 3.646380007266998291e-01 2.555052638053894043e-01 2.414180040359497070e-01 3.623761981725692749e-02 5.937694311141967773e-01 7.315950989723205566e-01 4.140125513076782227e-01 3.790585994720458984e-01 4.496023058891296387e-01 4.465992748737335205e-01
3.643549978733062744e-01 8.031976819038391113e-01 6.656810045242309570e-01 1.120777502655982971e-01 2.856124937534332275e-02 5.675760507583618164e-01 7.655128836631774902e-01 2.727675735950469971e-01 5.937095284461975098e-01 4.452378153800964355e-01 3.608765602111816406e-01 3.673467785120010376e-02 5.426796078681945801e-01 4.343098700046539307e-01
8.442950248718261719e-01 5.838288068771362305e-01 1.733697503805160522e-01 6.421350240707397461e-01 7.646177411079406738e-01 4.676388800144195557e-01 7.017969489097595215e-01 7.529430985450744629e-01 5.870866179466247559e-01 2.131958752870559692e-01 7.140550017356872559e-01 7.401094436645507812e-01 5.324522852897644043e-01 6.257403492927551270e-01
5.692874789237976074e-01 3.641664981842041016e-01 4.404575005173683167e-02 2.932477593421936035e-01 7.343674898147583008e-01 8.351206779479980469e-01 5.881213545799255371e-01 4.455430507659912109e-01 5.605180859565734863e-01 2.262830138206481934e-01 3.900859057903289795e-01 6.385118365287780762e-01 5.616436004638671875e-01 5.229331851005554199e-01
4.601399898529052734e-01 4.738574922084808350e-01 6.792887449264526367e-01 2.801632583141326904e-01 7.813665270805358887e-01 9.392333030700683594e-02 8.295833319425582886e-02 5.848564505577087402e-01 5.543549656867980957e-01 3.655834197998046875e-01 4.658438265323638916e-01 8.302578926086425781e-01 4.520609676837921143e-01 4.777342379093170166e-01
1.802050024271011353e-01 4.150078296661376953e-01 3.737749904394149780e-02 1.352314949035644531e-01 7.568194866180419922e-01 6.386690586805343628e-02 7.936084270477294922e-01 2.273838371038436890e-01 5.723598003387451172e-01 2.178614288568496704e-01 3.127339780330657959e-01 6.844382882118225098e-01 5.397158861160278320e-01 5.091632604598999023e-01
3.520975112915039062e-01 3.082848191261291504e-01 7.619307637214660645e-01 2.474567443132400513e-01 8.176295161247253418e-01 9.469219446182250977e-01 7.358211278915405273e-01 3.345060646533966064e-01 3.315172791481018066e-01 5.766441822052001953e-01 5.479217767715454102e-01 8.138388395309448242e-01 5.739027261734008789e-01 5.641660094261169434e-01
8.352324962615966797e-01 5.909068584442138672e-01 7.283250093460083008e-01 4.879472553730010986e-01 6.768722534179687500e-01 8.085382580757141113e-01 3.966679871082305908e-01 7.948295474052429199e-01 3.411956727504730225e-01 5.813325047492980957e-01 4.635384976863861084e-01 7.335561513900756836e-01 5.878268480300903320e-01 4.181058406829833984e-01
8.165749907493591309e-02 5.916183590888977051e-01 8.413150161504745483e-02 5.793750286102294922e-01 6.981599926948547363e-01 8.597926497459411621e-01 9.409117698669433594e-01 4.572305828332901001e-02 6.975019574165344238e-01 9.428787231445312500e-02 2.365097701549530029e-01 5.675135850906372070e-01 7.209101319313049316e-01 6.169365644454956055e-01
6.806275248527526855e-01 6.559263467788696289e-01 7.233687639236450195e-01 5.689550042152404785e-01 3.091317415237426758e-01 4.911198019981384277e-01 1.333433296531438828e-02 7.850036621093750000e-01 4.680067896842956543e-01 5.916215777397155762e-01 4.403473436832427979e-01 3.518695533275604248e-01 4.130093455314636230e-01 3.184348344802856445e-01
1.979175060987472534e-01 6.752796769142150879e-01 4.547674953937530518e-02 7.874624729156494141e-01 5.690722465515136719e-01 2.273631244897842407e-01 9.522694349288940430e-01 1.559895277023315430e-01 7.627427577972412109e-01 1.010904237627983093e-01 8.679128885269165039e-01 4.015260040760040283e-01 3.024235963821411133e-01 7.317100763320922852e-01
1.412000041455030441e-02 5.109578371047973633e-01 8.534232378005981445e-01 2.960324883460998535e-01 4.027594923973083496e-01 3.013576865196228027e-01 5.926493406295776367e-01 1.524255704134702682e-02 5.340623855590820312e-01 8.232567906379699707e-01 3.261481225490570068e-01 3.196800649166107178e-01 4.984823167324066162e-01 4.478093385696411133e-01
2.710725069046020508e-01 5.734021663665771484e-01 3.155847489833831787e-01 5.611975193023681641e-01 6.579167246818542480e-01 1.268856525421142578e-01 2.591633424162864685e-02 3.184973895549774170e-01 6.048841476440429688e-01 4.154447913169860840e-01 6.297833323478698730e-01 7.523453235626220703e-01 3.276373445987701416e-01 5.171883106231689453e-01
4.019599854946136475e-01 4.681201577186584473e-01 5.185887217521667480e-01 3.967222571372985840e-01 2.856342494487762451e-01 2.351643443107604980e-01 5.484333261847496033e-02 4.344209730625152588e-01 5.449424386024475098e-01 5.253236293792724609e-01 5.927089452743530273e-01 2.658705115318298340e-01 3.117285966873168945e-01 3.480954468250274658e-01
2.522799968719482422e-01 6.224631667137145996e-01 8.469499647617340088e-03 3.744035065174102783e-01 6.552180051803588867e-01 2.078589946031570435e-01 1.057523339986801147e-01 2.355591952800750732e-01 7.107820510864257812e-01 1.669080257415771484e-01 5.618090629577636719e-01 7.807010412216186523e-01 3.650478422641754150e-01 5.711063742637634277e-01
2.780900001525878906e-01 1.792176663875579834e-01 9.288704991340637207e-01 6.176350116729736328e-01 9.227149933576583862e-02 5.913984775543212891e-01 9.506603479385375977e-01 2.943676114082336426e-01 2.775197625160217285e-01 5.735197663307189941e-01 7.557645440101623535e-01 2.122409269213676453e-02 5.049303770065307617e-01 8.170616626739501953e-01
8.382124900817871094e-01 2.278251647949218750e-01 3.118360042572021484e-01 9.864724874496459961e-01 7.571529746055603027e-01 6.595295071601867676e-01 2.587586641311645508e-01 8.876794576644897461e-01 3.517054617404937744e-01 5.352424979209899902e-01 5.414974093437194824e-01 8.252933025360107422e-01 6.471655964851379395e-01 4.985713064670562744e-01
9.969300031661987305e-01 1.853153407573699951e-01 5.946162343025207520e-01 3.194234967231750488e-01 6.363099813461303711e-02 1.232825219631195068e-01 3.152573406696319580e-01 9.205011725425720215e-01 1.423338055610656738e-01 7.333490252494812012e-01 7.189077734947204590e-01 1.086228936910629272e-01 4.921166002750396729e-01 7.461782693862915039e-01
8.718374967575073242e-01 3.035014867782592773e-01 2.463639974594116211e-01 8.503274917602539062e-01 9.827795028686523438e-01 6.430036425590515137e-01 9.072946906089782715e-01 7.605094909667968750e-01 4.979535937309265137e-01 4.291221201419830322e-01 7.745248675346374512e-01 8.089650869369506836e-01 4.323524534702301025e-01 5.475808382034301758e-01
7.619249820709228516e-01 5.623946785926818848e-01 7.566737532615661621e-01 5.573624968528747559e-01 1.388995051383972168e-01 9.981855750083923340e-01 3.868726789951324463e-01 8.762353062629699707e-01 4.366581439971923828e-01 5.799066424369812012e-01 4.444756209850311279e-01 1.693929135799407959e-01 5.273644328117370605e-01 5.104467868804931641e-01
1.988250017166137695e-02 6.619135141372680664e-01 8.983749747276306152e-01 4.854847490787506104e-01 7.887985110282897949e-01 8.180000782012939453e-01 7.332437634468078613e-01 2.157531492412090302e-02 6.619274616241455078e-01 6.561838388442993164e-01 2.551960647106170654e-01 9.861308932304382324e-01 5.279722213745117188e-01 4.001744985580444336e-01
1.477124989032745361e-01 7.612910270690917969e-01 7.669077515602111816e-01 8.615375310182571411e-02 2.658597528934478760e-01 6.681354641914367676e-01 5.808043479919433594e-01 9.069532901048660278e-02 5.407491326332092285e-01 5.771014094352722168e-01 2.532254457473754883e-01 2.853115200996398926e-01 5.653479099273681641e-01 4.509905278682708740e-01
4.449824988842010498e-01 1.730004996061325073e-01 1.919837445020675659e-01 8.914049863815307617e-01 4.474482536315917969e-01 1.133459582924842834e-01 3.014020025730133057e-01 4.689402580261230469e-01 3.574240505695343018e-01 5.972111821174621582e-01 6.386587023735046387e-01 4.483211040496826172e-01 3.707633912563323975e-01 3.738351464271545410e-01
6.814774870872497559e-01 3.800818324089050293e-01 3.593422472476959229e-01 6.565399765968322754e-01 4.243335127830505371e-01 1.351579725742340088e-01 1.919530034065246582e-01 6.831108331680297852e-01 4.919591546058654785e-01 5.611420273780822754e-01 6.169053912162780762e-01 4.067856371402740479e-01 3.010945320129394531e-01 3.099617362022399902e-01
4.651749879121780396e-02 7.589908242225646973e-01 3.930207490921020508e-01 1.136192530393600464e-01 9.063389897346496582e-01 3.170475661754608154e-01 4.703536629676818848e-01 5.494241416454315186e-02 8.105534911155700684e-01 4.161567091941833496e-01 1.943034082651138306e-01 9.976353645324707031e-01 4.755753576755523682e-01 3.533985316753387451e-01
4.182874858379364014e-01 4.612033367156982422e-01 7.349099963903427124e-02 7.383800148963928223e-01 1.558504998683929443e-01 5.213742256164550781e-01 8.444640040397644043e-01 4.015213549137115479e-01 6.301660537719726562e-01 3.057263493537902832e-01 5.700466036796569824e-01 8.732596784830093384e-02 4.167464673519134521e-01 5.019981861114501953e-01
9.970824718475341797e-01 3.792193233966827393e-01 8.835369944572448730e-01 6.201500073075294495e-02 9.941319823265075684e-01 6.856448650360107422e-01 4.570056796073913574e-01 8.606631159782409668e-01 3.752298057079315186e-01 6.645203232765197754e-01 3.984582722187042236e-01 9.126565456390380859e-01 5.961796045303344727e-01 3.088932037353515625e-01
8.557350039482116699e-01 3.413478434085845947e-01 6.399185061454772949e-01 4.771282374858856201e-01 2.543214857578277588e-01 6.311722993850708008e-01 6.887222528457641602e-01 8.696259856224060059e-01 3.674443960189819336e-01 6.264747977256774902e-01 5.332967042922973633e-01 2.587012946605682373e-01 4.599333107471466064e-01 4.400306046009063721e-01
2.270675003528594971e-01 4.621528387069702148e-01 6.680135130882263184e-01 1.053114980459213257e-01 7.079409956932067871e-01 3.282281756401062012e-02 6.169936656951904297e-01 2.739382982254028320e-01 3.955551385879516602e-01 5.185977220535278320e-01 2.731860578060150146e-01 7.907154560089111328e-01 5.855785012245178223e-01 5.829313397407531738e-01
1.945874989032745361e-01 6.939941644668579102e-01 4.014810025691986084e-01 1.812302470207214355e-01 1.896084994077682495e-01 7.000187039375305176e-01 7.596010565757751465e-01 1.445198953151702881e-01 5.249164104461669922e-01 3.338575959205627441e-01 2.841749787330627441e-01 2.069731950759887695e-01 6.330074071884155273e-01 5.723885297775268555e-01
4.176250100135803223e-02 2.605246603488922119e-01 8.082550168037414551e-01 7.088400125503540039e-01 9.726099669933319092e-02 8.720312118530273438e-01 5.954156517982482910e-01 2.930475864559412003e-03 3.242888152599334717e-01 9.355808496475219727e-01 6.669803261756896973e-01 3.924313560128211975e-02 3.996978700160980225e-01 5.439228415489196777e-01
5.996025204658508301e-01 2.187239974737167358e-01 2.859387397766113281e-01 6.319125294685363770e-01 7.379267215728759766e-01 7.215978503227233887e-01 7.927479743957519531e-01 5.934624075889587402e-01 4.150329530239105225e-01 4.143115878105163574e-01 5.206108689308166504e-01 6.772236227989196777e-01 5.476472973823547363e-01 5.737326145172119141e-01
3.660899996757507324e-01 2.527939975261688232e-01 7.037402391433715820e-01 5.978599786758422852e-01 6.748697757720947266e-01 7.463386654853820801e-01 2.581023275852203369e-01 3.482363224029541016e-01 2.899116575717926025e-01 7.280204892158508301e-01 6.815947890281677246e-01 7.180446386337280273e-01 5.054761767387390137e-01 4.151196181774139404e-01
1.500625014305114746e-01 5.123521685600280762e-01 1.863054931163787842e-01 7.742224633693695068e-02 5.120747685432434082e-01 8.886257410049438477e-01 1.990929991006851196e-01 9.747983515262603760e-02 6.010646820068359375e-01 3.508947491645812988e-01 2.195129841566085815e-01 4.718003273010253906e-01 6.615389585494995117e-01 4.893133640289306641e-01
8.996000289916992188e-01 6.043524742126464844e-01 7.848539948463439941e-01 4.169670045375823975e-01 3.107174932956695557e-01 1.276740431785583496e-01 4.606069922447204590e-01 9.602811336517333984e-01 5.692114830017089844e-01 6.198786497116088867e-01 5.545116066932678223e-01 3.511022031307220459e-01 3.809796571731567383e-01 3.298455476760864258e-01
2.698175013065338135e-01 6.942576766014099121e-01 1.674434989690780640e-01 8.185899853706359863e-01 2.747847437858581543e-01 5.642480850219726562e-01 1.363613307476043701e-01 2.717941403388977051e-01 6.279768943786621094e-01 1.049621328711509705e-01 6.996780633926391602e-01 3.571238517761230469e-01 5.790654420852661133e-01 6.857936382293701172e-01
3.882024884223937988e-01 2.249021679162979126e-01 6.726797223091125488e-01 9.212700128555297852e-01 6.600842475891113281e-01 5.994726419448852539e-01 2.185086607933044434e-01 3.252860903739929199e-01 2.104145735502243042e-01 7.986819744110107422e-01 8.488908410072326660e-01 7.176545262336730957e-01 4.260994195938110352e-01 4.414174854755401611e-01
2.229599952697753906e-01 5.477301478385925293e-01 1.433512568473815918e-01 7.683675289154052734e-01 2.172455042600631714e-01 8.682365417480468750e-01 6.173650026321411133e-01 1.689765602350234985e-01 6.021692752838134766e-01 1.289831697940826416e-01 6.081753969192504883e-01 2.160585969686508179e-01 6.522943973541259766e-01 7.040340900421142578e-01
