5.235400199890136719e-01 1.799228340387344360e-01 2.585499882698059082e-01 4.634810090065002441e-01 3.276025131344795227e-02 5.215286612510681152e-01 3.986496627330780029e-01 4.628966152667999268e-01 4.429951608180999756e-01 4.822153747081756592e-01 5.238898396492004395e-01 9.040413796901702881e-02 4.750405550003051758e-01 5.541358590126037598e-01
9.092400074005126953e-01 5.936956405639648438e-01 2.016207426786422729e-01 3.350412547588348389e-01 5.013005137443542480e-01 6.598384678363800049e-02 5.722113251686096191e-01 8.459110260009765625e-01 6.154790520668029785e-01 3.684463500976562500e-01 3.670134544372558594e-01 5.183732509613037109e-01 4.187479615211486816e-01 5.101228356361389160e-01
5.692874789237976074e-01 3.641664981842041016e-01 4.404575005173683167e-02 2.932477593421936035e-01 7.343674898147583008e-01 8.351206779479980469e-01 5.881213545799255371e-01 4.637702703475952148e-01 5.054298043251037598e-01 2.797019779682159424e-01 2.453336417675018311e-01 7.447209954261779785e-01 5.175962448120117188e-01 5.771375894546508789e-01
4.566274881362915039e-01 7.609930038452148438e-01 4.903362393379211426e-01 6.952674984931945801e-01 8.391277790069580078e-01 1.487612128257751465e-01 8.181467056274414062e-01 5.202562212944030762e-01 5.746912360191345215e-01 3.614942133426666260e-01 6.941571831703186035e-01 8.345248699188232422e-01 3.995290994644165039e-01 5.642809271812438965e-01
4.364775121212005615e-01 5.137766599655151367e-01 9.151265025138854980e-01 7.698475122451782227e-01 8.470377326011657715e-01 1.177074760198593140e-01 1.468826681375503540e-01 4.118872582912445068e-01 3.784328997135162354e-01 7.400480508804321289e-01 7.998527884483337402e-01 8.896295428276062012e-01 4.494252204895019531e-01 2.967749834060668945e-01
1.802050024271011353e-01 4.150078296661376953e-01 3.737749904394149780e-02 1.352314949035644531e-01 7.568194866180419922e-01 6.386690586805343628e-02 7.936084270477294922e-01 2.600760459899902344e-01 5.809537768363952637e-01 2.643335461616516113e-01 2.713078856468200684e-01 6.999293565750122070e-01 5.514650940895080566e-01 5.983229279518127441e-01
3.882024884223937988e-01 2.249021679162979126e-01 6.726797223091125488e-01 9.212700128555297852e-01 6.600842475891113281e-01 5.994726419448852539e-01 2.185086607933044434e-01 4.564585387706756592e-01 3.080179095268249512e-01 7.097771763801574707e-01 7.424831986427307129e-01 7.070488929748535156e-01 4.694881737232208252e-01 3.811807334423065186e-01
8.570424914360046387e-01 2.230241596698760986e-01 8.506785035133361816e-01 1.406340003013610840e-01 6.842997670173645020e-01 6.881133466958999634e-02 5.785366892814636230e-01 8.600978255271911621e-01 4.153619408607482910e-01 6.223751902580261230e-01 4.978797137737274170e-01 6.442881822586059570e-01 4.410486519336700439e-01 3.637634515762329102e-01
8.471350073814392090e-01 4.721638262271881104e-01 1.958574950695037842e-01 1.323132514953613281e-01 4.070807397365570068e-01 3.512502014636993408e-01 1.963299959897994995e-01 7.327805757522583008e-01 5.279400348663330078e-01 4.957391917705535889e-01 1.745916455984115601e-01 4.109324812889099121e-01 4.833680689334869385e-01 3.302236795425415039e-01
5.481150150299072266e-01 6.148309707641601562e-01 2.334485054016113281e-01 4.371657371520996094e-01 8.387942314147949219e-01 6.195420026779174805e-01 3.453060090541839600e-01 5.210683941841125488e-01 5.436541438102722168e-01 3.369274735450744629e-01 3.409176766872406006e-01 8.555401563644409180e-01 4.795229136943817139e-01 4.538224339485168457e-01
6.573550105094909668e-01 3.867893218994140625e-01 5.973952412605285645e-01 1.390857547521591187e-01 2.904852628707885742e-01 8.112040162086486816e-01 6.816638708114624023e-01 5.747399926185607910e-01 5.255205631256103516e-01 5.466449260711669922e-01 3.499664068222045898e-01 2.705374956130981445e-01 4.148020446300506592e-01 4.102368354797363281e-01
8.718374967575073242e-01 3.035014867782592773e-01 2.463639974594116211e-01 8.503274917602539062e-01 9.827795028686523438e-01 6.430036425590515137e-01 9.072946906089782715e-01 8.034489750862121582e-01 4.651531875133514404e-01 4.967766404151916504e-01 7.626240253448486328e-01 8.486435413360595703e-01 4.544648230075836182e-01 5.306930541992187500e-01
1.682250015437602997e-02 4.826410114765167236e-01 3.107782602310180664e-01 8.287500143051147461e-01 2.228614985942840576e-01 3.730318248271942139e-01 3.581836521625518799e-01 2.013277076184749603e-02 6.137995123863220215e-01 5.719812512397766113e-01 8.783017396926879883e-01 1.401387751102447510e-01 4.697769582271575928e-01 5.014114975929260254e-01
3.339149951934814453e-01 4.823488295078277588e-01 9.623647332191467285e-01 4.525727629661560059e-01 6.711884737014770508e-01 8.217902779579162598e-01 1.188416630029678345e-01 2.784336507320404053e-01 3.351105451583862305e-01 6.862391829490661621e-01 4.696210026741027832e-01 7.435023188591003418e-01 4.533376097679138184e-01 3.470420241355895996e-01
5.437625050544738770e-01 4.533329904079437256e-01 3.228259980678558350e-01 2.969120144844055176e-01 2.515499945729970932e-03 9.912050366401672363e-01 1.553283333778381348e-01 4.536164700984954834e-01 5.426596999168395996e-01 4.571107327938079834e-01 2.829073071479797363e-01 6.894264370203018188e-02 5.909941196441650391e-01 4.560079276561737061e-01
3.870750069618225098e-01 3.357258439064025879e-01 8.364717364311218262e-01 7.109050154685974121e-01 2.765842378139495850e-01 1.620801985263824463e-01 7.706966996192932129e-02 4.047919809818267822e-01 3.297129273414611816e-01 7.658498883247375488e-01 5.704461336135864258e-01 3.086149394512176514e-01 3.901234567165374756e-01 3.714594542980194092e-01
6.166499853134155273e-02 5.544776916503906250e-01 9.701694846153259277e-01 7.445949912071228027e-01 3.224112391471862793e-01 3.286957442760467529e-01 1.269143372774124146e-01 3.685962408781051636e-02 5.028473138809204102e-01 8.591354489326477051e-01 7.851263880729675293e-01 3.298775553703308105e-01 3.386603295803070068e-01 5.068497061729431152e-01
8.076450228691101074e-01 2.748398184776306152e-01 8.101195096969604492e-01 1.942099928855895996e-01 5.029797554016113281e-01 6.637082099914550781e-01 6.374236941337585449e-01 7.341317534446716309e-01 4.418024718761444092e-01 6.478260159492492676e-01 5.597081780433654785e-01 4.423747062683105469e-01 4.369226396083831787e-01 4.479733705520629883e-01
3.117224872112274170e-01 7.509760260581970215e-01 2.167277485132217407e-01 7.559850066900253296e-02 8.642495274543762207e-01 8.300188183784484863e-02 7.231480479240417480e-01 3.192935883998870850e-01 5.739547610282897949e-01 3.524856865406036377e-01 2.503162324428558350e-01 8.606554269790649414e-01 5.339697003364562988e-01 4.334271550178527832e-01
3.915224969387054443e-01 4.399886727333068848e-01 3.655945062637329102e-01 6.860575079917907715e-01 7.004935145378112793e-01 8.386942744255065918e-02 3.685076534748077393e-01 4.090664684772491455e-01 4.687313735485076904e-01 5.355655550956726074e-01 6.259863972663879395e-01 7.080840468406677246e-01 3.725934624671936035e-01 2.853179275989532471e-01
1.979175060987472534e-01 6.752796769142150879e-01 4.547674953937530518e-02 7.874624729156494141e-01 5.690722465515136719e-01 2.273631244897842407e-01 9.522694349288940430e-01 2.191714346408843994e-01 6.631586551666259766e-01 1.049074232578277588e-01 8.252941370010375977e-01 5.207105278968811035e-01 3.754335939884185791e-01 7.012007832527160645e-01
6.403974890708923340e-01 1.812776625156402588e-01 7.186290025711059570e-01 1.826110035181045532e-01 9.235674738883972168e-01 1.713234335184097290e-01 7.629056572914123535e-01 5.580206513404846191e-01 4.005487859249114990e-01 6.379037499427795410e-01 6.102777123451232910e-01 8.471392989158630371e-01 4.334905445575714111e-01 3.078801929950714111e-01
7.200924754142761230e-01 6.290853619575500488e-01 2.440380007028579712e-01 8.746700286865234375e-01 2.886202633380889893e-01 2.409722208976745605e-01 7.121522426605224609e-01 8.071365952491760254e-01 6.820513606071472168e-01 3.445359468460083008e-01 6.654253005981445312e-01 2.752304077148437500e-01 3.183465600013732910e-01 5.745531916618347168e-01
1.999824941158294678e-01 4.529278278350830078e-01 1.536564975976943970e-01 5.150550007820129395e-01 2.908100001513957977e-02 4.583289027214050293e-01 5.162556767463684082e-01 2.104593664407730103e-01 5.321094393730163574e-01 2.075310945510864258e-01 5.558891296386718750e-01 5.635021254420280457e-02 6.659102439880371094e-01 5.749245882034301758e-01
8.288250118494033813e-02 7.698554992675781250e-01 8.580407500267028809e-01 9.049124717712402344e-01 3.087849915027618408e-02 7.982417941093444824e-01 7.089091539382934570e-01 2.943668328225612640e-02 5.827541947364807129e-01 6.709618568420410156e-01 8.056279420852661133e-01 8.105886727571487427e-02 4.999217987060546875e-01 4.812500476837158203e-01
3.307375013828277588e-01 3.269171714782714844e-01 2.206532508134841919e-01 5.232500261627137661e-04 1.193580031394958496e-01 7.583325505256652832e-01 3.585340082645416260e-01 3.185540139675140381e-01 5.422200560569763184e-01 4.188326299190521240e-01 9.982837736606597900e-02 9.420575201511383057e-02 7.697668075561523438e-01 4.338037073612213135e-01
3.825249895453453064e-02 2.844470143318176270e-01 6.388379931449890137e-01 3.223335146903991699e-01 7.256242632865905762e-01 3.368747532367706299e-01 6.635733246803283691e-01 4.944732040166854858e-02 3.198578655719757080e-01 8.532679677009582520e-01 3.863795101642608643e-01 7.255266308784484863e-01 4.309133887290954590e-01 5.633504986763000488e-01
5.113499760627746582e-01 2.378431707620620728e-01 3.455624878406524658e-01 2.148524969816207886e-01 8.313295245170593262e-01 2.577446401119232178e-01 6.638646721839904785e-01 5.247269868850708008e-01 4.316202104091644287e-01 4.477510154247283936e-01 3.289245367050170898e-01 8.084012866020202637e-01 4.674212336540222168e-01 4.482891857624053955e-01
9.668574929237365723e-01 1.919428259134292603e-01 6.263830065727233887e-01 8.953624963760375977e-01 9.742457270622253418e-01 7.615771889686584473e-01 1.582150012254714966e-01 8.970524072647094727e-01 3.350303173065185547e-01 7.771802544593811035e-01 7.714473605155944824e-01 9.217755198478698730e-01 5.103983879089355469e-01 2.183003425598144531e-01
7.805600166320800781e-01 3.048731684684753418e-01 2.625592648983001709e-01 6.585775017738342285e-01 1.974067538976669312e-01 8.314639329910278320e-01 7.302883267402648926e-01 7.509484887123107910e-01 5.254989266395568848e-01 5.671504139900207520e-01 3.727588951587677002e-01 1.770468652248382568e-01 4.626746475696563721e-01 4.967319667339324951e-01
4.812900125980377197e-01 2.725526690483093262e-01 1.738772541284561157e-01 1.519527435302734375e-01 9.137692451477050781e-01 5.948666930198669434e-01 8.393558859825134277e-01 3.747384250164031982e-01 4.551006853580474854e-01 4.222163558006286621e-01 3.166874647140502930e-01 8.137897253036499023e-01 5.473251938819885254e-01 5.352584719657897949e-01
6.495425105094909668e-01 7.412800192832946777e-01 3.043000027537345886e-02 7.792050242424011230e-01 7.509437203407287598e-01 3.816798925399780273e-01 9.246689081192016602e-01 7.385908961296081543e-01 6.149684786796569824e-01 1.849869936704635620e-01 5.443461537361145020e-01 7.422234416007995605e-01 4.507440030574798584e-01 7.266291975975036621e-01
7.612250000238418579e-02 6.363673210144042969e-01 3.854382634162902832e-01 1.954012513160705566e-01 8.093104958534240723e-01 5.679041147232055664e-01 5.694033205509185791e-02 5.468671768903732300e-02 6.478629112243652344e-01 5.216403007507324219e-01 3.402662277221679688e-01 8.656876087188720703e-01 6.444264054298400879e-01 2.742604315280914307e-01
8.015725016593933105e-01 5.923038125038146973e-01 7.747370004653930664e-01 5.414500087499618530e-02 3.919857442378997803e-01 7.450779676437377930e-01 2.157640010118484497e-01 7.591922283172607422e-01 5.401680469512939453e-01 5.174575448036193848e-01 2.461424320936203003e-01 3.872578740119934082e-01 4.222939014434814453e-01 3.188571333885192871e-01
6.971150040626525879e-01 3.702096641063690186e-01 2.406907528638839722e-01 5.957549810409545898e-01 4.728960096836090088e-01 5.884084105491638184e-01 6.735448837280273438e-01 6.226849555969238281e-01 5.348111987113952637e-01 5.155493617057800293e-01 5.141669511795043945e-01 4.057724177837371826e-01 4.637835919857025146e-01 4.792806804180145264e-01
4.709349870681762695e-01 3.548451662063598633e-01 7.789080142974853516e-01 1.375962495803833008e-01 1.834249943494796753e-01 8.134646415710449219e-01 4.403123259544372559e-01 5.359649062156677246e-01 5.000183582305908203e-01 6.287614107131958008e-01 2.376832515001296997e-01 1.722471415996551514e-01 5.188248753547668457e-01 3.321904540061950684e-01
4.319350123405456543e-01 2.201023399829864502e-01 2.271544933319091797e-01 2.004617452621459961e-01 7.734645009040832520e-01 1.259227246046066284e-01 8.821533918380737305e-01 4.037656784057617188e-01 3.422999083995819092e-01 5.337651371955871582e-01 2.728115320205688477e-01 6.739010214805603027e-01 4.873292446136474609e-01 4.430451393127441406e-01
3.660899996757507324e-01 2.527939975261688232e-01 7.037402391433715820e-01 5.978599786758422852e-01 6.748697757720947266e-01 7.463386654853820801e-01 2.581023275852203369e-01 2.848300039768218994e-01 2.758132219314575195e-01 7.431035637855529785e-01 5.341163277626037598e-01 7.080922126770019531e-01 4.493428766727447510e-01 3.934546113014221191e-01
2.522799968719482422e-01 6.224631667137145996e-01 8.469499647617340088e-03 3.744035065174102783e-01 6.552180051803588867e-01 2.078589946031570435e-01 1.057523339986801147e-01 3.014779090881347656e-01 6.620311737060546875e-01 1.745859086513519287e-01 3.769547939300537109e-01 7.658134102821350098e-01 4.524282515048980713e-01 6.261583566665649414e-01
1.346125006675720215e-01 3.737258315086364746e-01 1.707367449998855591e-01 8.429499864578247070e-01 9.537982344627380371e-01 3.651761636137962341e-02 4.878459870815277100e-01 1.501306593418121338e-01 5.353491902351379395e-01 6.243507266044616699e-01 6.449246406555175781e-01 8.486506938934326172e-01 4.532316923141479492e-01 3.011783957481384277e-01
6.271250247955322266e-01 1.996716707944869995e-01 8.539312481880187988e-01 7.863399982452392578e-01 3.019177615642547607e-01 6.361659765243530273e-01 9.492045044898986816e-01 6.879267096519470215e-01 3.056588172912597656e-01 6.874452829360961914e-01 7.270135283470153809e-01 2.202424854040145874e-01 5.117560029029846191e-01 6.877686381340026855e-01
9.918649792671203613e-01 2.399043291807174683e-01 2.555755078792572021e-01 6.090649962425231934e-01 9.141659736633300781e-01 2.139394879341125488e-01 3.539999946951866150e-03 8.986919522285461426e-01 3.885223269462585449e-01 6.001231670379638672e-01 5.268417596817016602e-01 9.067348241806030273e-01 5.211595296859741211e-01 2.741805613040924072e-01
8.964675068855285645e-01 3.624795079231262207e-01 2.787545025348663330e-01 7.069125175476074219e-01 8.014817237854003906e-01 9.630825519561767578e-01 4.612233340740203857e-01 7.577070593833923340e-01 4.983175694942474365e-01 4.545998275279998779e-01 7.149994373321533203e-01 7.675387859344482422e-01 4.204413592815399170e-01 4.659002125263214111e-01
7.293300032615661621e-01 2.239926606416702271e-01 4.996367394924163818e-01 4.466232359409332275e-01 4.925682544708251953e-01 9.836612939834594727e-01 9.378047585487365723e-01 5.769259929656982422e-01 4.427649974822998047e-01 6.357901096343994141e-01 4.768790602684020996e-01 3.237933814525604248e-01 4.439962804317474365e-01 4.238152801990509033e-01
6.806275248527526855e-01 6.559263467788696289e-01 7.233687639236450195e-01 5.689550042152404785e-01 3.091317415237426758e-01 4.911198019981384277e-01 1.333433296531438828e-02 8.030453920364379883e-01 5.079459547996520996e-01 6.226967573165893555e-01 3.255173861980438232e-01 3.378844261169433594e-01 4.801038503646850586e-01 4.118938148021697998e-01
7.007849812507629395e-01 4.251696765422821045e-01 4.579209983348846436e-01 3.648525103926658630e-02 6.657435297966003418e-01 2.796197831630706787e-01 4.927276670932769775e-01 6.747539639472961426e-01 4.832474291324615479e-01 3.687138557434082031e-01 2.674632668495178223e-01 7.177882790565490723e-01 4.608361721038818359e-01 4.609070718288421631e-01
6.880224943161010742e-01 7.261505126953125000e-01 5.024064779281616211e-01 5.359575152397155762e-01 7.773067355155944824e-01 1.318297982215881348e-01 3.498750030994415283e-01 7.304064035415649414e-01 5.498606562614440918e-01 3.926898241043090820e-01 5.993987917900085449e-01 8.434459567070007324e-01 3.771142661571502686e-01 4.247678220272064209e-01
5.996025204658508301e-01 2.187239974737167358e-01 2.859387397766113281e-01 6.319125294685363770e-01 7.379267215728759766e-01 7.215978503227233887e-01 7.927479743957519531e-01 5.555249452590942383e-01 4.019952118396759033e-01 5.193105340003967285e-01 5.267781615257263184e-01 6.674962043762207031e-01 4.633904397487640381e-01 5.191852450370788574e-01
8.442950248718261719e-01 5.838288068771362305e-01 1.733697503805160522e-01 6.421350240707397461e-01 7.646177411079406738e-01 4.676388800144195557e-01 7.017969489097595215e-01 7.818501591682434082e-01 5.181420445442199707e-01 3.920569121837615967e-01 5.335811376571655273e-01 7.643835544586181641e-01 4.356623888015747070e-01 4.905343353748321533e-01
3.783524930477142334e-01 4.758246541023254395e-01 2.805329859256744385e-01 9.298049807548522949e-01 4.370642602443695068e-01 8.164232373237609863e-01 5.689759850502014160e-01 3.126433193683624268e-01 5.834324955940246582e-01 3.700828254222869873e-01 7.528383731842041016e-01 3.855600953102111816e-01 3.963716328144073486e-01 4.224068522453308105e-01
1.733749918639659882e-02 6.821466684341430664e-01 8.410032391548156738e-01 7.020475268363952637e-01 9.559684991836547852e-01 6.888074874877929688e-01 3.034853339195251465e-01 3.175732493400573730e-02 6.837400197982788086e-01 5.991005301475524902e-01 3.461409509181976318e-01 9.447092413902282715e-01 7.204251885414123535e-01 1.770052909851074219e-01
9.115700125694274902e-01 2.014214992523193359e-01 1.227905005216598511e-01 1.231812536716461182e-01 8.804874867200851440e-02 3.731257617473602295e-01 8.967713117599487305e-01 6.470359563827514648e-01 4.772053658962249756e-01 5.013436675071716309e-01 4.091600775718688965e-01 8.173187077045440674e-02 4.844187498092651367e-01 5.888379216194152832e-01
7.994899749755859375e-01 2.026771605014801025e-01 9.166177511215209961e-01 2.795712351799011230e-01 9.473620057106018066e-01 9.447643160820007324e-01 2.532186806201934814e-01 8.509896993637084961e-01 3.359307944774627686e-01 6.783758997917175293e-01 3.663068711757659912e-01 9.041411280632019043e-01 5.656289458274841309e-01 2.117151916027069092e-01
1.092374995350837708e-01 1.833164989948272705e-01 7.579747438430786133e-01 8.804849982261657715e-01 9.208365082740783691e-01 6.374710202217102051e-01 3.775483369827270508e-01 9.818570315837860107e-02 3.219755589962005615e-01 7.939147949218750000e-01 7.507026195526123047e-01 8.635150790214538574e-01 4.515368342399597168e-01 5.192804932594299316e-01
6.267899870872497559e-01 7.339239716529846191e-01 7.689437270164489746e-01 3.005647361278533936e-01 9.013969898223876953e-01 5.489408373832702637e-01 4.495436549186706543e-01 5.965219736099243164e-01 5.456402897834777832e-01 4.513256847858428955e-01 4.788037836551666260e-01 8.858968019485473633e-01 4.362120330333709717e-01 3.541683256626129150e-01
5.701324939727783203e-01 5.879386663436889648e-01 9.124447703361511230e-01 4.478504955768585205e-01 5.956705212593078613e-01 5.426297187805175781e-01 6.436336636543273926e-01 5.250854492187500000e-01 4.423816800117492676e-01 5.650194883346557617e-01 7.749355435371398926e-01 5.817245244979858398e-01 4.592004716396331787e-01 5.357245206832885742e-01
1.783100068569183350e-01 5.080066919326782227e-01 4.792632460594177246e-01 2.531862556934356689e-01 7.932427525520324707e-01 7.149228453636169434e-01 4.821993410587310791e-01 1.421211659908294678e-01 5.385314226150512695e-01 5.401049852371215820e-01 3.453670442104339600e-01 7.918370962142944336e-01 5.899995565414428711e-01 4.606818854808807373e-01
1.382649987936019897e-01 4.242379963397979736e-01 3.870057463645935059e-01 2.739222645759582520e-01 1.535300016403198242e-01 8.454275727272033691e-01 6.823347806930541992e-01 1.318365633487701416e-01 5.801585912704467773e-01 4.930115938186645508e-01 2.407915890216827393e-01 7.825676351785659790e-02 7.438983321189880371e-01 4.485357999801635742e-01
7.266225218772888184e-01 2.745763361454010010e-01 5.135664939880371094e-01 8.061174750328063965e-01 9.611989855766296387e-01 5.417202115058898926e-01 2.644590139389038086e-01 7.232512831687927246e-01 3.958668112754821777e-01 6.998450160026550293e-01 7.006981372833251953e-01 9.118900895118713379e-01 4.647216200828552246e-01 2.369131892919540405e-01
2.229599952697753906e-01 5.477301478385925293e-01 1.433512568473815918e-01 7.683675289154052734e-01 2.172455042600631714e-01 8.682365417480468750e-01 6.173650026321411133e-01 1.984884887933731079e-01 6.115497946739196777e-01 1.830284297466278076e-01 5.775389075279235840e-01 1.763165295124053955e-01 6.092171669006347656e-01 5.458191037178039551e-01
7.883725166320800781e-01 6.593629717826843262e-01 8.596755266189575195e-01 2.987412512302398682e-01 7.223179936408996582e-01 4.795535206794738770e-01 9.717208743095397949e-01 7.966219186782836914e-01 5.572621226310729980e-01 4.342905282974243164e-01 4.765619933605194092e-01 5.926168560981750488e-01 3.962109982967376709e-01 5.576595067977905273e-01
1.661400049924850464e-01 6.121063232421875000e-01 9.414732456207275391e-01 3.537087440490722656e-01 2.443282455205917358e-01 5.430192947387695312e-01 2.133366614580154419e-01 1.452603638172149658e-01 5.428461432456970215e-01 7.715790867805480957e-01 3.341315984725952148e-01 2.645053863525390625e-01 5.092906355857849121e-01 3.732488453388214111e-01
8.557350039482116699e-01 3.413478434085845947e-01 6.399185061454772949e-01 4.771282374858856201e-01 2.543214857578277588e-01 6.311722993850708008e-01 6.887222528457641602e-01 7.900676727294921875e-01 4.582615494728088379e-01 6.237112283706665039e-01 5.735463500022888184e-01 2.392937242984771729e-01 4.124848842620849609e-01 5.168184638023376465e-01
9.969300031661987305e-01 1.853153407573699951e-01 5.946162343025207520e-01 3.194234967231750488e-01 6.363099813461303711e-02 1.232825219631195068e-01 3.152573406696319580e-01 8.855330944061279297e-01 4.122365415096282959e-01 6.513965129852294922e-01 5.601360201835632324e-01 1.212315708398818970e-01 4.161240458488464355e-01 5.566251277923583984e-01
5.287899971008300781e-01 6.729981899261474609e-01 9.072967767715454102e-01 8.702225089073181152e-01 9.707217216491699219e-01 4.525095969438552856e-02 5.235880017280578613e-01 5.790342688560485840e-01 4.997775256633758545e-01 6.403496265411376953e-01 8.815850615501403809e-01 9.214310646057128906e-01 4.215892851352691650e-01 3.612770140171051025e-01
9.764050245285034180e-01 7.269231677055358887e-01 2.711445093154907227e-01 3.747839927673339844e-01 6.142227649688720703e-01 8.628149628639221191e-01 3.085440099239349365e-01 8.487528562545776367e-01 6.146926879882812500e-01 2.787314653396606445e-01 2.616769075393676758e-01 6.471935510635375977e-01 4.597774446010589600e-01 4.281676709651947021e-01
9.506275057792663574e-01 6.128249764442443848e-01 1.361224949359893799e-01 7.617350220680236816e-01 9.079587459564208984e-01 9.126816391944885254e-01 9.433433413505554199e-01 8.185123205184936523e-01 5.143841505050659180e-01 3.226225972175598145e-01 3.955249488353729248e-01 7.959833145141601562e-01 4.970999956130981445e-01 5.770803689956665039e-01
4.182874858379364014e-01 4.612033367156982422e-01 7.349099963903427124e-02 7.383800148963928223e-01 1.558504998683929443e-01 5.213742256164550781e-01 8.444640040397644043e-01 4.040412902832031250e-01 6.215623617172241211e-01 2.173396944999694824e-01 6.330634355545043945e-01 1.478563845157623291e-01 4.421975612640380859e-01 6.474112272262573242e-01
1.180450022220611572e-01 5.258161425590515137e-01 3.197174891829490662e-02 3.379600048065185547e-01 1.635382473468780518e-01 3.489731252193450928e-01 4.183226525783538818e-01 1.726851761341094971e-01 6.501069068908691406e-01 1.236404404044151306e-01 4.587909579277038574e-01 1.459913700819015503e-01 6.795477867126464844e-01 6.115371584892272949e-01
8.080250024795532227e-02 3.573994934558868408e-01 9.662290215492248535e-01 6.792899966239929199e-01 5.672724843025207520e-01 5.125874876976013184e-01 7.600963115692138672e-01 7.569547742605209351e-02 3.346630036830902100e-01 8.191437125205993652e-01 7.268813252449035645e-01 5.803076624870300293e-01 3.686063289642333984e-01 6.608977317810058594e-01
8.591175079345703125e-01 5.583998560905456543e-01 7.405387759208679199e-01 9.984325170516967773e-01 9.162707328796386719e-01 5.616476535797119141e-01 1.942483335733413696e-01 8.912308812141418457e-01 4.056836962699890137e-01 7.079534530639648438e-01 8.441820740699768066e-01 9.115462899208068848e-01 4.925880432128906250e-01 2.956187725067138672e-01
4.449824988842010498e-01 1.730004996061325073e-01 1.919837445020675659e-01 8.914049863815307617e-01 4.474482536315917969e-01 1.133459582924842834e-01 3.014020025730133057e-01 4.501146376132965088e-01 4.473990201950073242e-01 5.833153724670410156e-01 7.445510029792785645e-01 4.125763475894927979e-01 3.904108405113220215e-01 4.215843975543975830e-01
1.083974987268447876e-01 7.824605107307434082e-01 1.283230036497116089e-01 8.469774723052978516e-01 7.821302413940429688e-01 9.846647381782531738e-01 3.239319920539855957e-01 4.615465551614761353e-02 7.172103524208068848e-01 4.369469881057739258e-01 6.252844631671905518e-02 8.642628788948059082e-01 8.787071108818054199e-01 1.085894256830215454e-01
8.265799880027770996e-01 7.946988344192504883e-01 1.353474985808134079e-02 6.612499952316284180e-01 3.967007398605346680e-01 5.772690176963806152e-01 8.687244057655334473e-01 7.196529507637023926e-01 6.552605032920837402e-01 3.050550520420074463e-01 5.785489082336425781e-01 3.884036242961883545e-01 4.791218936443328857e-01 6.851428747177124023e-01
9.553149938583374023e-01 3.911499977111816406e-01 7.155485153198242188e-01 3.628087639808654785e-01 7.127962708473205566e-01 9.843708276748657227e-01 2.401273399591445923e-01 8.514345288276672363e-01 4.304702281951904297e-01 5.802857875823974609e-01 6.520162820816040039e-01 7.398955821990966797e-01 4.963524639606475830e-01 4.322147071361541748e-01
4.543924927711486816e-01 7.378360033035278320e-01 5.042652487754821777e-01 5.452425032854080200e-02 3.704949915409088135e-01 3.414631187915802002e-01 3.860243260860443115e-01 5.173246860504150391e-01 5.185281634330749512e-01 4.213483333587646484e-01 1.352213174104690552e-01 4.606003463268280029e-01 5.529185533523559570e-01 4.126863479614257812e-01
5.189650058746337891e-01 2.451331615447998047e-01 6.070244908332824707e-01 7.364624738693237305e-01 9.460164904594421387e-01 6.749446392059326172e-01 2.121790051460266113e-01 5.670523643493652344e-01 3.887553513050079346e-01 6.731772422790527344e-01 5.136283040046691895e-01 9.105957150459289551e-01 4.979784786701202393e-01 2.169624865055084229e-01
1.988250017166137695e-02 6.619135141372680664e-01 8.983749747276306152e-01 4.854847490787506104e-01 7.887985110282897949e-01 8.180000782012939453e-01 7.332437634468078613e-01 4.159491881728172302e-02 6.289236545562744141e-01 5.482153296470642090e-01 4.007064402103424072e-01 8.461281061172485352e-01 6.303465366363525391e-01 3.368372321128845215e-01
6.744599938392639160e-01 3.613803386688232422e-01 5.103832483291625977e-01 3.837450146675109863e-01 5.895657539367675781e-01 4.618036374449729919e-02 3.808499872684478760e-01 7.763531208038330078e-01 5.260326862335205078e-01 4.760013520717620850e-01 3.380476534366607666e-01 5.806297063827514648e-01 3.292604684829711914e-01 2.903397679328918457e-01
2.902024984359741211e-01 5.149865150451660156e-01 1.232604980468750000e-01 6.134899854660034180e-01 2.377225011587142944e-01 6.893795132637023926e-01 5.033299922943115234e-01 2.796916961669921875e-01 5.925646424293518066e-01 2.366550117731094360e-01 5.328735709190368652e-01 2.329975813627243042e-01 5.928854346275329590e-01 5.535622835159301758e-01
2.356700003147125244e-01 5.783045291900634766e-01 5.420337319374084473e-01 6.593250036239624023e-01 6.885660290718078613e-01 7.283633351325988770e-01 1.879143267869949341e-01 2.429234385490417480e-01 4.834431707859039307e-01 5.588256716728210449e-01 4.349050223827362061e-01 7.341986298561096191e-01 5.306946635246276855e-01 4.393720030784606934e-01
3.294275104999542236e-01 7.733401656150817871e-01 1.493985056877136230e-01 5.219424962997436523e-01 7.071182727813720703e-01 9.238082766532897949e-01 8.520923256874084473e-01 2.747414708137512207e-01 6.378878951072692871e-01 1.745045185089111328e-01 3.101169764995574951e-01 7.383816838264465332e-01 5.575545430183410645e-01 6.457839608192443848e-01
8.795400261878967285e-01 4.430179893970489502e-01 6.310387253761291504e-01 2.864712476730346680e-01 5.999267697334289551e-01 2.638386785984039307e-01 4.022533446550369263e-02 8.416792750358581543e-01 4.040364623069763184e-01 6.401929259300231934e-01 4.140395224094390869e-01 6.226117014884948730e-01 4.657360315322875977e-01 3.320255279541015625e-01
1.374125033617019653e-01 5.233963131904602051e-01 5.068612694740295410e-01 4.987154901027679443e-01 1.879700087010860443e-02 5.285377502441406250e-01 6.129043102264404297e-01 1.336548626422882080e-01 4.911999106407165527e-01 5.539920330047607422e-01 5.060657858848571777e-01 5.596699938178062439e-02 6.285424232482910156e-01 5.117593407630920410e-01
6.325374841690063477e-01 4.777173399925231934e-01 9.069085121154785156e-01 2.631149999797344208e-02 4.379667639732360840e-01 7.652301192283630371e-01 1.946966722607612610e-02 6.782442331314086914e-01 4.442604184150695801e-01 5.840880274772644043e-01 1.843117624521255493e-01 4.380978047847747803e-01 4.629355072975158691e-01 2.548563182353973389e-01
8.382124900817871094e-01 2.278251647949218750e-01 3.118360042572021484e-01 9.864724874496459961e-01 7.571529746055603027e-01 6.595295071601867676e-01 2.587586641311645508e-01 8.730067014694213867e-01 4.220633208751678467e-01 5.826488137245178223e-01 7.265719771385192871e-01 8.188173174858093262e-01 4.705296456813812256e-01 3.707236051559448242e-01
3.586100041866302490e-01 7.043098211288452148e-01 5.855717658996582031e-01 1.687217503786087036e-01 6.629977226257324219e-01 5.079816281795501709e-02 9.374176859855651855e-01 3.926668465137481689e-01 5.371538400650024414e-01 3.214900195598602295e-01 3.259060382843017578e-01 6.276177167892456055e-01 4.541757404804229736e-01 5.783849358558654785e-01
2.172224968671798706e-01 5.670261383056640625e-01 8.740835189819335938e-01 9.835324883460998535e-01 9.697797298431396484e-01 9.299288988113403320e-01 4.750596582889556885e-01 1.366937756538391113e-01 4.534880816936492920e-01 7.650859951972961426e-01 8.087015151977539062e-01 9.291925430297851562e-01 5.187050700187683105e-01 2.993330657482147217e-01
4.019599854946136475e-01 4.681201577186584473e-01 5.185887217521667480e-01 3.967222571372985840e-01 2.856342494487762451e-01 2.351643443107604980e-01 5.484333261847496033e-02 3.984764516353607178e-01 4.858848154544830322e-01 5.743175745010375977e-01 3.910390436649322510e-01 3.012123405933380127e-01 3.885881602764129639e-01 2.931378781795501709e-01
6.428874731063842773e-01 6.863654851913452148e-01 8.696272373199462891e-01 5.212299898266792297e-02 2.282877564430236816e-01 2.851262688636779785e-01 7.379709482192993164e-01 6.279907226562500000e-01 5.459576249122619629e-01 5.323897600173950195e-01 4.348382055759429932e-01 2.133424431085586548e-01 4.500160515308380127e-01 4.659488797187805176e-01
3.538450002670288086e-01 1.902383267879486084e-01 2.484862506389617920e-01 5.129550099372863770e-01 3.490292429924011230e-01 5.120608806610107422e-01 6.247966736555099487e-02 3.489623367786407471e-01 4.386402070522308350e-01 6.235521435737609863e-01 4.258868396282196045e-01 3.084879815578460693e-01 4.633969366550445557e-01 3.359232544898986816e-01
3.104799985885620117e-01 7.479196786880493164e-01 7.965440154075622559e-01 6.848474740982055664e-01 3.328649997711181641e-01 3.916097879409790039e-01 4.102066531777381897e-02 3.545335829257965088e-01 5.662838220596313477e-01 4.585684835910797119e-01 6.627888679504394531e-01 3.764780163764953613e-01 4.173944890499114990e-01 3.655495643615722656e-01
8.034999668598175049e-02 8.062493205070495605e-01 4.360064864158630371e-01 7.908400297164916992e-01 3.615710139274597168e-01 4.221536219120025635e-01 8.304058909416198730e-01 6.382779031991958618e-02 6.521787047386169434e-01 3.411285579204559326e-01 8.018498420715332031e-01 3.980900645256042480e-01 4.720803797245025635e-01 5.235438346862792969e-01
4.699699878692626953e-01 2.541689872741699219e-01 2.573255002498626709e-01 7.542175054550170898e-01 2.843067646026611328e-01 6.752315908670425415e-02 9.036083221435546875e-01 4.572296738624572754e-01 4.101051390171051025e-01 5.330914855003356934e-01 7.140392065048217773e-01 2.201928049325942993e-01 4.668728113174438477e-01 6.095923185348510742e-01
9.970824718475341797e-01 3.792193233966827393e-01 8.835369944572448730e-01 6.201500073075294495e-02 9.941319823265075684e-01 6.856448650360107422e-01 4.570056796073913574e-01 8.285722732543945312e-01 4.326246380805969238e-01 6.125373840332031250e-01 5.807896852493286133e-01 9.031129479408264160e-01 4.777740538120269775e-01 2.733888924121856689e-01
1.794025003910064697e-01 4.401108324527740479e-01 5.952695012092590332e-01 4.741952419281005859e-01 9.085032343864440918e-01 9.068393111228942871e-01 2.860616743564605713e-01 1.254772096872329712e-01 5.187562704086303711e-01 6.206125020980834961e-01 4.746414124965667725e-01 8.720023036003112793e-01 5.591976046562194824e-01 3.611233234405517578e-01
4.176250100135803223e-02 2.605246603488922119e-01 8.082550168037414551e-01 7.088400125503540039e-01 9.726099669933319092e-02 8.720312118530273438e-01 5.954156517982482910e-01 8.214656263589859009e-02 3.895882368087768555e-01 7.522879242897033691e-01 5.526584386825561523e-01 6.959210336208343506e-02 6.151036620140075684e-01 6.705716848373413086e-01
3.237150013446807861e-01 7.159793376922607422e-01 1.005389988422393799e-01 6.957774758338928223e-01 1.091347485780715942e-01 4.382783770561218262e-01 9.614337086677551270e-01 2.969428300857543945e-01 6.260017156600952148e-01 1.388720870018005371e-01 6.108599901199340820e-01 8.105437457561492920e-02 5.362764000892639160e-01 6.817036271095275879e-01
2.649224996566772461e-01 2.358601689338684082e-01 9.669939875602722168e-01 8.739550113677978516e-01 7.936995029449462891e-01 3.246545493602752686e-01 2.368256598711013794e-01 3.839657008647918701e-01 2.658604681491851807e-01 7.905381321907043457e-01 7.088505029678344727e-01 8.604145050048828125e-01 5.228039026260375977e-01 3.837765455245971680e-01
9.378799796104431152e-01 2.468235045671463013e-01 8.417827486991882324e-01 2.632252573966979980e-01 5.194742679595947266e-01 5.607881546020507812e-01 8.390653729438781738e-01 8.578709363937377930e-01 4.641288816928863525e-01 6.379182338714599609e-01 6.250737905502319336e-01 4.316388666629791260e-01 4.186602234840393066e-01 5.513551235198974609e-01
6.151000037789344788e-02 6.728168129920959473e-01 5.089524984359741211e-01 8.778125047683715820e-01 7.372587323188781738e-01 8.913036584854125977e-01 1.647300086915493011e-02 5.700482800602912903e-02 6.796749234199523926e-01 4.691595137119293213e-01 4.169114232063293457e-01 8.788973093032836914e-01 6.371010541915893555e-01 2.897676527500152588e-01
3.520975112915039062e-01 3.082848191261291504e-01 7.619307637214660645e-01 2.474567443132400513e-01 8.176295161247253418e-01 9.469219446182250977e-01 7.358211278915405273e-01 3.039787113666534424e-01 3.479520380496978760e-01 5.734297633171081543e-01 3.711268305778503418e-01 7.751131057739257812e-01 5.079326033592224121e-01 5.367017984390258789e-01
9.990050196647644043e-01 5.127146840095520020e-01 9.860417246818542480e-01 5.404725074768066406e-01 3.357677459716796875e-01 5.072447657585144043e-01 9.573369026184082031e-01 8.993064165115356445e-01 3.894949257373809814e-01 6.970273852348327637e-01 6.665658354759216309e-01 2.380631864070892334e-01 4.555266499519348145e-01 6.383826136589050293e-01
7.788749933242797852e-01 1.939969956874847412e-01 7.486305236816406250e-01 8.033400028944015503e-02 7.285297513008117676e-01 6.470609307289123535e-01 3.644200041890144348e-02 7.868712544441223145e-01 3.602450489997863770e-01 6.064072847366333008e-01 3.463349044322967529e-01 7.985613942146301270e-01 5.298995971679687500e-01 3.243061900138854980e-01
1.445074975490570068e-01 4.729340076446533203e-01 7.897175103425979614e-02 8.761600255966186523e-01 3.548862636089324951e-01 5.823444724082946777e-01 3.159376680850982666e-01 1.362569183111190796e-01 6.399605274200439453e-01 1.483356505632400513e-01 8.587444424629211426e-01 3.130646646022796631e-01 4.942671358585357666e-01 5.607902407646179199e-01
8.352324962615966797e-01 5.909068584442138672e-01 7.283250093460083008e-01 4.879472553730010986e-01 6.768722534179687500e-01 8.085382580757141113e-01 3.966679871082305908e-01 8.099204897880554199e-01 3.744257092475891113e-01 6.220303773880004883e-01 5.266426801681518555e-01 7.356209158897399902e-01 4.939812123775482178e-01 3.402229547500610352e-01
9.908249974250793457e-02 3.643186688423156738e-01 3.800162374973297119e-01 4.586944878101348877e-01 9.990582466125488281e-01 2.283266633749008179e-01 8.083066344261169434e-02 7.643218338489532471e-02 5.252358317375183105e-01 7.163097262382507324e-01 5.728218555450439453e-01 9.130927920341491699e-01 5.273224711418151855e-01 2.620508372783660889e-01
5.745649933815002441e-01 1.831691712141036987e-01 6.563194990158081055e-01 8.714874982833862305e-01 6.856409907341003418e-01 2.989600896835327148e-01 8.851518630981445312e-01 7.041431069374084473e-01 3.906002044677734375e-01 6.752746105194091797e-01 7.746717333793640137e-01 5.998291969299316406e-01 4.142369329929351807e-01 5.557914972305297852e-01
4.618175029754638672e-01 8.308724761009216309e-01 6.438454985618591309e-01 4.836890101432800293e-01 1.742827445268630981e-01 6.004298105835914612e-02 5.046179890632629395e-01 5.543558001518249512e-01 6.302942037582397461e-01 4.146723151206970215e-01 4.775488078594207764e-01 2.421492785215377808e-01 4.315717518329620361e-01 4.994448721408843994e-01
1.074424982070922852e-01 3.771494925022125244e-01 7.191944718360900879e-01 7.471150159835815430e-01 2.170749939978122711e-02 7.507810741662979126e-02 2.692546546459197998e-01 1.513317078351974487e-01 3.753304183483123779e-01 7.590534090995788574e-01 6.062011718750000000e-01 8.056028187274932861e-02 4.649524092674255371e-01 5.416513681411743164e-01
1.945874989032745361e-01 6.939941644668579102e-01 4.014810025691986084e-01 1.812302470207214355e-01 1.896084994077682495e-01 7.000187039375305176e-01 7.596010565757751465e-01 1.930225193500518799e-01 6.021182537078857422e-01 3.543978333473205566e-01 2.385261803865432739e-01 1.433524191379547119e-01 7.512344121932983398e-01 5.267351865768432617e-01
4.984774887561798096e-01 7.421206831932067871e-01 8.284729719161987305e-01 3.709172606468200684e-01 8.933074772357940674e-02 1.202331297099590302e-02 1.692630052566528320e-01 5.977473258972167969e-01 6.098409891128540039e-01 4.844719171524047852e-01 3.992374241352081299e-01 1.576657295227050781e-01 3.903514742851257324e-01 3.845167458057403564e-01
8.526775240898132324e-01 5.115010142326354980e-01 3.768150135874748230e-02 8.213700056076049805e-01 6.952049732208251953e-01 1.856072694063186646e-01 3.137840032577514648e-01 8.507412075996398926e-01 5.576781034469604492e-01 3.667725622653961182e-01 6.218435168266296387e-01 7.568041682243347168e-01 4.021500647068023682e-01 4.996877610683441162e-01
5.774924755096435547e-01 4.571650028228759766e-01 1.816727519035339355e-01 2.390747517347335815e-01 7.880027294158935547e-01 5.546672940254211426e-01 4.587976634502410889e-01 6.060665845870971680e-01 5.351147055625915527e-01 2.264752238988876343e-01 1.976300477981567383e-01 8.286068439483642578e-01 5.157233476638793945e-01 5.213183164596557617e-01
7.468674778938293457e-01 4.677500128746032715e-01 3.403122425079345703e-01 9.844074845314025879e-01 6.249527335166931152e-01 3.694692850112915039e-01 7.887266874313354492e-01 8.577313423156738281e-01 5.284522175788879395e-01 4.816825687885284424e-01 7.306827902793884277e-01 6.208682656288146973e-01 3.718419075012207031e-01 5.697916150093078613e-01
3.401150107383728027e-01 4.098608195781707764e-01 8.265535235404968262e-01 2.340075001120567322e-02 8.499457240104675293e-01 5.403444170951843262e-01 9.904894232749938965e-01 3.108076453208923340e-01 3.833282291889190674e-01 5.919369459152221680e-01 2.130561918020248413e-01 6.483099460601806641e-01 5.402783155441284180e-01 5.037306547164916992e-01
3.923675119876861572e-01 5.075591802597045898e-01 7.471457719802856445e-01 5.862674713134765625e-01 5.657017230987548828e-01 2.904629409313201904e-01 4.223130047321319580e-01 4.183788597583770752e-01 3.837381899356842041e-01 5.606575608253479004e-01 5.915610194206237793e-01 6.346890926361083984e-01 4.005504250526428223e-01 4.795549809932708740e-01
8.214499950408935547e-01 6.396030187606811523e-01 8.020964860916137695e-01 8.544650077819824219e-01 8.157207369804382324e-01 5.137507319450378418e-01 6.084013581275939941e-01 9.077588915824890137e-01 5.100092887878417969e-01 5.236105322837829590e-01 8.292548656463623047e-01 8.318105340003967285e-01 3.657015264034271240e-01 5.101314783096313477e-01
2.817200124263763428e-01 2.428318262100219727e-01 6.349735260009765625e-01 5.497174859046936035e-01 5.123487710952758789e-01 2.889033406972885132e-02 4.576143324375152588e-01 2.905439436435699463e-01 3.481871485710144043e-01 7.242711782455444336e-01 5.521939992904663086e-01 4.685097038745880127e-01 3.975329995155334473e-01 4.239693284034729004e-01
3.643549978733062744e-01 8.031976819038391113e-01 6.656810045242309570e-01 1.120777502655982971e-01 2.856124937534332275e-02 5.675760507583618164e-01 7.655128836631774902e-01 3.569225370883941650e-01 5.785281062126159668e-01 3.830619752407073975e-01 2.609560191631317139e-01 6.837619096040725708e-02 6.315761208534240723e-01 4.546080529689788818e-01
9.314125180244445801e-01 2.637443244457244873e-01 5.814767479896545410e-01 2.277624979615211487e-02 8.870834708213806152e-01 3.887223303318023682e-01 6.581820249557495117e-01 8.204881548881530762e-01 4.179024696350097656e-01 5.422871708869934082e-01 4.037671387195587158e-01 8.251597881317138672e-01 4.985603392124176025e-01 3.339234292507171631e-01
2.720350027084350586e-01 8.071784973144531250e-01 8.371084928512573242e-01 4.278457462787628174e-01 8.059327602386474609e-01 8.791138529777526855e-01 5.675200223922729492e-01 2.299508005380630493e-01 5.584712624549865723e-01 4.725276827812194824e-01 3.418974280357360840e-01 8.233805894851684570e-01 5.386088490486145020e-01 4.035731256008148193e-01
9.855474829673767090e-01 2.033886611461639404e-01 9.584337472915649414e-01 7.117875218391418457e-01 6.930927634239196777e-01 5.881259441375732422e-01 3.790040016174316406e-01 9.408072233200073242e-01 3.451097607612609863e-01 7.787058949470520020e-01 8.185641169548034668e-01 7.374490499496459961e-01 4.319913387298583984e-01 4.001760780811309814e-01
9.798499941825866699e-02 5.884426832199096680e-01 5.140967369079589844e-01 3.001849949359893799e-01 8.603529930114746094e-01 3.957545459270477295e-01 1.522736698389053345e-01 8.686125278472900391e-02 6.273908019065856934e-01 5.585280060768127441e-01 4.179704785346984863e-01 8.946360945701599121e-01 5.661249756813049316e-01 2.690926492214202881e-01
8.184524774551391602e-01 5.098446607589721680e-01 3.618807494640350342e-01 5.049499869346618652e-01 9.765369892120361328e-01 4.842854440212249756e-01 1.008686646819114685e-01 7.805022001266479492e-01 4.450499713420867920e-01 5.504851937294006348e-01 3.501397073268890381e-01 9.225228428840637207e-01 5.343594551086425781e-01 2.414048463106155396e-01
2.096750028431415558e-02 3.860625028610229492e-01 2.796250022947788239e-02 2.733870148658752441e-01 9.157245159149169922e-01 5.558437108993530273e-01 5.390610098838806152e-01 5.100845545530319214e-02 6.610977649688720703e-01 4.302202761173248291e-01 7.799170166254043579e-02 8.191610574722290039e-01 8.585499525070190430e-01 2.015999555587768555e-01
6.814774870872497559e-01 3.800818324089050293e-01 3.593422472476959229e-01 6.565399765968322754e-01 4.243335127830505371e-01 1.351579725742340088e-01 1.919530034065246582e-01 7.905650138854980469e-01 5.446084737777709961e-01 5.586384534835815430e-01 3.737632632255554199e-01 4.206105768680572510e-01 3.934464156627655029e-01 3.572866320610046387e-01
2.656599879264831543e-01 7.706983089447021484e-01 3.846769928932189941e-01 2.513934969902038574e-01 5.829137563705444336e-01 2.549786865711212158e-01 9.400420188903808594e-01 3.161836266517639160e-01 6.262703537940979004e-01 2.150160968303680420e-01 3.349051475524902344e-01 5.771249532699584961e-01 4.985537827014923096e-01 6.122414469718933105e-01
1.500625014305114746e-01 5.123521685600280762e-01 1.863054931163787842e-01 7.742224633693695068e-02 5.120747685432434082e-01 8.886257410049438477e-01 1.990929991006851196e-01 1.312540024518966675e-01 5.994325876235961914e-01 3.530791401863098145e-01 1.382817178964614868e-01 5.640338659286499023e-01 7.481951117515563965e-01 4.796384572982788086e-01
7.619249820709228516e-01 5.623946785926818848e-01 7.566737532615661621e-01 5.573624968528747559e-01 1.388995051383972168e-01 9.981855750083923340e-01 3.868726789951324463e-01 7.970203161239624023e-01 4.753282368183135986e-01 6.061489582061767578e-01 4.255481362342834473e-01 1.731844246387481689e-01 4.852785170078277588e-01 5.474941134452819824e-01
8.833774924278259277e-01 3.062469959259033203e-01 7.148334980010986328e-01 9.394775032997131348e-01 8.379694819450378418e-01 4.785756468772888184e-01 1.238410025835037231e-01 9.039861559867858887e-01 3.554559350013732910e-01 7.499296665191650391e-01 8.336098194122314453e-01 8.698502779006958008e-01 4.456349015235900879e-01 3.296570479869842529e-01
3.434999883174896240e-01 5.211371779441833496e-01 8.041267395019531250e-01 5.010049939155578613e-01 4.457629919052124023e-01 6.407568454742431641e-01 4.862506687641143799e-01 2.890464961528778076e-01 3.536924719810485840e-01 7.009428143501281738e-01 5.085807442665100098e-01 4.575561881065368652e-01 4.245212078094482422e-01 3.932126462459564209e-01
4.960150122642517090e-01 6.019331812858581543e-01 9.009832739830017090e-01 5.664924979209899902e-01 1.700827479362487793e-01 3.835171759128570557e-01 8.645050525665283203e-01 5.933945775032043457e-01 4.407059550285339355e-01 6.024400591850280762e-01 5.154693126678466797e-01 1.838520020246505737e-01 5.020994544029235840e-01 5.657728910446166992e-01
6.312825083732604980e-01 2.546228468418121338e-01 5.712372660636901855e-01 3.460980057716369629e-01 6.178572773933410645e-01 4.528657495975494385e-01 1.277023404836654663e-01 7.634050250053405762e-01 3.532609641551971436e-01 6.229122281074523926e-01 1.747395247220993042e-01 6.433980464935302734e-01 5.243765711784362793e-01 2.264074087142944336e-01
8.996000289916992188e-01 6.043524742126464844e-01 7.848539948463439941e-01 4.169670045375823975e-01 3.107174932956695557e-01 1.276740431785583496e-01 4.606069922447204590e-01 8.981208801269531250e-01 5.304262042045593262e-01 6.066920757293701172e-01 4.670669734477996826e-01 3.090488612651824951e-01 4.004202783107757568e-01 4.841760694980621338e-01
2.780900001525878906e-01 1.792176663875579834e-01 9.288704991340637207e-01 6.176350116729736328e-01 9.227149933576583862e-02 5.913984775543212891e-01 9.506603479385375977e-01 4.577275514602661133e-01 3.141762018203735352e-01 5.847883224487304688e-01 6.514798998832702637e-01 9.262347221374511719e-02 5.431665778160095215e-01 7.376207113265991211e-01
4.539249837398529053e-02 6.400160193443298340e-01 1.193045005202293396e-01 2.625067532062530518e-01 2.417974919080734253e-02 8.794419169425964355e-01 3.599239885807037354e-01 6.914661824703216553e-02 7.323108911514282227e-01 2.944123446941375732e-01 1.300505083054304123e-02 5.089062079787254333e-02 9.553880691528320312e-01 3.071843385696411133e-01
1.679424941539764404e-01 8.274276852607727051e-01 5.432714819908142090e-01 1.820649951696395874e-02 8.153262734413146973e-01 2.306262552738189697e-01 7.360599935054779053e-02 1.441702246665954590e-01 6.010960340499877930e-01 4.666620194911956787e-01 2.381789684295654297e-01 8.866194486618041992e-01 6.257669925689697266e-01 3.237587213516235352e-01
9.917999804019927979e-02 8.105639815330505371e-01 9.747987389564514160e-01 7.417950034141540527e-02 1.971040070056915283e-01 8.333922028541564941e-01 1.052133366465568542e-02 9.032782912254333496e-02 6.769894361495971680e-01 6.808904409408569336e-01 1.250558793544769287e-01 2.284080237150192261e-01 7.212289571762084961e-01 3.631580471992492676e-01
7.833675146102905273e-01 4.851410090923309326e-01 4.625167548656463623e-01 8.910225033760070801e-01 2.814037501811981201e-01 9.563513994216918945e-01 9.677899628877639771e-02 7.769287824630737305e-01 5.462272167205810547e-01 5.120244622230529785e-01 6.548511981964111328e-01 3.217191398143768311e-01 3.974913656711578369e-01 5.811471939086914062e-01
8.372499942779541016e-01 4.964953362941741943e-01 7.864217758178710938e-01 1.196952536702156067e-01 6.558899879455566406e-01 4.126114249229431152e-01 8.352743983268737793e-01 8.417990207672119141e-01 4.704159498214721680e-01 5.482355356216430664e-01 2.833167314529418945e-01 6.137064099311828613e-01 4.396529793739318848e-01 3.836840093135833740e-01
4.891099929809570312e-01 5.454931855201721191e-01 4.661380052566528320e-01 7.929674983024597168e-01 1.037275046110153198e-02 6.028006076812744141e-01 3.721086680889129639e-01 5.352618098258972168e-01 4.504235088825225830e-01 4.970152676105499268e-01 5.561068058013916016e-01 1.105594635009765625e-01 4.882297813892364502e-01 6.172938942909240723e-01
3.959375023841857910e-01 2.165694981813430786e-01 4.341965019702911377e-01 3.762249946594238281e-01 5.548002719879150391e-01 4.541881680488586426e-01 6.575070023536682129e-01 3.865551352500915527e-01 3.331400454044342041e-01 6.011461019515991211e-01 3.170843422412872314e-01 5.627865195274353027e-01 4.408452510833740234e-01 4.531070888042449951e-01
2.698175013065338135e-01 6.942576766014099121e-01 1.674434989690780640e-01 8.185899853706359863e-01 2.747847437858581543e-01 5.642480850219726562e-01 1.363613307476043701e-01 2.619207799434661865e-01 6.342566609382629395e-01 2.113468796014785767e-01 6.772861480712890625e-01 3.367297053337097168e-01 5.065297484397888184e-01 5.377150177955627441e-01
8.165749907493591309e-02 5.916183590888977051e-01 8.413150161504745483e-02 5.793750286102294922e-01 6.981599926948547363e-01 8.597926497459411621e-01 9.409117698669433594e-01 9.845186024904251099e-02 6.565863490104675293e-01 2.104234397411346436e-01 1.739049702882766724e-01 5.965903401374816895e-01 7.572267055511474609e-01 5.587347149848937988e-01
3.080675005912780762e-01 7.010611891746520996e-01 4.994640052318572998e-01 5.099800229072570801e-01 5.613575130701065063e-02 7.657982707023620605e-01 4.196510016918182373e-01 2.976579070091247559e-01 5.570348501205444336e-01 3.267759084701538086e-01 4.603645503520965576e-01 1.085661873221397400e-01 5.780655145645141602e-01 4.833930730819702148e-01
6.951050162315368652e-01 5.479220151901245117e-01 3.075642585754394531e-01 9.796925187110900879e-01 4.516704976558685303e-01 1.952718198299407959e-01 1.101979985833168030e-01 7.776498794555664062e-01 5.443148612976074219e-01 5.171160697937011719e-01 7.438690066337585449e-01 4.793574512004852295e-01 2.656611502170562744e-01 3.734492361545562744e-01
2.768650054931640625e-01 3.343124985694885254e-01 1.403087526559829712e-01 9.292724728584289551e-01 6.357747316360473633e-01 5.279412865638732910e-01 7.147667407989501953e-01 3.121913671493530273e-01 5.662110447883605957e-01 2.812040448188781738e-01 7.963400483131408691e-01 5.946899056434631348e-01 4.231406748294830322e-01 6.290836334228515625e-01
9.423925280570983887e-01 7.337131500244140625e-01 4.884625077247619629e-01 9.180124998092651367e-01 4.536060094833374023e-01 6.236575543880462646e-03 2.140016704797744751e-01 9.268000125885009766e-01 4.856247305870056152e-01 6.385115981101989746e-01 6.572645902633666992e-01 4.952801764011383057e-01 3.632105588912963867e-01 4.935381114482879639e-01
8.085849881172180176e-01 5.551509857177734375e-01 3.423945009708404541e-01 3.365197479724884033e-01 3.025574982166290283e-01 2.764036357402801514e-01 7.077468037605285645e-01 7.518737912178039551e-01 5.841947197914123535e-01 5.106705427169799805e-01 3.877059817314147949e-01 2.793299555778503418e-01 4.011904895305633545e-01 4.518914818763732910e-01
2.291425019502639771e-01 7.988243103027343750e-01 8.099225163459777832e-01 7.555599808692932129e-01 9.395350217819213867e-01 5.867105126380920410e-01 2.200309932231903076e-01 1.669623702764511108e-01 5.890805125236511230e-01 5.988278985023498535e-01 6.398203372955322266e-01 9.215388894081115723e-01 4.920190572738647461e-01 3.030710220336914062e-01
6.157274842262268066e-01 6.278780102729797363e-01 7.956697344779968262e-01 5.310574769973754883e-01 6.794289946556091309e-01 5.777800083160400391e-01 7.445900142192840576e-02 5.621589422225952148e-01 4.020828306674957275e-01 6.111118793487548828e-01 6.532345414161682129e-01 7.406572103500366211e-01 4.493541121482849121e-01 3.917586207389831543e-01
6.583349704742431641e-01 3.264728188514709473e-01 1.187812536954879761e-01 7.566974759101867676e-01 1.733645051717758179e-01 5.806132405996322632e-02 2.242893278598785400e-01 7.435542345046997070e-01 6.312586665153503418e-01 4.263643622398376465e-01 5.085533857345581055e-01 2.025626897811889648e-01 3.092295229434967041e-01 4.679233133792877197e-01
8.739100098609924316e-01 6.439178586006164551e-01 3.565104901790618896e-01 8.655250072479248047e-03 7.428217530250549316e-01 2.297111153602600098e-01 3.042726814746856689e-01 7.767093777656555176e-01 4.925029575824737549e-01 3.161590099334716797e-01 2.458276003599166870e-01 8.004974126815795898e-01 5.055395960807800293e-01 4.891721606254577637e-01
7.084274888038635254e-01 4.328461587429046631e-01 7.115697264671325684e-01 5.112199783325195312e-01 5.491034984588623047e-01 6.666193008422851562e-01 8.808780908584594727e-01 7.077927589416503906e-01 4.949424862861633301e-01 5.803585648536682129e-01 5.557234883308410645e-01 4.590417444705963135e-01 4.666360616683959961e-01 5.238611698150634766e-01
9.728350043296813965e-01 1.728146672248840332e-01 3.561397492885589600e-01 8.527474999427795410e-01 2.137182503938674927e-01 9.482091665267944336e-01 8.089429736137390137e-01 7.955898642539978027e-01 3.550097048282623291e-01 6.257938146591186523e-01 7.285299301147460938e-01 1.956619322299957275e-01 5.106976628303527832e-01 7.303788661956787109e-01
4.681299924850463867e-01 1.851781606674194336e-01 9.461502432823181152e-01 4.364475011825561523e-01 3.299537599086761475e-01 9.383332133293151855e-01 8.224333524703979492e-01 5.592314600944519043e-01 4.058501720428466797e-01 6.648617386817932129e-01 5.016570687294006348e-01 2.707619667053222656e-01 5.203674435615539551e-01 5.101233124732971191e-01
1.693174988031387329e-01 7.909858226776123047e-01 2.466634958982467651e-01 1.619444936513900757e-01 5.461649894714355469e-01 6.064682602882385254e-01 4.500993192195892334e-01 1.688575893640518188e-01 6.056475043296813965e-01 2.778263092041015625e-01 2.012013196945190430e-01 6.826709508895874023e-01 6.741213798522949219e-01 5.332895517349243164e-01
6.716700196266174316e-01 3.031946718692779541e-01 4.493922591209411621e-01 1.494902521371841431e-01 5.518347620964050293e-01 5.307163596153259277e-01 3.457366675138473511e-02 7.372081279754638672e-01 4.784802198410034180e-01 4.300914704799652100e-01 1.849094778299331665e-01 5.736700892448425293e-01 5.107374787330627441e-01 3.207657933235168457e-01
5.146424770355224609e-01 7.400485277175903320e-01 9.453434944152832031e-01 6.225699782371520996e-01 1.413842439651489258e-01 8.122097849845886230e-01 2.889286577701568604e-01 5.967885851860046387e-01 5.006036162376403809e-01 5.938032865524291992e-01 4.557470679283142090e-01 2.213417738676071167e-01 4.914148151874542236e-01 4.798628985881805420e-01
2.262825071811676025e-01 3.520023226737976074e-01 2.302384972572326660e-01 2.541489899158477783e-01 6.097245216369628906e-01 9.378677010536193848e-01 1.245416700839996338e-01 2.134657502174377441e-01 5.098321437835693359e-01 4.753759801387786865e-01 1.559143364429473877e-01 6.374442577362060547e-01 6.805936098098754883e-01 4.667098820209503174e-01
7.961149811744689941e-01 7.080058455467224121e-01 5.146562457084655762e-01 3.924799859523773193e-01 1.429699957370758057e-01 5.741235613822937012e-01 2.478723376989364624e-01 7.178056836128234863e-01 5.835421681404113770e-01 4.751459658145904541e-01 4.673783183097839355e-01 1.836157441139221191e-01 4.180241227149963379e-01 5.288085341453552246e-01
2.270675003528594971e-01 4.621528387069702148e-01 6.680135130882263184e-01 1.053114980459213257e-01 7.079409956932067871e-01 3.282281756401062012e-02 6.169936656951904297e-01 2.270811200141906738e-01 4.100041985511779785e-01 6.116235852241516113e-01 3.113180100917816162e-01 7.108789682388305664e-01 5.032907128334045410e-01 4.746778607368469238e-01
1.412000041455030441e-02 5.109578371047973633e-01 8.534232378005981445e-01 2.960324883460998535e-01 4.027594923973083496e-01 3.013576865196228027e-01 5.926493406295776367e-01 2.991492487490177155e-02 5.871408581733703613e-01 8.627855181694030762e-01 4.061781764030456543e-01 3.195548951625823975e-01 4.304063618183135986e-01 4.230295419692993164e-01
7.809500098228454590e-01 5.252936482429504395e-01 8.591882586479187012e-01 8.087325096130371094e-01 9.970407485961914062e-01 2.341383844614028931e-01 6.756131649017333984e-01 9.034594297409057617e-01 4.705759882926940918e-01 5.834606289863586426e-01 8.043022155761718750e-01 9.342278242111206055e-01 4.364746510982513428e-01 3.423577845096588135e-01
3.992750123143196106e-02 6.035388112068176270e-01 6.669340133666992188e-01 4.333457648754119873e-01 3.646380007266998291e-01 2.555052638053894043e-01 2.414180040359497070e-01 3.995360806584358215e-02 6.078226566314697266e-01 7.906719446182250977e-01 4.573762416839599609e-01 4.035540521144866943e-01 4.539407491683959961e-01 4.200195074081420898e-01
6.341400146484375000e-01 2.281313389539718628e-01 1.487150043249130249e-02 1.323725003749132156e-02 7.149450182914733887e-01 5.451665520668029785e-01 6.353093385696411133e-01 5.373664498329162598e-01 4.124905467033386230e-01 3.298085331916809082e-01 1.218801513314247131e-01 7.494243383407592773e-01 5.926782488822937012e-01 5.512989759445190430e-01
5.720275044441223145e-01 4.936041533946990967e-01 6.043180227279663086e-01 6.604175269603729248e-02 5.735285282135009766e-01 1.785506010055541992e-01 8.053066581487655640e-02 6.220849752426147461e-01 3.866326510906219482e-01 5.289460420608520508e-01 1.623904556035995483e-01 6.224229335784912109e-01 4.851300120353698730e-01 3.365367054939270020e-01
5.246300101280212402e-01 7.891093492507934570e-01 6.284675002098083496e-01 3.088797628879547119e-01 1.713967472314834595e-01 8.540242314338684082e-01 3.292213380336761475e-01 5.449452996253967285e-01 6.342301964759826660e-01 4.358621835708618164e-01 2.645747065544128418e-01 1.957296133041381836e-01 4.601911306381225586e-01 3.831710815429687500e-01
7.328374981880187988e-01 5.203235149383544922e-01 6.857187747955322266e-01 5.158724784851074219e-01 3.781472444534301758e-01 7.726946473121643066e-01 2.045466601848602295e-01 7.453434467315673828e-01 5.893581509590148926e-01 5.160068869590759277e-01 5.200053453445434570e-01 3.749599158763885498e-01 3.805487751960754395e-01 4.382231235504150391e-01
4.651749879121780396e-02 7.589908242225646973e-01 3.930207490921020508e-01 1.136192530393600464e-01 9.063389897346496582e-01 3.170475661754608154e-01 4.703536629676818848e-01 4.583871364593505859e-02 7.137266993522644043e-01 5.080403685569763184e-01 3.075719177722930908e-01 9.365414977073669434e-01 6.830446720123291016e-01 1.752095520496368408e-01
8.975899815559387207e-01 4.697036743164062500e-01 7.336025238037109375e-01 3.491324931383132935e-02 2.700837552547454834e-01 5.310596227645874023e-01 7.722600698471069336e-01 7.649660706520080566e-01 5.265076756477355957e-01 5.584039688110351562e-01 4.512497186660766602e-01 2.347056418657302856e-01 4.418149590492248535e-01 5.257195830345153809e-01
6.369550228118896484e-01 7.106475234031677246e-01 6.629995107650756836e-01 6.680275201797485352e-01 2.808440029621124268e-01 2.159877866506576538e-02 2.603693306446075439e-01 7.585320472717285156e-01 5.380576848983764648e-01 5.385544300079345703e-01 5.869344472885131836e-01 3.384803235530853271e-01 3.733977079391479492e-01 5.042989850044250488e-01
4.601399898529052734e-01 4.738574922084808350e-01 6.792887449264526367e-01 2.801632583141326904e-01 7.813665270805358887e-01 9.392333030700683594e-02 8.295833319425582886e-02 6.079122424125671387e-01 5.605322122573852539e-01 3.590272367000579834e-01 3.255879580974578857e-01 8.183783292770385742e-01 4.054651260375976562e-01 3.693518340587615967e-01
9.722474813461303711e-01 8.184563517570495605e-01 5.392625182867050171e-02 8.052600026130676270e-01 3.060939908027648926e-01 5.404233187437057495e-02 6.121023297309875488e-01 8.152756094932556152e-01 5.037502050399780273e-01 5.998637080192565918e-01 5.365799665451049805e-01 3.035733103752136230e-01 4.316519796848297119e-01 4.885299801826477051e-01
1.640650033950805664e-01 2.728306651115417480e-01 5.832762718200683594e-01 5.042325258255004883e-01 4.812425076961517334e-01 8.335813879966735840e-02 5.751573443412780762e-01 1.622368544340133667e-01 3.556949794292449951e-01 7.911314368247985840e-01 4.486832022666931152e-01 4.581011831760406494e-01 3.985087573528289795e-01 4.623530507087707520e-01
2.044575065374374390e-01 6.246816515922546387e-01 3.054497539997100830e-01 6.257774829864501953e-01 8.180882334709167480e-01 8.765958249568939209e-02 9.826537370681762695e-01 2.444282621145248413e-01 5.775044560432434082e-01 3.322657048702239990e-01 5.820557475090026855e-01 6.265806555747985840e-01 4.766959249973297119e-01 5.755122303962707520e-01
4.696499928832054138e-02 5.904046893119812012e-01 4.128272533416748047e-01 8.961125016212463379e-01 4.829832613468170166e-01 6.732547283172607422e-01 6.345176696777343750e-01 3.142417222261428833e-02 6.328771114349365234e-01 5.283970236778259277e-01 8.246182203292846680e-01 4.593465626239776611e-01 4.414843022823333740e-01 5.098545551300048828e-01
3.900099992752075195e-01 2.739291787147521973e-01 3.150264918804168701e-01 3.430207371711730957e-01 1.287014931440353394e-01 9.063737392425537109e-01 5.168513059616088867e-01 3.356222510337829590e-01 4.939663708209991455e-01 4.727147519588470459e-01 3.606277108192443848e-01 1.016792207956314087e-01 6.207443475723266602e-01 4.629162847995758057e-01
4.961249977350234985e-02 5.777558088302612305e-01 5.829795002937316895e-01 3.493617475032806396e-01 9.518602490425109863e-01 8.638531565666198730e-01 6.957533210515975952e-02 3.575878590345382690e-02 6.684331297874450684e-01 5.909044146537780762e-01 2.588952481746673584e-01 9.384610652923583984e-01 7.314394712448120117e-01 1.803340315818786621e-01
7.798550128936767578e-01 4.261656701564788818e-01 2.231547534465789795e-01 9.638224840164184570e-01 8.622482419013977051e-01 3.938568830490112305e-01 6.200990080833435059e-01 8.140566349029541016e-01 4.565848112106323242e-01 5.218888521194458008e-01 7.777500152587890625e-01 8.665689229965209961e-01 4.555244147777557373e-01 5.072987079620361328e-01
9.865124821662902832e-01 4.368748366832733154e-01 4.525982439517974854e-01 3.285277485847473145e-01 8.410974740982055664e-01 3.436492979526519775e-01 9.645522236824035645e-01 8.236402869224548340e-01 5.364276170730590820e-01 4.218675196170806885e-01 5.864858627319335938e-01 6.798447966575622559e-01 3.737459778785705566e-01 5.098744630813598633e-01
5.574300289154052734e-01 1.967226713895797729e-01 4.778167605400085449e-01 7.591174840927124023e-01 8.798952698707580566e-01 3.475827276706695557e-01 1.180666685104370117e-01 5.470855832099914551e-01 4.259409606456756592e-01 6.444424390792846680e-01 8.065162897109985352e-01 8.812414407730102539e-01 4.674370288848876953e-01 3.605028986930847168e-01
4.052499774843454361e-03 4.715193212032318115e-01 8.828007578849792480e-01 7.200124859809875488e-01 7.454494833946228027e-01 2.316546440124511719e-01 9.594941139221191406e-01 1.747257634997367859e-02 3.702904284000396729e-01 9.158161878585815430e-01 7.744435667991638184e-01 6.419552564620971680e-01 3.181394338607788086e-01 5.793514251708984375e-01
4.109925031661987305e-01 6.649144887924194336e-01 8.350780010223388672e-01 9.475824832916259766e-01 4.614642560482025146e-01 5.095159411430358887e-01 3.747733309864997864e-02 3.516986668109893799e-01 4.580932855606079102e-01 5.997859239578247070e-01 8.560563921928405762e-01 5.089960098266601562e-01 3.511390984058380127e-01 3.598969876766204834e-01
1.284125000238418579e-01 1.719155013561248779e-01 5.350260138511657715e-01 2.646502554416656494e-01 8.763049840927124023e-01 5.629256367683410645e-01 3.499099984765052795e-02 1.264692097902297974e-01 4.280388951301574707e-01 6.685143113136291504e-01 3.881496489048004150e-01 8.561412692070007324e-01 5.731720924377441406e-01 4.411533772945404053e-01
6.872249841690063477e-01 8.315606713294982910e-01 4.650804996490478516e-01 8.842549920082092285e-01 9.784927368164062500e-01 4.295774698257446289e-01 2.765719890594482422e-01 6.727355122566223145e-01 5.455623865127563477e-01 5.588596463203430176e-01 7.157621383666992188e-01 9.288095831871032715e-01 3.823895156383514404e-01 2.443889081478118896e-01
4.578525125980377197e-01 5.847293138504028320e-01 7.017765045166015625e-01 7.578824758529663086e-01 3.888577520847320557e-01 2.122800052165985107e-01 5.813996791839599609e-01 4.610716104507446289e-01 4.294550716876983643e-01 6.402349472045898438e-01 6.594246029853820801e-01 3.967763781547546387e-01 3.748894333839416504e-01 4.018836021423339844e-01
1.987649947404861450e-01 2.743841707706451416e-01 9.119752645492553711e-01 9.380350112915039062e-01 6.959974765777587891e-01 3.948940336704254150e-01 7.560707330703735352e-01 2.500409483909606934e-01 3.330399096012115479e-01 7.171651124954223633e-01 8.508238196372985840e-01 6.772255897521972656e-01 4.311543107032775879e-01 5.471361875534057617e-01
4.256824851036071777e-01 2.939333319664001465e-01 1.245462521910667419e-01 2.713499963283538818e-01 7.041749954223632812e-01 4.688818156719207764e-01 8.423999883234500885e-03 4.428398907184600830e-01 4.753490388393402100e-01 3.471624553203582764e-01 2.259647250175476074e-01 7.771866917610168457e-01 5.474331378936767578e-01 5.312117934226989746e-01
3.096500039100646973e-01 4.260173439979553223e-01 3.249287605285644531e-01 7.842350006103515625e-01 5.957267284393310547e-01 5.445885062217712402e-01 1.113356649875640869e-01 2.786290943622589111e-01 4.041041135787963867e-01 5.239988565444946289e-01 6.415482163429260254e-01 6.691381931304931641e-01 4.364641010761260986e-01 5.280067324638366699e-01
6.259425282478332520e-01 3.014331758022308350e-01 1.485912501811981201e-01 4.580957591533660889e-01 7.705637216567993164e-01 8.267338275909423828e-01 2.553633451461791992e-01 5.965476036071777344e-01 5.464814305305480957e-01 2.462246567010879517e-01 2.763997614383697510e-01 7.790881991386413574e-01 4.542165696620941162e-01 5.580168962478637695e-01
4.026250168681144714e-02 7.954681515693664551e-01 8.151177763938903809e-01 1.905857473611831665e-01 7.008910179138183594e-01 9.428991675376892090e-01 9.972299635410308838e-02 3.407456725835800171e-02 7.074487805366516113e-01 5.360514521598815918e-01 8.727531880140304565e-03 8.562561869621276855e-01 9.572398662567138672e-01 3.383905068039894104e-02
3.933550119400024414e-01 7.792611718177795410e-01 2.256225049495697021e-01 4.539837539196014404e-01 9.645607471466064453e-01 5.436675548553466797e-01 9.842261672019958496e-01 4.002288281917572021e-01 6.347059011459350586e-01 1.562582999467849731e-01 2.720902562141418457e-01 8.219783306121826172e-01 5.168095827102661133e-01 6.603072285652160645e-01
6.050000083632767200e-04 7.626801729202270508e-01 1.937910020351409912e-01 3.050400018692016602e-01 6.250527501106262207e-01 2.081033401191234589e-02 1.950639933347702026e-01 7.217834144830703735e-02 7.237017750740051270e-01 2.969198524951934814e-01 2.972075939178466797e-01 7.685665488243103027e-01 6.251330971717834473e-01 3.300110399723052979e-01
2.710725069046020508e-01 5.734021663665771484e-01 3.155847489833831787e-01 5.611975193023681641e-01 6.579167246818542480e-01 1.268856525421142578e-01 2.591633424162864685e-02 3.047086596488952637e-01 5.995331406593322754e-01 3.623034358024597168e-01 6.278741955757141113e-01 7.288107275962829590e-01 3.774442672729492188e-01 4.445345997810363770e-01
6.945325136184692383e-01 2.884384989738464355e-01 8.377732634544372559e-01 6.146925091743469238e-01 7.425462603569030762e-01 8.704830408096313477e-01 3.987466543912887573e-02 7.870411276817321777e-01 3.116570711135864258e-01 7.407957315444946289e-01 5.539382100105285645e-01 8.087577819824218750e-01 4.947215914726257324e-01 2.048011571168899536e-01
3.022249974310398102e-02 8.012443184852600098e-01 2.762752473354339600e-01 9.072750210762023926e-01 8.655869960784912109e-01 2.819007039070129395e-01 8.110892772674560547e-01 4.608118534088134766e-02 7.439736127853393555e-01 4.407995641231536865e-01 7.098403573036193848e-01 9.034937620162963867e-01 4.356067776679992676e-01 3.232280015945434570e-01
2.943474948406219482e-01 6.059141755104064941e-01 3.404900133609771729e-01 5.019899830222129822e-02 9.364472627639770508e-01 3.801256418228149414e-01 3.225743472576141357e-01 2.369974255561828613e-01 5.893732905387878418e-01 4.267262220382690430e-01 2.449480295181274414e-01 8.786875009536743164e-01 5.970019698143005371e-01 3.393680453300476074e-01
1.477124989032745361e-01 7.612910270690917969e-01 7.669077515602111816e-01 8.615375310182571411e-02 2.658597528934478760e-01 6.681354641914367676e-01 5.808043479919433594e-01 1.492980718612670898e-01 6.516361832618713379e-01 5.978569388389587402e-01 1.938815861940383911e-01 2.641020119190216064e-01 6.748557686805725098e-01 4.120712876319885254e-01
