5.437499880790710449e-01 4.833333194255828857e-01 4.277499914169311523e-01 4.059999883174896240e-01 5.849999785423278809e-01 2.405000030994415283e-01 5.423005223274230957e-01 4.775790870189666748e-01 4.256867170333862305e-01 4.033831357955932617e-01 5.880255699157714844e-01 2.786265611648559570e-01
5.437499880790710449e-01 4.833333194255828857e-01 4.277499914169311523e-01 4.059999883174896240e-01 5.849999785423278809e-01 8.665000200271606445e-01 5.424762964248657227e-01 4.900786280632019043e-01 4.305777251720428467e-01 4.074809253215789795e-01 5.836330652236938477e-01 8.531179428100585938e-01
5.437499880790710449e-01 4.833333194255828857e-01 4.277499914169311523e-01 4.059999883174896240e-01 5.849999785423278809e-01 9.585000276565551758e-01 5.355042219161987305e-01 4.703777134418487549e-01 4.267921447753906250e-01 4.052644968032836914e-01 5.862337946891784668e-01 9.708076119422912598e-01
5.437499880790710449e-01 4.833333194255828857e-01 4.277499914169311523e-01 4.059999883174896240e-01 5.849999785423278809e-01 7.024999856948852539e-01 5.420037508010864258e-01 4.841076731681823730e-01 4.287899434566497803e-01 4.072138965129852295e-01 5.835631489753723145e-01 6.558374166488647461e-01
5.437499880790710449e-01 4.833333194255828857e-01 4.277499914169311523e-01 4.059999883174896240e-01 5.849999785423278809e-01 4.084999859333038330e-01 5.416396260261535645e-01 4.819335043430328369e-01 4.272939860820770264e-01 4.055892527103424072e-01 5.852592587471008301e-01 3.941529095172882080e-01
5.437499880790710449e-01 4.833333194255828857e-01 4.277499914169311523e-01 4.059999883174896240e-01 5.849999785423278809e-01 2.605000138282775879e-01 5.423895120620727539e-01 4.828387200832366943e-01 4.269006550312042236e-01 4.053280353546142578e-01 5.855364799499511719e-01 2.834155857563018799e-01
5.437499880790710449e-01 4.833333194255828857e-01 4.277499914169311523e-01 4.059999883174896240e-01 5.849999785423278809e-01 1.714999973773956299e-01 5.421499609947204590e-01 4.794387817382812500e-01 4.258226454257965088e-01 4.025988578796386719e-01 5.887886881828308105e-01 1.914455294609069824e-01
5.437499880790710449e-01 4.833333194255828857e-01 4.277499914169311523e-01 4.059999883174896240e-01 5.849999785423278809e-01 9.064999818801879883e-01 5.397243499755859375e-01 4.839992821216583252e-01 4.296412169933319092e-01 4.075896441936492920e-01 5.832524299621582031e-01 9.022263288497924805e-01
5.437499880790710449e-01 4.833333194255828857e-01 4.277499914169311523e-01 4.059999883174896240e-01 5.849999785423278809e-01 6.604999899864196777e-01 5.417144298553466797e-01 4.839354157447814941e-01 4.288104176521301270e-01 4.067022502422332764e-01 5.841096639633178711e-01 6.642818450927734375e-01
5.437499880790710449e-01 4.833333194255828857e-01 4.277499914169311523e-01 4.059999883174896240e-01 5.849999785423278809e-01 4.025000035762786865e-01 5.421718955039978027e-01 4.825138151645660400e-01 4.277067780494689941e-01 4.058511555194854736e-01 5.850329399108886719e-01 4.647639393806457520e-01
5.437499880790710449e-01 4.833333194255828857e-01 4.277499914169311523e-01 4.059999883174896240e-01 5.849999785423278809e-01 6.165000200271606445e-01 5.422158241271972656e-01 4.855893254280090332e-01 4.291742444038391113e-01 4.070186913013458252e-01 5.838703513145446777e-01 6.929385066032409668e-01
5.437499880790710449e-01 4.833333194255828857e-01 4.277499914169311523e-01 4.059999883174896240e-01 5.849999785423278809e-01 9.455000162124633789e-01 5.420453548431396484e-01 4.970545172691345215e-01 4.334112405776977539e-01 4.091761112213134766e-01 5.821944475173950195e-01 9.820156097412109375e-01
5.437499880790710449e-01 4.833333194255828857e-01 4.277499914169311523e-01 4.059999883174896240e-01 5.849999785423278809e-01 2.615000009536743164e-01 5.422570705413818359e-01 4.837951958179473877e-01 4.274187684059143066e-01 4.046216607093811035e-01 5.863782763481140137e-01 2.892825007438659668e-01
5.437499880790710449e-01 4.833333194255828857e-01 4.277499914169311523e-01 4.059999883174896240e-01 5.849999785423278809e-01 9.014999866485595703e-01 5.423741936683654785e-01 4.889562726020812988e-01 4.299962818622589111e-01 4.065393507480621338e-01 5.848804116249084473e-01 8.852857947349548340e-01
5.437499880790710449e-01 4.833333194255828857e-01 4.277499914169311523e-01 4.059999883174896240e-01 5.849999785423278809e-01 2.915000021457672119e-01 5.419665575027465820e-01 4.827266931533813477e-01 4.272380769252777100e-01 4.045918583869934082e-01 5.863544940948486328e-01 2.767306268215179443e-01
5.437499880790710449e-01 4.833333194255828857e-01 4.277499914169311523e-01 4.059999883174896240e-01 5.849999785423278809e-01 3.434999883174896240e-01 5.420718193054199219e-01 4.828366041183471680e-01 4.276186227798461914e-01 4.057244956493377686e-01 5.851870179176330566e-01 4.213101267814636230e-01
5.437499880790710449e-01 4.833333194255828857e-01 4.277499914169311523e-01 4.059999883174896240e-01 5.849999785423278809e-01 1.994999945163726807e-01 5.416234731674194336e-01 4.825765490531921387e-01 4.259171187877655029e-01 4.022309184074401855e-01 5.888366699218750000e-01 1.000896617770195007e-01
5.437499880790710449e-01 4.833333194255828857e-01 4.277499914169311523e-01 4.059999883174896240e-01 5.849999785423278809e-01 3.774999976158142090e-01 5.418737530708312988e-01 4.838505387306213379e-01 4.275050163269042969e-01 4.050700962543487549e-01 5.858370065689086914e-01 3.327613174915313721e-01
5.437499880790710449e-01 4.833333194255828857e-01 4.277499914169311523e-01 4.059999883174896240e-01 5.849999785423278809e-01 1.150000002235174179e-02 5.429929494857788086e-01 4.843088388442993164e-01 4.261086285114288330e-01 4.021817743778228760e-01 5.890470743179321289e-01 7.458929717540740967e-02
5.437499880790710449e-01 4.833333194255828857e-01 4.277499914169311523e-01 4.059999883174896240e-01 5.849999785423278809e-01 8.615000247955322266e-01 5.431944727897644043e-01 4.910982251167297363e-01 4.305958747863769531e-01 4.070430099964141846e-01 5.839267373085021973e-01 7.818209528923034668e-01
5.437499880790710449e-01 4.833333194255828857e-01 4.277499914169311523e-01 4.059999883174896240e-01 5.849999785423278809e-01 1.350000035017728806e-02 5.417500138282775879e-01 4.833543002605438232e-01 4.254853129386901855e-01 4.015523195266723633e-01 5.897095799446105957e-01 6.098049134016036987e-02
5.437499880790710449e-01 4.833333194255828857e-01 4.277499914169311523e-01 4.059999883174896240e-01 5.849999785423278809e-01 5.784999728202819824e-01 5.419785380363464355e-01 4.794642031192779541e-01 4.267824888229370117e-01 4.049338996410369873e-01 5.864583849906921387e-01 6.156378388404846191e-01
5.437499880790710449e-01 4.833333194255828857e-01 4.277499914169311523e-01 4.059999883174896240e-01 5.849999785423278809e-01 6.294999718666076660e-01 5.419056415557861328e-01 4.828581511974334717e-01 4.282881617546081543e-01 4.061052799224853516e-01 5.846263170242309570e-01 5.356100201606750488e-01
5.437499880790710449e-01 4.833333194255828857e-01 4.277499914169311523e-01 4.059999883174896240e-01 5.849999785423278809e-01 8.015000224113464355e-01 5.407555699348449707e-01 4.833311140537261963e-01 4.291127324104309082e-01 4.075903892517089844e-01 5.832939147949218750e-01 8.152912259101867676e-01
5.437499880790710449e-01 4.833333194255828857e-01 4.277499914169311523e-01 4.059999883174896240e-01 5.849999785423278809e-01 2.094999998807907104e-01 5.427883267402648926e-01 4.824691414833068848e-01 4.263175725936889648e-01 4.042242765426635742e-01 5.868256688117980957e-01 1.620732992887496948e-01
5.437499880790710449e-01 4.833333194255828857e-01 4.277499914169311523e-01 4.059999883174896240e-01 5.849999785423278809e-01 6.884999871253967285e-01 5.417560935020446777e-01 4.852571189403533936e-01 4.289028346538543701e-01 4.063781797885894775e-01 5.845571756362915039e-01 6.809242367744445801e-01
5.437499880790710449e-01 4.833333194255828857e-01 4.277499914169311523e-01 4.059999883174896240e-01 5.849999785423278809e-01 2.265000045299530029e-01 5.420492887496948242e-01 4.839937090873718262e-01 4.262754917144775391e-01 4.017422795295715332e-01 5.895127058029174805e-01 8.500060439109802246e-02
5.437499880790710449e-01 4.833333194255828857e-01 4.277499914169311523e-01 4.059999883174896240e-01 5.849999785423278809e-01 4.375000000000000000e-01 5.415036082267761230e-01 4.796207845211029053e-01 4.268270432949066162e-01 4.059921801090240479e-01 5.848683118820190430e-01 4.467839300632476807e-01
5.437499880790710449e-01 4.833333194255828857e-01 4.277499914169311523e-01 4.059999883174896240e-01 5.849999785423278809e-01 6.575000286102294922e-01 5.421751141548156738e-01 4.838261008262634277e-01 4.283969104290008545e-01 4.065883457660675049e-01 5.845085382461547852e-01 7.208892107009887695e-01
5.437499880790710449e-01 4.833333194255828857e-01 4.277499914169311523e-01 4.059999883174896240e-01 5.849999785423278809e-01 8.224999904632568359e-01 5.428725481033325195e-01 4.911544620990753174e-01 4.309787452220916748e-01 4.077096581459045410e-01 5.835280418395996094e-01 9.061465263366699219e-01
5.437499880790710449e-01 4.833333194255828857e-01 4.277499914169311523e-01 4.059999883174896240e-01 5.849999785423278809e-01 6.650000065565109253e-02 5.427321195602416992e-01 4.834941625595092773e-01 4.262771904468536377e-01 4.028029441833496094e-01 5.883389711380004883e-01 1.173077896237373352e-01
5.437499880790710449e-01 4.833333194255828857e-01 4.277499914169311523e-01 4.059999883174896240e-01 5.849999785423278809e-01 4.684999883174896240e-01 5.414187908172607422e-01 4.809462130069732666e-01 4.267010092735290527e-01 4.051472544670104980e-01 5.858664512634277344e-01 4.919206798076629639e-01
5.437499880790710449e-01 4.833333194255828857e-01 4.277499914169311523e-01 4.059999883174896240e-01 5.849999785423278809e-01 5.615000128746032715e-01 5.417510867118835449e-01 4.822102785110473633e-01 4.275116622447967529e-01 4.051168859004974365e-01 5.861179232597351074e-01 5.864161252975463867e-01
5.437499880790710449e-01 4.833333194255828857e-01 4.277499914169311523e-01 4.059999883174896240e-01 5.849999785423278809e-01 8.264999985694885254e-01 5.425682067871093750e-01 4.851668179035186768e-01 4.284422099590301514e-01 4.059526622295379639e-01 5.852532982826232910e-01 7.069195508956909180e-01
5.437499880790710449e-01 4.833333194255828857e-01 4.277499914169311523e-01 4.059999883174896240e-01 5.849999785423278809e-01 3.855000138282775879e-01 5.417711138725280762e-01 4.789556860923767090e-01 4.268985688686370850e-01 4.051206409931182861e-01 5.860115885734558105e-01 4.019586145877838135e-01
5.437499880790710449e-01 4.833333194255828857e-01 4.277499914169311523e-01 4.059999883174896240e-01 5.849999785423278809e-01 2.745000123977661133e-01 5.418800115585327148e-01 4.825493395328521729e-01 4.271562397480010986e-01 4.041935503482818604e-01 5.867734551429748535e-01 2.806203365325927734e-01
5.437499880790710449e-01 4.833333194255828857e-01 4.277499914169311523e-01 4.059999883174896240e-01 5.849999785423278809e-01 8.694999814033508301e-01 5.436244606971740723e-01 4.952011108398437500e-01 4.317682087421417236e-01 4.072572290897369385e-01 5.842701792716979980e-01 9.307557940483093262e-01
5.437499880790710449e-01 4.833333194255828857e-01 4.277499914169311523e-01 4.059999883174896240e-01 5.849999785423278809e-01 9.944999814033508301e-01 5.376113057136535645e-01 4.754794538021087646e-01 4.273197054862976074e-01 4.053955972194671631e-01 5.863323807716369629e-01 9.630469679832458496e-01
5.437499880790710449e-01 4.833333194255828857e-01 4.277499914169311523e-01 4.059999883174896240e-01 5.849999785423278809e-01 9.955000281333923340e-01 5.429189205169677734e-01 4.987078905105590820e-01 4.343670308589935303e-01 4.105057716369628906e-01 5.807601213455200195e-01 9.877436757087707520e-01
5.437499880790710449e-01 4.833333194255828857e-01 4.277499914169311523e-01 4.059999883174896240e-01 5.849999785423278809e-01 4.814999997615814209e-01 5.413950085639953613e-01 4.815292954444885254e-01 4.275796413421630859e-01 4.050695598125457764e-01 5.858956575393676758e-01 4.627895653247833252e-01
5.437499880790710449e-01 4.833333194255828857e-01 4.277499914169311523e-01 4.059999883174896240e-01 5.849999785423278809e-01 5.435000061988830566e-01 5.414478778839111328e-01 4.788852632045745850e-01 4.269137680530548096e-01 4.056040942668914795e-01 5.853730440139770508e-01 5.502406954765319824e-01
5.437499880790710449e-01 4.833333194255828857e-01 4.277499914169311523e-01 4.059999883174896240e-01 5.849999785423278809e-01 8.184999823570251465e-01 5.377771258354187012e-01 4.776917994022369385e-01 4.273100793361663818e-01 4.044084846973419189e-01 5.867259502410888672e-01 7.835927009582519531e-01
5.437499880790710449e-01 4.833333194255828857e-01 4.277499914169311523e-01 4.059999883174896240e-01 5.849999785423278809e-01 4.149999842047691345e-02 5.421180725097656250e-01 4.852069318294525146e-01 4.266010522842407227e-01 4.012506604194641113e-01 5.901817679405212402e-01 8.512462675571441650e-02
5.437499880790710449e-01 4.833333194255828857e-01 4.277499914169311523e-01 4.059999883174896240e-01 5.849999785423278809e-01 1.745000034570693970e-01 5.420876145362854004e-01 4.830601513385772705e-01 4.266594648361206055e-01 4.043210148811340332e-01 5.866022109985351562e-01 2.298337668180465698e-01
5.437499880790710449e-01 4.833333194255828857e-01 4.277499914169311523e-01 4.059999883174896240e-01 5.849999785423278809e-01 7.944999933242797852e-01 5.441139340400695801e-01 4.937549233436584473e-01 4.309918880462646484e-01 4.066452383995056152e-01 5.846989750862121582e-01 8.554756641387939453e-01
5.437499880790710449e-01 4.833333194255828857e-01 4.277499914169311523e-01 4.059999883174896240e-01 5.849999785423278809e-01 6.424999833106994629e-01 5.408242344856262207e-01 4.799211025238037109e-01 4.273349046707153320e-01 4.053337872028350830e-01 5.856459140777587891e-01 5.774073004722595215e-01
5.437499880790710449e-01 4.833333194255828857e-01 4.277499914169311523e-01 4.059999883174896240e-01 5.849999785423278809e-01 6.154999732971191406e-01 5.427455306053161621e-01 4.885479211807250977e-01 4.299550950527191162e-01 4.065991044044494629e-01 5.843578577041625977e-01 6.389850378036499023e-01
5.437499880790710449e-01 4.833333194255828857e-01 4.277499914169311523e-01 4.059999883174896240e-01 5.849999785423278809e-01 5.845000147819519043e-01 5.419398546218872070e-01 4.805719256401062012e-01 4.272001385688781738e-01 4.053675532341003418e-01 5.856891870498657227e-01 5.286557078361511230e-01
5.437499880790710449e-01 4.833333194255828857e-01 4.277499914169311523e-01 4.059999883174896240e-01 5.849999785423278809e-01 2.499999944120645523e-03 5.434806346893310547e-01 4.855600893497467041e-01 4.247457981109619141e-01 4.009919762611389160e-01 5.900503396987915039e-01 2.874565683305263519e-02
5.437499880790710449e-01 4.833333194255828857e-01 4.277499914169311523e-01 4.059999883174896240e-01 5.849999785423278809e-01 3.664999902248382568e-01 5.419992208480834961e-01 4.817927479743957520e-01 4.273730516433715820e-01 4.052201807498931885e-01 5.857350826263427734e-01 4.318540692329406738e-01
5.437499880790710449e-01 4.833333194255828857e-01 4.277499914169311523e-01 4.059999883174896240e-01 5.849999785423278809e-01 2.384999990463256836e-01 5.421577095985412598e-01 4.813414514064788818e-01 4.266817271709442139e-01 4.046838283538818359e-01 5.863249301910400391e-01 2.338038235902786255e-01
5.437499880790710449e-01 4.833333194255828857e-01 4.277499914169311523e-01 4.059999883174896240e-01 5.849999785423278809e-01 2.845000028610229492e-01 5.444345474243164062e-01 4.843464195728302002e-01 4.268479645252227783e-01 4.055806994438171387e-01 5.852002501487731934e-01 2.522350847721099854e-01
5.437499880790710449e-01 4.833333194255828857e-01 4.277499914169311523e-01 4.059999883174896240e-01 5.849999785423278809e-01 5.874999761581420898e-01 5.417786240577697754e-01 4.807744324207305908e-01 4.272168576717376709e-01 4.050726294517517090e-01 5.860840082168579102e-01 5.056344866752624512e-01
5.437499880790710449e-01 4.833333194255828857e-01 4.277499914169311523e-01 4.059999883174896240e-01 5.849999785423278809e-01 9.564999938011169434e-01 5.414706468582153320e-01 4.977342486381530762e-01 4.349329769611358643e-01 4.116064310073852539e-01 5.794436335563659668e-01 9.956383109092712402e-01
5.437499880790710449e-01 4.833333194255828857e-01 4.277499914169311523e-01 4.059999883174896240e-01 5.849999785423278809e-01 5.995000004768371582e-01 5.433581471443176270e-01 4.876447916030883789e-01 4.291744530200958252e-01 4.063715934753417969e-01 5.845740437507629395e-01 6.350019574165344238e-01
5.437499880790710449e-01 4.833333194255828857e-01 4.277499914169311523e-01 4.059999883174896240e-01 5.849999785423278809e-01 8.349999785423278809e-02 5.428900122642517090e-01 4.849471449851989746e-01 4.256594479084014893e-01 4.013661146163940430e-01 5.898264646530151367e-01 3.852998837828636169e-02
5.437499880790710449e-01 4.833333194255828857e-01 4.277499914169311523e-01 4.059999883174896240e-01 5.849999785423278809e-01 1.955000013113021851e-01 5.419347286224365234e-01 4.832488298416137695e-01 4.272539317607879639e-01 4.037306904792785645e-01 5.872930288314819336e-01 2.591037452220916748e-01
5.437499880790710449e-01 4.833333194255828857e-01 4.277499914169311523e-01 4.059999883174896240e-01 5.849999785423278809e-01 6.449999660253524780e-02 5.422443747520446777e-01 4.834013581275939941e-01 4.258013963699340820e-01 4.026701748371124268e-01 5.884888172149658203e-01 9.639542549848556519e-02
5.437499880790710449e-01 4.833333194255828857e-01 4.277499914169311523e-01 4.059999883174896240e-01 5.849999785423278809e-01 8.125000000000000000e-01 5.422348976135253906e-01 4.868088364601135254e-01 4.294337034225463867e-01 4.066548645496368408e-01 5.846266746520996094e-01 8.455487489700317383e-01
5.437499880790710449e-01 4.833333194255828857e-01 4.277499914169311523e-01 4.059999883174896240e-01 5.849999785423278809e-01 4.544999897480010986e-01 5.419014692306518555e-01 4.811232388019561768e-01 4.276640415191650391e-01 4.063168168067932129e-01 5.844117999076843262e-01 5.146539807319641113e-01
5.437499880790710449e-01 4.833333194255828857e-01 4.277499914169311523e-01 4.059999883174896240e-01 5.849999785423278809e-01 4.174999892711639404e-01 5.422502160072326660e-01 4.806347787380218506e-01 4.270410537719726562e-01 4.053819775581359863e-01 5.855747461318969727e-01 4.355548918247222900e-01
5.437499880790710449e-01 4.833333194255828857e-01 4.277499914169311523e-01 4.059999883174896240e-01 5.849999785423278809e-01 7.975000143051147461e-01 5.393413305282592773e-01 4.823546111583709717e-01 4.293613433837890625e-01 4.070919454097747803e-01 5.836483240127563477e-01 8.999222517013549805e-01
5.437499880790710449e-01 4.833333194255828857e-01 4.277499914169311523e-01 4.059999883174896240e-01 5.849999785423278809e-01 5.504999756813049316e-01 5.424490571022033691e-01 4.830896854400634766e-01 4.279840588569641113e-01 4.060499072074890137e-01 5.849544405937194824e-01 5.856729149818420410e-01
5.437499880790710449e-01 4.833333194255828857e-01 4.277499914169311523e-01 4.059999883174896240e-01 5.849999785423278809e-01 8.364999890327453613e-01 5.404252409934997559e-01 4.808353781700134277e-01 4.278037250041961670e-01 4.053640961647033691e-01 5.862581133842468262e-01 8.768303394317626953e-01
5.437499880790710449e-01 4.833333194255828857e-01 4.277499914169311523e-01 4.059999883174896240e-01 5.849999785423278809e-01 8.649999648332595825e-02 5.436476469039916992e-01 4.856730401515960693e-01 4.253889620304107666e-01 4.017615616321563721e-01 5.892692804336547852e-01 4.468084126710891724e-02
5.437499880790710449e-01 4.833333194255828857e-01 4.277499914169311523e-01 4.059999883174896240e-01 5.849999785423278809e-01 1.574999988079071045e-01 5.436586737632751465e-01 4.826482534408569336e-01 4.253971874713897705e-01 4.038617014884948730e-01 5.870120525360107422e-01 1.015823483467102051e-01
5.437499880790710449e-01 4.833333194255828857e-01 4.277499914169311523e-01 4.059999883174896240e-01 5.849999785423278809e-01 1.535000056028366089e-01 5.426688194274902344e-01 4.847069084644317627e-01 4.269134998321533203e-01 4.034363329410552979e-01 5.876565575599670410e-01 1.666169911623001099e-01
5.437499880790710449e-01 4.833333194255828857e-01 4.277499914169311523e-01 4.059999883174896240e-01 5.849999785423278809e-01 8.604999780654907227e-01 5.425851345062255859e-01 4.886353909969329834e-01 4.298742413520812988e-01 4.069664478302001953e-01 5.842806100845336914e-01 8.260853290557861328e-01
5.437499880790710449e-01 4.833333194255828857e-01 4.277499914169311523e-01 4.059999883174896240e-01 5.849999785423278809e-01 1.685000061988830566e-01 5.415115356445312500e-01 4.828457236289978027e-01 4.263035953044891357e-01 4.030081331729888916e-01 5.881935358047485352e-01 1.820896118879318237e-01
5.437499880790710449e-01 4.833333194255828857e-01 4.277499914169311523e-01 4.059999883174896240e-01 5.849999785423278809e-01 5.964999794960021973e-01 5.434489250183105469e-01 4.880476593971252441e-01 4.293125271797180176e-01 4.066780805587768555e-01 5.841973423957824707e-01 5.833701491355895996e-01
5.437499880790710449e-01 4.833333194255828857e-01 4.277499914169311523e-01 4.059999883174896240e-01 5.849999785423278809e-01 2.349999919533729553e-02 5.431046485900878906e-01 4.834932684898376465e-01 4.258751571178436279e-01 4.014408588409423828e-01 5.898336172103881836e-01 6.186052411794662476e-02
5.437499880790710449e-01 4.833333194255828857e-01 4.277499914169311523e-01 4.059999883174896240e-01 5.849999785423278809e-01 5.065000057220458984e-01 5.415503382682800293e-01 4.800355732440948486e-01 4.267007708549499512e-01 4.038718938827514648e-01 5.877153277397155762e-01 6.080063581466674805e-01
5.437499880790710449e-01 4.833333194255828857e-01 4.277499914169311523e-01 4.059999883174896240e-01 5.849999785423278809e-01 2.045000046491622925e-01 5.419017076492309570e-01 4.838207364082336426e-01 4.262258112430572510e-01 4.024580121040344238e-01 5.888234376907348633e-01 1.230715960264205933e-01
5.437499880790710449e-01 4.833333194255828857e-01 4.277499914169311523e-01 4.059999883174896240e-01 5.849999785423278809e-01 6.065000295639038086e-01 5.423401594161987305e-01 4.847020208835601807e-01 4.285402297973632812e-01 4.063818752765655518e-01 5.845271348953247070e-01 5.990613102912902832e-01
5.437499880790710449e-01 4.833333194255828857e-01 4.277499914169311523e-01 4.059999883174896240e-01 5.849999785423278809e-01 1.934999972581863403e-01 5.436471104621887207e-01 4.843676984310150146e-01 4.264038503170013428e-01 4.039015471935272217e-01 5.870163440704345703e-01 1.488438099622726440e-01
5.437499880790710449e-01 4.833333194255828857e-01 4.277499914169311523e-01 4.059999883174896240e-01 5.849999785423278809e-01 9.035000205039978027e-01 5.415766239166259766e-01 4.866059720516204834e-01 4.297445118427276611e-01 4.069147706031799316e-01 5.842229723930358887e-01 8.709134459495544434e-01
5.437499880790710449e-01 4.833333194255828857e-01 4.277499914169311523e-01 4.059999883174896240e-01 5.849999785423278809e-01 8.995000123977661133e-01 5.397751331329345703e-01 4.793416261672973633e-01 4.280206859111785889e-01 4.067355990409851074e-01 5.845058560371398926e-01 8.442183732986450195e-01
5.437499880790710449e-01 4.833333194255828857e-01 4.277499914169311523e-01 4.059999883174896240e-01 5.849999785423278809e-01 1.105000004172325134e-01 5.427623987197875977e-01 4.849851727485656738e-01 4.267165064811706543e-01 4.035860300064086914e-01 5.873858928680419922e-01 1.416168361902236938e-01
5.437499880790710449e-01 4.833333194255828857e-01 4.277499914169311523e-01 4.059999883174896240e-01 5.849999785423278809e-01 7.294999957084655762e-01 5.415876507759094238e-01 4.847507476806640625e-01 4.290473163127899170e-01 4.074854850769042969e-01 5.833626389503479004e-01 7.178692221641540527e-01
5.437499880790710449e-01 4.833333194255828857e-01 4.277499914169311523e-01 4.059999883174896240e-01 5.849999785423278809e-01 8.734999895095825195e-01 5.421130657196044922e-01 4.913280010223388672e-01 4.316306114196777344e-01 4.086186885833740234e-01 5.826985836029052734e-01 9.464421272277832031e-01
5.437499880790710449e-01 4.833333194255828857e-01 4.277499914169311523e-01 4.059999883174896240e-01 5.849999785423278809e-01 7.349999994039535522e-02 5.435618162155151367e-01 4.827153980731964111e-01 4.251615703105926514e-01 4.020188748836517334e-01 5.891474485397338867e-01 4.503282532095909119e-02
5.437499880790710449e-01 4.833333194255828857e-01 4.277499914169311523e-01 4.059999883174896240e-01 5.849999785423278809e-01 5.734999775886535645e-01 5.441929697990417480e-01 4.898906350135803223e-01 4.292925298213958740e-01 4.054946899414062500e-01 5.857717990875244141e-01 6.485800147056579590e-01
5.437499880790710449e-01 4.833333194255828857e-01 4.277499914169311523e-01 4.059999883174896240e-01 5.849999785423278809e-01 1.215000003576278687e-01 5.415630340576171875e-01 4.820259511470794678e-01 4.258066117763519287e-01 4.004847109317779541e-01 5.907786488533020020e-01 8.678730577230453491e-02
5.437499880790710449e-01 4.833333194255828857e-01 4.277499914169311523e-01 4.059999883174896240e-01 5.849999785423278809e-01 7.394999861717224121e-01 5.425751209259033203e-01 4.875993132591247559e-01 4.299873709678649902e-01 4.077451527118682861e-01 5.834036469459533691e-01 8.496996760368347168e-01
5.437499880790710449e-01 4.833333194255828857e-01 4.277499914169311523e-01 4.059999883174896240e-01 5.849999785423278809e-01 7.814999818801879883e-01 5.436171293258666992e-01 4.901281595230102539e-01 4.298911988735198975e-01 4.069080352783203125e-01 5.840851664543151855e-01 6.775031685829162598e-01
5.437499880790710449e-01 4.833333194255828857e-01 4.277499914169311523e-01 4.059999883174896240e-01 5.849999785423278809e-01 5.885000228881835938e-01 5.421395301818847656e-01 4.826865792274475098e-01 4.277173280715942383e-01 4.058064222335815430e-01 5.852676033973693848e-01 5.803653597831726074e-01
5.437499880790710449e-01 4.833333194255828857e-01 4.277499914169311523e-01 4.059999883174896240e-01 5.849999785423278809e-01 1.944999992847442627e-01 5.419377684593200684e-01 4.814620614051818848e-01 4.254387915134429932e-01 4.008245170116424561e-01 5.909923315048217773e-01 1.375268697738647461e-01
5.437499880790710449e-01 4.833333194255828857e-01 4.277499914169311523e-01 4.059999883174896240e-01 5.849999785423278809e-01 1.515000015497207642e-01 5.424087047576904297e-01 4.820089340209960938e-01 4.258882403373718262e-01 4.029423296451568604e-01 5.883470773696899414e-01 1.483782827854156494e-01
5.437499880790710449e-01 4.833333194255828857e-01 4.277499914169311523e-01 4.059999883174896240e-01 5.849999785423278809e-01 8.250000327825546265e-02 5.427107214927673340e-01 4.839509427547454834e-01 4.257901310920715332e-01 4.029177725315093994e-01 5.880703330039978027e-01 8.797940611839294434e-02
5.437499880790710449e-01 4.833333194255828857e-01 4.277499914169311523e-01 4.059999883174896240e-01 5.849999785423278809e-01 9.045000076293945312e-01 5.444379448890686035e-01 4.972993731498718262e-01 4.326167404651641846e-01 4.086646139621734619e-01 5.824952125549316406e-01 9.216408133506774902e-01
5.437499880790710449e-01 4.833333194255828857e-01 4.277499914169311523e-01 4.059999883174896240e-01 5.849999785423278809e-01 5.295000076293945312e-01 5.435376167297363281e-01 4.888286590576171875e-01 4.295582175254821777e-01 4.066344201564788818e-01 5.842346549034118652e-01 5.623750090599060059e-01
5.437499880790710449e-01 4.833333194255828857e-01 4.277499914169311523e-01 4.059999883174896240e-01 5.849999785423278809e-01 8.464999794960021973e-01 5.401051640510559082e-01 4.824016094207763672e-01 4.289388656616210938e-01 4.072131812572479248e-01 5.840796232223510742e-01 9.026339650154113770e-01
5.437499880790710449e-01 4.833333194255828857e-01 4.277499914169311523e-01 4.059999883174896240e-01 5.849999785423278809e-01 4.045000076293945312e-01 5.419486761093139648e-01 4.802690446376800537e-01 4.268052577972412109e-01 4.059701263904571533e-01 5.848864912986755371e-01 4.301648736000061035e-01
5.437499880790710449e-01 4.833333194255828857e-01 4.277499914169311523e-01 4.059999883174896240e-01 5.849999785423278809e-01 8.500000461935997009e-03 5.423091650009155273e-01 4.826775789260864258e-01 4.263779222965240479e-01 4.042588174343109131e-01 5.866501331329345703e-01 1.764949262142181396e-01
5.437499880790710449e-01 4.833333194255828857e-01 4.277499914169311523e-01 4.059999883174896240e-01 5.849999785423278809e-01 6.834999918937683105e-01 5.415935516357421875e-01 4.787372350692749023e-01 4.270969927310943604e-01 4.056572318077087402e-01 5.856208205223083496e-01 7.327532172203063965e-01
5.437499880790710449e-01 4.833333194255828857e-01 4.277499914169311523e-01 4.059999883174896240e-01 5.849999785423278809e-01 5.499999970197677612e-03 5.418468713760375977e-01 4.832308888435363770e-01 4.256447255611419678e-01 4.022605419158935547e-01 5.887638330459594727e-01 8.671405166387557983e-02
5.437499880790710449e-01 4.833333194255828857e-01 4.277499914169311523e-01 4.059999883174896240e-01 5.849999785423278809e-01 6.754999756813049316e-01 5.390295386314392090e-01 4.809732437133789062e-01 4.277781844139099121e-01 4.045563936233520508e-01 5.864445567131042480e-01 7.222769260406494141e-01
5.437499880790710449e-01 4.833333194255828857e-01 4.277499914169311523e-01 4.059999883174896240e-01 5.849999785423278809e-01 2.764999866485595703e-01 5.415803790092468262e-01 4.814473688602447510e-01 4.268204569816589355e-01 4.047591090202331543e-01 5.861858725547790527e-01 3.002597987651824951e-01
5.437499880790710449e-01 4.833333194255828857e-01 4.277499914169311523e-01 4.059999883174896240e-01 5.849999785423278809e-01 8.905000090599060059e-01 5.429635643959045410e-01 4.932520985603332520e-01 4.313132166862487793e-01 4.074683189392089844e-01 5.837711691856384277e-01 8.884383440017700195e-01
5.437499880790710449e-01 4.833333194255828857e-01 4.277499914169311523e-01 4.059999883174896240e-01 5.849999785423278809e-01 1.554999947547912598e-01 5.412054657936096191e-01 4.807133674621582031e-01 4.266469180583953857e-01 4.031684398651123047e-01 5.880655646324157715e-01 1.848077625036239624e-01
5.437499880790710449e-01 4.833333194255828857e-01 4.277499914169311523e-01 4.059999883174896240e-01 5.849999785423278809e-01 2.050000056624412537e-02 5.417120456695556641e-01 4.826326370239257812e-01 4.247154891490936279e-01 3.997707068920135498e-01 5.919091105461120605e-01 4.073597490787506104e-02
5.437499880790710449e-01 4.833333194255828857e-01 4.277499914169311523e-01 4.059999883174896240e-01 5.849999785423278809e-01 4.584999978542327881e-01 5.434320569038391113e-01 4.876750111579895020e-01 4.287179708480834961e-01 4.058851897716522217e-01 5.850250720977783203e-01 4.672083258628845215e-01
5.437499880790710449e-01 4.833333194255828857e-01 4.277499914169311523e-01 4.059999883174896240e-01 5.849999785423278809e-01 4.354999959468841553e-01 5.420801639556884766e-01 4.818047583103179932e-01 4.273533523082733154e-01 4.058471918106079102e-01 5.850070118904113770e-01 4.421339333057403564e-01
5.437499880790710449e-01 4.833333194255828857e-01 4.277499914169311523e-01 4.059999883174896240e-01 5.849999785423278809e-01 2.635000050067901611e-01 5.430142283439636230e-01 4.821754992008209229e-01 4.261441230773925781e-01 4.054006934165954590e-01 5.854181051254272461e-01 2.470947504043579102e-01
5.437499880790710449e-01 4.833333194255828857e-01 4.277499914169311523e-01 4.059999883174896240e-01 5.849999785423278809e-01 5.954999923706054688e-01 5.423210859298706055e-01 4.808657169342041016e-01 4.278147518634796143e-01 4.064189493656158447e-01 5.845230817794799805e-01 5.892134904861450195e-01
5.437499880790710449e-01 4.833333194255828857e-01 4.277499914169311523e-01 4.059999883174896240e-01 5.849999785423278809e-01 5.449999868869781494e-02 5.432717800140380859e-01 4.826562404632568359e-01 4.246661067008972168e-01 4.020990133285522461e-01 5.890318751335144043e-01 6.217702478170394897e-02
5.437499880790710449e-01 4.833333194255828857e-01 4.277499914169311523e-01 4.059999883174896240e-01 5.849999785423278809e-01 2.425000071525573730e-01 5.412105917930603027e-01 4.807705581188201904e-01 4.260125458240509033e-01 4.025389254093170166e-01 5.888252258300781250e-01 1.920465528964996338e-01
5.437499880790710449e-01 4.833333194255828857e-01 4.277499914169311523e-01 4.059999883174896240e-01 5.849999785423278809e-01 3.634999990463256836e-01 5.460581779479980469e-01 4.965042471885681152e-01 4.305417239665985107e-01 4.046265184879302979e-01 5.865935683250427246e-01 3.775299787521362305e-01
5.437499880790710449e-01 4.833333194255828857e-01 4.277499914169311523e-01 4.059999883174896240e-01 5.849999785423278809e-01 6.434999704360961914e-01 5.426236391067504883e-01 4.861280322074890137e-01 4.288355410099029541e-01 4.062339663505554199e-01 5.849040150642395020e-01 7.079167366027832031e-01
5.437499880790710449e-01 4.833333194255828857e-01 4.277499914169311523e-01 4.059999883174896240e-01 5.849999785423278809e-01 5.950000137090682983e-02 5.421656966209411621e-01 4.877314865589141846e-01 4.260260462760925293e-01 3.994299769401550293e-01 5.922310948371887207e-01 5.184355378150939941e-02
5.437499880790710449e-01 4.833333194255828857e-01 4.277499914169311523e-01 4.059999883174896240e-01 5.849999785423278809e-01 7.954999804496765137e-01 5.391166210174560547e-01 4.792840778827667236e-01 4.273363649845123291e-01 4.047897160053253174e-01 5.862163901329040527e-01 7.157668471336364746e-01
5.437499880790710449e-01 4.833333194255828857e-01 4.277499914169311523e-01 4.059999883174896240e-01 5.849999785423278809e-01 3.844999969005584717e-01 5.412343740463256836e-01 4.786890447139739990e-01 4.259239435195922852e-01 4.048768579959869385e-01 5.862084627151489258e-01 4.392234683036804199e-01
5.437499880790710449e-01 4.833333194255828857e-01 4.277499914169311523e-01 4.059999883174896240e-01 5.849999785423278809e-01 9.394999742507934570e-01 5.431513786315917969e-01 4.927248954772949219e-01 4.313187599182128906e-01 4.075972735881805420e-01 5.837848186492919922e-01 9.317086338996887207e-01
5.437499880790710449e-01 4.833333194255828857e-01 4.277499914169311523e-01 4.059999883174896240e-01 5.849999785423278809e-01 5.000000237487256527e-04 5.422206521034240723e-01 4.824807941913604736e-01 4.247595071792602539e-01 4.012366533279418945e-01 5.897489786148071289e-01 4.470013827085494995e-02
5.437499880790710449e-01 4.833333194255828857e-01 4.277499914169311523e-01 4.059999883174896240e-01 5.849999785423278809e-01 9.325000047683715820e-01 5.427702665328979492e-01 4.916479885578155518e-01 4.309277534484863281e-01 4.072590470314025879e-01 5.841811299324035645e-01 9.256043434143066406e-01
5.437499880790710449e-01 4.833333194255828857e-01 4.277499914169311523e-01 4.059999883174896240e-01 5.849999785423278809e-01 5.975000262260437012e-01 5.415775775909423828e-01 4.806536734104156494e-01 4.273619353771209717e-01 4.054489135742187500e-01 5.857834219932556152e-01 6.127861142158508301e-01
5.437499880790710449e-01 4.833333194255828857e-01 4.277499914169311523e-01 4.059999883174896240e-01 5.849999785423278809e-01 3.064999878406524658e-01 5.419189929962158203e-01 4.781492948532104492e-01 4.257630407810211182e-01 4.040134847164154053e-01 5.873095393180847168e-01 2.826062738895416260e-01
5.437499880790710449e-01 4.833333194255828857e-01 4.277499914169311523e-01 4.059999883174896240e-01 5.849999785423278809e-01 1.145000010728836060e-01 5.414793491363525391e-01 4.808053970336914062e-01 4.265942871570587158e-01 4.031461179256439209e-01 5.880804061889648438e-01 1.814332157373428345e-01
5.437499880790710449e-01 4.833333194255828857e-01 4.277499914169311523e-01 4.059999883174896240e-01 5.849999785423278809e-01 3.885000050067901611e-01 5.413383841514587402e-01 4.845990240573883057e-01 4.280171394348144531e-01 4.038503766059875488e-01 5.870763659477233887e-01 2.987518310546875000e-01
5.437499880790710449e-01 4.833333194255828857e-01 4.277499914169311523e-01 4.059999883174896240e-01 5.849999785423278809e-01 7.185000181198120117e-01 5.415347218513488770e-01 4.818933010101318359e-01 4.278322458267211914e-01 4.056572020053863525e-01 5.855270624160766602e-01 7.403548359870910645e-01
5.437499880790710449e-01 4.833333194255828857e-01 4.277499914169311523e-01 4.059999883174896240e-01 5.849999785423278809e-01 9.114999771118164062e-01 5.437726378440856934e-01 4.945036172866821289e-01 4.313188791275024414e-01 4.067976176738739014e-01 5.846281051635742188e-01 8.928681612014770508e-01
5.437499880790710449e-01 4.833333194255828857e-01 4.277499914169311523e-01 4.059999883174896240e-01 5.849999785423278809e-01 3.745000064373016357e-01 5.409847497940063477e-01 4.785187542438507080e-01 4.258189499378204346e-01 4.030484855175018311e-01 5.878353714942932129e-01 3.018025159835815430e-01
5.437499880790710449e-01 4.833333194255828857e-01 4.277499914169311523e-01 4.059999883174896240e-01 5.849999785423278809e-01 9.574999809265136719e-01 5.402530431747436523e-01 4.880105257034301758e-01 4.305161833763122559e-01 4.075951278209686279e-01 5.837201476097106934e-01 9.486248493194580078e-01
5.437499880790710449e-01 4.833333194255828857e-01 4.277499914169311523e-01 4.059999883174896240e-01 5.849999785423278809e-01 9.624999761581420898e-01 5.421026349067687988e-01 4.891930520534515381e-01 4.304512739181518555e-01 4.072642624378204346e-01 5.842425227165222168e-01 9.389445781707763672e-01
5.437499880790710449e-01 4.833333194255828857e-01 4.277499914169311523e-01 4.059999883174896240e-01 5.849999785423278809e-01 8.884999752044677734e-01 5.421553254127502441e-01 4.856677055358886719e-01 4.292267262935638428e-01 4.068054258823394775e-01 5.844318270683288574e-01 8.515841364860534668e-01
