1.999824941158294678e-01 4.529278278350830078e-01 1.536564975976943970e-01 5.150550007820129395e-01 2.908100001513957977e-02 4.583289027214050293e-01 5.162556767463684082e-01 2.166531085968017578e-01 5.392234921455383301e-01 2.810031473636627197e-01 5.604293346405029297e-01 5.800015106797218323e-02 5.849677920341491699e-01 5.931755304336547852e-01
9.990050196647644043e-01 5.127146840095520020e-01 9.860417246818542480e-01 5.404725074768066406e-01 3.357677459716796875e-01 5.072447657585144043e-01 9.573369026184082031e-01 9.342369437217712402e-01 3.013294339179992676e-01 7.784808874130249023e-01 7.918415069580078125e-01 3.019152879714965820e-01 5.157099962234497070e-01 7.286415100097656250e-01
6.495425105094909668e-01 7.412800192832946777e-01 3.043000027537345886e-02 7.792050242424011230e-01 7.509437203407287598e-01 3.816798925399780273e-01 9.246689081192016602e-01 6.304832100868225098e-01 6.477528214454650879e-01 1.334576308727264404e-01 7.859587073326110840e-01 6.795633435249328613e-01 4.279853105545043945e-01 6.749373674392700195e-01
4.960150122642517090e-01 6.019331812858581543e-01 9.009832739830017090e-01 5.664924979209899902e-01 1.700827479362487793e-01 3.835171759128570557e-01 8.645050525665283203e-01 5.842730402946472168e-01 3.697476983070373535e-01 6.473219990730285645e-01 5.460571646690368652e-01 1.847527772188186646e-01 5.183156728744506836e-01 6.235526204109191895e-01
1.682250015437602997e-02 4.826410114765167236e-01 3.107782602310180664e-01 8.287500143051147461e-01 2.228614985942840576e-01 3.730318248271942139e-01 3.581836521625518799e-01 1.634085550904273987e-02 6.777204275131225586e-01 5.900002121925354004e-01 8.342832326889038086e-01 1.898813247680664062e-01 3.900851607322692871e-01 5.599651336669921875e-01
8.382124900817871094e-01 2.278251647949218750e-01 3.118360042572021484e-01 9.864724874496459961e-01 7.571529746055603027e-01 6.595295071601867676e-01 2.587586641311645508e-01 8.457220792770385742e-01 3.799350261688232422e-01 6.504365205764770508e-01 6.894458532333374023e-01 8.100741505622863770e-01 5.072155594825744629e-01 4.287624955177307129e-01
8.795400261878967285e-01 4.430179893970489502e-01 6.310387253761291504e-01 2.864712476730346680e-01 5.999267697334289551e-01 2.638386785984039307e-01 4.022533446550369263e-02 8.686959743499755859e-01 3.910185992717742920e-01 6.303167939186096191e-01 3.108758926391601562e-01 6.490104198455810547e-01 5.063695907592773438e-01 3.673788011074066162e-01
1.382649987936019897e-01 4.242379963397979736e-01 3.870057463645935059e-01 2.739222645759582520e-01 1.535300016403198242e-01 8.454275727272033691e-01 6.823347806930541992e-01 8.777266740798950195e-02 5.889526605606079102e-01 5.536128282546997070e-01 2.938209474086761475e-01 9.783776104450225830e-02 6.547281146049499512e-01 4.781403541564941406e-01
1.640650033950805664e-01 2.728306651115417480e-01 5.832762718200683594e-01 5.042325258255004883e-01 4.812425076961517334e-01 8.335813879966735840e-02 5.751573443412780762e-01 1.715009212493896484e-01 3.898144662380218506e-01 7.764282226562500000e-01 5.158185362815856934e-01 4.826408028602600098e-01 4.866548478603363037e-01 4.784525036811828613e-01
7.994899749755859375e-01 2.026771605014801025e-01 9.166177511215209961e-01 2.795712351799011230e-01 9.473620057106018066e-01 9.447643160820007324e-01 2.532186806201934814e-01 8.188251256942749023e-01 2.324706315994262695e-01 8.148626685142517090e-01 2.986412644386291504e-01 8.921506404876708984e-01 7.126811742782592773e-01 1.866448521614074707e-01
9.728350043296813965e-01 1.728146672248840332e-01 3.561397492885589600e-01 8.527474999427795410e-01 2.137182503938674927e-01 9.482091665267944336e-01 8.089429736137390137e-01 8.556547164916992188e-01 2.813003957271575928e-01 7.639601826667785645e-01 7.799581289291381836e-01 2.208203971385955811e-01 5.196474790573120117e-01 7.558286190032958984e-01
5.146424770355224609e-01 7.400485277175903320e-01 9.453434944152832031e-01 6.225699782371520996e-01 1.413842439651489258e-01 8.122097849845886230e-01 2.889286577701568604e-01 5.955241322517395020e-01 4.315637350082397461e-01 5.987578630447387695e-01 4.776563346385955811e-01 2.302822172641754150e-01 5.081411600112915039e-01 5.533108711242675781e-01
4.109925031661987305e-01 6.649144887924194336e-01 8.350780010223388672e-01 9.475824832916259766e-01 4.614642560482025146e-01 5.095159411430358887e-01 3.747733309864997864e-02 4.102757275104522705e-01 5.157535672187805176e-01 5.937222838401794434e-01 8.661960363388061523e-01 5.528162121772766113e-01 3.608001470565795898e-01 5.172553658485412598e-01
8.015725016593933105e-01 5.923038125038146973e-01 7.747370004653930664e-01 5.414500087499618530e-02 3.919857442378997803e-01 7.450779676437377930e-01 2.157640010118484497e-01 7.629358172416687012e-01 5.447914004325866699e-01 4.852135777473449707e-01 2.811654508113861084e-01 4.107796549797058105e-01 4.597542583942413330e-01 3.389586806297302246e-01
3.643549978733062744e-01 8.031976819038391113e-01 6.656810045242309570e-01 1.120777502655982971e-01 2.856124937534332275e-02 5.675760507583618164e-01 7.655128836631774902e-01 3.560298681259155273e-01 5.910324454307556152e-01 4.622425734996795654e-01 3.376377820968627930e-01 6.273658573627471924e-02 6.043839454650878906e-01 4.190781116485595703e-01
3.080675005912780762e-01 7.010611891746520996e-01 4.994640052318572998e-01 5.099800229072570801e-01 5.613575130701065063e-02 7.657982707023620605e-01 4.196510016918182373e-01 2.971693277359008789e-01 5.703200101852416992e-01 4.792128205299377441e-01 5.724627971649169922e-01 1.139071732759475708e-01 4.797681570053100586e-01 4.825232625007629395e-01
4.984774887561798096e-01 7.421206831932067871e-01 8.284729719161987305e-01 3.709172606468200684e-01 8.933074772357940674e-02 1.202331297099590302e-02 1.692630052566528320e-01 5.723735690116882324e-01 6.367404460906982422e-01 5.098728537559509277e-01 4.152373671531677246e-01 1.388733386993408203e-01 4.210404455661773682e-01 3.403734266757965088e-01
4.182874858379364014e-01 4.612033367156982422e-01 7.349099963903427124e-02 7.383800148963928223e-01 1.558504998683929443e-01 5.213742256164550781e-01 8.444640040397644043e-01 3.852211534976959229e-01 5.563274621963500977e-01 2.626543343067169189e-01 7.177553772926330566e-01 1.098336428403854370e-01 4.527229070663452148e-01 6.115215420722961426e-01
2.044575065374374390e-01 6.246816515922546387e-01 3.054497539997100830e-01 6.257774829864501953e-01 8.180882334709167480e-01 8.765958249568939209e-02 9.826537370681762695e-01 2.478803992271423340e-01 5.788632035255432129e-01 3.316087424755096436e-01 6.833614706993103027e-01 6.421365141868591309e-01 4.249835014343261719e-01 5.798918604850769043e-01
3.900099992752075195e-01 2.739291787147521973e-01 3.150264918804168701e-01 3.430207371711730957e-01 1.287014931440353394e-01 9.063737392425537109e-01 5.168513059616088867e-01 3.364710807800292969e-01 5.420857071876525879e-01 4.927577376365661621e-01 3.536427915096282959e-01 9.923669695854187012e-02 6.056420207023620605e-01 4.550875127315521240e-01
9.865124821662902832e-01 4.368748366832733154e-01 4.525982439517974854e-01 3.285277485847473145e-01 8.410974740982055664e-01 3.436492979526519775e-01 9.645522236824035645e-01 8.117738366127014160e-01 5.392395853996276855e-01 4.289604723453521729e-01 6.357094049453735352e-01 6.603365540504455566e-01 3.776692450046539307e-01 5.082432031631469727e-01
3.870750069618225098e-01 3.357258439064025879e-01 8.364717364311218262e-01 7.109050154685974121e-01 2.765842378139495850e-01 1.620801985263824463e-01 7.706966996192932129e-02 3.780053853988647461e-01 2.969428300857543945e-01 7.780737876892089844e-01 6.254075765609741211e-01 3.924811184406280518e-01 5.274671912193298340e-01 5.649079084396362305e-01
2.720350027084350586e-01 8.071784973144531250e-01 8.371084928512573242e-01 4.278457462787628174e-01 8.059327602386474609e-01 8.791138529777526855e-01 5.675200223922729492e-01 2.560715675354003906e-01 6.007478237152099609e-01 4.290666282176971436e-01 4.489847719669342041e-01 8.176260590553283691e-01 4.705651104450225830e-01 4.408231973648071289e-01
6.880224943161010742e-01 7.261505126953125000e-01 5.024064779281616211e-01 5.359575152397155762e-01 7.773067355155944824e-01 1.318297982215881348e-01 3.498750030994415283e-01 7.730929255485534668e-01 5.212932825088500977e-01 4.589700698852539062e-01 4.822477102279663086e-01 7.930988669395446777e-01 3.987079560756683350e-01 4.027612507343292236e-01
7.007849812507629395e-01 4.251696765422821045e-01 4.579209983348846436e-01 3.648525103926658630e-02 6.657435297966003418e-01 2.796197831630706787e-01 4.927276670932769775e-01 6.464612483978271484e-01 4.429834783077239990e-01 4.084358811378479004e-01 2.465257346630096436e-01 6.778209805488586426e-01 4.558613896369934082e-01 4.537705183029174805e-01
1.092374995350837708e-01 1.833164989948272705e-01 7.579747438430786133e-01 8.804849982261657715e-01 9.208365082740783691e-01 6.374710202217102051e-01 3.775483369827270508e-01 9.570980817079544067e-02 2.451407909393310547e-01 8.485347032546997070e-01 8.357378840446472168e-01 9.189335703849792480e-01 6.507284641265869141e-01 4.928102493286132812e-01
8.442950248718261719e-01 5.838288068771362305e-01 1.733697503805160522e-01 6.421350240707397461e-01 7.646177411079406738e-01 4.676388800144195557e-01 7.017969489097595215e-01 8.333612680435180664e-01 5.429112315177917480e-01 2.381835877895355225e-01 6.633896827697753906e-01 7.945636510848999023e-01 4.815781712532043457e-01 6.399095058441162109e-01
7.798550128936767578e-01 4.261656701564788818e-01 2.231547534465789795e-01 9.638224840164184570e-01 8.622482419013977051e-01 3.938568830490112305e-01 6.200990080833435059e-01 7.465387582778930664e-01 5.118472576141357422e-01 5.527306199073791504e-01 8.528831601142883301e-01 8.441326618194580078e-01 4.021801054477691650e-01 5.042571425437927246e-01
6.050000083632767200e-04 7.626801729202270508e-01 1.937910020351409912e-01 3.050400018692016602e-01 6.250527501106262207e-01 2.081033401191234589e-02 1.950639933347702026e-01 6.597087532281875610e-02 7.419617772102355957e-01 3.440892398357391357e-01 4.509628117084503174e-01 7.743281126022338867e-01 3.825727403163909912e-01 4.204307198524475098e-01
6.945325136184692383e-01 2.884384989738464355e-01 8.377732634544372559e-01 6.146925091743469238e-01 7.425462603569030762e-01 8.704830408096313477e-01 3.987466543912887573e-02 6.583489775657653809e-01 2.516143918037414551e-01 8.435935378074645996e-01 4.647099077701568604e-01 7.593673467636108398e-01 6.607907414436340332e-01 2.914149463176727295e-01
4.651749879121780396e-02 7.589908242225646973e-01 3.930207490921020508e-01 1.136192530393600464e-01 9.063389897346496582e-01 3.170475661754608154e-01 4.703536629676818848e-01 5.666509270668029785e-02 6.903532743453979492e-01 5.212878584861755371e-01 4.114610552787780762e-01 9.378148913383483887e-01 4.921623468399047852e-01 2.492660135030746460e-01
6.341400146484375000e-01 2.281313389539718628e-01 1.487150043249130249e-02 1.323725003749132156e-02 7.149450182914733887e-01 5.451665520668029785e-01 6.353093385696411133e-01 5.580058097839355469e-01 3.247852623462677002e-01 2.565299570560455322e-01 1.181916669011116028e-01 7.439110875129699707e-01 5.164604187011718750e-01 4.834943711757659912e-01
9.908249974250793457e-02 3.643186688423156738e-01 3.800162374973297119e-01 4.586944878101348877e-01 9.990582466125488281e-01 2.283266633749008179e-01 8.083066344261169434e-02 1.077478080987930298e-01 5.704934000968933105e-01 6.600586175918579102e-01 6.596280336380004883e-01 9.341090917587280273e-01 5.056014060974121094e-01 3.331586718559265137e-01
7.961149811744689941e-01 7.080058455467224121e-01 5.146562457084655762e-01 3.924799859523773193e-01 1.429699957370758057e-01 5.741235613822937012e-01 2.478723376989364624e-01 7.507867813110351562e-01 5.736371278762817383e-01 4.362562894821166992e-01 4.943199753761291504e-01 1.844326853752136230e-01 4.091596305370330811e-01 4.786467552185058594e-01
4.319350123405456543e-01 2.201023399829864502e-01 2.271544933319091797e-01 2.004617452621459961e-01 7.734645009040832520e-01 1.259227246046066284e-01 8.821533918380737305e-01 4.077188372611999512e-01 4.278219640254974365e-01 5.275581479072570801e-01 3.347260951995849609e-01 6.339026689529418945e-01 4.452084600925445557e-01 4.691713750362396240e-01
4.256824851036071777e-01 2.939333319664001465e-01 1.245462521910667419e-01 2.713499963283538818e-01 7.041749954223632812e-01 4.688818156719207764e-01 8.423999883234500885e-03 5.052275061607360840e-01 3.995376527309417725e-01 3.103709220886230469e-01 1.890109032392501831e-01 7.857081890106201172e-01 5.096595883369445801e-01 4.619988799095153809e-01
4.601399898529052734e-01 4.738574922084808350e-01 6.792887449264526367e-01 2.801632583141326904e-01 7.813665270805358887e-01 9.392333030700683594e-02 8.295833319425582886e-02 5.809188485145568848e-01 5.412250757217407227e-01 4.283306002616882324e-01 4.110810160636901855e-01 7.803537845611572266e-01 4.250833690166473389e-01 4.380073547363281250e-01
8.214499950408935547e-01 6.396030187606811523e-01 8.020964860916137695e-01 8.544650077819824219e-01 8.157207369804382324e-01 5.137507319450378418e-01 6.084013581275939941e-01 8.723940849304199219e-01 5.545378327369689941e-01 5.284766554832458496e-01 9.096242785453796387e-01 8.652734160423278809e-01 3.461336195468902588e-01 5.086182355880737305e-01
6.872249841690063477e-01 8.315606713294982910e-01 4.650804996490478516e-01 8.842549920082092285e-01 9.784927368164062500e-01 4.295774698257446289e-01 2.765719890594482422e-01 6.520453691482543945e-01 5.982503890991210938e-01 5.482021570205688477e-01 8.104880452156066895e-01 9.354449510574340820e-01 3.860525190830230713e-01 3.922331631183624268e-01
1.477124989032745361e-01 7.612910270690917969e-01 7.669077515602111816e-01 8.615375310182571411e-02 2.658597528934478760e-01 6.681354641914367676e-01 5.808043479919433594e-01 1.211536899209022522e-01 5.674199461936950684e-01 6.285774707794189453e-01 2.081924825906753540e-01 2.911911010742187500e-01 6.353405714035034180e-01 4.336130917072296143e-01
7.805600166320800781e-01 3.048731684684753418e-01 2.625592648983001709e-01 6.585775017738342285e-01 1.974067538976669312e-01 8.314639329910278320e-01 7.302883267402648926e-01 7.657334804534912109e-01 5.164142251014709473e-01 4.925081729888916016e-01 4.258343577384948730e-01 1.707866787910461426e-01 4.674823582172393799e-01 5.132275223731994629e-01
9.918649792671203613e-01 2.399043291807174683e-01 2.555755078792572021e-01 6.090649962425231934e-01 9.141659736633300781e-01 2.139394879341125488e-01 3.539999946951866150e-03 9.443309307098388672e-01 4.617686271667480469e-01 4.997988641262054443e-01 5.256899595260620117e-01 9.150443673133850098e-01 4.484182298183441162e-01 3.168751895427703857e-01
8.739100098609924316e-01 6.439178586006164551e-01 3.565104901790618896e-01 8.655250072479248047e-03 7.428217530250549316e-01 2.297111153602600098e-01 3.042726814746856689e-01 7.932375669479370117e-01 5.215682387351989746e-01 3.179206252098083496e-01 2.825813889503479004e-01 7.575746774673461914e-01 4.410860538482666016e-01 4.409986138343811035e-01
5.745649933815002441e-01 1.831691712141036987e-01 6.563194990158081055e-01 8.714874982833862305e-01 6.856409907341003418e-01 2.989600896835327148e-01 8.851518630981445312e-01 5.215461850166320801e-01 3.355194628238677979e-01 7.171011567115783691e-01 8.439045548439025879e-01 6.353654265403747559e-01 4.701740145683288574e-01 5.937979817390441895e-01
9.115700125694274902e-01 2.014214992523193359e-01 1.227905005216598511e-01 1.231812536716461182e-01 8.804874867200851440e-02 3.731257617473602295e-01 8.967713117599487305e-01 7.260091900825500488e-01 4.201975464820861816e-01 4.263058900833129883e-01 3.915782272815704346e-01 6.797511130571365356e-02 5.635154843330383301e-01 6.372762918472290039e-01
6.806275248527526855e-01 6.559263467788696289e-01 7.233687639236450195e-01 5.689550042152404785e-01 3.091317415237426758e-01 4.911198019981384277e-01 1.333433296531438828e-02 7.981501817703247070e-01 5.032142400741577148e-01 6.075704693794250488e-01 3.737085759639739990e-01 3.663349151611328125e-01 4.734342992305755615e-01 4.006647765636444092e-01
4.543924927711486816e-01 7.378360033035278320e-01 5.042652487754821777e-01 5.452425032854080200e-02 3.704949915409088135e-01 3.414631187915802002e-01 3.860243260860443115e-01 4.727255702018737793e-01 5.434435009956359863e-01 4.709362685680389404e-01 2.975607812404632568e-01 4.344013929367065430e-01 4.775378704071044922e-01 4.278751909732818604e-01
8.372499942779541016e-01 4.964953362941741943e-01 7.864217758178710938e-01 1.196952536702156067e-01 6.558899879455566406e-01 4.126114249229431152e-01 8.352743983268737793e-01 8.166385889053344727e-01 3.471575677394866943e-01 6.492493152618408203e-01 3.655282557010650635e-01 6.444662213325500488e-01 5.145190954208374023e-01 4.342211782932281494e-01
2.291425019502639771e-01 7.988243103027343750e-01 8.099225163459777832e-01 7.555599808692932129e-01 9.395350217819213867e-01 5.867105126380920410e-01 2.200309932231903076e-01 2.497613281011581421e-01 5.998660922050476074e-01 5.723671317100524902e-01 7.699704766273498535e-01 9.686573147773742676e-01 5.321573019027709961e-01 3.447089493274688721e-01
1.802050024271011353e-01 4.150078296661376953e-01 3.737749904394149780e-02 1.352314949035644531e-01 7.568194866180419922e-01 6.386690586805343628e-02 7.936084270477294922e-01 3.056642413139343262e-01 5.422036051750183105e-01 1.403740793466567993e-01 2.416548132896423340e-01 7.242017388343811035e-01 4.931318759918212891e-01 5.719750523567199707e-01
7.266225218772888184e-01 2.745763361454010010e-01 5.135664939880371094e-01 8.061174750328063965e-01 9.611989855766296387e-01 5.417202115058898926e-01 2.644590139389038086e-01 7.791154384613037109e-01 2.712083458900451660e-01 7.581892609596252441e-01 5.689416527748107910e-01 9.234734773635864258e-01 6.547011137008666992e-01 2.566375136375427246e-01
7.293300032615661621e-01 2.239926606416702271e-01 4.996367394924163818e-01 4.466232359409332275e-01 4.925682544708251953e-01 9.836612939834594727e-01 9.378047585487365723e-01 5.364900827407836914e-01 3.839761912822723389e-01 7.166620492935180664e-01 4.537486433982849121e-01 3.614238202571868896e-01 5.404514670372009277e-01 4.899270236492156982e-01
4.176250100135803223e-02 2.605246603488922119e-01 8.082550168037414551e-01 7.088400125503540039e-01 9.726099669933319092e-02 8.720312118530273438e-01 5.954156517982482910e-01 2.661015465855598450e-02 1.907176226377487183e-01 9.215409755706787109e-01 6.820312738418579102e-01 1.100434884428977966e-01 6.725532412528991699e-01 6.648831963539123535e-01
9.764050245285034180e-01 7.269231677055358887e-01 2.711445093154907227e-01 3.747839927673339844e-01 6.142227649688720703e-01 8.628149628639221191e-01 3.085440099239349365e-01 8.948627710342407227e-01 6.666927933692932129e-01 1.748950928449630737e-01 4.369125068187713623e-01 6.685300469398498535e-01 3.883306384086608887e-01 5.025918483734130859e-01
7.809500098228454590e-01 5.252936482429504395e-01 8.591882586479187012e-01 8.087325096130371094e-01 9.970407485961914062e-01 2.341383844614028931e-01 6.756131649017333984e-01 8.659498095512390137e-01 5.702747702598571777e-01 5.824813842773437500e-01 9.309165477752685547e-01 9.503573775291442871e-01 3.595790565013885498e-01 4.312268793582916260e-01
7.328374981880187988e-01 5.203235149383544922e-01 6.857187747955322266e-01 5.158724784851074219e-01 3.781472444534301758e-01 7.726946473121643066e-01 2.045466601848602295e-01 7.793825864791870117e-01 5.371899008750915527e-01 5.589161515235900879e-01 4.669531583786010742e-01 4.170319139957427979e-01 4.162613153457641602e-01 4.052632749080657959e-01
7.468674778938293457e-01 4.677500128746032715e-01 3.403122425079345703e-01 9.844074845314025879e-01 6.249527335166931152e-01 3.694692850112915039e-01 7.887266874313354492e-01 7.722007036209106445e-01 4.635912179946899414e-01 5.331657528877258301e-01 8.399820327758789062e-01 6.755012869834899902e-01 4.117624759674072266e-01 5.933349728584289551e-01
7.788749933242797852e-01 1.939969956874847412e-01 7.486305236816406250e-01 8.033400028944015503e-02 7.285297513008117676e-01 6.470609307289123535e-01 3.644200041890144348e-02 7.360441684722900391e-01 3.205464184284210205e-01 6.380489468574523926e-01 2.852321565151214600e-01 7.584588527679443359e-01 5.354559421539306641e-01 3.441922366619110107e-01
2.710725069046020508e-01 5.734021663665771484e-01 3.155847489833831787e-01 5.611975193023681641e-01 6.579167246818542480e-01 1.268856525421142578e-01 2.591633424162864685e-02 3.832738995552062988e-01 6.108587384223937988e-01 3.789176046848297119e-01 6.061403751373291016e-01 7.576804757118225098e-01 4.047036468982696533e-01 5.118457078933715820e-01
6.259425282478332520e-01 3.014331758022308350e-01 1.485912501811981201e-01 4.580957591533660889e-01 7.705637216567993164e-01 8.267338275909423828e-01 2.553633451461791992e-01 6.388400197029113770e-01 5.205423235893249512e-01 2.705100476741790771e-01 2.748239934444427490e-01 7.479153871536254883e-01 4.614343941211700439e-01 4.888580739498138428e-01
2.262825071811676025e-01 3.520023226737976074e-01 2.302384972572326660e-01 2.541489899158477783e-01 6.097245216369628906e-01 9.378677010536193848e-01 1.245416700839996338e-01 2.403458356857299805e-01 4.634286761283874512e-01 4.924297630786895752e-01 1.257062703371047974e-01 5.715332031250000000e-01 6.445181965827941895e-01 3.712873458862304688e-01
3.022249974310398102e-02 8.012443184852600098e-01 2.762752473354339600e-01 9.072750210762023926e-01 8.655869960784912109e-01 2.819007039070129395e-01 8.110892772674560547e-01 5.411516875028610229e-02 7.715118527412414551e-01 3.598483502864837646e-01 6.977435350418090820e-01 9.367840290069580078e-01 3.905662894248962402e-01 4.388761818408966064e-01
1.979175060987472534e-01 6.752796769142150879e-01 4.547674953937530518e-02 7.874624729156494141e-01 5.690722465515136719e-01 2.273631244897842407e-01 9.522694349288940430e-01 1.868306398391723633e-01 6.857632398605346680e-01 3.676995635032653809e-02 9.416996836662292480e-01 5.024076700210571289e-01 3.914928734302520752e-01 7.803555130958557129e-01
5.692874789237976074e-01 3.641664981842041016e-01 4.404575005173683167e-02 2.932477593421936035e-01 7.343674898147583008e-01 8.351206779479980469e-01 5.881213545799255371e-01 5.337638854980468750e-01 4.966143071651458740e-01 2.993052005767822266e-01 2.378359138965606689e-01 7.057293057441711426e-01 4.665530025959014893e-01 4.821340441703796387e-01
3.933550119400024414e-01 7.792611718177795410e-01 2.256225049495697021e-01 4.539837539196014404e-01 9.645607471466064453e-01 5.436675548553466797e-01 9.842261672019958496e-01 3.856658339500427246e-01 6.365447044372558594e-01 1.455668807029724121e-01 4.534010291099548340e-01 7.814261317253112793e-01 4.326780438423156738e-01 5.788019299507141113e-01
8.964675068855285645e-01 3.624795079231262207e-01 2.787545025348663330e-01 7.069125175476074219e-01 8.014817237854003906e-01 9.630825519561767578e-01 4.612233340740203857e-01 7.883841991424560547e-01 4.583349823951721191e-01 5.177723169326782227e-01 4.826316833496093750e-01 7.511410713195800781e-01 4.368798136711120605e-01 4.120045006275177002e-01
3.783524930477142334e-01 4.758246541023254395e-01 2.805329859256744385e-01 9.298049807548522949e-01 4.370642602443695068e-01 8.164232373237609863e-01 5.689759850502014160e-01 3.333951830863952637e-01 5.806356668472290039e-01 4.976535141468048096e-01 7.889521718025207520e-01 4.251137375831604004e-01 3.588740527629852295e-01 4.976225197315216064e-01
8.265799880027770996e-01 7.946988344192504883e-01 1.353474985808134079e-02 6.612499952316284180e-01 3.967007398605346680e-01 5.772690176963806152e-01 8.687244057655334473e-01 8.213993310928344727e-01 6.036002635955810547e-01 7.933551818132400513e-02 5.972421169281005859e-01 4.355315566062927246e-01 4.515309035778045654e-01 7.310245633125305176e-01
9.798499941825866699e-02 5.884426832199096680e-01 5.140967369079589844e-01 3.001849949359893799e-01 8.603529930114746094e-01 3.957545459270477295e-01 1.522736698389053345e-01 1.028966233134269714e-01 6.059653759002685547e-01 5.864670872688293457e-01 3.867013156414031982e-01 8.595411777496337891e-01 4.829949438571929932e-01 3.116657733917236328e-01
6.166499853134155273e-02 5.544776916503906250e-01 9.701694846153259277e-01 7.445949912071228027e-01 3.224112391471862793e-01 3.286957442760467529e-01 1.269143372774124146e-01 3.366777673363685608e-02 4.971858263015747070e-01 8.303363323211669922e-01 8.574175238609313965e-01 3.785554170608520508e-01 3.568027913570404053e-01 5.458911061286926270e-01
6.951050162315368652e-01 5.479220151901245117e-01 3.075642585754394531e-01 9.796925187110900879e-01 4.516704976558685303e-01 1.952718198299407959e-01 1.101979985833168030e-01 7.933184504508972168e-01 5.030893683433532715e-01 5.151623487472534180e-01 6.913240551948547363e-01 5.849438905715942383e-01 3.802843093872070312e-01 5.093815922737121582e-01
5.246300101280212402e-01 7.891093492507934570e-01 6.284675002098083496e-01 3.088797628879547119e-01 1.713967472314834595e-01 8.540242314338684082e-01 3.292213380336761475e-01 5.223541855812072754e-01 6.042950153350830078e-01 4.718120098114013672e-01 3.046792447566986084e-01 1.786744147539138794e-01 5.325670242309570312e-01 3.635853528976440430e-01
5.574300289154052734e-01 1.967226713895797729e-01 4.778167605400085449e-01 7.591174840927124023e-01 8.798952698707580566e-01 3.475827276706695557e-01 1.180666685104370117e-01 5.418364405632019043e-01 4.542989432811737061e-01 6.406121850013732910e-01 8.417580723762512207e-01 8.693070411682128906e-01 4.459846317768096924e-01 4.638760983943939209e-01
2.656599879264831543e-01 7.706983089447021484e-01 3.846769928932189941e-01 2.513934969902038574e-01 5.829137563705444336e-01 2.549786865711212158e-01 9.400420188903808594e-01 3.076886534690856934e-01 5.766355395317077637e-01 1.918202340602874756e-01 4.219863712787628174e-01 5.207852125167846680e-01 4.437441229820251465e-01 5.997817516326904297e-01
2.780900001525878906e-01 1.792176663875579834e-01 9.288704991340637207e-01 6.176350116729736328e-01 9.227149933576583862e-02 5.913984775543212891e-01 9.506603479385375977e-01 3.283888697624206543e-01 2.361420243978500366e-01 7.312064170837402344e-01 6.652904152870178223e-01 7.988567650318145752e-02 6.100987792015075684e-01 7.405707240104675293e-01
8.034999668598175049e-02 8.062493205070495605e-01 4.360064864158630371e-01 7.908400297164916992e-01 3.615710139274597168e-01 4.221536219120025635e-01 8.304058909416198730e-01 4.977678880095481873e-02 6.548091173171997070e-01 2.834961414337158203e-01 8.370908498764038086e-01 4.461387693881988525e-01 4.117358326911926270e-01 6.466514468193054199e-01
6.716700196266174316e-01 3.031946718692779541e-01 4.493922591209411621e-01 1.494902521371841431e-01 5.518347620964050293e-01 5.307163596153259277e-01 3.457366675138473511e-02 6.822006106376647949e-01 4.547531604766845703e-01 5.229159593582153320e-01 2.173613160848617554e-01 5.624963641166687012e-01 4.847783744335174561e-01 3.384596705436706543e-01
5.720275044441223145e-01 4.936041533946990967e-01 6.043180227279663086e-01 6.604175269603729248e-02 5.735285282135009766e-01 1.785506010055541992e-01 8.053066581487655640e-02 6.205128431320190430e-01 3.900125324726104736e-01 5.783652663230895996e-01 1.993880569934844971e-01 6.099181771278381348e-01 5.282443761825561523e-01 3.399384915828704834e-01
1.500625014305114746e-01 5.123521685600280762e-01 1.863054931163787842e-01 7.742224633693695068e-02 5.120747685432434082e-01 8.886257410049438477e-01 1.990929991006851196e-01 1.341055631637573242e-01 5.648951530456542969e-01 3.369469940662384033e-01 1.749740093946456909e-01 5.101869106292724609e-01 6.791664361953735352e-01 4.514664709568023682e-01
3.882024884223937988e-01 2.249021679162979126e-01 6.726797223091125488e-01 9.212700128555297852e-01 6.600842475891113281e-01 5.994726419448852539e-01 2.185086607933044434e-01 3.656229674816131592e-01 2.633841037750244141e-01 7.338320016860961914e-01 7.186231613159179688e-01 7.294912338256835938e-01 6.010099053382873535e-01 5.239036679267883301e-01
3.992750123143196106e-02 6.035388112068176270e-01 6.669340133666992188e-01 4.333457648754119873e-01 3.646380007266998291e-01 2.555052638053894043e-01 2.414180040359497070e-01 4.987320303916931152e-02 6.332261562347412109e-01 7.266369462013244629e-01 3.702380955219268799e-01 3.707382977008819580e-01 4.767467081546783447e-01 4.163469374179840088e-01
8.526775240898132324e-01 5.115010142326354980e-01 3.768150135874748230e-02 8.213700056076049805e-01 6.952049732208251953e-01 1.856072694063186646e-01 3.137840032577514648e-01 8.768620491027832031e-01 5.529966950416564941e-01 3.759193122386932373e-01 6.441189050674438477e-01 7.859449386596679688e-01 3.879062235355377197e-01 5.037208795547485352e-01
4.699699878692626953e-01 2.541689872741699219e-01 2.573255002498626709e-01 7.542175054550170898e-01 2.843067646026611328e-01 6.752315908670425415e-02 9.036083221435546875e-01 4.261766374111175537e-01 3.811573386192321777e-01 6.047642230987548828e-01 7.223203778266906738e-01 2.189637422561645508e-01 4.601401388645172119e-01 6.386942863464355469e-01
1.180450022220611572e-01 5.258161425590515137e-01 3.197174891829490662e-02 3.379600048065185547e-01 1.635382473468780518e-01 3.489731252193450928e-01 4.183226525783538818e-01 1.603383719921112061e-01 5.413999557495117188e-01 3.785272687673568726e-02 3.613335192203521729e-01 2.245008200407028198e-01 5.996595621109008789e-01 6.950067281723022461e-01
6.573550105094909668e-01 3.867893218994140625e-01 5.973952412605285645e-01 1.390857547521591187e-01 2.904852628707885742e-01 8.112040162086486816e-01 6.816638708114624023e-01 6.182739138603210449e-01 3.739385902881622314e-01 6.095573306083679199e-01 2.081787586212158203e-01 2.749668657779693604e-01 6.556525826454162598e-01 4.406876862049102783e-01
1.412000041455030441e-02 5.109578371047973633e-01 8.534232378005981445e-01 2.960324883460998535e-01 4.027594923973083496e-01 3.013576865196228027e-01 5.926493406295776367e-01 3.118875436484813690e-02 6.033724546432495117e-01 8.164230585098266602e-01 4.274289309978485107e-01 2.907543778419494629e-01 4.665052592754364014e-01 4.166890978813171387e-01
4.052499774843454361e-03 4.715193212032318115e-01 8.828007578849792480e-01 7.200124859809875488e-01 7.454494833946228027e-01 2.316546440124511719e-01 9.594941139221191406e-01 1.393759902566671371e-02 4.147606790065765381e-01 8.909170031547546387e-01 9.137294888496398926e-01 7.482206821441650391e-01 4.141257703304290771e-01 6.262618899345397949e-01
2.522799968719482422e-01 6.224631667137145996e-01 8.469499647617340088e-03 3.744035065174102783e-01 6.552180051803588867e-01 2.078589946031570435e-01 1.057523339986801147e-01 3.104431629180908203e-01 6.770666241645812988e-01 7.432090491056442261e-02 5.199793577194213867e-01 7.995892167091369629e-01 4.296997189521789551e-01 6.243816614151000977e-01
2.096750028431415558e-02 3.860625028610229492e-01 2.796250022947788239e-02 2.733870148658752441e-01 9.157245159149169922e-01 5.558437108993530273e-01 5.390610098838806152e-01 3.011229448020458221e-02 6.503770947456359863e-01 1.897742897272109985e-01 5.044945478439331055e-01 8.208014369010925293e-01 7.425491213798522949e-01 3.443248867988586426e-01
6.814774870872497559e-01 3.800818324089050293e-01 3.593422472476959229e-01 6.565399765968322754e-01 4.243335127830505371e-01 1.351579725742340088e-01 1.919530034065246582e-01 7.506689429283142090e-01 5.172355771064758301e-01 5.232054591178894043e-01 5.372123718261718750e-01 4.861513674259185791e-01 4.037633240222930908e-01 4.576179385185241699e-01
9.378799796104431152e-01 2.468235045671463013e-01 8.417827486991882324e-01 2.632252573966979980e-01 5.194742679595947266e-01 5.607881546020507812e-01 8.390653729438781738e-01 8.861660361289978027e-01 3.074958920478820801e-01 7.928522229194641113e-01 5.154924392700195312e-01 4.949753284454345703e-01 5.748693943023681641e-01 5.055161118507385254e-01
9.722474813461303711e-01 8.184563517570495605e-01 5.392625182867050171e-02 8.052600026130676270e-01 3.060939908027648926e-01 5.404233187437057495e-02 6.121023297309875488e-01 8.855252265930175781e-01 5.276118516921997070e-01 5.119270682334899902e-01 4.715185761451721191e-01 3.338806331157684326e-01 4.366926848888397217e-01 5.107683539390563965e-01
9.969300031661987305e-01 1.853153407573699951e-01 5.946162343025207520e-01 3.194234967231750488e-01 6.363099813461303711e-02 1.232825219631195068e-01 3.152573406696319580e-01 9.228422045707702637e-01 3.123300373554229736e-01 8.205121159553527832e-01 5.070879459381103516e-01 1.410110443830490112e-01 5.330980420112609863e-01 6.226625442504882812e-01
9.506275057792663574e-01 6.128249764442443848e-01 1.361224949359893799e-01 7.617350220680236816e-01 9.079587459564208984e-01 9.126816391944885254e-01 9.433433413505554199e-01 7.981886267662048340e-01 5.236459970474243164e-01 2.426711320877075195e-01 6.126989126205444336e-01 7.738394737243652344e-01 4.922569692134857178e-01 6.349155306816101074e-01
4.709349870681762695e-01 3.548451662063598633e-01 7.789080142974853516e-01 1.375962495803833008e-01 1.834249943494796753e-01 8.134646415710449219e-01 4.403123259544372559e-01 5.092554688453674316e-01 3.949036896228790283e-01 6.156064271926879883e-01 2.678762972354888916e-01 1.940102577209472656e-01 6.739617586135864258e-01 4.942111670970916748e-01
6.583349704742431641e-01 3.264728188514709473e-01 1.187812536954879761e-01 7.566974759101867676e-01 1.733645051717758179e-01 5.806132405996322632e-02 2.242893278598785400e-01 7.595191597938537598e-01 6.618539094924926758e-01 3.573411107063293457e-01 6.076090335845947266e-01 1.908164769411087036e-01 3.193634152412414551e-01 4.239135384559631348e-01
8.080250024795532227e-02 3.573994934558868408e-01 9.662290215492248535e-01 6.792899966239929199e-01 5.672724843025207520e-01 5.125874876976013184e-01 7.600963115692138672e-01 3.760233521461486816e-02 2.215308994054794312e-01 8.970286250114440918e-01 8.981436491012573242e-01 6.539412736892700195e-01 5.372667312622070312e-01 6.946894526481628418e-01
1.945874989032745361e-01 6.939941644668579102e-01 4.014810025691986084e-01 1.812302470207214355e-01 1.896084994077682495e-01 7.000187039375305176e-01 7.596010565757751465e-01 1.789184957742691040e-01 5.704522132873535156e-01 3.530379533767700195e-01 2.291957587003707886e-01 1.862947940826416016e-01 6.947629451751708984e-01 4.974265992641448975e-01
2.356700003147125244e-01 5.783045291900634766e-01 5.420337319374084473e-01 6.593250036239624023e-01 6.885660290718078613e-01 7.283633351325988770e-01 1.879143267869949341e-01 2.800252735614776611e-01 5.320284962654113770e-01 5.554323196411132812e-01 4.626103639602661133e-01 7.032625675201416016e-01 4.467658102512359619e-01 4.363941848278045654e-01
8.471350073814392090e-01 4.721638262271881104e-01 1.958574950695037842e-01 1.323132514953613281e-01 4.070807397365570068e-01 3.512502014636993408e-01 1.963299959897994995e-01 7.085366845130920410e-01 4.772357642650604248e-01 4.913322627544403076e-01 2.056874632835388184e-01 4.289906322956085205e-01 5.328989624977111816e-01 3.508194088935852051e-01
4.364775121212005615e-01 5.137766599655151367e-01 9.151265025138854980e-01 7.698475122451782227e-01 8.470377326011657715e-01 1.177074760198593140e-01 1.468826681375503540e-01 4.873735904693603516e-01 3.866816461086273193e-01 6.979833245277404785e-01 7.697197794914245605e-01 8.863621950149536133e-01 5.082607269287109375e-01 4.056411981582641602e-01
1.987649947404861450e-01 2.743841707706451416e-01 9.119752645492553711e-01 9.380350112915039062e-01 6.959974765777587891e-01 3.948940336704254150e-01 7.560707330703735352e-01 2.001464813947677612e-01 2.685745358467102051e-01 8.166604638099670410e-01 8.672149181365966797e-01 7.271360754966735840e-01 5.331432819366455078e-01 6.067749857902526855e-01
5.113499760627746582e-01 2.378431707620620728e-01 3.455624878406524658e-01 2.148524969816207886e-01 8.313295245170593262e-01 2.577446401119232178e-01 6.638646721839904785e-01 5.894809961318969727e-01 3.939890265464782715e-01 3.876066505908966064e-01 2.539981305599212646e-01 8.058515191078186035e-01 5.065509676933288574e-01 4.398187100887298584e-01
9.668574929237365723e-01 1.919428259134292603e-01 6.263830065727233887e-01 8.953624963760375977e-01 9.742457270622253418e-01 7.615771889686584473e-01 1.582150012254714966e-01 9.022496342658996582e-01 2.526346743106842041e-01 8.516078591346740723e-01 7.349666357040405273e-01 9.428765773773193359e-01 6.842816472053527832e-01 2.342984527349472046e-01
9.553149938583374023e-01 3.911499977111816406e-01 7.155485153198242188e-01 3.628087639808654785e-01 7.127962708473205566e-01 9.843708276748657227e-01 2.401273399591445923e-01 8.651385903358459473e-01 3.775079250335693359e-01 6.390945315361022949e-01 4.943107068538665771e-01 7.244105935096740723e-01 5.099123120307922363e-01 4.209563732147216797e-01
8.570424914360046387e-01 2.230241596698760986e-01 8.506785035133361816e-01 1.406340003013610840e-01 6.842997670173645020e-01 6.881133466958999634e-02 5.785366892814636230e-01 8.986439108848571777e-01 3.618818521499633789e-01 6.737009882926940918e-01 4.055527746677398682e-01 6.799889802932739258e-01 5.197905898094177246e-01 4.030233919620513916e-01
5.189650058746337891e-01 2.451331615447998047e-01 6.070244908332824707e-01 7.364624738693237305e-01 9.460164904594421387e-01 6.749446392059326172e-01 2.121790051460266113e-01 5.429973006248474121e-01 3.455409407615661621e-01 6.905951499938964844e-01 5.160017609596252441e-01 9.058927893638610840e-01 5.845419764518737793e-01 2.884151339530944824e-01
1.679424941539764404e-01 8.274276852607727051e-01 5.432714819908142090e-01 1.820649951696395874e-02 8.153262734413146973e-01 2.306262552738189697e-01 7.360599935054779053e-02 2.006577104330062866e-01 5.560427904129028320e-01 4.075180888175964355e-01 2.118883877992630005e-01 8.969842791557312012e-01 5.738058686256408691e-01 2.994915246963500977e-01
3.339149951934814453e-01 4.823488295078277588e-01 9.623647332191467285e-01 4.525727629661560059e-01 6.711884737014770508e-01 8.217902779579162598e-01 1.188416630029678345e-01 3.339803814888000488e-01 4.110649526119232178e-01 6.737158894538879395e-01 4.515515565872192383e-01 7.081044912338256836e-01 4.675765633583068848e-01 4.035380184650421143e-01
4.681299924850463867e-01 1.851781606674194336e-01 9.461502432823181152e-01 4.364475011825561523e-01 3.299537599086761475e-01 9.383332133293151855e-01 8.224333524703979492e-01 4.449666738510131836e-01 2.849654257297515869e-01 7.674232125282287598e-01 4.869323670864105225e-01 2.997161448001861572e-01 6.091951727867126465e-01 5.749573111534118652e-01
8.996000289916992188e-01 6.043524742126464844e-01 7.848539948463439941e-01 4.169670045375823975e-01 3.107174932956695557e-01 1.276740431785583496e-01 4.606069922447204590e-01 9.181537628173828125e-01 5.815145969390869141e-01 5.679908394813537598e-01 5.359000563621520996e-01 3.490146100521087646e-01 3.683612346649169922e-01 4.054357409477233887e-01
5.701324939727783203e-01 5.879386663436889648e-01 9.124447703361511230e-01 4.478504955768585205e-01 5.956705212593078613e-01 5.426297187805175781e-01 6.436336636543273926e-01 5.002406239509582520e-01 4.732246398925781250e-01 5.830280780792236328e-01 6.396605372428894043e-01 5.362768769264221191e-01 4.127299785614013672e-01 4.820089042186737061e-01
2.698175013065338135e-01 6.942576766014099121e-01 1.674434989690780640e-01 8.185899853706359863e-01 2.747847437858581543e-01 5.642480850219726562e-01 1.363613307476043701e-01 2.670672237873077393e-01 5.720939636230468750e-01 1.278077661991119385e-01 7.312869429588317871e-01 3.933533430099487305e-01 4.374483823776245117e-01 6.773411035537719727e-01
2.817200124263763428e-01 2.428318262100219727e-01 6.349735260009765625e-01 5.497174859046936035e-01 5.123487710952758789e-01 2.889033406972885132e-02 4.576143324375152588e-01 3.412100374698638916e-01 3.117853999137878418e-01 6.154686212539672852e-01 3.970942497253417969e-01 5.771496891975402832e-01 5.173322558403015137e-01 5.090559124946594238e-01
6.325374841690063477e-01 4.777173399925231934e-01 9.069085121154785156e-01 2.631149999797344208e-02 4.379667639732360840e-01 7.652301192283630371e-01 1.946966722607612610e-02 6.769198775291442871e-01 4.150351881980895996e-01 6.187446117401123047e-01 1.961203515529632568e-01 4.989551007747650146e-01 5.645064711570739746e-01 3.101895749568939209e-01
3.434999883174896240e-01 5.211371779441833496e-01 8.041267395019531250e-01 5.010049939155578613e-01 4.457629919052124023e-01 6.407568454742431641e-01 4.862506687641143799e-01 3.119255304336547852e-01 3.723498284816741943e-01 6.859779953956604004e-01 4.737257659435272217e-01 5.370381474494934082e-01 4.676134884357452393e-01 4.823903441429138184e-01
8.557350039482116699e-01 3.413478434085845947e-01 6.399185061454772949e-01 4.771282374858856201e-01 2.543214857578277588e-01 6.311722993850708008e-01 6.887222528457641602e-01 8.528560996055603027e-01 4.423801898956298828e-01 6.406773924827575684e-01 5.550177693367004395e-01 2.638969719409942627e-01 4.693205952644348145e-01 5.817291736602783203e-01
1.988250017166137695e-02 6.619135141372680664e-01 8.983749747276306152e-01 4.854847490787506104e-01 7.887985110282897949e-01 8.180000782012939453e-01 7.332437634468078613e-01 4.650240764021873474e-02 6.162505745887756348e-01 5.403055548667907715e-01 3.108373880386352539e-01 8.117914795875549316e-01 5.559527873992919922e-01 3.668771982192993164e-01
4.019599854946136475e-01 4.681201577186584473e-01 5.185887217521667480e-01 3.967222571372985840e-01 2.856342494487762451e-01 2.351643443107604980e-01 5.484333261847496033e-02 4.020749032497406006e-01 5.303145051002502441e-01 5.833768844604492188e-01 5.097671747207641602e-01 3.391203880310058594e-01 4.243869781494140625e-01 4.407922923564910889e-01
9.314125180244445801e-01 2.637443244457244873e-01 5.814767479896545410e-01 2.277624979615211487e-02 8.870834708213806152e-01 3.887223303318023682e-01 6.581820249557495117e-01 8.560775518417358398e-01 3.218322098255157471e-01 6.183794736862182617e-01 2.414745092391967773e-01 8.309474587440490723e-01 5.693086981773376465e-01 2.949387431144714355e-01
9.970824718475341797e-01 3.792193233966827393e-01 8.835369944572448730e-01 6.201500073075294495e-02 9.941319823265075684e-01 6.856448650360107422e-01 4.570056796073913574e-01 8.676015734672546387e-01 3.725804984569549561e-01 6.784512400627136230e-01 4.409660696983337402e-01 8.918542265892028809e-01 5.581992864608764648e-01 2.553314268589019775e-01
6.971150040626525879e-01 3.702096641063690186e-01 2.406907528638839722e-01 5.957549810409545898e-01 4.728960096836090088e-01 5.884084105491638184e-01 6.735448837280273438e-01 6.507482528686523438e-01 5.071163773536682129e-01 5.255624055862426758e-01 4.438849687576293945e-01 4.633507728576660156e-01 4.348642230033874512e-01 4.413502216339111328e-01
1.083974987268447876e-01 7.824605107307434082e-01 1.283230036497116089e-01 8.469774723052978516e-01 7.821302413940429688e-01 9.846647381782531738e-01 3.239319920539855957e-01 1.467511616647243500e-02 7.161409258842468262e-01 1.201929450035095215e-01 6.684005260467529297e-01 8.743332028388977051e-01 7.311846613883972168e-01 3.270236551761627197e-01
8.085849881172180176e-01 5.551509857177734375e-01 3.423945009708404541e-01 3.365197479724884033e-01 3.025574982166290283e-01 2.764036357402801514e-01 7.077468037605285645e-01 8.178774118423461914e-01 6.083475947380065918e-01 3.967439532279968262e-01 3.676823377609252930e-01 2.803028523921966553e-01 4.159261286258697510e-01 3.889976143836975098e-01
6.403974890708923340e-01 1.812776625156402588e-01 7.186290025711059570e-01 1.826110035181045532e-01 9.235674738883972168e-01 1.713234335184097290e-01 7.629056572914123535e-01 5.559089183807373047e-01 4.558252692222595215e-01 6.106235980987548828e-01 5.939623713493347168e-01 7.850454449653625488e-01 4.302062094211578369e-01 4.079950451850891113e-01
5.287899971008300781e-01 6.729981899261474609e-01 9.072967767715454102e-01 8.702225089073181152e-01 9.707217216491699219e-01 4.525095969438552856e-02 5.235880017280578613e-01 5.758509635925292969e-01 5.470566153526306152e-01 6.378880143165588379e-01 8.841926455497741699e-01 9.248480796813964844e-01 3.788709640502929688e-01 4.174841642379760742e-01
4.618175029754638672e-01 8.308724761009216309e-01 6.438454985618591309e-01 4.836890101432800293e-01 1.742827445268630981e-01 6.004298105835914612e-02 5.046179890632629395e-01 4.966038167476654053e-01 6.010341048240661621e-01 4.616795182228088379e-01 5.509890913963317871e-01 2.142190337181091309e-01 4.095935523509979248e-01 4.399551749229431152e-01
8.165749907493591309e-02 5.916183590888977051e-01 8.413150161504745483e-02 5.793750286102294922e-01 6.981599926948547363e-01 8.597926497459411621e-01 9.409117698669433594e-01 8.387835323810577393e-02 6.150507330894470215e-01 7.630662620067596436e-02 2.581292390823364258e-01 6.104836463928222656e-01 6.351075172424316406e-01 5.899103879928588867e-01
3.586100041866302490e-01 7.043098211288452148e-01 5.855717658996582031e-01 1.687217503786087036e-01 6.629977226257324219e-01 5.079816281795501709e-02 9.374176859855651855e-01 4.287681579589843750e-01 5.306878685951232910e-01 2.933556437492370605e-01 4.431547820568084717e-01 5.707111954689025879e-01 4.483229219913482666e-01 5.761349201202392578e-01
4.539249837398529053e-02 6.400160193443298340e-01 1.193045005202293396e-01 2.625067532062530518e-01 2.417974919080734253e-02 8.794419169425964355e-01 3.599239885807037354e-01 2.231201902031898499e-02 6.832317709922790527e-01 1.244818344712257385e-01 1.564713269472122192e-01 5.292660742998123169e-02 9.487479925155639648e-01 3.013958632946014404e-01
2.768650054931640625e-01 3.343124985694885254e-01 1.403087526559829712e-01 9.292724728584289551e-01 6.357747316360473633e-01 5.279412865638732910e-01 7.147667407989501953e-01 3.479296565055847168e-01 5.198937654495239258e-01 2.566471397876739502e-01 8.851189017295837402e-01 6.315392255783081055e-01 4.632483720779418945e-01 6.838917136192321777e-01
1.794025003910064697e-01 4.401108324527740479e-01 5.952695012092590332e-01 4.741952419281005859e-01 9.085032343864440918e-01 9.068393111228942871e-01 2.860616743564605713e-01 1.551760137081146240e-01 4.350588321685791016e-01 6.502514481544494629e-01 4.298102259635925293e-01 9.160327315330505371e-01 6.307159066200256348e-01 3.207061290740966797e-01
1.374125033617019653e-01 5.233963131904602051e-01 5.068612694740295410e-01 4.987154901027679443e-01 1.879700087010860443e-02 5.285377502441406250e-01 6.129043102264404297e-01 9.043662995100021362e-02 5.708529949188232422e-01 6.065315604209899902e-01 5.372295975685119629e-01 5.750650912523269653e-02 5.531429648399353027e-01 4.865420758724212646e-01
7.883725166320800781e-01 6.593629717826843262e-01 8.596755266189575195e-01 2.987412512302398682e-01 7.223179936408996582e-01 4.795535206794738770e-01 9.717208743095397949e-01 8.278768062591552734e-01 5.239898562431335449e-01 3.377507925033569336e-01 4.974697232246398926e-01 6.560664772987365723e-01 4.178654253482818604e-01 5.506584048271179199e-01
2.229599952697753906e-01 5.477301478385925293e-01 1.433512568473815918e-01 7.683675289154052734e-01 2.172455042600631714e-01 8.682365417480468750e-01 6.173650026321411133e-01 1.828353703022003174e-01 5.902530550956726074e-01 1.779153347015380859e-01 5.665464401245117188e-01 2.210289686918258667e-01 5.000575184822082520e-01 6.271992325782775879e-01
8.718374967575073242e-01 3.035014867782592773e-01 2.463639974594116211e-01 8.503274917602539062e-01 9.827795028686523438e-01 6.430036425590515137e-01 9.072946906089782715e-01 6.886640787124633789e-01 5.010317564010620117e-01 5.631545186042785645e-01 8.024666905403137207e-01 7.985218167304992676e-01 4.043584764003753662e-01 4.933796226978302002e-01
3.401150107383728027e-01 4.098608195781707764e-01 8.265535235404968262e-01 2.340075001120567322e-02 8.499457240104675293e-01 5.403444170951843262e-01 9.904894232749938965e-01 2.771675586700439453e-01 3.981741070747375488e-01 6.147484779357910156e-01 2.119569480419158936e-01 6.055709123611450195e-01 5.004841089248657227e-01 4.242271482944488525e-01
8.352324962615966797e-01 5.909068584442138672e-01 7.283250093460083008e-01 4.879472553730010986e-01 6.768722534179687500e-01 8.085382580757141113e-01 3.966679871082305908e-01 7.958047986030578613e-01 2.765099108219146729e-01 7.301748394966125488e-01 3.695548474788665771e-01 7.288953661918640137e-01 5.895973443984985352e-01 3.769062459468841553e-01
6.312825083732604980e-01 2.546228468418121338e-01 5.712372660636901855e-01 3.460980057716369629e-01 6.178572773933410645e-01 4.528657495975494385e-01 1.277023404836654663e-01 6.824576258659362793e-01 3.022032976150512695e-01 7.171840071678161621e-01 2.163461595773696899e-01 6.268687844276428223e-01 6.084191203117370605e-01 3.076013624668121338e-01
8.591175079345703125e-01 5.583998560905456543e-01 7.405387759208679199e-01 9.984325170516967773e-01 9.162707328796386719e-01 5.616476535797119141e-01 1.942483335733413696e-01 8.894656896591186523e-01 4.649619758129119873e-01 6.733283996582031250e-01 9.271954298019409180e-01 9.407350420951843262e-01 4.379056394100189209e-01 4.112944900989532471e-01
8.833774924278259277e-01 3.062469959259033203e-01 7.148334980010986328e-01 9.394775032997131348e-01 8.379694819450378418e-01 4.785756468772888184e-01 1.238410025835037231e-01 9.140819907188415527e-01 3.268529474735260010e-01 7.735213041305541992e-01 8.803032040596008301e-01 9.159893989562988281e-01 5.702879428863525391e-01 3.892697095870971680e-01
3.915224969387054443e-01 4.399886727333068848e-01 3.655945062637329102e-01 6.860575079917907715e-01 7.004935145378112793e-01 8.386942744255065918e-02 3.685076534748077393e-01 4.575101733207702637e-01 5.083324313163757324e-01 5.756530165672302246e-01 6.179056763648986816e-01 6.941081285476684570e-01 3.928090333938598633e-01 4.489720761775970459e-01
1.661400049924850464e-01 6.121063232421875000e-01 9.414732456207275391e-01 3.537087440490722656e-01 2.443282455205917358e-01 5.430192947387695312e-01 2.133366614580154419e-01 1.364548951387405396e-01 5.370512008666992188e-01 7.475728988647460938e-01 3.573884069919586182e-01 3.074091970920562744e-01 5.057020187377929688e-01 4.089816212654113770e-01
1.074424982070922852e-01 3.771494925022125244e-01 7.191944718360900879e-01 7.471150159835815430e-01 2.170749939978122711e-02 7.507810741662979126e-02 2.692546546459197998e-01 1.390079706907272339e-01 4.596873223781585693e-01 7.294774651527404785e-01 6.368266344070434570e-01 8.627301454544067383e-02 4.930250346660614014e-01 4.885765910148620605e-01
9.855474829673767090e-01 2.033886611461639404e-01 9.584337472915649414e-01 7.117875218391418457e-01 6.930927634239196777e-01 5.881259441375732422e-01 3.790040016174316406e-01 9.540144205093383789e-01 2.456124126911163330e-01 8.727049231529235840e-01 7.657036185264587402e-01 7.431266903877258301e-01 6.186451315879821777e-01 4.546335339546203613e-01
2.943474948406219482e-01 6.059141755104064941e-01 3.404900133609771729e-01 5.019899830222129822e-02 9.364472627639770508e-01 3.801256418228149414e-01 3.225743472576141357e-01 3.045120537281036377e-01 5.777032971382141113e-01 3.807962536811828613e-01 2.492137253284454346e-01 8.827431201934814453e-01 5.093339085578918457e-01 3.319045901298522949e-01
3.538450002670288086e-01 1.902383267879486084e-01 2.484862506389617920e-01 5.129550099372863770e-01 3.490292429924011230e-01 5.120608806610107422e-01 6.247966736555099487e-02 3.642303347587585449e-01 4.248648583889007568e-01 6.182690858840942383e-01 4.197575449943542480e-01 3.982289731502532959e-01 4.776644706726074219e-01 4.738041758537292480e-01
5.774924755096435547e-01 4.571650028228759766e-01 1.816727519035339355e-01 2.390747517347335815e-01 7.880027294158935547e-01 5.546672940254211426e-01 4.587976634502410889e-01 5.862613320350646973e-01 5.568267107009887695e-01 2.528263330459594727e-01 3.455741107463836670e-01 7.848930358886718750e-01 4.570512473583221436e-01 5.077013969421386719e-01
5.235400199890136719e-01 1.799228340387344360e-01 2.585499882698059082e-01 4.634810090065002441e-01 3.276025131344795227e-02 5.215286612510681152e-01 3.986496627330780029e-01 4.210676848888397217e-01 4.484416246414184570e-01 5.021731853485107422e-01 4.736284613609313965e-01 6.974008679389953613e-02 5.833085179328918457e-01 5.650482773780822754e-01
8.975899815559387207e-01 4.697036743164062500e-01 7.336025238037109375e-01 3.491324931383132935e-02 2.700837552547454834e-01 5.310596227645874023e-01 7.722600698471069336e-01 8.027904033660888672e-01 4.633542597293853760e-01 6.142294406890869141e-01 3.806403875350952148e-01 2.287878245115280151e-01 5.008826255798339844e-01 4.993168413639068604e-01
6.271250247955322266e-01 1.996716707944869995e-01 8.539312481880187988e-01 7.863399982452392578e-01 3.019177615642547607e-01 6.361659765243530273e-01 9.492045044898986816e-01 7.008911967277526855e-01 2.358801066875457764e-01 7.470872402191162109e-01 8.502338528633117676e-01 2.525026202201843262e-01 5.251689553260803223e-01 8.022170662879943848e-01
2.172224968671798706e-01 5.670261383056640625e-01 8.740835189819335938e-01 9.835324883460998535e-01 9.697797298431396484e-01 9.299288988113403320e-01 4.750596582889556885e-01 2.076552957296371460e-01 4.449518620967864990e-01 7.829776406288146973e-01 8.843117952346801758e-01 9.715535640716552734e-01 5.673041939735412598e-01 3.416793644428253174e-01
5.437625050544738770e-01 4.533329904079437256e-01 3.228259980678558350e-01 2.969120144844055176e-01 2.515499945729970932e-03 9.912050366401672363e-01 1.553283333778381348e-01 4.113596081733703613e-01 5.172193646430969238e-01 4.456245303153991699e-01 2.728245556354522705e-01 5.731238797307014465e-02 6.850775480270385742e-01 4.502454698085784912e-01
3.096500039100646973e-01 4.260173439979553223e-01 3.249287605285644531e-01 7.842350006103515625e-01 5.957267284393310547e-01 5.445885062217712402e-01 1.113356649875640869e-01 3.250850141048431396e-01 4.617757797241210938e-01 4.848959147930145264e-01 7.898874878883361816e-01 6.728093028068542480e-01 4.700560569763183594e-01 5.868917107582092285e-01
6.151000037789344788e-02 6.728168129920959473e-01 5.089524984359741211e-01 8.778125047683715820e-01 7.372587323188781738e-01 8.913036584854125977e-01 1.647300086915493011e-02 7.966306805610656738e-02 6.721237897872924805e-01 4.471782445907592773e-01 3.749057054519653320e-01 8.853000998497009277e-01 4.941241741180419922e-01 3.368588089942932129e-01
3.923675119876861572e-01 5.075591802597045898e-01 7.471457719802856445e-01 5.862674713134765625e-01 5.657017230987548828e-01 2.904629409313201904e-01 4.223130047321319580e-01 4.456053376197814941e-01 3.949538171291351318e-01 5.563744902610778809e-01 4.666694998741149902e-01 6.090846061706542969e-01 4.413733184337615967e-01 5.078043341636657715e-01
3.660899996757507324e-01 2.527939975261688232e-01 7.037402391433715820e-01 5.978599786758422852e-01 6.748697757720947266e-01 7.463386654853820801e-01 2.581023275852203369e-01 3.015837073326110840e-01 2.744210064411163330e-01 7.583561539649963379e-01 6.059406995773315430e-01 7.447537183761596680e-01 5.958341956138610840e-01 4.546348750591278076e-01
1.346125006675720215e-01 3.737258315086364746e-01 1.707367449998855591e-01 8.429499864578247070e-01 9.537982344627380371e-01 3.651761636137962341e-02 4.878459870815277100e-01 1.855986267328262329e-01 6.220831274986267090e-01 5.590242743492126465e-01 7.360506057739257812e-01 8.681544065475463867e-01 3.889901936054229736e-01 4.353795349597930908e-01
1.733749918639659882e-02 6.821466684341430664e-01 8.410032391548156738e-01 7.020475268363952637e-01 9.559684991836547852e-01 6.888074874877929688e-01 3.034853339195251465e-01 4.255452752113342285e-02 6.700085997581481934e-01 5.485034584999084473e-01 4.328536987304687500e-01 9.372234344482421875e-01 5.278807282447814941e-01 2.447990924119949341e-01
9.917999804019927979e-02 8.105639815330505371e-01 9.747987389564514160e-01 7.417950034141540527e-02 1.971040070056915283e-01 8.333922028541564941e-01 1.052133366465568542e-02 8.073221147060394287e-02 6.140819191932678223e-01 7.079204916954040527e-01 2.003815025091171265e-01 2.327007800340652466e-01 6.707596182823181152e-01 3.716396987438201904e-01
1.284125000238418579e-01 1.719155013561248779e-01 5.350260138511657715e-01 2.646502554416656494e-01 8.763049840927124023e-01 5.629256367683410645e-01 3.499099984765052795e-02 9.970276802778244019e-02 2.974870800971984863e-01 7.933511137962341309e-01 3.277869224548339844e-01 8.870460391044616699e-01 6.231765151023864746e-01 3.058708906173706055e-01
5.996025204658508301e-01 2.187239974737167358e-01 2.859387397766113281e-01 6.319125294685363770e-01 7.379267215728759766e-01 7.215978503227233887e-01 7.927479743957519531e-01 5.362572073936462402e-01 3.859522938728332520e-01 4.347136318683624268e-01 4.145396649837493896e-01 6.515737771987915039e-01 4.713967442512512207e-01 5.463654398918151855e-01
7.084274888038635254e-01 4.328461587429046631e-01 7.115697264671325684e-01 5.112199783325195312e-01 5.491034984588623047e-01 6.666193008422851562e-01 8.808780908584594727e-01 6.876730918884277344e-01 4.114302098751068115e-01 4.776028096675872803e-01 6.294588446617126465e-01 5.613026618957519531e-01 4.428808391094207764e-01 6.153733134269714355e-01
3.104799985885620117e-01 7.479196786880493164e-01 7.965440154075622559e-01 6.848474740982055664e-01 3.328649997711181641e-01 3.916097879409790039e-01 4.102066531777381897e-02 3.838892281055450439e-01 5.223972201347351074e-01 5.002624392509460449e-01 7.006261348724365234e-01 4.414801299571990967e-01 4.106132984161376953e-01 5.260763764381408691e-01
6.267899870872497559e-01 7.339239716529846191e-01 7.689437270164489746e-01 3.005647361278533936e-01 9.013969898223876953e-01 5.489408373832702637e-01 4.495436549186706543e-01 5.521792769432067871e-01 5.830191373825073242e-01 5.040421485900878906e-01 6.806575655937194824e-01 8.663844466209411621e-01 3.971399366855621338e-01 4.330566227436065674e-01
2.270675003528594971e-01 4.621528387069702148e-01 6.680135130882263184e-01 1.053114980459213257e-01 7.079409956932067871e-01 3.282281756401062012e-02 6.169936656951904297e-01 2.506709992885589600e-01 3.484104275703430176e-01 5.687830448150634766e-01 1.865944564342498779e-01 7.518504261970520020e-01 5.427318215370178223e-01 3.980897665023803711e-01
7.619249820709228516e-01 5.623946785926818848e-01 7.566737532615661621e-01 5.573624968528747559e-01 1.388995051383972168e-01 9.981855750083923340e-01 3.868726789951324463e-01 8.469050526618957520e-01 4.927901923656463623e-01 5.637204051017761230e-01 4.587407112121582031e-01 1.867521405220031738e-01 4.589836001396179199e-01 5.439286231994628906e-01
4.578525125980377197e-01 5.847293138504028320e-01 7.017765045166015625e-01 7.578824758529663086e-01 3.888577520847320557e-01 2.122800052165985107e-01 5.813996791839599609e-01 4.562056362628936768e-01 4.822693169116973877e-01 6.015398502349853516e-01 5.543644428253173828e-01 4.259776771068572998e-01 4.153129458427429199e-01 4.604431688785552979e-01
4.449824988842010498e-01 1.730004996061325073e-01 1.919837445020675659e-01 8.914049863815307617e-01 4.474482536315917969e-01 1.133459582924842834e-01 3.014020025730133057e-01 4.555557966232299805e-01 4.267063736915588379e-01 6.228057146072387695e-01 5.917298197746276855e-01 4.768196046352386475e-01 4.334430098533630371e-01 5.000978112220764160e-01
1.445074975490570068e-01 4.729340076446533203e-01 7.897175103425979614e-02 8.761600255966186523e-01 3.548862636089324951e-01 5.823444724082946777e-01 3.159376680850982666e-01 1.274790018796920776e-01 5.287512540817260742e-01 5.142881348729133606e-02 9.007025957107543945e-01 4.043134152889251709e-01 4.868366420269012451e-01 7.796098589897155762e-01
5.481150150299072266e-01 6.148309707641601562e-01 2.334485054016113281e-01 4.371657371520996094e-01 8.387942314147949219e-01 6.195420026779174805e-01 3.453060090541839600e-01 6.005800366401672363e-01 5.832116007804870605e-01 2.582440376281738281e-01 4.193557202816009521e-01 8.417590856552124023e-01 4.695211648941040039e-01 4.891446232795715332e-01
3.520975112915039062e-01 3.082848191261291504e-01 7.619307637214660645e-01 2.474567443132400513e-01 8.176295161247253418e-01 9.469219446182250977e-01 7.358211278915405273e-01 3.115994334220886230e-01 3.085569441318511963e-01 5.242589116096496582e-01 4.725303351879119873e-01 7.964596748352050781e-01 5.780221819877624512e-01 5.163804292678833008e-01
8.288250118494033813e-02 7.698554992675781250e-01 8.580407500267028809e-01 9.049124717712402344e-01 3.087849915027618408e-02 7.982417941093444824e-01 7.089091539382934570e-01 2.181433327496051788e-02 6.294323801994323730e-01 6.782192587852478027e-01 7.526379227638244629e-01 1.181221529841423035e-01 4.377385377883911133e-01 5.259144306182861328e-01
1.693174988031387329e-01 7.909858226776123047e-01 2.466634958982467651e-01 1.619444936513900757e-01 5.461649894714355469e-01 6.064682602882385254e-01 4.500993192195892334e-01 1.729905158281326294e-01 5.777468681335449219e-01 1.692194938659667969e-01 2.387557774782180786e-01 6.747653484344482422e-01 5.635643005371093750e-01 5.294055342674255371e-01
7.612250000238418579e-02 6.363673210144042969e-01 3.854382634162902832e-01 1.954012513160705566e-01 8.093104958534240723e-01 5.679041147232055664e-01 5.694033205509185791e-02 6.610937416553497314e-02 6.212992072105407715e-01 5.488988161087036133e-01 3.350460231304168701e-01 8.509596586227416992e-01 5.201432108879089355e-01 3.224657475948333740e-01
