3.377499878406524658e-01 3.161666691303253174e-01 6.292499899864196777e-01 8.542500138282775879e-01 1.362500041723251343e-01 3.424999862909317017e-02 4.867033064365386963e-01 3.208238482475280762e-01 7.285517454147338867e-01 6.646404862403869629e-01 1.525696218013763428e-01 5.155469775199890137e-01
7.037500143051147461e-01 2.081666737794876099e-01 5.124999955296516418e-02 8.377500176429748535e-01 9.057499766349792480e-01 5.697500109672546387e-01 6.963622570037841797e-01 2.632044851779937744e-01 2.233888804912567139e-01 7.849395275115966797e-01 8.508702516555786133e-01 7.421619296073913574e-01
9.942499995231628418e-01 2.911666631698608398e-01 8.725000172853469849e-02 9.897500276565551758e-01 3.057500123977661133e-01 6.042500138282775879e-01 9.015237092971801758e-01 3.963151872158050537e-01 2.477466911077499390e-01 9.049245715141296387e-01 2.795390784740447998e-01 8.361455202102661133e-01
6.677500009536743164e-01 6.388333439826965332e-01 2.257499992847442627e-01 1.757500022649765015e-01 1.952500045299530029e-01 1.592500060796737671e-01 6.732116341590881348e-01 7.446854114532470703e-01 2.474390715360641479e-01 2.267286032438278198e-01 1.975618898868560791e-01 2.437462806701660156e-01
1.832499951124191284e-01 1.901666671037673950e-01 9.902499914169311523e-01 3.447499871253967285e-01 4.292500019073486328e-01 1.432500034570693970e-01 2.445255070924758911e-01 3.712592720985412598e-01 7.597051262855529785e-01 4.926995635032653809e-01 4.546514153480529785e-01 2.906920313835144043e-01
9.972500205039978027e-01 4.148333370685577393e-01 4.582499861717224121e-01 3.007499873638153076e-01 2.467499971389770508e-01 1.374999992549419403e-02 8.989477157592773438e-01 4.745692610740661621e-01 6.519920825958251953e-01 4.034496843814849854e-01 2.443986982107162476e-01 2.295219898223876953e-01
5.567499995231628418e-01 4.368333220481872559e-01 8.874999731779098511e-02 9.472500085830688477e-01 8.372499942779541016e-01 5.387499928474426270e-01 6.660711765289306641e-01 4.950705468654632568e-01 1.215384602546691895e-01 7.986540794372558594e-01 7.396121025085449219e-01 6.834648847579956055e-01
7.137500047683715820e-01 4.058333337306976318e-01 9.047499895095825195e-01 5.977500081062316895e-01 2.067500054836273193e-01 6.487500071525573730e-01 8.056476712226867676e-01 3.744072318077087402e-01 7.792061567306518555e-01 6.829478740692138672e-01 1.936856806278228760e-01 6.574596762657165527e-01
6.872500181198120117e-01 1.895000040531158447e-01 7.222499847412109375e-01 8.382499814033508301e-01 9.427499771118164062e-01 2.312500029802322388e-01 7.956023812294006348e-01 2.847129702568054199e-01 8.778020143508911133e-01 6.758186221122741699e-01 8.698550462722778320e-01 4.274786114692687988e-01
7.447500228881835938e-01 5.211666822433471680e-01 3.624999895691871643e-02 1.832499951124191284e-01 9.457499980926513672e-01 1.867499947547912598e-01 7.164388298988342285e-01 6.990755796432495117e-01 2.312480956315994263e-01 1.306622922420501709e-01 8.646956682205200195e-01 3.838369548320770264e-01
6.287500262260437012e-01 3.498333394527435303e-01 2.857500016689300537e-01 3.732500076293945312e-01 4.812499880790710449e-01 6.352499723434448242e-01 6.165364384651184082e-01 4.331952631473541260e-01 3.751635849475860596e-01 3.492191731929779053e-01 4.512704014778137207e-01 5.491236448287963867e-01
9.250000119209289551e-03 6.671666502952575684e-01 8.472499847412109375e-01 4.362500011920928955e-01 1.627500057220458984e-01 2.147500067949295044e-01 1.690513081848621368e-02 5.338245034217834473e-01 7.458122372627258301e-01 3.216910064220428467e-01 2.696468532085418701e-01 2.412261664867401123e-01
5.882499814033508301e-01 7.901666760444641113e-01 9.967499971389770508e-01 7.422500252723693848e-01 2.624999918043613434e-02 1.942500025033950806e-01 9.017502069473266602e-01 5.921370387077331543e-01 7.113015055656433105e-01 3.346476852893829346e-01 5.019123852252960205e-02 2.254191339015960693e-01
8.042500019073486328e-01 3.201666772365570068e-01 9.007499814033508301e-01 2.692500054836273193e-01 5.424999818205833435e-02 4.552499949932098389e-01 8.898900151252746582e-01 4.961849451065063477e-01 7.788720130920410156e-01 3.412062823772430420e-01 7.168303430080413818e-02 4.102853834629058838e-01
5.967500209808349609e-01 5.328333377838134766e-01 5.092499852180480957e-01 5.947499871253967285e-01 3.992500007152557373e-01 3.677499890327453613e-01 6.854606866836547852e-01 5.166574120521545410e-01 4.098428189754486084e-01 5.213866829872131348e-01 3.919272720813751221e-01 4.062161743640899658e-01
9.422500133514404297e-01 5.985000133514404297e-01 2.437500059604644775e-01 3.787499964237213135e-01 7.767500281333923340e-01 7.297499775886535645e-01 9.295875430107116699e-01 5.134770274162292480e-01 1.471887677907943726e-01 3.008603155612945557e-01 7.903034687042236328e-01 6.464662551879882812e-01
9.477499723434448242e-01 2.308333367109298706e-01 1.042499989271163940e-01 3.242500126361846924e-01 1.475000008940696716e-02 7.307500243186950684e-01 6.503326296806335449e-01 4.662750065326690674e-01 2.999709546566009521e-01 6.200839281082153320e-01 6.121958419680595398e-02 5.031529664993286133e-01
1.562500000000000000e-01 2.598333358764648438e-01 1.867499947547912598e-01 7.337499856948852539e-01 2.272499948740005493e-01 7.625000178813934326e-02 2.246007472276687622e-01 3.535513281822204590e-01 5.605533719062805176e-01 6.044353842735290527e-01 2.083367258310317993e-01 3.422653675079345703e-01
7.507500052452087402e-01 7.124999761581420898e-01 6.712499856948852539e-01 7.547500133514404297e-01 1.647499948740005493e-01 3.532499969005584717e-01 9.220367074012756348e-01 5.430347919464111328e-01 5.427245497703552246e-01 6.273887753486633301e-01 1.372962594032287598e-01 5.622059702873229980e-01
5.182499885559082031e-01 2.278333306312561035e-01 1.567499935626983643e-01 8.647500276565551758e-01 6.932500004768371582e-01 1.417499929666519165e-01 6.207489967346191406e-01 4.885835349559783936e-01 5.735651850700378418e-01 5.528264045715332031e-01 6.098728179931640625e-01 3.199333548545837402e-01
7.657499909400939941e-01 6.545000076293945312e-01 7.587500214576721191e-01 7.607499957084655762e-01 2.025000005960464478e-02 8.997499942779541016e-01 8.691383004188537598e-01 5.014088749885559082e-01 7.015401124954223633e-01 5.335637331008911133e-01 5.361113324761390686e-02 5.952319502830505371e-01
8.002499938011169434e-01 3.785000145435333252e-01 3.072499930858612061e-01 7.832499742507934570e-01 1.722500026226043701e-01 9.412500262260437012e-01 7.925481796264648438e-01 4.968943893909454346e-01 5.214488506317138672e-01 5.926333069801330566e-01 1.265245974063873291e-01 6.382427811622619629e-01
9.397500157356262207e-01 6.438333392143249512e-01 5.912500023841857910e-01 3.247500061988830566e-01 5.752500295639038086e-01 5.012500286102294922e-01 9.309945106506347656e-01 4.339762330055236816e-01 4.837851524353027344e-01 2.714411020278930664e-01 5.827231407165527344e-01 5.193265080451965332e-01
8.067499995231628418e-01 7.524999976158142090e-01 9.367499947547912598e-01 5.612499713897705078e-01 4.272499978542327881e-01 8.757500052452087402e-01 8.126950263977050781e-01 4.732146561145782471e-01 6.530634164810180664e-01 6.647663116455078125e-01 4.553031027317047119e-01 4.088709652423858643e-01
4.324999824166297913e-02 3.465000092983245850e-01 9.724999964237213135e-02 9.907500147819519043e-01 2.837499976158142090e-01 4.697499871253967285e-01 6.738150119781494141e-02 3.112490773200988770e-01 7.353669404983520508e-02 9.493704438209533691e-01 1.530225276947021484e-01 6.177669763565063477e-01
9.547500014305114746e-01 3.425000011920928955e-01 2.362499982118606567e-01 2.532500028610229492e-01 3.957499861717224121e-01 3.624999895691871643e-02 9.037585258483886719e-01 5.892354249954223633e-01 4.482758641242980957e-01 1.774123162031173706e-01 3.542088568210601807e-01 6.472365558147430420e-02
4.477500021457672119e-01 7.591666579246520996e-01 2.657499909400939941e-01 2.142499983310699463e-01 6.982499957084655762e-01 1.277499943971633911e-01 4.210774004459381104e-01 7.463120222091674805e-01 2.903915345668792725e-01 1.871879994869232178e-01 7.195536494255065918e-01 3.032323718070983887e-01
2.607499957084655762e-01 3.608333468437194824e-01 9.957500100135803223e-01 7.667499780654907227e-01 4.282500147819519043e-01 1.707500070333480835e-01 3.394101262092590332e-01 3.722800910472869873e-01 8.452326059341430664e-01 7.156055569648742676e-01 4.521026015281677246e-01 2.852953374385833740e-01
6.182500123977661133e-01 3.758333325386047363e-01 4.675000160932540894e-02 1.125000044703483582e-02 5.502499938011169434e-01 6.407499909400939941e-01 5.897365212440490723e-01 4.093365669250488281e-01 1.762158721685409546e-01 1.707839518785476685e-01 5.485295057296752930e-01 7.693728804588317871e-01
9.917500019073486328e-01 1.704999953508377075e-01 3.627499938011169434e-01 4.262500107288360596e-01 4.727500081062316895e-01 2.197500020265579224e-01 9.126709699630737305e-01 3.756998181343078613e-01 6.280665397644042969e-01 3.031121194362640381e-01 4.894747138023376465e-01 3.323779702186584473e-01
6.307500004768371582e-01 5.088333487510681152e-01 6.697499752044677734e-01 6.702499985694885254e-01 6.762499809265136719e-01 4.177500009536743164e-01 7.451092600822448730e-01 4.580299556255340576e-01 6.104305982589721680e-01 6.063919663429260254e-01 6.738606691360473633e-01 4.291234016418457031e-01
4.222500026226043701e-01 3.244999945163726807e-01 6.075000017881393433e-02 5.477499961853027344e-01 8.737499713897705078e-01 9.267500042915344238e-01 4.247637391090393066e-01 4.343816339969635010e-01 8.743024617433547974e-02 6.568865180015563965e-01 8.281929492950439453e-01 8.435105681419372559e-01
7.152500152587890625e-01 2.968333363533020020e-01 3.749999916180968285e-03 2.847500145435333252e-01 3.277499973773956299e-01 7.597500085830688477e-01 6.252422928810119629e-01 3.038767576217651367e-01 2.283955365419387817e-01 2.552254199981689453e-01 3.128758072853088379e-01 7.415819168090820312e-01
8.177499771118164062e-01 5.158333182334899902e-01 9.177500009536743164e-01 6.962500214576721191e-01 9.737499952316284180e-01 9.702500104904174805e-01 8.158974647521972656e-01 4.876396954059600830e-01 7.325407862663269043e-01 7.766478657722473145e-01 8.593666553497314453e-01 4.586502313613891602e-01
3.402499854564666748e-01 7.441666722297668457e-01 1.987500041723251343e-01 1.917500048875808716e-01 2.012500017881393433e-01 2.897500097751617432e-01 4.284675419330596924e-01 7.460656166076660156e-01 2.480151057243347168e-01 1.146862357854843140e-01 1.632178872823715210e-01 4.690544903278350830e-01
9.952499866485595703e-01 6.638333201408386230e-01 9.117500185966491699e-01 1.942500025033950806e-01 2.500000118743628263e-04 1.842499971389770508e-01 9.289273619651794434e-01 6.005460023880004883e-01 7.509154081344604492e-01 4.390859007835388184e-01 5.351882427930831909e-02 3.057908415794372559e-01
8.632500171661376953e-01 4.165000021457672119e-01 4.027499854564666748e-01 8.617500066757202148e-01 4.562500119209289551e-01 8.847500085830688477e-01 8.754760026931762695e-01 4.522770047187805176e-01 2.652019858360290527e-01 8.555495142936706543e-01 4.689639806747436523e-01 6.668015718460083008e-01
4.137499928474426270e-01 6.748333573341369629e-01 6.282500028610229492e-01 5.052499771118164062e-01 7.272499799728393555e-01 6.477500200271606445e-01 3.775368630886077881e-01 5.726282596588134766e-01 5.274116992950439453e-01 6.556711196899414062e-01 7.493185400962829590e-01 4.810874164104461670e-01
1.197500005364418030e-01 7.655000090599060059e-01 3.937500119209289551e-01 4.627499878406524658e-01 2.425000071525573730e-02 7.352499961853027344e-01 8.230751007795333862e-02 5.161366462707519531e-01 2.238127142190933228e-01 4.349211752414703369e-01 1.289433836936950684e-01 5.717800259590148926e-01
3.167499899864196777e-01 7.714999914169311523e-01 3.377499878406524658e-01 3.597500026226043701e-01 8.707500100135803223e-01 7.347499728202819824e-01 3.078659474849700928e-01 5.542470812797546387e-01 2.087110877037048340e-01 4.698864221572875977e-01 8.917070031166076660e-01 7.983010411262512207e-01
4.962500035762786865e-01 5.658333301544189453e-01 8.657500147819519043e-01 8.772500157356262207e-01 2.282499969005584717e-01 8.112499713897705078e-01 7.096221446990966797e-01 3.963865339756011963e-01 6.425346732139587402e-01 7.005387544631958008e-01 2.024029940366744995e-01 6.846576333045959473e-01
5.707499980926513672e-01 2.768333256244659424e-01 2.472500056028366089e-01 4.202499985694885254e-01 6.162499785423278809e-01 5.925000086426734924e-02 5.771977901458740234e-01 5.023114681243896484e-01 5.685102939605712891e-01 3.581265211105346680e-01 6.132425069808959961e-01 2.419100105762481689e-01
8.425000309944152832e-02 3.655000030994415283e-01 1.875000074505805969e-02 4.672499895095825195e-01 2.232500016689300537e-01 3.777500092983245850e-01 1.120698675513267517e-01 5.019672513008117676e-01 1.485973596572875977e-01 5.852086544036865234e-01 1.551513522863388062e-01 6.862016916275024414e-01
6.397500038146972656e-01 7.154999971389770508e-01 5.697500109672546387e-01 5.147500038146972656e-01 6.047499775886535645e-01 2.947500050067901611e-01 7.142049670219421387e-01 5.552911162376403809e-01 5.171945095062255859e-01 4.183690845966339111e-01 5.844441652297973633e-01 2.350512295961380005e-01
2.172500044107437134e-01 6.765000224113464355e-01 9.674999862909317017e-02 9.392499923706054688e-01 9.047499895095825195e-01 6.832500100135803223e-01 2.292532622814178467e-01 6.115134954452514648e-01 1.343486458063125610e-01 8.622211217880249023e-01 8.036983013153076172e-01 7.444735169410705566e-01
9.157500267028808594e-01 3.728333413600921631e-01 5.482500195503234863e-01 9.407500028610229492e-01 3.007499873638153076e-01 1.907500028610229492e-01 9.615173339843750000e-01 5.202890038490295410e-01 7.931587696075439453e-01 6.771094799041748047e-01 2.402734607458114624e-01 2.284904420375823975e-01
5.352500081062316895e-01 2.551666796207427979e-01 8.397499918937683105e-01 2.217500060796737671e-01 1.412499994039535522e-01 5.712500214576721191e-01 5.434212684631347656e-01 2.718176245689392090e-01 7.479981780052185059e-01 2.903069555759429932e-01 1.630129665136337280e-01 5.206918120384216309e-01
8.772500157356262207e-01 2.208333313465118408e-01 2.672500014305114746e-01 1.457500010728836060e-01 7.042499780654907227e-01 9.747499823570251465e-01 7.998348474502563477e-01 3.494591116905212402e-01 2.453620284795761108e-01 1.748099178075790405e-01 6.906632781028747559e-01 6.392883658409118652e-01
5.397499799728393555e-01 4.061666727066040039e-01 6.297500133514404297e-01 3.267500102519989014e-01 3.487499952316284180e-01 5.725000053644180298e-02 5.073415637016296387e-01 4.076032936573028564e-01 7.070014476776123047e-01 3.369479775428771973e-01 3.639616370201110840e-01 1.594579368829727173e-01
9.392499923706054688e-01 3.638333380222320557e-01 9.022499918937683105e-01 4.647499918937683105e-01 7.072499990463256836e-01 7.712500095367431641e-01 9.131005406379699707e-01 3.112034499645233154e-01 7.920911908149719238e-01 4.364219605922698975e-01 7.057216167449951172e-01 4.176650941371917725e-01
2.225000038743019104e-02 6.468333601951599121e-01 7.072499990463256836e-01 3.307499885559082031e-01 7.882500290870666504e-01 4.342499971389770508e-01 3.372266516089439392e-02 6.556010246276855469e-01 7.115378975868225098e-01 2.769078016281127930e-01 7.563912272453308105e-01 4.116964340209960938e-01
3.857499957084655762e-01 8.264999985694885254e-01 8.447499871253967285e-01 1.167500019073486328e-01 1.217499971389770508e-01 5.342500209808349609e-01 5.491830110549926758e-01 5.473895668983459473e-01 3.910462260246276855e-01 1.509120166301727295e-01 1.458636969327926636e-01 5.516515374183654785e-01
8.012499809265136719e-01 2.465000003576278687e-01 1.237500011920928955e-01 8.877500295639038086e-01 9.302499890327453613e-01 4.457499980926513672e-01 8.341485261917114258e-01 4.449507296085357666e-01 3.475164473056793213e-01 8.348939418792724609e-01 8.623577356338500977e-01 6.225776076316833496e-01
9.525000303983688354e-02 5.774999856948852539e-01 1.882500052452087402e-01 4.282500147819519043e-01 5.407500267028808594e-01 2.332500070333480835e-01 1.645173132419586182e-01 6.409589648246765137e-01 3.716715574264526367e-01 3.859803378582000732e-01 5.276311635971069336e-01 3.334273099899291992e-01
8.474999666213989258e-02 4.178333282470703125e-01 2.502500116825103760e-01 3.462499976158142090e-01 1.792500019073486328e-01 7.874999940395355225e-02 9.775485843420028687e-02 5.046875476837158203e-01 5.536311864852905273e-01 2.320792824029922485e-01 1.592488735914230347e-01 1.623036265373229980e-01
3.557499945163726807e-01 4.548333287239074707e-01 2.712500095367431641e-01 3.907499909400939941e-01 8.172500133514404297e-01 9.425000101327896118e-02 3.328964412212371826e-01 6.461711525917053223e-01 4.807356894016265869e-01 2.919151186943054199e-01 8.239118456840515137e-01 2.343555241823196411e-01
9.792500138282775879e-01 2.138333320617675781e-01 2.775000035762786865e-02 8.262500166893005371e-01 7.302500009536743164e-01 2.907499969005584717e-01 9.169304370880126953e-01 3.831793069839477539e-01 3.182230889797210693e-01 7.763069272041320801e-01 7.517865896224975586e-01 6.275143623352050781e-01
8.207499980926513672e-01 3.451666533946990967e-01 3.482500016689300537e-01 8.142499923706054688e-01 9.872499704360961914e-01 8.472499847412109375e-01 8.090758919715881348e-01 2.908765971660614014e-01 4.131506383419036865e-01 8.020373582839965820e-01 9.397968649864196777e-01 6.987960338592529297e-01
7.922499775886535645e-01 2.451666593551635742e-01 2.677499949932098389e-01 3.075000084936618805e-02 9.747499823570251465e-01 6.012499928474426270e-01 8.099520802497863770e-01 3.802318572998046875e-01 1.944568753242492676e-01 1.354254782199859619e-01 8.914715051651000977e-01 5.899832844734191895e-01
9.242500066757202148e-01 5.005000233650207520e-01 6.162499785423278809e-01 5.257499814033508301e-01 7.982500195503234863e-01 2.792499959468841553e-01 8.984209895133972168e-01 3.363102972507476807e-01 7.551173567771911621e-01 4.246953427791595459e-01 8.333178162574768066e-01 5.026414394378662109e-01
7.537500262260437012e-01 7.048333287239074707e-01 1.892500072717666626e-01 9.274999797344207764e-02 6.372500061988830566e-01 8.222500085830688477e-01 7.377541661262512207e-01 8.428567051887512207e-01 7.515408098697662354e-02 1.561504304409027100e-01 5.411158800125122070e-01 5.638877749443054199e-01
5.432500243186950684e-01 4.318333268165588379e-01 2.807500064373016357e-01 1.127500012516975403e-01 6.707500219345092773e-01 2.037499994039535522e-01 5.240318179130554199e-01 3.536961674690246582e-01 4.957827329635620117e-01 1.451253741979598999e-01 7.407441735267639160e-01 4.768047928810119629e-01
9.002500176429748535e-01 4.108333289623260498e-01 2.167499959468841553e-01 6.967499852180480957e-01 1.177499964833259583e-01 7.002500295639038086e-01 8.428310155868530273e-01 5.907896161079406738e-01 3.947305381298065186e-01 6.250376105308532715e-01 8.408378809690475464e-02 5.705898404121398926e-01
2.367500066757202148e-01 5.378333330154418945e-01 3.197500109672546387e-01 2.102500051259994507e-01 3.602499961853027344e-01 9.782500267028808594e-01 1.886088103055953979e-01 5.094864368438720703e-01 2.595263123512268066e-01 2.802998721599578857e-01 4.503231942653656006e-01 8.649796247482299805e-01
8.997499942779541016e-01 3.171666562557220459e-01 7.972499728202819824e-01 1.452499926090240479e-01 7.557500004768371582e-01 7.992500066757202148e-01 8.005887866020202637e-01 3.405519127845764160e-01 7.276222109794616699e-01 2.808037400245666504e-01 7.448813319206237793e-01 4.854767024517059326e-01
1.062500029802322388e-01 4.724999964237213135e-01 6.117500066757202148e-01 7.057499885559082031e-01 7.172499895095825195e-01 2.262499928474426270e-01 1.498061120510101318e-01 5.143997073173522949e-01 8.121172189712524414e-01 6.650769710540771484e-01 6.707761883735656738e-01 3.101018667221069336e-01
5.582500100135803223e-01 3.838333189487457275e-01 3.772499859333038330e-01 4.975000023841857910e-02 5.062500238418579102e-01 7.472500205039978027e-01 5.753067135810852051e-01 3.971258699893951416e-01 3.173274993896484375e-01 1.590745598077774048e-01 5.093126296997070312e-01 6.241776347160339355e-01
6.107500195503234863e-01 8.118333220481872559e-01 5.537499785423278809e-01 1.437499970197677612e-01 7.262499928474426270e-01 7.087500095367431641e-01 6.016581654548645020e-01 6.357895135879516602e-01 2.410795539617538452e-01 2.297070622444152832e-01 7.472680807113647461e-01 4.778735637664794922e-01
9.982500076293945312e-01 3.438333272933959961e-01 5.212500095367431641e-01 3.122499883174896240e-01 3.732500076293945312e-01 3.824999928474426270e-02 8.939242959022521973e-01 3.552547097206115723e-01 7.668774127960205078e-01 3.593934476375579834e-01 4.026580154895782471e-01 1.831095963716506958e-01
9.232500195503234863e-01 2.728333473205566406e-01 2.137500047683715820e-01 5.667499899864196777e-01 4.237500131130218506e-01 1.477500051259994507e-01 9.209392070770263672e-01 5.033189654350280762e-01 4.641203582286834717e-01 3.856125771999359131e-01 4.104158580303192139e-01 2.179428189992904663e-01
6.132500171661376953e-01 4.048333466053009033e-01 4.632500112056732178e-01 7.622500061988830566e-01 1.612499952316284180e-01 7.892500162124633789e-01 7.303473353385925293e-01 4.644741714000701904e-01 4.734836220741271973e-01 5.665817856788635254e-01 1.177369281649589539e-01 6.209676861763000488e-01
3.627499938011169434e-01 5.935000181198120117e-01 5.862500071525573730e-01 1.075000036507844925e-02 5.074999853968620300e-02 5.107499957084655762e-01 4.430827200412750244e-01 3.816775381565093994e-01 4.337514936923980713e-01 6.501860916614532471e-02 8.629545569419860840e-02 6.412422657012939453e-01
6.075000017881393433e-02 1.908333301544189453e-01 2.627499997615814209e-01 1.117499992251396179e-01 8.874999731779098511e-02 7.127500176429748535e-01 1.641712523996829987e-02 2.502354383468627930e-01 2.610942721366882324e-01 1.562424600124359131e-01 8.316959440708160400e-02 8.667941689491271973e-01
7.067499756813049316e-01 2.685000002384185791e-01 5.397499799728393555e-01 7.762500047683715820e-01 7.002500295639038086e-01 1.207500025629997253e-01 8.358295559883117676e-01 3.093517422676086426e-01 8.019258379936218262e-01 5.175730586051940918e-01 7.026015520095825195e-01 3.952748477458953857e-01
9.812499880790710449e-01 5.708333253860473633e-01 7.732499837875366211e-01 2.982499897480010986e-01 1.337500065565109253e-01 6.247500181198120117e-01 9.128684997558593750e-01 5.014441609382629395e-01 7.339751720428466797e-01 4.365160763263702393e-01 1.219913437962532043e-01 4.003857970237731934e-01
7.432500123977661133e-01 3.411666750907897949e-01 5.337499976158142090e-01 6.142500042915344238e-01 6.477500200271606445e-01 8.992499709129333496e-01 7.754263281822204590e-01 3.522392213344573975e-01 5.122033953666687012e-01 4.959999918937683105e-01 6.345546245574951172e-01 6.445204019546508789e-01
8.377500176429748535e-01 7.304999828338623047e-01 8.007500171661376953e-01 3.725000098347663879e-02 3.237499892711639404e-01 1.352500021457672119e-01 8.263402581214904785e-01 5.391868352890014648e-01 5.286512374877929688e-01 1.928974390029907227e-01 3.398310244083404541e-01 9.757582843303680420e-02
7.422500252723693848e-01 3.138333261013031006e-01 2.622500061988830566e-01 7.897499799728393555e-01 4.324999824166297913e-02 7.582499980926513672e-01 7.929220199584960938e-01 4.738664627075195312e-01 3.517515063285827637e-01 6.384814381599426270e-01 4.603373259305953979e-02 6.215581893920898438e-01
6.422500014305114746e-01 5.651666522026062012e-01 7.967500090599060059e-01 4.024999961256980896e-02 5.324999988079071045e-02 3.187499940395355225e-01 6.728359460830688477e-01 4.571951925754547119e-01 5.525015592575073242e-01 2.777957916259765625e-01 1.010972410440444946e-01 4.263886213302612305e-01
6.227499842643737793e-01 5.504999756813049316e-01 9.182500243186950684e-01 2.882499992847442627e-01 4.312500059604644775e-01 7.077500224113464355e-01 7.030268311500549316e-01 3.343275189399719238e-01 6.436792612075805664e-01 1.745278388261795044e-01 4.331135749816894531e-01 4.559766650199890137e-01
1.617500036954879761e-01 3.955000042915344238e-01 7.982500195503234863e-01 6.612499952316284180e-01 5.727499723434448242e-01 7.487499713897705078e-01 1.457492560148239136e-01 4.456783533096313477e-01 7.374012470245361328e-01 7.363102436065673828e-01 5.573014020919799805e-01 5.331822633743286133e-01
5.507500171661376953e-01 3.238333463668823242e-01 8.967499732971191406e-01 2.862499952316284180e-01 4.297499954700469971e-01 5.047500133514404297e-01 5.096095204353332520e-01 3.168182671070098877e-01 7.193643450736999512e-01 4.322833120822906494e-01 4.564374387264251709e-01 4.121733605861663818e-01
7.925000041723251343e-02 4.868333339691162109e-01 4.742499887943267822e-01 2.274999953806400299e-02 9.662500023841857910e-01 8.462499976158142090e-01 7.159163802862167358e-02 4.409872591495513916e-01 5.432022213935852051e-01 4.718190431594848633e-02 8.381204009056091309e-01 7.877364754676818848e-01
9.947500228881835938e-01 4.358333349227905273e-01 7.782499790191650391e-01 2.212499976158142090e-01 7.252500057220458984e-01 2.912499904632568359e-01 9.131386876106262207e-01 3.227885365486145020e-01 7.589240074157714844e-01 2.634485363960266113e-01 7.422350049018859863e-01 4.454261958599090576e-01
2.742500007152557373e-01 2.431666702032089233e-01 6.825000047683715820e-02 1.872500032186508179e-01 7.892500162124633789e-01 7.912499904632568359e-01 2.652119398117065430e-01 4.702437222003936768e-01 1.312442123889923096e-01 4.433982968330383301e-01 7.323199510574340820e-01 8.602122068405151367e-01
7.777500152587890625e-01 5.548333525657653809e-01 2.002499997615814209e-01 6.624999642372131348e-02 9.717500209808349609e-01 1.587499976158142090e-01 6.834186315536499023e-01 6.660802364349365234e-01 4.002668559551239014e-01 1.050458326935768127e-01 9.036598205566406250e-01 2.549024522304534912e-01
5.137500166893005371e-01 6.348333358764648438e-01 5.807499885559082031e-01 9.202499985694885254e-01 1.557500064373016357e-01 5.582500100135803223e-01 6.497244238853454590e-01 3.772786557674407959e-01 6.145970225334167480e-01 5.924876928329467773e-01 1.335046440362930298e-01 6.127788424491882324e-01
3.617500066757202148e-01 1.958333402872085571e-01 1.767500042915344238e-01 4.187499880790710449e-01 8.402500152587890625e-01 6.582499742507934570e-01 3.520596325397491455e-01 3.836229443550109863e-01 2.835556566715240479e-01 4.897866845130920410e-01 7.853859663009643555e-01 7.428178191184997559e-01
2.087499946355819702e-01 8.308333158493041992e-01 8.952500224113464355e-01 2.347500026226043701e-01 1.957499980926513672e-01 4.662500023841857910e-01 1.798134446144104004e-01 5.860056877136230469e-01 5.576606392860412598e-01 3.064139187335968018e-01 2.554752528667449951e-01 1.693970412015914917e-01
6.424999982118606567e-02 3.221666812896728516e-01 1.432500034570693970e-01 9.674999862909317017e-02 7.162500023841857910e-01 4.102500081062316895e-01 9.932404011487960815e-02 5.308436751365661621e-01 2.961733043193817139e-01 1.720759868621826172e-01 5.956784486770629883e-01 7.160709500312805176e-01
9.324999898672103882e-02 5.198333263397216797e-01 2.852500081062316895e-01 6.117500066757202148e-01 8.752499818801879883e-01 9.907500147819519043e-01 9.303750842809677124e-02 4.717355966567993164e-01 2.251972407102584839e-01 5.932435393333435059e-01 7.570108771324157715e-01 8.950898051261901855e-01
3.872500061988830566e-01 4.365000128746032715e-01 9.387500286102294922e-01 8.342499732971191406e-01 6.622499823570251465e-01 1.447499990463256836e-01 3.708207607269287109e-01 3.183709681034088135e-01 8.976651430130004883e-01 7.728827595710754395e-01 6.588440537452697754e-01 1.972296386957168579e-01
6.177499890327453613e-01 6.188333630561828613e-01 4.407500028610229492e-01 3.187499940395355225e-01 5.037500262260437012e-01 1.127500012516975403e-01 7.187080979347229004e-01 5.752553343772888184e-01 4.582307636737823486e-01 2.535519003868103027e-01 5.029265284538269043e-01 2.243180572986602783e-01
9.382500052452087402e-01 3.701666593551635742e-01 8.425000309944152832e-02 3.137499988079071045e-01 5.662500262260437012e-01 3.982500135898590088e-01 9.133417010307312012e-01 5.099784731864929199e-01 2.852393388748168945e-01 1.342826783657073975e-01 5.366899967193603516e-01 5.820503830909729004e-01
1.612499952316284180e-01 5.575000047683715820e-01 7.357500195503234863e-01 9.762499928474426270e-01 4.097500145435333252e-01 1.532499939203262329e-01 1.944468766450881958e-01 4.737485051155090332e-01 8.704452514648437500e-01 7.576989531517028809e-01 3.781462907791137695e-01 1.184119954705238342e-01
9.022499918937683105e-01 2.164999991655349731e-01 8.612499833106994629e-01 5.582500100135803223e-01 6.122499704360961914e-01 6.552500128746032715e-01 8.747003078460693359e-01 3.477362394332885742e-01 8.607482314109802246e-01 6.590386629104614258e-01 6.482634544372558594e-01 3.303769230842590332e-01
2.562499940395355225e-01 6.324999928474426270e-01 7.047500014305114746e-01 3.497500121593475342e-01 2.192499935626983643e-01 1.677500009536743164e-01 3.063537478446960449e-01 5.204983949661254883e-01 6.093962192535400391e-01 3.500855267047882080e-01 2.478743642568588257e-01 2.063525617122650146e-01
7.737500071525573730e-01 4.474999904632568359e-01 6.207500100135803223e-01 8.602499961853027344e-01 5.787500143051147461e-01 4.107500016689300537e-01 8.788214325904846191e-01 4.681788682937622070e-01 6.525934934616088867e-01 7.684094905853271484e-01 6.012841463088989258e-01 5.058291554450988770e-01
5.147500038146972656e-01 7.461666464805603027e-01 4.427500069141387939e-01 2.087499946355819702e-01 4.997499883174896240e-01 3.462499976158142090e-01 4.815364778041839600e-01 6.557469964027404785e-01 3.539827764034271240e-01 2.895243465900421143e-01 5.432268381118774414e-01 3.750374913215637207e-01
3.277499973773956299e-01 7.845000028610229492e-01 3.562499880790710449e-01 7.802500128746032715e-01 2.642500102519989014e-01 4.797500073909759521e-01 4.262901246547698975e-01 6.705079078674316406e-01 3.090479373931884766e-01 6.037834882736206055e-01 2.348001152276992798e-01 3.853014707565307617e-01
7.357500195503234863e-01 6.741666793823242188e-01 3.927499949932098389e-01 8.432499766349792480e-01 2.797499895095825195e-01 8.092499971389770508e-01 8.445869088172912598e-01 5.430767536163330078e-01 3.664272129535675049e-01 5.909411311149597168e-01 2.246680259704589844e-01 5.276101827621459961e-01
9.682499766349792480e-01 3.831666707992553711e-01 5.927500128746032715e-01 7.587500214576721191e-01 1.567499935626983643e-01 6.412500143051147461e-01 9.517098665237426758e-01 5.516694784164428711e-01 7.452656626701354980e-01 6.557911038398742676e-01 1.027720794081687927e-01 4.709908068180084229e-01
1.775000058114528656e-02 2.228333353996276855e-01 6.617500185966491699e-01 5.175000056624412537e-02 1.687500029802322388e-01 7.302500009536743164e-01 4.002826754003763199e-03 2.241248190402984619e-01 7.257151603698730469e-01 1.380866765975952148e-01 1.790714710950851440e-01 8.418266177177429199e-01
8.567500114440917969e-01 6.978333592414855957e-01 5.562499761581420898e-01 3.017500042915344238e-01 1.562500000000000000e-01 1.132500022649765015e-01 8.583288788795471191e-01 5.210502743721008301e-01 5.628489851951599121e-01 3.785416483879089355e-01 1.907890439033508301e-01 3.014169633388519287e-01
5.857499837875366211e-01 5.264999866485595703e-01 9.624999761581420898e-02 1.667499989271163940e-01 6.437500119209289551e-01 8.047500252723693848e-01 5.850802659988403320e-01 5.036140680313110352e-01 1.403005421161651611e-01 2.159900516271591187e-01 6.286956667900085449e-01 7.357796430587768555e-01
6.927499771118164062e-01 6.318333148956298828e-01 3.787499964237213135e-01 6.617500185966491699e-01 3.747499883174896240e-01 4.137499928474426270e-01 7.299579977989196777e-01 6.731986999511718750e-01 3.220348954200744629e-01 5.613436102867126465e-01 3.267476260662078857e-01 2.242923676967620850e-01
2.517499923706054688e-01 6.198333501815795898e-01 4.977500140666961670e-01 7.227500081062316895e-01 5.952500104904174805e-01 5.182499885559082031e-01 2.540372312068939209e-01 6.612138152122497559e-01 5.823391079902648926e-01 7.467296719551086426e-01 5.558216571807861328e-01 2.702814042568206787e-01
1.724999956786632538e-02 2.105000019073486328e-01 3.075000084936618805e-02 3.967500030994415283e-01 8.824999630451202393e-02 2.392500042915344238e-01 4.294943436980247498e-02 3.100663423538208008e-01 1.145725771784782410e-01 4.075472652912139893e-01 4.359047859907150269e-02 4.132246077060699463e-01
5.237500071525573730e-01 5.421666502952575684e-01 4.572499990463256836e-01 7.225000113248825073e-02 6.075000017881393433e-02 4.832499921321868896e-01 5.314536094665527344e-01 4.302136301994323730e-01 3.460855185985565186e-01 1.910082995891571045e-01 1.033657863736152649e-01 5.101073384284973145e-01
5.807499885559082031e-01 3.148333430290222168e-01 5.957499742507934570e-01 1.624999940395355225e-02 9.624999761581420898e-02 6.322500109672546387e-01 5.195376873016357422e-01 3.333769440650939941e-01 6.244649887084960938e-01 1.390357464551925659e-01 1.152975410223007202e-01 4.504264891147613525e-01
1.492500007152557373e-01 5.341666936874389648e-01 2.392500042915344238e-01 5.562499761581420898e-01 3.927499949932098389e-01 8.967499732971191406e-01 1.734347343444824219e-01 4.880961477756500244e-01 1.408027410507202148e-01 5.588006973266601562e-01 3.955692648887634277e-01 9.215593338012695312e-01
3.367500007152557373e-01 6.825000047683715820e-01 3.542500138282775879e-01 8.167499899864196777e-01 7.225000113248825073e-02 7.824999839067459106e-02 5.273801088333129883e-01 6.833512187004089355e-01 4.006661176681518555e-01 5.800576210021972656e-01 9.118647128343582153e-02 1.979545354843139648e-01
7.552499771118164062e-01 8.301666378974914551e-01 2.422499954700469971e-01 5.624999850988388062e-02 4.752500057220458984e-01 4.487499892711639404e-01 7.365550398826599121e-01 6.322367191314697266e-01 2.068296819925308228e-01 1.209112703800201416e-01 4.618514478206634521e-01 5.442513227462768555e-01
6.492499709129333496e-01 7.601666450500488281e-01 4.250000230967998505e-03 4.437499940395355225e-01 9.767500162124633789e-01 4.572499990463256836e-01 6.858365535736083984e-01 7.415484189987182617e-01 6.450089067220687866e-02 4.291044771671295166e-01 8.732150793075561523e-01 5.927871465682983398e-01
9.212499856948852539e-01 5.285000205039978027e-01 5.617499947547912598e-01 9.492499828338623047e-01 5.022500157356262207e-01 6.872500181198120117e-01 9.383237957954406738e-01 4.608167111873626709e-01 6.500612497329711914e-01 7.815527915954589844e-01 5.103772878646850586e-01 5.188772082328796387e-01
4.147500097751617432e-01 2.754999995231628418e-01 9.357500076293945312e-01 5.447499752044677734e-01 4.547500014305114746e-01 2.727499902248382568e-01 4.399093091487884521e-01 2.468400448560714722e-01 8.422631025314331055e-01 5.011208057403564453e-01 5.024013519287109375e-01 4.255961775779724121e-01
6.842499971389770508e-01 2.198333293199539185e-01 5.412499904632568359e-01 3.177500069141387939e-01 4.387499988079071045e-01 1.007499992847442627e-01 7.989304661750793457e-01 3.067263364791870117e-01 7.240839004516601562e-01 8.352917432785034180e-02 3.912405371665954590e-01 2.924947440624237061e-01
4.174999892711639404e-02 7.754999995231628418e-01 2.872500121593475342e-01 9.377499818801879883e-01 2.587499916553497314e-01 1.472499966621398926e-01 7.822032272815704346e-02 8.138628602027893066e-01 3.467890322208404541e-01 9.358944296836853027e-01 2.803864181041717529e-01 2.875875830650329590e-01
4.422500133514404297e-01 1.764999926090240479e-01 4.402500092983245850e-01 1.772499978542327881e-01 7.625000178813934326e-02 4.262500107288360596e-01 5.096414089202880859e-01 2.956869006156921387e-01 5.156002044677734375e-01 1.071855500340461731e-01 8.106946945190429688e-02 5.319172739982604980e-01
8.777499794960021973e-01 4.665000140666961670e-01 8.137500286102294922e-01 7.487499713897705078e-01 5.057500004768371582e-01 6.837499737739562988e-01 9.141854047775268555e-01 3.729695081710815430e-01 8.043696880340576172e-01 6.028556227684020996e-01 5.373709797859191895e-01 3.860805332660675049e-01
8.892499804496765137e-01 1.675000041723251343e-01 8.642500042915344238e-01 4.102500081062316895e-01 7.222499847412109375e-01 8.562499880790710449e-01 7.960740327835083008e-01 2.246645092964172363e-01 8.779019713401794434e-01 5.853471159934997559e-01 7.369453310966491699e-01 5.328404307365417480e-01
2.967500090599060059e-01 7.678333520889282227e-01 5.277500152587890625e-01 8.107500076293945312e-01 8.812500238418579102e-01 1.997500061988830566e-01 2.763231098651885986e-01 7.318009734153747559e-01 6.049859523773193359e-01 7.069991827011108398e-01 8.226693272590637207e-01 1.561911404132843018e-01
9.367499947547912598e-01 3.151666522026062012e-01 9.037500023841857910e-01 7.222499847412109375e-01 3.497500121593475342e-01 3.747499883174896240e-01 9.245493412017822266e-01 3.909824490547180176e-01 9.115650653839111328e-01 8.213463425636291504e-01 2.941728532314300537e-01 3.774582445621490479e-01
1.912499964237213135e-01 2.818333208560943604e-01 2.477499991655349731e-01 2.682499885559082031e-01 9.972500205039978027e-01 6.417499780654907227e-01 2.064635604619979858e-01 3.632039427757263184e-01 3.915683627128601074e-01 2.444948107004165649e-01 8.851034045219421387e-01 8.975839614868164062e-01
5.652499794960021973e-01 6.051666736602783203e-01 2.692500054836273193e-01 4.037500023841857910e-01 1.512500047683715820e-01 5.232499837875366211e-01 6.358163952827453613e-01 5.787895917892456055e-01 1.815488189458847046e-01 4.844951927661895752e-01 1.640601605176925659e-01 6.370900273323059082e-01
2.542499899864196777e-01 5.245000123977661133e-01 5.952500104904174805e-01 8.477500081062316895e-01 5.725000053644180298e-02 4.232499897480010986e-01 3.482716679573059082e-01 2.857116162776947021e-01 3.980998992919921875e-01 7.836515307426452637e-01 9.536378085613250732e-02 4.826333522796630859e-01
9.192500114440917969e-01 4.514999985694885254e-01 6.262500286102294922e-01 7.275000214576721191e-02 7.157499790191650391e-01 9.662500023841857910e-01 8.943824768066406250e-01 4.984292387962341309e-01 4.587351977825164795e-01 1.169715225696563721e-01 6.682267189025878906e-01 4.894910454750061035e-01
4.172500073909759521e-01 1.711666733026504517e-01 4.412499964237213135e-01 2.187500000000000000e-01 1.757500022649765015e-01 5.157499909400939941e-01 4.670436680316925049e-01 2.969616949558258057e-01 3.928255140781402588e-01 2.530268132686614990e-01 1.783104389905929565e-01 6.258890032768249512e-01
9.317499995231628418e-01 4.221666753292083740e-01 9.857500195503234863e-01 7.962499856948852539e-01 7.422500252723693848e-01 5.202500224113464355e-01 9.376066327095031738e-01 2.909291982650756836e-01 8.972387313842773438e-01 7.004812955856323242e-01 7.818098068237304688e-01 4.469197988510131836e-01
3.897500038146972656e-01 7.645000219345092773e-01 2.977499961853027344e-01 9.697499871253967285e-01 2.027499973773956299e-01 3.512499928474426270e-01 5.540896654129028320e-01 6.697573661804199219e-01 3.042306303977966309e-01 7.025126218795776367e-01 1.423229724168777466e-01 3.568115234375000000e-01
1.317500025033950806e-01 3.211666643619537354e-01 9.142500162124633789e-01 2.262499928474426270e-01 9.742500185966491699e-01 8.707500100135803223e-01 1.849795430898666382e-01 4.715308845043182373e-01 6.261049509048461914e-01 2.046411186456680298e-01 9.149691462516784668e-01 8.128963112831115723e-01
8.942499756813049316e-01 6.038333177566528320e-01 5.497499704360961914e-01 4.132499992847442627e-01 4.922499954700469971e-01 4.357500076293945312e-01 8.960047364234924316e-01 4.555492103099822998e-01 5.642804503440856934e-01 2.293474078178405762e-01 4.596756398677825928e-01 2.472112625837326050e-01
1.117499992251396179e-01 3.808333277702331543e-01 1.052500009536743164e-01 5.272499918937683105e-01 7.074999809265136719e-02 1.727499961853027344e-01 1.347008794546127319e-01 3.836722970008850098e-01 3.762741088867187500e-01 2.927549481391906738e-01 6.426202505826950073e-02 2.094552069902420044e-01
1.152499988675117493e-01 6.201666593551635742e-01 2.342499941587448120e-01 6.475000083446502686e-02 4.577499926090240479e-01 2.692500054836273193e-01 1.172778531908988953e-01 6.547949314117431641e-01 3.103947639465332031e-01 5.952047929167747498e-02 4.301759302616119385e-01 1.412278413772583008e-01
9.322500228881835938e-01 6.085000038146972656e-01 8.602499961853027344e-01 9.147499799728393555e-01 2.832500040531158447e-01 8.952500224113464355e-01 9.360012412071228027e-01 4.808034598827362061e-01 7.301995158195495605e-01 9.184586405754089355e-01 2.481866031885147095e-01 6.391048431396484375e-01
7.462499737739562988e-01 4.435000121593475342e-01 5.262500047683715820e-01 9.722499847412109375e-01 5.317500233650207520e-01 2.937499880790710449e-01 8.065943717956542969e-01 4.819164574146270752e-01 6.915125846862792969e-01 8.593236207962036133e-01 4.978860914707183838e-01 5.402997732162475586e-01
9.607499837875366211e-01 1.688333302736282349e-01 9.202499985694885254e-01 7.357500195503234863e-01 8.472499847412109375e-01 3.482500016689300537e-01 9.421352148056030273e-01 3.310766220092773438e-01 9.111120700836181641e-01 6.554385423660278320e-01 7.755907177925109863e-01 2.712943255901336670e-01
8.697500228881835938e-01 5.304999947547912598e-01 9.707499742507934570e-01 6.927499771118164062e-01 5.352500081062316895e-01 5.874999985098838806e-02 9.460744261741638184e-01 4.005903899669647217e-01 8.193219304084777832e-01 6.544365286827087402e-01 5.681309700012207031e-01 2.956243157386779785e-01
8.332499861717224121e-01 3.888333439826965332e-01 5.274999886751174927e-02 4.912500083446502686e-01 2.452500015497207642e-01 1.102500036358833313e-01 8.089827895164489746e-01 5.449987053871154785e-01 4.274093508720397949e-01 3.404776453971862793e-01 2.345087081193923950e-01 2.741679549217224121e-01
4.192500114440917969e-01 8.331666588783264160e-01 2.402500063180923462e-01 3.272500038146972656e-01 2.727499902248382568e-01 9.457499980926513672e-01 4.136345386505126953e-01 6.755379438400268555e-01 1.139442175626754761e-01 3.727003931999206543e-01 3.247644603252410889e-01 7.334597110748291016e-01
3.957499861717224121e-01 2.851666808128356934e-01 4.972499907016754150e-01 6.037499904632568359e-01 7.942500114440917969e-01 1.222499981522560120e-01 4.286218583583831787e-01 3.771788477897644043e-01 7.336127758026123047e-01 4.974166154861450195e-01 7.444012165069580078e-01 2.975364327430725098e-01
1.992499977350234985e-01 3.591666519641876221e-01 9.657499790191650391e-01 3.250000067055225372e-03 8.375000208616256714e-02 1.747500002384185791e-01 1.405971348285675049e-01 4.157677292823791504e-01 5.924910306930541992e-01 3.220897912979125977e-01 1.568759530782699585e-01 2.646032869815826416e-01
4.392499923706054688e-01 7.818333506584167480e-01 6.822500228881835938e-01 7.642499804496765137e-01 5.087500214576721191e-01 1.137500032782554626e-01 5.108555555343627930e-01 6.509750485420227051e-01 5.880625247955322266e-01 6.319124102592468262e-01 4.963099062442779541e-01 1.140987575054168701e-01
7.249999791383743286e-03 5.961666703224182129e-01 8.457499742507934570e-01 3.867500126361846924e-01 4.352500140666961670e-01 6.575000286102294922e-02 2.894674800336360931e-02 6.102477908134460449e-01 8.831450343132019043e-01 4.174226522445678711e-01 4.550532400608062744e-01 1.266275197267532349e-01
8.162500262260437012e-01 6.061666607856750488e-01 4.707500040531158447e-01 2.437500059604644775e-01 1.947499960660934448e-01 3.232499957084655762e-01 8.162673115730285645e-01 6.231784820556640625e-01 3.877888321876525879e-01 3.266773223876953125e-01 1.943435221910476685e-01 1.740918308496475220e-01
3.424999862909317017e-02 4.754999876022338867e-01 7.697499990463256836e-01 2.577500045299530029e-01 8.107500076293945312e-01 5.792499780654907227e-01 4.488116875290870667e-02 5.455083250999450684e-01 8.208275437355041504e-01 3.618381917476654053e-01 7.809597849845886230e-01 6.408907175064086914e-01
2.687500119209289551e-01 6.104999780654907227e-01 4.147500097751617432e-01 2.887499928474426270e-01 8.177499771118164062e-01 2.337500005960464478e-01 2.481002807617187500e-01 6.622269749641418457e-01 4.316294491291046143e-01 3.586899042129516602e-01 8.732677102088928223e-01 3.463692665100097656e-01
8.624999970197677612e-02 7.328333258628845215e-01 8.352500200271606445e-01 5.232499837875366211e-01 8.042500019073486328e-01 1.337500065565109253e-01 7.575263082981109619e-02 6.887364387512207031e-01 8.322356939315795898e-01 5.033872127532958984e-01 8.691399693489074707e-01 2.749783098697662354e-01
8.874999731779098511e-02 5.541666746139526367e-01 6.437500119209289551e-01 8.057500123977661133e-01 3.427500128746032715e-01 7.642499804496765137e-01 6.546509265899658203e-02 4.417505860328674316e-01 5.518683791160583496e-01 8.738123178482055664e-01 3.779228627681732178e-01 7.326758503913879395e-01
4.982500076293945312e-01 3.598333299160003662e-01 6.932500004768371582e-01 8.737499713897705078e-01 3.422499895095825195e-01 8.537499904632568359e-01 6.424507498741149902e-01 3.477188050746917725e-01 6.162779331207275391e-01 6.469339728355407715e-01 3.070889413356781006e-01 6.403367519378662109e-01
1.017500013113021851e-01 8.181666731834411621e-01 4.687500000000000000e-01 5.482500195503234863e-01 1.012500002980232239e-01 6.250000093132257462e-03 9.426580369472503662e-02 8.411391377449035645e-01 4.291600584983825684e-01 5.496796369552612305e-01 1.098494678735733032e-01 2.412498742341995239e-02
5.562499761581420898e-01 3.861666619777679443e-01 6.532499790191650391e-01 4.712499976158142090e-01 6.737499833106994629e-01 8.522499799728393555e-01 4.931722879409790039e-01 3.543455004692077637e-01 6.682330965995788574e-01 5.431702733039855957e-01 6.635143756866455078e-01 5.350914597511291504e-01
3.992500007152557373e-01 4.884999990463256836e-01 2.152500003576278687e-01 9.512500166893005371e-01 1.624999940395355225e-02 1.362500041723251343e-01 6.910215020179748535e-01 4.462217390537261963e-01 3.162561357021331787e-01 6.881744861602783203e-01 5.225989967584609985e-02 5.671001076698303223e-01
4.032500088214874268e-01 2.255000025033950806e-01 6.592500209808349609e-01 9.312499761581420898e-01 5.867499709129333496e-01 9.574999660253524780e-02 4.744973778724670410e-01 3.151068985462188721e-01 8.618456125259399414e-01 6.744772195816040039e-01 5.768773555755615234e-01 2.117974609136581421e-01
6.597499847412109375e-01 2.834999859333038330e-01 8.867499828338623047e-01 8.802499771118164062e-01 9.377499818801879883e-01 3.167499899864196777e-01 8.586689829826354980e-01 2.745133340358734131e-01 8.706750273704528809e-01 7.330250144004821777e-01 9.002308845520019531e-01 5.213946700096130371e-01
1.597499996423721313e-01 2.758333384990692139e-01 2.612499892711639404e-01 7.782499790191650391e-01 6.602500081062316895e-01 3.822500109672546387e-01 1.902902573347091675e-01 4.318400025367736816e-01 5.623633265495300293e-01 7.094829082489013672e-01 5.715466141700744629e-01 5.534812211990356445e-01
8.477500081062316895e-01 6.428333520889282227e-01 2.902500033378601074e-01 9.562500119209289551e-01 7.402499914169311523e-01 1.697500050067901611e-01 9.407684206962585449e-01 5.386991500854492188e-01 5.201172828674316406e-01 5.930311679840087891e-01 6.794054508209228516e-01 2.644678354263305664e-01
9.502500295639038086e-01 4.421666562557220459e-01 6.302499771118164062e-01 3.707500100135803223e-01 3.777500092983245850e-01 6.525000184774398804e-02 8.895514607429504395e-01 4.161319732666015625e-01 7.826048135757446289e-01 4.093084335327148438e-01 3.489290177822113037e-01 1.178372800350189209e-01
7.262499928474426270e-01 3.008333444595336914e-01 2.924999967217445374e-02 6.517500281333923340e-01 3.974999859929084778e-02 5.482500195503234863e-01 6.870668530464172363e-01 3.931212425231933594e-01 1.894786506891250610e-01 7.634572386741638184e-01 5.806328356266021729e-02 6.610938310623168945e-01
1.967500001192092896e-01 5.351666808128356934e-01 5.907499790191650391e-01 6.075000017881393433e-02 9.127500057220458984e-01 9.517499804496765137e-01 1.354503780603408813e-01 4.497193694114685059e-01 5.668549537658691406e-01 1.828194409608840942e-01 9.165039062500000000e-01 8.736804723739624023e-01
1.502500027418136597e-01 6.945000290870666504e-01 7.067499756813049316e-01 2.177499979734420776e-01 9.425000101327896118e-02 7.327499985694885254e-01 1.081768795847892761e-01 5.146619081497192383e-01 4.576987922191619873e-01 3.062695562839508057e-01 2.178222835063934326e-01 6.182739138603210449e-01
6.567500233650207520e-01 6.668333411216735840e-01 1.217499971389770508e-01 8.567500114440917969e-01 1.202500015497207642e-01 8.427500128746032715e-01 6.349816322326660156e-01 6.124981641769409180e-01 1.470420211553573608e-01 8.079472780227661133e-01 9.449002146720886230e-02 6.096178889274597168e-01
3.242500126361846924e-01 4.478333294391632080e-01 5.707499980926513672e-01 1.307500004768371582e-01 1.082499995827674866e-01 5.767499804496765137e-01 4.025166630744934082e-01 3.506453037261962891e-01 4.375533759593963623e-01 1.107821017503738403e-01 1.118078529834747314e-01 6.389639377593994141e-01
3.122499883174896240e-01 2.651666700839996338e-01 5.387499928474426270e-01 6.875000149011611938e-02 8.587499856948852539e-01 9.777500033378601074e-01 2.460098713636398315e-01 3.447067439556121826e-01 5.890645384788513184e-01 1.333259344100952148e-01 8.653371930122375488e-01 8.592128753662109375e-01
9.197499752044677734e-01 7.251666784286499023e-01 5.852500200271606445e-01 9.272500276565551758e-01 1.032499969005584717e-01 7.707499861717224121e-01 9.415884017944335938e-01 5.230278372764587402e-01 7.503255605697631836e-01 6.396320462226867676e-01 8.704739809036254883e-02 6.272428035736083984e-01
7.232499718666076660e-01 4.351666569709777832e-01 1.682499945163726807e-01 6.122499704360961914e-01 1.682499945163726807e-01 6.467499732971191406e-01 5.363680124282836914e-01 3.646254539489746094e-01 4.152429997920989990e-01 7.332935929298400879e-01 1.717658042907714844e-01 6.234180331230163574e-01
1.687500029802322388e-01 6.371666789054870605e-01 9.317499995231628418e-01 7.975000143051147461e-02 8.197500109672546387e-01 5.082499980926513672e-01 1.269131302833557129e-01 5.205338597297668457e-01 7.996119260787963867e-01 1.375415623188018799e-01 8.944841027259826660e-01 5.754569172859191895e-01
9.112499952316284180e-01 2.748333215713500977e-01 8.147500157356262207e-01 7.077500224113464355e-01 8.597499728202819824e-01 8.862500190734863281e-01 9.182057380676269531e-01 4.323362410068511963e-01 6.998652219772338867e-01 7.200956940650939941e-01 7.548498511314392090e-01 4.589260220527648926e-01
1.782499998807907104e-01 5.178333520889282227e-01 6.672499775886535645e-01 5.974999815225601196e-02 6.962500214576721191e-01 1.482499986886978149e-01 1.726419925689697266e-01 4.876586198806762695e-01 7.318969964981079102e-01 1.384658664464950562e-01 8.402438163757324219e-01 4.945445954799652100e-01
5.802500247955322266e-01 2.501666545867919922e-01 4.724999889731407166e-02 3.677499890327453613e-01 6.427500247955322266e-01 2.027499973773956299e-01 6.772763729095458984e-01 4.093135595321655273e-01 3.073832392692565918e-01 2.065416872501373291e-01 5.866121649742126465e-01 5.916342139244079590e-01
6.557499766349792480e-01 3.031666576862335205e-01 8.272500038146972656e-01 2.447499930858612061e-01 3.577499985694885254e-01 2.302500009536743164e-01 6.049085855484008789e-01 3.717982769012451172e-01 7.358623147010803223e-01 5.225265026092529297e-01 3.727938234806060791e-01 3.083844184875488281e-01
6.697499752044677734e-01 2.458333373069763184e-01 1.750000054016709328e-03 1.677500009536743164e-01 2.412499934434890747e-01 8.547499775886535645e-01 5.495594739913940430e-01 4.797260165214538574e-01 1.135055199265480042e-01 4.884986877441406250e-01 2.546189129352569580e-01 8.034856319427490234e-01
5.517500042915344238e-01 6.575000286102294922e-01 1.012500002980232239e-01 8.642500042915344238e-01 5.892500281333923340e-01 6.257500052452087402e-01 6.127793788909912109e-01 5.842052102088928223e-01 1.486627906560897827e-01 7.020390629768371582e-01 5.252315402030944824e-01 6.370612382888793945e-01
6.862499713897705078e-01 1.848333328962326050e-01 1.072499975562095642e-01 1.247500032186508179e-01 1.492500007152557373e-01 7.677500247955322266e-01 6.487032771110534668e-01 3.864570260047912598e-01 2.806327641010284424e-01 1.324741691350936890e-01 1.290233433246612549e-01 6.875328421592712402e-01
4.377500116825103760e-01 3.538333475589752197e-01 5.725000053644180298e-02 3.642500042915344238e-01 2.675000019371509552e-02 4.397499859333038330e-01 4.537874758243560791e-01 3.810835480690002441e-01 9.274056553840637207e-02 5.154636502265930176e-01 7.117372006177902222e-02 5.631982684135437012e-01
8.725000172853469849e-02 5.738333463668823242e-01 8.117499947547912598e-01 8.967499732971191406e-01 4.697499871253967285e-01 8.602499961853027344e-01 6.435000896453857422e-02 5.350328087806701660e-01 7.655457258224487305e-01 8.610388636589050293e-01 4.862586855888366699e-01 7.196321487426757812e-01
5.922499895095825195e-01 3.555000126361846924e-01 8.552500009536743164e-01 7.402499914169311523e-01 2.752499878406524658e-01 4.337500035762786865e-01 7.829799652099609375e-01 3.944905400276184082e-01 7.815766930580139160e-01 6.842745542526245117e-01 2.244597822427749634e-01 5.771313905715942383e-01
6.202499866485595703e-01 6.754999756813049316e-01 3.052499890327453613e-01 7.287499904632568359e-01 2.812500000000000000e-01 8.947499990463256836e-01 7.119731903076171875e-01 5.299027562141418457e-01 2.535140216350555420e-01 4.691582620143890381e-01 2.353009581565856934e-01 6.347947120666503906e-01
2.522499859333038330e-01 2.831666767597198486e-01 6.997500061988830566e-01 4.477500021457672119e-01 3.902499973773956299e-01 6.952499747276306152e-01 2.297561317682266235e-01 3.022400438785552979e-01 7.105643153190612793e-01 4.373991191387176514e-01 3.796586394309997559e-01 4.952710568904876709e-01
5.452499985694885254e-01 3.055000007152557373e-01 9.522500038146972656e-01 7.967500090599060059e-01 7.602499723434448242e-01 7.032499909400939941e-01 5.361562371253967285e-01 2.900927066802978516e-01 8.568180799484252930e-01 8.599038720130920410e-01 7.706512212753295898e-01 5.913869738578796387e-01
8.675000071525573730e-02 2.471666634082794189e-01 7.547500133514404297e-01 2.772499918937683105e-01 6.777499914169311523e-01 7.237499952316284180e-01 7.493853569030761719e-02 2.639539837837219238e-01 8.543152809143066406e-01 2.944608926773071289e-01 6.698613166809082031e-01 8.689741492271423340e-01
7.222499847412109375e-01 1.968333274126052856e-01 7.652500271797180176e-01 6.532499790191650391e-01 3.502500057220458984e-01 9.597499966621398926e-01 7.170434594154357910e-01 3.266267478466033936e-01 7.322725057601928711e-01 7.487877011299133301e-01 3.454740345478057861e-01 6.365601420402526855e-01
3.762499988079071045e-01 2.175000011920928955e-01 1.457500010728836060e-01 2.972500026226043701e-01 3.892500102519989014e-01 4.632500112056732178e-01 5.557463765144348145e-01 3.880430459976196289e-01 2.046197652816772461e-01 2.828990817070007324e-01 3.042209744453430176e-01 7.528980374336242676e-01
9.327499866485595703e-01 1.961666643619537354e-01 5.502499938011169434e-01 5.617499947547912598e-01 1.867499947547912598e-01 6.222500205039978027e-01 9.122961759567260742e-01 5.052911639213562012e-01 6.904989480972290039e-01 5.999847054481506348e-01 1.391783356666564941e-01 5.385628342628479004e-01
5.992500185966491699e-01 7.551666498184204102e-01 8.052499890327453613e-01 4.177500009536743164e-01 7.957500219345092773e-01 1.612499952316284180e-01 6.159135103225708008e-01 6.142868399620056152e-01 6.120864748954772949e-01 6.233628392219543457e-01 8.437376022338867188e-01 3.246565163135528564e-01
2.732500135898590088e-01 6.215000152587890625e-01 2.217500060796737671e-01 8.912500143051147461e-01 7.947499752044677734e-01 2.242500036954879761e-01 2.771521210670471191e-01 7.581033706665039062e-01 4.892533123493194580e-01 7.667217254638671875e-01 7.111005187034606934e-01 2.222170233726501465e-01
3.522500097751617432e-01 2.885000109672546387e-01 7.817500233650207520e-01 1.324999984353780746e-02 4.882499873638153076e-01 7.057499885559082031e-01 3.936757147312164307e-01 3.426251411437988281e-01 5.485100746154785156e-01 1.875469982624053955e-01 5.093058943748474121e-01 5.755224227905273438e-01
3.097499907016754150e-01 5.391666889190673828e-01 8.897500038146972656e-01 1.025000028312206268e-02 7.647500038146972656e-01 5.742499828338623047e-01 2.656259834766387939e-01 3.910342752933502197e-01 6.675851345062255859e-01 1.382095962762832642e-01 8.324421048164367676e-01 6.990585923194885254e-01
4.162499904632568359e-01 3.471666574478149414e-01 4.787499904632568359e-01 3.037500083446502686e-01 8.972499966621398926e-01 8.075000345706939697e-02 3.856976032257080078e-01 3.951093554496765137e-01 7.450492382049560547e-01 1.956521421670913696e-01 8.818241357803344727e-01 2.171998023986816406e-01
3.842499852180480957e-01 7.928333282470703125e-01 6.317499876022338867e-01 7.692499756813049316e-01 8.192499876022338867e-01 7.407500147819519043e-01 3.565754890441894531e-01 6.539968252182006836e-01 5.656268000602722168e-01 7.784154415130615234e-01 8.321623802185058594e-01 4.827464520931243896e-01
9.662500023841857910e-01 2.314999997615814209e-01 1.092500016093254089e-01 8.524999767541885376e-02 3.177500069141387939e-01 6.677500009536743164e-01 7.784624099731445312e-01 5.066514015197753906e-01 2.440122961997985840e-01 2.083874344825744629e-01 2.796778380870819092e-01 5.931447744369506836e-01
8.577499985694885254e-01 2.168333381414413452e-01 2.547500133514404297e-01 3.422499895095825195e-01 2.307499945163726807e-01 5.277500152587890625e-01 7.030704617500305176e-01 3.816602230072021484e-01 5.587291121482849121e-01 3.774736821651458740e-01 1.988808512687683105e-01 5.780683159828186035e-01
2.152500003576278687e-01 8.138333559036254883e-01 9.817500114440917969e-01 6.437500119209289551e-01 5.357499718666076660e-01 7.532500028610229492e-01 1.968564242124557495e-01 6.832519173622131348e-01 6.764910221099853516e-01 7.813841104507446289e-01 5.463499426841735840e-01 1.856960803270339966e-01
5.572500228881835938e-01 6.501666903495788574e-01 5.007500052452087402e-01 8.547499775886535645e-01 7.812500000000000000e-01 9.452499747276306152e-01 5.106238126754760742e-01 5.426304936408996582e-01 4.618995785713195801e-01 8.252155184745788574e-01 7.703539729118347168e-01 6.114380955696105957e-01
3.182500004768371582e-01 1.988333314657211304e-01 7.272499799728393555e-01 1.267500072717666626e-01 9.882500171661376953e-01 7.675000280141830444e-02 4.094351828098297119e-01 3.917675018310546875e-01 6.894584894180297852e-01 9.146881103515625000e-02 9.044539928436279297e-01 2.604454159736633301e-01
9.992499947547912598e-01 2.108333259820938110e-01 4.542500078678131104e-01 9.667500257492065430e-01 7.722499966621398926e-01 5.147500038146972656e-01 9.283304214477539062e-01 3.333740234375000000e-01 8.202391862869262695e-01 7.370200753211975098e-01 7.637711167335510254e-01 5.360692739486694336e-01
7.812500000000000000e-01 1.751666665077209473e-01 3.517499864101409912e-01 4.552499949932098389e-01 5.249999929219484329e-03 9.752500057220458984e-01 6.635783314704895020e-01 3.478611111640930176e-01 4.148219823837280273e-01 6.465404629707336426e-01 6.055403128266334534e-02 6.144334673881530762e-01
3.567500114440917969e-01 3.388333320617675781e-01 5.867499709129333496e-01 6.472499966621398926e-01 5.577499866485595703e-01 3.337500095367431641e-01 4.340289235115051270e-01 3.185241222381591797e-01 7.050325274467468262e-01 4.734517037868499756e-01 5.279361605644226074e-01 4.830525815486907959e-01
2.907499969005584717e-01 4.438333213329315186e-01 6.312500238418579102e-01 9.792500138282775879e-01 9.562500119209289551e-01 8.197500109672546387e-01 3.250966668128967285e-01 4.029020369052886963e-01 7.265840768814086914e-01 8.496190309524536133e-01 8.505224585533142090e-01 7.064033746719360352e-01
1.322499960660934448e-01 3.851666748523712158e-01 7.032499909400939941e-01 9.197499752044677734e-01 3.627499938011169434e-01 7.225000113248825073e-02 1.910700350999832153e-01 4.496788680553436279e-01 8.189291954040527344e-01 7.692878842353820801e-01 3.715058267116546631e-01 2.366469502449035645e-01
