5.437499880790710449e-01 4.833333194255828857e-01 4.277499914169311523e-01 4.059999883174896240e-01 5.849999785423278809e-01 5.044999718666076660e-01 5.395560860633850098e-01 4.847351908683776855e-01 4.360149204730987549e-01 4.136945605278015137e-01 5.795467495918273926e-01 5.664778947830200195e-01
5.437499880790710449e-01 4.833333194255828857e-01 4.277499914169311523e-01 4.059999883174896240e-01 5.849999785423278809e-01 4.144999980926513672e-01 5.421383976936340332e-01 4.844930768013000488e-01 4.325592517852783203e-01 4.109330773353576660e-01 5.810033082962036133e-01 4.259690344333648682e-01
5.437499880790710449e-01 4.833333194255828857e-01 4.277499914169311523e-01 4.059999883174896240e-01 5.849999785423278809e-01 7.944999933242797852e-01 5.478431582450866699e-01 4.811696708202362061e-01 4.239203929901123047e-01 3.995872139930725098e-01 5.886151790618896484e-01 8.556950688362121582e-01
5.437499880790710449e-01 4.833333194255828857e-01 4.277499914169311523e-01 4.059999883174896240e-01 5.849999785423278809e-01 1.774999946355819702e-01 5.462553501129150391e-01 4.837272763252258301e-01 4.248252213001251221e-01 4.075882434844970703e-01 5.835112333297729492e-01 1.624097526073455811e-01
5.437499880790710449e-01 4.833333194255828857e-01 4.277499914169311523e-01 4.059999883174896240e-01 5.849999785423278809e-01 1.745000034570693970e-01 5.434635281562805176e-01 4.876618981361389160e-01 4.276224374771118164e-01 4.073023200035095215e-01 5.823678374290466309e-01 1.985467821359634399e-01
5.437499880790710449e-01 4.833333194255828857e-01 4.277499914169311523e-01 4.059999883174896240e-01 5.849999785423278809e-01 2.425000071525573730e-01 5.440819263458251953e-01 4.847365319728851318e-01 4.297366142272949219e-01 4.070472419261932373e-01 5.785270333290100098e-01 2.040817290544509888e-01
5.437499880790710449e-01 4.833333194255828857e-01 4.277499914169311523e-01 4.059999883174896240e-01 5.849999785423278809e-01 4.354999959468841553e-01 5.396944284439086914e-01 4.879870116710662842e-01 4.326435625553131104e-01 4.112121164798736572e-01 5.815060734748840332e-01 4.082451760768890381e-01
5.437499880790710449e-01 4.833333194255828857e-01 4.277499914169311523e-01 4.059999883174896240e-01 5.849999785423278809e-01 7.294999957084655762e-01 5.422403216361999512e-01 4.883166551589965820e-01 4.328335225582122803e-01 4.098351299762725830e-01 5.805525183677673340e-01 7.283856272697448730e-01
5.437499880790710449e-01 4.833333194255828857e-01 4.277499914169311523e-01 4.059999883174896240e-01 5.849999785423278809e-01 3.084999918937683105e-01 5.453167557716369629e-01 4.830990433692932129e-01 4.252051115036010742e-01 4.038308858871459961e-01 5.847985744476318359e-01 2.277262061834335327e-01
5.437499880790710449e-01 4.833333194255828857e-01 4.277499914169311523e-01 4.059999883174896240e-01 5.849999785423278809e-01 8.349999785423278809e-02 5.485538840293884277e-01 4.813922345638275146e-01 4.194561541080474854e-01 3.999632596969604492e-01 5.856571793556213379e-01 4.431552067399024963e-02
5.437499880790710449e-01 4.833333194255828857e-01 4.277499914169311523e-01 4.059999883174896240e-01 5.849999785423278809e-01 8.264999985694885254e-01 5.430837273597717285e-01 4.846215546131134033e-01 4.281973540782928467e-01 4.063378572463989258e-01 5.823405981063842773e-01 6.989539861679077148e-01
5.437499880790710449e-01 4.833333194255828857e-01 4.277499914169311523e-01 4.059999883174896240e-01 5.849999785423278809e-01 2.745000123977661133e-01 5.462717413902282715e-01 4.818358421325683594e-01 4.335543513298034668e-01 4.059930741786956787e-01 5.794695019721984863e-01 2.526153922080993652e-01
5.437499880790710449e-01 4.833333194255828857e-01 4.277499914169311523e-01 4.059999883174896240e-01 5.849999785423278809e-01 4.149999842047691345e-02 5.445561408996582031e-01 4.835259318351745605e-01 4.254316091537475586e-01 4.049814045429229736e-01 5.863136649131774902e-01 1.001631021499633789e-01
5.437499880790710449e-01 4.833333194255828857e-01 4.277499914169311523e-01 4.059999883174896240e-01 5.849999785423278809e-01 3.745000064373016357e-01 5.440396070480346680e-01 4.864666759967803955e-01 4.340410828590393066e-01 4.035342037677764893e-01 5.824831128120422363e-01 3.160856068134307861e-01
5.437499880790710449e-01 4.833333194255828857e-01 4.277499914169311523e-01 4.059999883174896240e-01 5.849999785423278809e-01 6.424999833106994629e-01 5.403853654861450195e-01 4.910284280776977539e-01 4.384216070175170898e-01 4.170285165309906006e-01 5.761837959289550781e-01 5.791026949882507324e-01
5.437499880790710449e-01 4.833333194255828857e-01 4.277499914169311523e-01 4.059999883174896240e-01 5.849999785423278809e-01 8.364999890327453613e-01 5.454130172729492188e-01 4.850611686706542969e-01 4.253129065036773682e-01 4.042370021343231201e-01 5.886255502700805664e-01 8.425541520118713379e-01
5.437499880790710449e-01 4.833333194255828857e-01 4.277499914169311523e-01 4.059999883174896240e-01 5.849999785423278809e-01 3.844999969005584717e-01 5.392786860466003418e-01 4.885908663272857666e-01 4.363333284854888916e-01 4.107498228549957275e-01 5.792236924171447754e-01 4.323438107967376709e-01
5.437499880790710449e-01 4.833333194255828857e-01 4.277499914169311523e-01 4.059999883174896240e-01 5.849999785423278809e-01 6.825000047683715820e-01 5.414420366287231445e-01 4.832453727722167969e-01 4.327283203601837158e-01 4.062248468399047852e-01 5.837982892990112305e-01 6.985521316528320312e-01
5.437499880790710449e-01 4.833333194255828857e-01 4.277499914169311523e-01 4.059999883174896240e-01 5.849999785423278809e-01 4.045000076293945312e-01 5.443528294563293457e-01 4.844846129417419434e-01 4.297103285789489746e-01 4.057246148586273193e-01 5.857858657836914062e-01 4.200732409954071045e-01
5.437499880790710449e-01 4.833333194255828857e-01 4.277499914169311523e-01 4.059999883174896240e-01 5.849999785423278809e-01 8.224999904632568359e-01 5.461798906326293945e-01 4.810998439788818359e-01 4.246413409709930420e-01 4.009202420711517334e-01 5.927430391311645508e-01 9.078981876373291016e-01
5.437499880790710449e-01 4.833333194255828857e-01 4.277499914169311523e-01 4.059999883174896240e-01 5.849999785423278809e-01 5.504999756813049316e-01 5.406111478805541992e-01 4.851709008216857910e-01 4.353100657463073730e-01 4.130797982215881348e-01 5.794141292572021484e-01 5.883482098579406738e-01
5.437499880790710449e-01 4.833333194255828857e-01 4.277499914169311523e-01 4.059999883174896240e-01 5.849999785423278809e-01 8.694999814033508301e-01 5.491567254066467285e-01 4.807879924774169922e-01 4.224282801151275635e-01 3.999831378459930420e-01 5.900122523307800293e-01 9.288107156753540039e-01
5.437499880790710449e-01 4.833333194255828857e-01 4.277499914169311523e-01 4.059999883174896240e-01 5.849999785423278809e-01 5.000000237487256527e-04 5.492974519729614258e-01 4.814713597297668457e-01 4.240838289260864258e-01 3.952146470546722412e-01 5.856279730796813965e-01 4.428320750594139099e-02
5.437499880790710449e-01 4.833333194255828857e-01 4.277499914169311523e-01 4.059999883174896240e-01 5.849999785423278809e-01 1.150000002235174179e-02 5.468124151229858398e-01 4.822432696819305420e-01 4.212497770786285400e-01 4.028018414974212646e-01 5.862042903900146484e-01 8.496136963367462158e-02
5.437499880790710449e-01 4.833333194255828857e-01 4.277499914169311523e-01 4.059999883174896240e-01 5.849999785423278809e-01 1.735000014305114746e-01 5.448837876319885254e-01 4.844336509704589844e-01 4.268042147159576416e-01 4.029634296894073486e-01 5.817929506301879883e-01 2.191449701786041260e-01
5.437499880790710449e-01 4.833333194255828857e-01 4.277499914169311523e-01 4.059999883174896240e-01 5.849999785423278809e-01 1.934999972581863403e-01 5.425512194633483887e-01 4.850892126560211182e-01 4.282623827457427979e-01 4.087721109390258789e-01 5.823233127593994141e-01 1.840940266847610474e-01
5.437499880790710449e-01 4.833333194255828857e-01 4.277499914169311523e-01 4.059999883174896240e-01 5.849999785423278809e-01 5.065000057220458984e-01 5.409066677093505859e-01 4.825444221496582031e-01 4.329731166362762451e-01 4.121372997760772705e-01 5.833787322044372559e-01 5.744942426681518555e-01
5.437499880790710449e-01 4.833333194255828857e-01 4.277499914169311523e-01 4.059999883174896240e-01 5.849999785423278809e-01 5.814999938011169434e-01 5.419024229049682617e-01 4.861833751201629639e-01 4.359218478202819824e-01 4.099664092063903809e-01 5.790929794311523438e-01 4.971260428428649902e-01
5.437499880790710449e-01 4.833333194255828857e-01 4.277499914169311523e-01 4.059999883174896240e-01 5.849999785423278809e-01 6.165000200271606445e-01 5.424775481224060059e-01 4.861052930355072021e-01 4.338254332542419434e-01 4.111482203006744385e-01 5.800586342811584473e-01 7.365011572837829590e-01
5.437499880790710449e-01 4.833333194255828857e-01 4.277499914169311523e-01 4.059999883174896240e-01 5.849999785423278809e-01 8.250000327825546265e-02 5.468609929084777832e-01 4.860722124576568604e-01 4.225401580333709717e-01 4.014759063720703125e-01 5.836889743804931641e-01 7.945940643548965454e-02
5.437499880790710449e-01 4.833333194255828857e-01 4.277499914169311523e-01 4.059999883174896240e-01 5.849999785423278809e-01 8.245000243186950684e-01 5.457165837287902832e-01 4.792247116565704346e-01 4.200751185417175293e-01 3.957988023757934570e-01 5.955038666725158691e-01 8.786027431488037109e-01
5.437499880790710449e-01 4.833333194255828857e-01 4.277499914169311523e-01 4.059999883174896240e-01 5.849999785423278809e-01 5.634999871253967285e-01 5.444162487983703613e-01 4.834512472152709961e-01 4.320144653320312500e-01 4.058737158775329590e-01 5.827037096023559570e-01 5.622726082801818848e-01
5.437499880790710449e-01 4.833333194255828857e-01 4.277499914169311523e-01 4.059999883174896240e-01 5.849999785423278809e-01 3.434999883174896240e-01 5.429564118385314941e-01 4.863939583301544189e-01 4.299990832805633545e-01 4.090234637260437012e-01 5.808895230293273926e-01 4.166054129600524902e-01
5.437499880790710449e-01 4.833333194255828857e-01 4.277499914169311523e-01 4.059999883174896240e-01 5.849999785423278809e-01 8.995000123977661133e-01 5.445148348808288574e-01 4.876769781112670898e-01 4.280852675437927246e-01 4.062220752239227295e-01 5.861572027206420898e-01 8.188194632530212402e-01
5.437499880790710449e-01 4.833333194255828857e-01 4.277499914169311523e-01 4.059999883174896240e-01 5.849999785423278809e-01 5.784999728202819824e-01 5.411979556083679199e-01 4.834465682506561279e-01 4.312680959701538086e-01 4.090534448623657227e-01 5.844440460205078125e-01 5.770631432533264160e-01
5.437499880790710449e-01 4.833333194255828857e-01 4.277499914169311523e-01 4.059999883174896240e-01 5.849999785423278809e-01 2.050000056624412537e-02 5.452359318733215332e-01 4.849252700805664062e-01 4.231226444244384766e-01 4.005953371524810791e-01 5.834299921989440918e-01 4.920614510774612427e-02
5.437499880790710449e-01 4.833333194255828857e-01 4.277499914169311523e-01 4.059999883174896240e-01 5.849999785423278809e-01 6.334999799728393555e-01 5.423185825347900391e-01 4.861468672752380371e-01 4.320620000362396240e-01 4.105159640312194824e-01 5.811094045639038086e-01 6.224371790885925293e-01
5.437499880790710449e-01 4.833333194255828857e-01 4.277499914169311523e-01 4.059999883174896240e-01 5.849999785423278809e-01 4.349999874830245972e-02 5.502672195434570312e-01 4.797747433185577393e-01 4.233795106410980225e-01 3.894394934177398682e-01 5.885212421417236328e-01 5.970513075590133667e-02
5.437499880790710449e-01 4.833333194255828857e-01 4.277499914169311523e-01 4.059999883174896240e-01 5.849999785423278809e-01 8.604999780654907227e-01 5.426369309425354004e-01 4.864676892757415771e-01 4.286565482616424561e-01 4.067945182323455811e-01 5.820780992507934570e-01 8.208571076393127441e-01
5.437499880790710449e-01 4.833333194255828857e-01 4.277499914169311523e-01 4.059999883174896240e-01 5.849999785423278809e-01 1.535000056028366089e-01 5.432341098785400391e-01 4.869465529918670654e-01 4.287706017494201660e-01 4.094586968421936035e-01 5.810580253601074219e-01 1.693872958421707153e-01
5.437499880790710449e-01 4.833333194255828857e-01 4.277499914169311523e-01 4.059999883174896240e-01 5.849999785423278809e-01 1.105000004172325134e-01 5.468959212303161621e-01 4.840768277645111084e-01 4.234433174133300781e-01 4.045812189579010010e-01 5.844723582267761230e-01 1.318652927875518799e-01
5.437499880790710449e-01 4.833333194255828857e-01 4.277499914169311523e-01 4.059999883174896240e-01 5.849999785423278809e-01 5.985000133514404297e-01 5.448938012123107910e-01 4.843124747276306152e-01 4.295767545700073242e-01 4.058774113655090332e-01 5.816864371299743652e-01 5.720559358596801758e-01
5.437499880790710449e-01 4.833333194255828857e-01 4.277499914169311523e-01 4.059999883174896240e-01 5.849999785423278809e-01 9.064999818801879883e-01 5.527874231338500977e-01 4.823416471481323242e-01 4.210951924324035645e-01 3.983981907367706299e-01 5.949228405952453613e-01 8.792180418968200684e-01
5.437499880790710449e-01 4.833333194255828857e-01 4.277499914169311523e-01 4.059999883174896240e-01 5.849999785423278809e-01 9.564999938011169434e-01 5.493116378784179688e-01 4.760460257530212402e-01 4.198201596736907959e-01 3.898434340953826904e-01 6.006507873535156250e-01 9.930703043937683105e-01
5.437499880790710449e-01 4.833333194255828857e-01 4.277499914169311523e-01 4.059999883174896240e-01 5.849999785423278809e-01 7.185000181198120117e-01 5.435680150985717773e-01 4.862979650497436523e-01 4.324250221252441406e-01 4.116747081279754639e-01 5.814817547798156738e-01 7.436695098876953125e-01
5.437499880790710449e-01 4.833333194255828857e-01 4.277499914169311523e-01 4.059999883174896240e-01 5.849999785423278809e-01 9.325000047683715820e-01 5.471656918525695801e-01 4.830660521984100342e-01 4.229075908660888672e-01 4.007973968982696533e-01 5.894226431846618652e-01 9.193757772445678711e-01
5.437499880790710449e-01 4.833333194255828857e-01 4.277499914169311523e-01 4.059999883174896240e-01 5.849999785423278809e-01 4.684999883174896240e-01 5.413051247596740723e-01 4.879626035690307617e-01 4.309387803077697754e-01 4.095436036586761475e-01 5.842047929763793945e-01 4.710974395275115967e-01
5.437499880790710449e-01 4.833333194255828857e-01 4.277499914169311523e-01 4.059999883174896240e-01 5.849999785423278809e-01 5.845000147819519043e-01 5.404736399650573730e-01 4.854696094989776611e-01 4.358234703540802002e-01 4.134582579135894775e-01 5.777469873428344727e-01 5.385262966156005859e-01
5.437499880790710449e-01 4.833333194255828857e-01 4.277499914169311523e-01 4.059999883174896240e-01 5.849999785423278809e-01 9.875000119209289551e-01 5.470884442329406738e-01 4.845773279666900635e-01 4.260300397872924805e-01 4.029400348663330078e-01 5.908685326576232910e-01 9.242288470268249512e-01
5.437499880790710449e-01 4.833333194255828857e-01 4.277499914169311523e-01 4.059999883174896240e-01 5.849999785423278809e-01 7.605000138282775879e-01 5.459533929824829102e-01 4.803963601589202881e-01 4.312094151973724365e-01 4.060423970222473145e-01 5.835434198379516602e-01 7.995275855064392090e-01
5.437499880790710449e-01 4.833333194255828857e-01 4.277499914169311523e-01 4.059999883174896240e-01 5.849999785423278809e-01 6.834999918937683105e-01 5.435422658920288086e-01 4.868613779544830322e-01 4.310948252677917480e-01 4.093758761882781982e-01 5.848256349563598633e-01 7.354211211204528809e-01
5.437499880790710449e-01 4.833333194255828857e-01 4.277499914169311523e-01 4.059999883174896240e-01 5.849999785423278809e-01 3.034999966621398926e-01 5.423253178596496582e-01 4.878633916378021240e-01 4.339229464530944824e-01 4.145325422286987305e-01 5.786035060882568359e-01 3.581134974956512451e-01
5.437499880790710449e-01 4.833333194255828857e-01 4.277499914169311523e-01 4.059999883174896240e-01 5.849999785423278809e-01 7.024999856948852539e-01 5.421890020370483398e-01 4.875103533267974854e-01 4.329226911067962646e-01 4.092105329036712646e-01 5.804368257522583008e-01 6.724394559860229492e-01
5.437499880790710449e-01 4.833333194255828857e-01 4.277499914169311523e-01 4.059999883174896240e-01 5.849999785423278809e-01 3.664999902248382568e-01 5.427299737930297852e-01 4.856783747673034668e-01 4.366046488285064697e-01 4.122270941734313965e-01 5.749401450157165527e-01 4.422996938228607178e-01
5.437499880790710449e-01 4.833333194255828857e-01 4.277499914169311523e-01 4.059999883174896240e-01 5.849999785423278809e-01 1.994999945163726807e-01 5.451558828353881836e-01 4.824930131435394287e-01 4.297181069850921631e-01 4.012245237827301025e-01 5.790214538574218750e-01 9.669371694326400757e-02
5.437499880790710449e-01 4.833333194255828857e-01 4.277499914169311523e-01 4.059999883174896240e-01 5.849999785423278809e-01 2.615000009536743164e-01 5.431409478187561035e-01 4.870136678218841553e-01 4.298051297664642334e-01 4.072631299495697021e-01 5.806828141212463379e-01 2.626862227916717529e-01
5.437499880790710449e-01 4.833333194255828857e-01 4.277499914169311523e-01 4.059999883174896240e-01 5.849999785423278809e-01 3.634999990463256836e-01 5.362151861190795898e-01 4.869122505187988281e-01 4.303741157054901123e-01 4.064167737960815430e-01 5.822774767875671387e-01 4.457161426544189453e-01
5.437499880790710449e-01 4.833333194255828857e-01 4.277499914169311523e-01 4.059999883174896240e-01 5.849999785423278809e-01 3.984999954700469971e-01 5.432972311973571777e-01 4.866028726100921631e-01 4.285058081150054932e-01 4.075025022029876709e-01 5.812597870826721191e-01 3.962762057781219482e-01
5.437499880790710449e-01 4.833333194255828857e-01 4.277499914169311523e-01 4.059999883174896240e-01 5.849999785423278809e-01 7.985000014305114746e-01 5.454601049423217773e-01 4.846237301826477051e-01 4.268657267093658447e-01 4.053460061550140381e-01 5.868834853172302246e-01 8.540472984313964844e-01
5.437499880790710449e-01 4.833333194255828857e-01 4.277499914169311523e-01 4.059999883174896240e-01 5.849999785423278809e-01 5.885000228881835938e-01 5.417218208312988281e-01 4.851282536983489990e-01 4.315034449100494385e-01 4.090406000614166260e-01 5.805541276931762695e-01 5.637235641479492188e-01
5.437499880790710449e-01 4.833333194255828857e-01 4.277499914169311523e-01 4.059999883174896240e-01 5.849999785423278809e-01 8.905000090599060059e-01 5.451172590255737305e-01 4.814495146274566650e-01 4.281047582626342773e-01 4.042158424854278564e-01 5.865975022315979004e-01 8.898689150810241699e-01
5.437499880790710449e-01 4.833333194255828857e-01 4.277499914169311523e-01 4.059999883174896240e-01 5.849999785423278809e-01 5.449999868869781494e-02 5.474076271057128906e-01 4.835521280765533447e-01 4.231849014759063721e-01 3.994872868061065674e-01 5.844534039497375488e-01 5.342955142259597778e-02
5.437499880790710449e-01 4.833333194255828857e-01 4.277499914169311523e-01 4.059999883174896240e-01 5.849999785423278809e-01 6.294999718666076660e-01 5.409607887268066406e-01 4.867871403694152832e-01 4.364371299743652344e-01 4.105635881423950195e-01 5.773417949676513672e-01 5.523135066032409668e-01
5.437499880790710449e-01 4.833333194255828857e-01 4.277499914169311523e-01 4.059999883174896240e-01 5.849999785423278809e-01 6.884999871253967285e-01 5.453996658325195312e-01 4.815241992473602295e-01 4.266923069953918457e-01 4.056896865367889404e-01 5.875499248504638672e-01 6.788024306297302246e-01
5.437499880790710449e-01 4.833333194255828857e-01 4.277499914169311523e-01 4.059999883174896240e-01 5.849999785423278809e-01 2.265000045299530029e-01 5.459741353988647461e-01 4.818464815616607666e-01 4.231171011924743652e-01 4.055069088935852051e-01 5.876641273498535156e-01 1.033857688307762146e-01
5.437499880790710449e-01 4.833333194255828857e-01 4.277499914169311523e-01 4.059999883174896240e-01 5.849999785423278809e-01 4.844999909400939941e-01 5.399273037910461426e-01 4.874482452869415283e-01 4.351240098476409912e-01 4.121179580688476562e-01 5.748139023780822754e-01 4.854166209697723389e-01
5.437499880790710449e-01 4.833333194255828857e-01 4.277499914169311523e-01 4.059999883174896240e-01 5.849999785423278809e-01 8.734999895095825195e-01 5.456858873367309570e-01 4.827237427234649658e-01 4.289768636226654053e-01 4.061013758182525635e-01 5.876235365867614746e-01 9.414662122726440430e-01
5.437499880790710449e-01 4.833333194255828857e-01 4.277499914169311523e-01 4.059999883174896240e-01 5.849999785423278809e-01 8.184999823570251465e-01 5.480515956878662109e-01 4.876045286655426025e-01 4.321016073226928711e-01 4.115193784236907959e-01 5.860065817832946777e-01 7.649815082550048828e-01
5.437499880790710449e-01 4.833333194255828857e-01 4.277499914169311523e-01 4.059999883174896240e-01 5.849999785423278809e-01 7.814999818801879883e-01 5.425831079483032227e-01 4.849466979503631592e-01 4.291276931762695312e-01 4.079635143280029297e-01 5.824191570281982422e-01 6.730709671974182129e-01
5.437499880790710449e-01 4.833333194255828857e-01 4.277499914169311523e-01 4.059999883174896240e-01 5.849999785423278809e-01 1.350000035017728806e-02 5.470823645591735840e-01 4.843828976154327393e-01 4.234702289104461670e-01 3.986355662345886230e-01 5.825428366661071777e-01 6.019435450434684753e-02
5.437499880790710449e-01 4.833333194255828857e-01 4.277499914169311523e-01 4.059999883174896240e-01 5.849999785423278809e-01 7.705000042915344238e-01 5.445182323455810547e-01 4.866271913051605225e-01 4.295068383216857910e-01 4.070457220077514648e-01 5.851745605468750000e-01 7.375727891921997070e-01
5.437499880790710449e-01 4.833333194255828857e-01 4.277499914169311523e-01 4.059999883174896240e-01 5.849999785423278809e-01 4.345000088214874268e-01 5.447611212730407715e-01 4.848873913288116455e-01 4.293929934501647949e-01 4.058463871479034424e-01 5.840654373168945312e-01 3.918871581554412842e-01
5.437499880790710449e-01 4.833333194255828857e-01 4.277499914169311523e-01 4.059999883174896240e-01 5.849999785423278809e-01 4.695000052452087402e-01 5.425310134887695312e-01 4.860977828502655029e-01 4.264978170394897461e-01 4.068791866302490234e-01 5.834832787513732910e-01 4.636459946632385254e-01
5.437499880790710449e-01 4.833333194255828857e-01 4.277499914169311523e-01 4.059999883174896240e-01 5.849999785423278809e-01 5.385000109672546387e-01 5.421022176742553711e-01 4.875748455524444580e-01 4.323365092277526855e-01 4.076710343360900879e-01 5.789685249328613281e-01 4.726618230342864990e-01
5.437499880790710449e-01 4.833333194255828857e-01 4.277499914169311523e-01 4.059999883174896240e-01 5.849999785423278809e-01 2.865000069141387939e-01 5.437045097351074219e-01 4.847241938114166260e-01 4.329691231250762939e-01 4.079980552196502686e-01 5.781528353691101074e-01 2.214033007621765137e-01
5.437499880790710449e-01 4.833333194255828857e-01 4.277499914169311523e-01 4.059999883174896240e-01 5.849999785423278809e-01 9.035000205039978027e-01 5.477274060249328613e-01 4.848379492759704590e-01 4.306617081165313721e-01 4.084724187850952148e-01 5.861169099807739258e-01 8.801782131195068359e-01
5.437499880790710449e-01 4.833333194255828857e-01 4.277499914169311523e-01 4.059999883174896240e-01 5.849999785423278809e-01 1.574999988079071045e-01 5.482202172279357910e-01 4.830285012722015381e-01 4.205431640148162842e-01 3.980265855789184570e-01 5.880082845687866211e-01 9.342812746763229370e-02
5.437499880790710449e-01 4.833333194255828857e-01 4.277499914169311523e-01 4.059999883174896240e-01 5.849999785423278809e-01 1.794999986886978149e-01 5.481694936752319336e-01 4.823195636272430420e-01 4.218428730964660645e-01 3.987887799739837646e-01 5.839791893959045410e-01 8.102039247751235962e-02
5.437499880790710449e-01 4.833333194255828857e-01 4.277499914169311523e-01 4.059999883174896240e-01 5.849999785423278809e-01 6.650000065565109253e-02 5.420650243759155273e-01 4.860365688800811768e-01 4.315457046031951904e-01 4.094223976135253906e-01 5.767309665679931641e-01 1.080805212259292603e-01
5.437499880790710449e-01 4.833333194255828857e-01 4.277499914169311523e-01 4.059999883174896240e-01 5.849999785423278809e-01 2.045000046491622925e-01 5.458663105964660645e-01 4.843837320804595947e-01 4.270648658275604248e-01 4.025894403457641602e-01 5.795212388038635254e-01 1.099950969219207764e-01
5.437499880790710449e-01 4.833333194255828857e-01 4.277499914169311523e-01 4.059999883174896240e-01 5.849999785423278809e-01 5.995000004768371582e-01 5.464002490043640137e-01 4.820218682289123535e-01 4.250061511993408203e-01 4.064837396144866943e-01 5.908798575401306152e-01 6.275461912155151367e-01
5.437499880790710449e-01 4.833333194255828857e-01 4.277499914169311523e-01 4.059999883174896240e-01 5.849999785423278809e-01 3.885000050067901611e-01 5.483452081680297852e-01 4.744357168674468994e-01 4.273634552955627441e-01 4.007097184658050537e-01 5.886269807815551758e-01 3.717763423919677734e-01
5.437499880790710449e-01 4.833333194255828857e-01 4.277499914169311523e-01 4.059999883174896240e-01 5.849999785423278809e-01 2.384999990463256836e-01 5.443007349967956543e-01 4.858754277229309082e-01 4.291888773441314697e-01 4.100304245948791504e-01 5.805982947349548340e-01 2.292663902044296265e-01
5.437499880790710449e-01 4.833333194255828857e-01 4.277499914169311523e-01 4.059999883174896240e-01 5.849999785423278809e-01 5.874999761581420898e-01 5.410039424896240234e-01 4.853726327419281006e-01 4.341902732849121094e-01 4.121618568897247314e-01 5.804020166397094727e-01 5.031439661979675293e-01
5.437499880790710449e-01 4.833333194255828857e-01 4.277499914169311523e-01 4.059999883174896240e-01 5.849999785423278809e-01 2.094999998807907104e-01 5.470293760299682617e-01 4.823114573955535889e-01 4.229662418365478516e-01 4.026009142398834229e-01 5.874248743057250977e-01 1.749774515628814697e-01
5.437499880790710449e-01 4.833333194255828857e-01 4.277499914169311523e-01 4.059999883174896240e-01 5.849999785423278809e-01 2.499999944120645523e-03 5.462723374366760254e-01 4.867378771305084229e-01 4.200216233730316162e-01 3.997970223426818848e-01 5.857734084129333496e-01 2.947531640529632568e-02
5.437499880790710449e-01 4.833333194255828857e-01 4.277499914169311523e-01 4.059999883174896240e-01 5.849999785423278809e-01 5.245000123977661133e-01 5.420157313346862793e-01 4.860933423042297363e-01 4.310960173606872559e-01 4.098751842975616455e-01 5.801829099655151367e-01 5.155135393142700195e-01
5.437499880790710449e-01 4.833333194255828857e-01 4.277499914169311523e-01 4.059999883174896240e-01 5.849999785423278809e-01 2.845000028610229492e-01 5.419451594352722168e-01 4.851886034011840820e-01 4.277429282665252686e-01 4.068107306957244873e-01 5.837680101394653320e-01 2.606543302536010742e-01
5.437499880790710449e-01 4.833333194255828857e-01 4.277499914169311523e-01 4.059999883174896240e-01 5.849999785423278809e-01 9.585000276565551758e-01 5.488758683204650879e-01 4.833953082561492920e-01 4.304502606391906738e-01 4.017120003700256348e-01 5.891007184982299805e-01 9.463684558868408203e-01
5.437499880790710449e-01 4.833333194255828857e-01 4.277499914169311523e-01 4.059999883174896240e-01 5.849999785423278809e-01 8.144999742507934570e-01 5.483843088150024414e-01 4.862952232360839844e-01 4.336141049861907959e-01 4.127283990383148193e-01 5.848838090896606445e-01 8.007449507713317871e-01
5.437499880790710449e-01 4.833333194255828857e-01 4.277499914169311523e-01 4.059999883174896240e-01 5.849999785423278809e-01 6.754999756813049316e-01 5.460422039031982422e-01 4.880587756633758545e-01 4.365780651569366455e-01 4.147867858409881592e-01 5.802780389785766602e-01 7.026229500770568848e-01
5.437499880790710449e-01 4.833333194255828857e-01 4.277499914169311523e-01 4.059999883174896240e-01 5.849999785423278809e-01 5.964999794960021973e-01 5.411249399185180664e-01 4.863308072090148926e-01 4.342586696147918701e-01 4.114101231098175049e-01 5.790861845016479492e-01 6.003618836402893066e-01
5.437499880790710449e-01 4.833333194255828857e-01 4.277499914169311523e-01 4.059999883174896240e-01 5.849999785423278809e-01 9.955000281333923340e-01 5.484195947647094727e-01 4.749895036220550537e-01 4.182584285736083984e-01 3.890136480331420898e-01 6.029900908470153809e-01 9.857066273689270020e-01
5.437499880790710449e-01 4.833333194255828857e-01 4.277499914169311523e-01 4.059999883174896240e-01 5.849999785423278809e-01 1.624999940395355225e-01 5.487908124923706055e-01 4.826892316341400146e-01 4.248451888561248779e-01 3.992052972316741943e-01 5.830867886543273926e-01 9.468643367290496826e-02
5.437499880790710449e-01 4.833333194255828857e-01 4.277499914169311523e-01 4.059999883174896240e-01 5.849999785423278809e-01 2.764999866485595703e-01 5.443503856658935547e-01 4.863138198852539062e-01 4.311346411705017090e-01 4.067384898662567139e-01 5.803445577621459961e-01 2.783145308494567871e-01
5.437499880790710449e-01 4.833333194255828857e-01 4.277499914169311523e-01 4.059999883174896240e-01 5.849999785423278809e-01 9.114999771118164062e-01 5.487834215164184570e-01 4.816628694534301758e-01 4.223462641239166260e-01 3.989621996879577637e-01 5.890073776245117188e-01 8.872096538543701172e-01
5.437499880790710449e-01 4.833333194255828857e-01 4.277499914169311523e-01 4.059999883174896240e-01 5.849999785423278809e-01 1.215000003576278687e-01 5.480405092239379883e-01 4.778005778789520264e-01 4.301504492759704590e-01 3.966110646724700928e-01 5.873715877532958984e-01 1.073854342103004456e-01
5.437499880790710449e-01 4.833333194255828857e-01 4.277499914169311523e-01 4.059999883174896240e-01 5.849999785423278809e-01 3.855000138282775879e-01 5.439566969871520996e-01 4.872524440288543701e-01 4.308066368103027344e-01 4.062046110630035400e-01 5.825595259666442871e-01 3.685740530490875244e-01
5.437499880790710449e-01 4.833333194255828857e-01 4.277499914169311523e-01 4.059999883174896240e-01 5.849999785423278809e-01 5.544999837875366211e-01 5.418732166290283203e-01 4.856291413307189941e-01 4.360492825508117676e-01 4.106766581535339355e-01 5.750591158866882324e-01 4.838741123676300049e-01
5.437499880790710449e-01 4.833333194255828857e-01 4.277499914169311523e-01 4.059999883174896240e-01 5.849999785423278809e-01 5.950000137090682983e-02 5.447393655776977539e-01 4.857573509216308594e-01 4.261592030525207520e-01 4.008739888668060303e-01 5.815579891204833984e-01 5.121224746108055115e-02
5.437499880790710449e-01 4.833333194255828857e-01 4.277499914169311523e-01 4.059999883174896240e-01 5.849999785423278809e-01 6.575000286102294922e-01 5.442125201225280762e-01 4.856339693069458008e-01 4.285846352577209473e-01 4.070749878883361816e-01 5.855331420898437500e-01 7.261413931846618652e-01
5.437499880790710449e-01 4.833333194255828857e-01 4.277499914169311523e-01 4.059999883174896240e-01 5.849999785423278809e-01 7.954999804496765137e-01 5.446428060531616211e-01 4.885575771331787109e-01 4.351505637168884277e-01 4.135181605815887451e-01 5.805049538612365723e-01 6.980209946632385254e-01
5.437499880790710449e-01 4.833333194255828857e-01 4.277499914169311523e-01 4.059999883174896240e-01 5.849999785423278809e-01 6.604999899864196777e-01 5.427603125572204590e-01 4.853362441062927246e-01 4.323829114437103271e-01 4.089232385158538818e-01 5.812564492225646973e-01 6.890630125999450684e-01
5.437499880790710449e-01 4.833333194255828857e-01 4.277499914169311523e-01 4.059999883174896240e-01 5.849999785423278809e-01 9.455000162124633789e-01 5.484018921852111816e-01 4.771773517131805420e-01 4.231007099151611328e-01 3.932601809501647949e-01 5.964927673339843750e-01 9.789667129516601562e-01
5.437499880790710449e-01 4.833333194255828857e-01 4.277499914169311523e-01 4.059999883174896240e-01 5.849999785423278809e-01 1.944999992847442627e-01 5.478831529617309570e-01 4.827637970447540283e-01 4.253169596195220947e-01 4.016852080821990967e-01 5.813259482383728027e-01 1.219733804464340210e-01
5.437499880790710449e-01 4.833333194255828857e-01 4.277499914169311523e-01 4.059999883174896240e-01 5.849999785423278809e-01 1.685000061988830566e-01 5.453481078147888184e-01 4.856047332286834717e-01 4.259871840476989746e-01 4.030624330043792725e-01 5.812357068061828613e-01 1.569540053606033325e-01
5.437499880790710449e-01 4.833333194255828857e-01 4.277499914169311523e-01 4.059999883174896240e-01 5.849999785423278809e-01 4.814999997615814209e-01 5.419819951057434082e-01 4.862975776195526123e-01 4.344235360622406006e-01 4.083782136440277100e-01 5.784158110618591309e-01 4.717842638492584229e-01
5.437499880790710449e-01 4.833333194255828857e-01 4.277499914169311523e-01 4.059999883174896240e-01 5.849999785423278809e-01 7.394999861717224121e-01 5.428588986396789551e-01 4.862012863159179688e-01 4.308682680130004883e-01 4.084400832653045654e-01 5.848860144615173340e-01 8.753036260604858398e-01
5.437499880790710449e-01 4.833333194255828857e-01 4.277499914169311523e-01 4.059999883174896240e-01 5.849999785423278809e-01 8.125000000000000000e-01 5.445213317871093750e-01 4.855046868324279785e-01 4.291355013847351074e-01 4.075328111648559570e-01 5.851230025291442871e-01 8.535561561584472656e-01
5.437499880790710449e-01 4.833333194255828857e-01 4.277499914169311523e-01 4.059999883174896240e-01 5.849999785423278809e-01 2.294999957084655762e-01 5.442191958427429199e-01 4.847474992275238037e-01 4.276945590972900391e-01 4.062098562717437744e-01 5.812973380088806152e-01 2.554194629192352295e-01
5.437499880790710449e-01 4.833333194255828857e-01 4.277499914169311523e-01 4.059999883174896240e-01 5.849999785423278809e-01 9.915000200271606445e-01 5.462927222251892090e-01 4.811341762542724609e-01 4.271531701087951660e-01 4.040890634059906006e-01 5.854716897010803223e-01 9.146610498428344727e-01
5.437499880790710449e-01 4.833333194255828857e-01 4.277499914169311523e-01 4.059999883174896240e-01 5.849999785423278809e-01 2.775000035762786865e-01 5.435568094253540039e-01 4.839098453521728516e-01 4.257493317127227783e-01 4.063041210174560547e-01 5.877897143363952637e-01 3.156200945377349854e-01
5.437499880790710449e-01 4.833333194255828857e-01 4.277499914169311523e-01 4.059999883174896240e-01 5.849999785423278809e-01 8.314999938011169434e-01 5.459546446800231934e-01 4.827982485294342041e-01 4.309442341327667236e-01 4.074086546897888184e-01 5.849521160125732422e-01 8.542007207870483398e-01
5.437499880790710449e-01 4.833333194255828857e-01 4.277499914169311523e-01 4.059999883174896240e-01 5.849999785423278809e-01 8.884999752044677734e-01 5.453235507011413574e-01 4.856579303741455078e-01 4.286217689514160156e-01 4.066026508808135986e-01 5.880115628242492676e-01 8.693829178810119629e-01
5.437499880790710449e-01 4.833333194255828857e-01 4.277499914169311523e-01 4.059999883174896240e-01 5.849999785423278809e-01 9.394999742507934570e-01 5.471439361572265625e-01 4.823014736175537109e-01 4.235709011554718018e-01 4.007993340492248535e-01 5.917892456054687500e-01 9.357048273086547852e-01
5.437499880790710449e-01 4.833333194255828857e-01 4.277499914169311523e-01 4.059999883174896240e-01 5.849999785423278809e-01 9.014999866485595703e-01 5.474462509155273438e-01 4.824251830577850342e-01 4.231813848018646240e-01 4.012790918350219727e-01 5.877748727798461914e-01 8.634632229804992676e-01
5.437499880790710449e-01 4.833333194255828857e-01 4.277499914169311523e-01 4.059999883174896240e-01 5.849999785423278809e-01 5.435000061988830566e-01 5.404574871063232422e-01 4.853594005107879639e-01 4.369803965091705322e-01 4.108828902244567871e-01 5.776422023773193359e-01 5.435618758201599121e-01
5.437499880790710449e-01 4.833333194255828857e-01 4.277499914169311523e-01 4.059999883174896240e-01 5.849999785423278809e-01 6.794999837875366211e-01 5.460176467895507812e-01 4.897325932979583740e-01 4.381266534328460693e-01 4.173081517219543457e-01 5.810940861701965332e-01 7.419154644012451172e-01
5.437499880790710449e-01 4.833333194255828857e-01 4.277499914169311523e-01 4.059999883174896240e-01 5.849999785423278809e-01 1.375000029802322388e-01 5.464240312576293945e-01 4.840150475502014160e-01 4.231086075305938721e-01 4.042487442493438721e-01 5.846560597419738770e-01 1.290788948535919189e-01
5.437499880790710449e-01 4.833333194255828857e-01 4.277499914169311523e-01 4.059999883174896240e-01 5.849999785423278809e-01 3.274999856948852539e-01 5.432412624359130859e-01 4.844885468482971191e-01 4.305412471294403076e-01 4.065288007259368896e-01 5.830828547477722168e-01 3.733288347721099854e-01
5.437499880790710449e-01 4.833333194255828857e-01 4.277499914169311523e-01 4.059999883174896240e-01 5.849999785423278809e-01 4.084999859333038330e-01 5.424591302871704102e-01 4.867448806762695312e-01 4.272637665271759033e-01 4.080681800842285156e-01 5.847837924957275391e-01 3.513092696666717529e-01
5.437499880790710449e-01 4.833333194255828857e-01 4.277499914169311523e-01 4.059999883174896240e-01 5.849999785423278809e-01 9.944999814033508301e-01 5.483223199844360352e-01 4.866747856140136719e-01 4.261139035224914551e-01 4.051991105079650879e-01 5.931633114814758301e-01 9.354207515716552734e-01
5.437499880790710449e-01 4.833333194255828857e-01 4.277499914169311523e-01 4.059999883174896240e-01 5.849999785423278809e-01 1.225000023841857910e-01 5.455343723297119141e-01 4.857693910598754883e-01 4.256232082843780518e-01 4.053860306739807129e-01 5.827807188034057617e-01 2.235406935214996338e-01
5.437499880790710449e-01 4.833333194255828857e-01 4.277499914169311523e-01 4.059999883174896240e-01 5.849999785423278809e-01 2.449999935925006866e-02 5.436283349990844727e-01 4.841871261596679688e-01 4.317032098770141602e-01 4.036638438701629639e-01 5.786088705062866211e-01 8.822643756866455078e-02
5.437499880790710449e-01 4.833333194255828857e-01 4.277499914169311523e-01 4.059999883174896240e-01 5.849999785423278809e-01 5.954999923706054688e-01 5.425842404365539551e-01 4.857918918132781982e-01 4.332018494606018066e-01 4.099506735801696777e-01 5.804602503776550293e-01 6.332636475563049316e-01
5.437499880790710449e-01 4.833333194255828857e-01 4.277499914169311523e-01 4.059999883174896240e-01 5.849999785423278809e-01 8.649999648332595825e-02 5.480349659919738770e-01 4.845331907272338867e-01 4.204718172550201416e-01 4.005759358406066895e-01 5.866401195526123047e-01 4.422306641936302185e-02
5.437499880790710449e-01 4.833333194255828857e-01 4.277499914169311523e-01 4.059999883174896240e-01 5.849999785423278809e-01 3.064999878406524658e-01 5.449764132499694824e-01 4.841745197772979736e-01 4.268137514591217041e-01 4.025610685348510742e-01 5.875335931777954102e-01 2.551994025707244873e-01
5.437499880790710449e-01 4.833333194255828857e-01 4.277499914169311523e-01 4.059999883174896240e-01 5.849999785423278809e-01 4.544999897480010986e-01 5.429555773735046387e-01 4.866158962249755859e-01 4.343434870243072510e-01 4.093154072761535645e-01 5.801340937614440918e-01 5.229052901268005371e-01
5.437499880790710449e-01 4.833333194255828857e-01 4.277499914169311523e-01 4.059999883174896240e-01 5.849999785423278809e-01 5.295000076293945312e-01 5.398954153060913086e-01 4.870149195194244385e-01 4.361929893493652344e-01 4.125990271568298340e-01 5.772667527198791504e-01 5.862928628921508789e-01
5.437499880790710449e-01 4.833333194255828857e-01 4.277499914169311523e-01 4.059999883174896240e-01 5.849999785423278809e-01 8.464999794960021973e-01 5.459862947463989258e-01 4.855132102966308594e-01 4.261036217212677002e-01 4.043928384780883789e-01 5.889962911605834961e-01 8.941687345504760742e-01
5.437499880790710449e-01 4.833333194255828857e-01 4.277499914169311523e-01 4.059999883174896240e-01 5.849999785423278809e-01 1.554999947547912598e-01 5.415843129158020020e-01 4.840627610683441162e-01 4.292628467082977295e-01 4.074185490608215332e-01 5.839390754699707031e-01 1.950486749410629272e-01
5.437499880790710449e-01 4.833333194255828857e-01 4.277499914169311523e-01 4.059999883174896240e-01 5.849999785423278809e-01 3.849999979138374329e-02 5.438546538352966309e-01 4.856048524379730225e-01 4.289908409118652344e-01 4.024975597858428955e-01 5.770657658576965332e-01 3.679640963673591614e-02
5.437499880790710449e-01 4.833333194255828857e-01 4.277499914169311523e-01 4.059999883174896240e-01 5.849999785423278809e-01 2.605000138282775879e-01 5.441619753837585449e-01 4.866580069065093994e-01 4.251617193222045898e-01 4.058359563350677490e-01 5.852456688880920410e-01 2.585270404815673828e-01
5.437499880790710449e-01 4.833333194255828857e-01 4.277499914169311523e-01 4.059999883174896240e-01 5.849999785423278809e-01 3.625000119209289551e-01 5.439718961715698242e-01 4.842897951602935791e-01 4.264312982559204102e-01 4.058400392532348633e-01 5.853319764137268066e-01 3.980088233947753906e-01
5.437499880790710449e-01 4.833333194255828857e-01 4.277499914169311523e-01 4.059999883174896240e-01 5.849999785423278809e-01 4.025000035762786865e-01 5.416494011878967285e-01 4.863095283508300781e-01 4.325185716152191162e-01 4.102478325366973877e-01 5.793688297271728516e-01 4.645165503025054932e-01
5.437499880790710449e-01 4.833333194255828857e-01 4.277499914169311523e-01 4.059999883174896240e-01 5.849999785423278809e-01 3.165000081062316895e-01 5.427072048187255859e-01 4.843812882900238037e-01 4.309765696525573730e-01 4.065726995468139648e-01 5.836275219917297363e-01 4.279378950595855713e-01
5.437499880790710449e-01 4.833333194255828857e-01 4.277499914169311523e-01 4.059999883174896240e-01 5.849999785423278809e-01 1.515000015497207642e-01 5.459221005439758301e-01 4.834450483322143555e-01 4.264548420906066895e-01 4.015590250492095947e-01 5.832610130310058594e-01 1.397373229265213013e-01
5.437499880790710449e-01 4.833333194255828857e-01 4.277499914169311523e-01 4.059999883174896240e-01 5.849999785423278809e-01 7.555000185966491699e-01 5.475383400917053223e-01 4.794063270092010498e-01 4.327615201473236084e-01 4.080630540847778320e-01 5.885279774665832520e-01 7.890015840530395508e-01
5.437499880790710449e-01 4.833333194255828857e-01 4.277499914169311523e-01 4.059999883174896240e-01 5.849999785423278809e-01 1.005000025033950806e-01 5.445260405540466309e-01 4.862044453620910645e-01 4.270101785659790039e-01 4.069406688213348389e-01 5.797497034072875977e-01 1.004299521446228027e-01
5.437499880790710449e-01 4.833333194255828857e-01 4.277499914169311523e-01 4.059999883174896240e-01 5.849999785423278809e-01 9.365000128746032715e-01 5.473523139953613281e-01 4.785232245922088623e-01 4.251207113265991211e-01 3.996352255344390869e-01 5.951936841011047363e-01 9.209550023078918457e-01
5.437499880790710449e-01 4.833333194255828857e-01 4.277499914169311523e-01 4.059999883174896240e-01 5.849999785423278809e-01 1.145000010728836060e-01 5.419450998306274414e-01 4.844495356082916260e-01 4.300690591335296631e-01 4.077346920967102051e-01 5.830705761909484863e-01 1.861134469509124756e-01
5.437499880790710449e-01 4.833333194255828857e-01 4.277499914169311523e-01 4.059999883174896240e-01 5.849999785423278809e-01 1.714999973773956299e-01 5.455511212348937988e-01 4.852002561092376709e-01 4.322457909584045410e-01 4.081026017665863037e-01 5.780404210090637207e-01 1.914690434932708740e-01
5.437499880790710449e-01 4.833333194255828857e-01 4.277499914169311523e-01 4.059999883174896240e-01 5.849999785423278809e-01 9.045000076293945312e-01 5.449993610382080078e-01 4.816859960556030273e-01 4.233165383338928223e-01 3.993354141712188721e-01 5.934475064277648926e-01 9.314008951187133789e-01
5.437499880790710449e-01 4.833333194255828857e-01 4.277499914169311523e-01 4.059999883174896240e-01 5.849999785423278809e-01 2.635000050067901611e-01 5.398105382919311523e-01 4.890041649341583252e-01 4.293526113033294678e-01 4.082436561584472656e-01 5.872857570648193359e-01 2.824056148529052734e-01
5.437499880790710449e-01 4.833333194255828857e-01 4.277499914169311523e-01 4.059999883174896240e-01 5.849999785423278809e-01 8.500000461935997009e-03 5.461327433586120605e-01 4.851783812046051025e-01 4.245204925537109375e-01 4.033687412738800049e-01 5.834065675735473633e-01 1.582326740026473999e-01
5.437499880790710449e-01 4.833333194255828857e-01 4.277499914169311523e-01 4.059999883174896240e-01 5.849999785423278809e-01 7.349999994039535522e-02 5.497304201126098633e-01 4.800447821617126465e-01 4.198512732982635498e-01 3.979354500770568848e-01 5.881570577621459961e-01 5.162324383854866028e-02
5.437499880790710449e-01 4.833333194255828857e-01 4.277499914169311523e-01 4.059999883174896240e-01 5.849999785423278809e-01 6.154999732971191406e-01 5.423486232757568359e-01 4.865536987781524658e-01 4.303274154663085938e-01 4.068554639816284180e-01 5.830405354499816895e-01 6.944372653961181641e-01
5.437499880790710449e-01 4.833333194255828857e-01 4.277499914169311523e-01 4.059999883174896240e-01 5.849999785423278809e-01 4.375000000000000000e-01 5.456302165985107422e-01 4.860424101352691650e-01 4.269581735134124756e-01 4.048344492912292480e-01 5.871587395668029785e-01 4.215121269226074219e-01
5.437499880790710449e-01 4.833333194255828857e-01 4.277499914169311523e-01 4.059999883174896240e-01 5.849999785423278809e-01 2.915000021457672119e-01 5.415623784065246582e-01 4.847947955131530762e-01 4.336332678794860840e-01 4.121620059013366699e-01 5.775685906410217285e-01 2.993281185626983643e-01
5.437499880790710449e-01 4.833333194255828857e-01 4.277499914169311523e-01 4.059999883174896240e-01 5.849999785423278809e-01 3.824999928474426270e-01 5.407491922378540039e-01 4.864306151866912842e-01 4.331243038177490234e-01 4.067412018775939941e-01 5.843319892883300781e-01 3.689788281917572021e-01
5.437499880790710449e-01 4.833333194255828857e-01 4.277499914169311523e-01 4.059999883174896240e-01 5.849999785423278809e-01 9.624999761581420898e-01 5.475726127624511719e-01 4.835835695266723633e-01 4.208104610443115234e-01 3.988599181175231934e-01 5.929387211799621582e-01 9.349353313446044922e-01
5.437499880790710449e-01 4.833333194255828857e-01 4.277499914169311523e-01 4.059999883174896240e-01 5.849999785423278809e-01 5.734999775886535645e-01 5.412046909332275391e-01 4.829455614089965820e-01 4.283280670642852783e-01 4.071561992168426514e-01 5.855622887611389160e-01 6.149779558181762695e-01
5.437499880790710449e-01 4.833333194255828857e-01 4.277499914169311523e-01 4.059999883174896240e-01 5.849999785423278809e-01 6.434999704360961914e-01 5.437979698181152344e-01 4.854224026203155518e-01 4.276316165924072266e-01 4.063946306705474854e-01 5.823037624359130859e-01 6.973979473114013672e-01
5.437499880790710449e-01 4.833333194255828857e-01 4.277499914169311523e-01 4.059999883174896240e-01 5.849999785423278809e-01 2.664999961853027344e-01 5.449879169464111328e-01 4.858589172363281250e-01 4.253902137279510498e-01 4.065411686897277832e-01 5.830364227294921875e-01 1.644389182329177856e-01
5.437499880790710449e-01 4.833333194255828857e-01 4.277499914169311523e-01 4.059999883174896240e-01 5.849999785423278809e-01 8.015000224113464355e-01 5.460488796234130859e-01 4.835271537303924561e-01 4.296078085899353027e-01 4.062968194484710693e-01 5.850224494934082031e-01 8.188635110855102539e-01
5.437499880790710449e-01 4.833333194255828857e-01 4.277499914169311523e-01 4.059999883174896240e-01 5.849999785423278809e-01 1.955000013113021851e-01 5.467818975448608398e-01 4.814153313636779785e-01 4.331282973289489746e-01 4.055978357791900635e-01 5.791929364204406738e-01 2.383822947740554810e-01
5.437499880790710449e-01 4.833333194255828857e-01 4.277499914169311523e-01 4.059999883174896240e-01 5.849999785423278809e-01 2.349999919533729553e-02 5.473517179489135742e-01 4.804334342479705811e-01 4.222966134548187256e-01 4.078118801116943359e-01 5.881090760231018066e-01 8.767677843570709229e-02
5.437499880790710449e-01 4.833333194255828857e-01 4.277499914169311523e-01 4.059999883174896240e-01 5.849999785423278809e-01 5.615000128746032715e-01 5.427973866462707520e-01 4.851553738117218018e-01 4.288618564605712891e-01 4.079053103923797607e-01 5.824915170669555664e-01 5.548890829086303711e-01
5.437499880790710449e-01 4.833333194255828857e-01 4.277499914169311523e-01 4.059999883174896240e-01 5.849999785423278809e-01 9.574999809265136719e-01 5.462559461593627930e-01 4.801571071147918701e-01 4.280105531215667725e-01 4.028877019882202148e-01 5.870311260223388672e-01 9.330443739891052246e-01
5.437499880790710449e-01 4.833333194255828857e-01 4.277499914169311523e-01 4.059999883174896240e-01 5.849999785423278809e-01 2.405000030994415283e-01 5.455629229545593262e-01 4.864665567874908447e-01 4.328874051570892334e-01 4.086372256278991699e-01 5.799377560615539551e-01 2.584450244903564453e-01
5.437499880790710449e-01 4.833333194255828857e-01 4.277499914169311523e-01 4.059999883174896240e-01 5.849999785423278809e-01 7.384999990463256836e-01 5.416392683982849121e-01 4.861874878406524658e-01 4.301482737064361572e-01 4.077660143375396729e-01 5.823727250099182129e-01 7.176325321197509766e-01
5.437499880790710449e-01 4.833333194255828857e-01 4.277499914169311523e-01 4.059999883174896240e-01 5.849999785423278809e-01 7.975000143051147461e-01 5.492123365402221680e-01 4.824425578117370605e-01 4.281270205974578857e-01 4.005678594112396240e-01 5.893340706825256348e-01 8.960725069046020508e-01
5.437499880790710449e-01 4.833333194255828857e-01 4.277499914169311523e-01 4.059999883174896240e-01 5.849999785423278809e-01 2.515000104904174805e-01 5.458320379257202148e-01 4.854354560375213623e-01 4.259195327758789062e-01 4.060228765010833740e-01 5.819543600082397461e-01 1.737960427999496460e-01
5.437499880790710449e-01 4.833333194255828857e-01 4.277499914169311523e-01 4.059999883174896240e-01 5.849999785423278809e-01 5.499999970197677612e-03 5.446143746376037598e-01 4.863651394844055176e-01 4.261872470378875732e-01 4.022053182125091553e-01 5.819654464721679688e-01 7.361960411071777344e-02
5.437499880790710449e-01 4.833333194255828857e-01 4.277499914169311523e-01 4.059999883174896240e-01 5.849999785423278809e-01 8.174999952316284180e-01 5.452970862388610840e-01 4.830853939056396484e-01 4.264132678508758545e-01 4.038478136062622070e-01 5.859881043434143066e-01 8.008021712303161621e-01
5.437499880790710449e-01 4.833333194255828857e-01 4.277499914169311523e-01 4.059999883174896240e-01 5.849999785423278809e-01 4.584999978542327881e-01 5.404914617538452148e-01 4.886762201786041260e-01 4.320332109928131104e-01 4.098295569419860840e-01 5.795593857765197754e-01 4.342353940010070801e-01
5.437499880790710449e-01 4.833333194255828857e-01 4.277499914169311523e-01 4.059999883174896240e-01 5.849999785423278809e-01 8.665000200271606445e-01 5.455158352851867676e-01 4.820270538330078125e-01 4.295999705791473389e-01 4.054996371269226074e-01 5.863080024719238281e-01 8.488911390304565430e-01
5.437499880790710449e-01 4.833333194255828857e-01 4.277499914169311523e-01 4.059999883174896240e-01 5.849999785423278809e-01 4.174999892711639404e-01 5.421489477157592773e-01 4.859426319599151611e-01 4.330745935440063477e-01 4.090822041034698486e-01 5.803726911544799805e-01 4.219933450222015381e-01
5.437499880790710449e-01 4.833333194255828857e-01 4.277499914169311523e-01 4.059999883174896240e-01 5.849999785423278809e-01 3.774999976158142090e-01 5.442166328430175781e-01 4.867245554924011230e-01 4.264917373657226562e-01 4.074583053588867188e-01 5.829341411590576172e-01 2.982431352138519287e-01
5.437499880790710449e-01 4.833333194255828857e-01 4.277499914169311523e-01 4.059999883174896240e-01 5.849999785423278809e-01 6.449999660253524780e-02 5.458599328994750977e-01 4.851536750793457031e-01 4.272858798503875732e-01 4.017420709133148193e-01 5.799928903579711914e-01 9.410950541496276855e-02
5.437499880790710449e-01 4.833333194255828857e-01 4.277499914169311523e-01 4.059999883174896240e-01 5.849999785423278809e-01 5.164999961853027344e-01 5.427737832069396973e-01 4.833346903324127197e-01 4.298568367958068848e-01 4.052552282810211182e-01 5.830166339874267578e-01 4.799058735370635986e-01
5.437499880790710449e-01 4.833333194255828857e-01 4.277499914169311523e-01 4.059999883174896240e-01 5.849999785423278809e-01 5.975000262260437012e-01 5.409080982208251953e-01 4.847511053085327148e-01 4.321713149547576904e-01 4.102894663810729980e-01 5.816616415977478027e-01 5.904495120048522949e-01
5.437499880790710449e-01 4.833333194255828857e-01 4.277499914169311523e-01 4.059999883174896240e-01 5.849999785423278809e-01 8.615000247955322266e-01 5.439006686210632324e-01 4.824388325214385986e-01 4.321159720420837402e-01 4.073441028594970703e-01 5.839413404464721680e-01 8.113634586334228516e-01
5.437499880790710449e-01 4.833333194255828857e-01 4.277499914169311523e-01 4.059999883174896240e-01 5.849999785423278809e-01 6.065000295639038086e-01 5.427597165107727051e-01 4.855986535549163818e-01 4.315871000289916992e-01 4.090299904346466064e-01 5.818298459053039551e-01 6.145026087760925293e-01
5.437499880790710449e-01 4.833333194255828857e-01 4.277499914169311523e-01 4.059999883174896240e-01 5.849999785423278809e-01 2.574999928474426270e-01 5.486214160919189453e-01 4.843464791774749756e-01 4.243929684162139893e-01 4.001744091510772705e-01 5.903551578521728516e-01 2.866273522377014160e-01
