5.437499880790710449e-01 4.833333194255828857e-01 4.277499914169311523e-01 4.059999883174896240e-01 5.849999785423278809e-01 3.844999969005584717e-01 5.429980158805847168e-01 4.842888712882995605e-01 4.316345155239105225e-01 4.096088409423828125e-01 5.828930139541625977e-01 4.251978695392608643e-01
5.437499880790710449e-01 4.833333194255828857e-01 4.277499914169311523e-01 4.059999883174896240e-01 5.849999785423278809e-01 7.655000090599060059e-01 5.427421927452087402e-01 4.833697378635406494e-01 4.302385449409484863e-01 4.087700843811035156e-01 5.817101597785949707e-01 7.660248875617980957e-01
5.437499880790710449e-01 4.833333194255828857e-01 4.277499914169311523e-01 4.059999883174896240e-01 5.849999785423278809e-01 6.025000214576721191e-01 5.439967513084411621e-01 4.834674000740051270e-01 4.284744262695312500e-01 4.072811305522918701e-01 5.834754705429077148e-01 6.448197364807128906e-01
5.437499880790710449e-01 4.833333194255828857e-01 4.277499914169311523e-01 4.059999883174896240e-01 5.849999785423278809e-01 8.995000123977661133e-01 5.440470576286315918e-01 4.833000600337982178e-01 4.289696514606475830e-01 4.049989879131317139e-01 5.872493386268615723e-01 8.481522798538208008e-01
5.437499880790710449e-01 4.833333194255828857e-01 4.277499914169311523e-01 4.059999883174896240e-01 5.849999785423278809e-01 2.915000021457672119e-01 5.485765933990478516e-01 4.835771918296813965e-01 4.223359525203704834e-01 4.009450674057006836e-01 5.895786285400390625e-01 2.867901921272277832e-01
5.437499880790710449e-01 4.833333194255828857e-01 4.277499914169311523e-01 4.059999883174896240e-01 5.849999785423278809e-01 3.824999928474426270e-01 5.452157855033874512e-01 4.840995073318481445e-01 4.279245436191558838e-01 4.049375355243682861e-01 5.883666276931762695e-01 3.475903272628784180e-01
5.437499880790710449e-01 4.833333194255828857e-01 4.277499914169311523e-01 4.059999883174896240e-01 5.849999785423278809e-01 8.905000090599060059e-01 5.447413325309753418e-01 4.826782345771789551e-01 4.268304407596588135e-01 4.031367897987365723e-01 5.883608460426330566e-01 8.854811191558837891e-01
5.437499880790710449e-01 4.833333194255828857e-01 4.277499914169311523e-01 4.059999883174896240e-01 5.849999785423278809e-01 8.464999794960021973e-01 5.449530482292175293e-01 4.825889468193054199e-01 4.272907674312591553e-01 4.024415314197540283e-01 5.897703766822814941e-01 9.034743905067443848e-01
5.437499880790710449e-01 4.833333194255828857e-01 4.277499914169311523e-01 4.059999883174896240e-01 5.849999785423278809e-01 2.845000028610229492e-01 5.458785891532897949e-01 4.837050139904022217e-01 4.260091185569763184e-01 4.054871499538421631e-01 5.862722992897033691e-01 2.584299445152282715e-01
5.437499880790710449e-01 4.833333194255828857e-01 4.277499914169311523e-01 4.059999883174896240e-01 5.849999785423278809e-01 1.554999947547912598e-01 5.449056625366210938e-01 4.847514927387237549e-01 4.275402426719665527e-01 4.074721932411193848e-01 5.828882455825805664e-01 1.979315131902694702e-01
5.437499880790710449e-01 4.833333194255828857e-01 4.277499914169311523e-01 4.059999883174896240e-01 5.849999785423278809e-01 5.385000109672546387e-01 5.418100953102111816e-01 4.843952655792236328e-01 4.314075708389282227e-01 4.120731651782989502e-01 5.780540108680725098e-01 4.996385872364044189e-01
5.437499880790710449e-01 4.833333194255828857e-01 4.277499914169311523e-01 4.059999883174896240e-01 5.849999785423278809e-01 4.174999892711639404e-01 5.444791913032531738e-01 4.837063550949096680e-01 4.277231693267822266e-01 4.075358211994171143e-01 5.829254388809204102e-01 4.230563342571258545e-01
5.437499880790710449e-01 4.833333194255828857e-01 4.277499914169311523e-01 4.059999883174896240e-01 5.849999785423278809e-01 5.065000057220458984e-01 5.462586879730224609e-01 4.833781421184539795e-01 4.257005453109741211e-01 4.037210941314697266e-01 5.866175293922424316e-01 6.013066768646240234e-01
5.437499880790710449e-01 4.833333194255828857e-01 4.277499914169311523e-01 4.059999883174896240e-01 5.849999785423278809e-01 6.884999871253967285e-01 5.448060631752014160e-01 4.839340150356292725e-01 4.280205070972442627e-01 4.055999219417572021e-01 5.867983102798461914e-01 6.977035403251647949e-01
5.437499880790710449e-01 4.833333194255828857e-01 4.277499914169311523e-01 4.059999883174896240e-01 5.849999785423278809e-01 5.449999868869781494e-02 5.441258549690246582e-01 4.852364063262939453e-01 4.295449852943420410e-01 4.097204208374023438e-01 5.824856758117675781e-01 5.196001008152961731e-02
5.437499880790710449e-01 4.833333194255828857e-01 4.277499914169311523e-01 4.059999883174896240e-01 5.849999785423278809e-01 6.575000286102294922e-01 5.440557003021240234e-01 4.833209812641143799e-01 4.288768470287322998e-01 4.063029885292053223e-01 5.844436883926391602e-01 7.394534349441528320e-01
5.437499880790710449e-01 4.833333194255828857e-01 4.277499914169311523e-01 4.059999883174896240e-01 5.849999785423278809e-01 5.435000061988830566e-01 5.410691499710083008e-01 4.845778048038482666e-01 4.332851171493530273e-01 4.126145839691162109e-01 5.794251561164855957e-01 5.371287465095520020e-01
5.437499880790710449e-01 4.833333194255828857e-01 4.277499914169311523e-01 4.059999883174896240e-01 5.849999785423278809e-01 5.499999970197677612e-03 5.464506149291992188e-01 4.849070608615875244e-01 4.257071018218994141e-01 4.048581719398498535e-01 5.870932340621948242e-01 7.404728978872299194e-02
5.437499880790710449e-01 4.833333194255828857e-01 4.277499914169311523e-01 4.059999883174896240e-01 5.849999785423278809e-01 8.364999890327453613e-01 5.454388856887817383e-01 4.830694496631622314e-01 4.268254637718200684e-01 4.024647474288940430e-01 5.887738466262817383e-01 8.651768565177917480e-01
5.437499880790710449e-01 4.833333194255828857e-01 4.277499914169311523e-01 4.059999883174896240e-01 5.849999785423278809e-01 9.035000205039978027e-01 5.445806980133056641e-01 4.827780723571777344e-01 4.267138540744781494e-01 4.039774537086486816e-01 5.865632891654968262e-01 8.976483345031738281e-01
5.437499880790710449e-01 4.833333194255828857e-01 4.277499914169311523e-01 4.059999883174896240e-01 5.849999785423278809e-01 5.565000176429748535e-01 5.451996922492980957e-01 4.837016761302947998e-01 4.271740317344665527e-01 4.046967625617980957e-01 5.872826576232910156e-01 5.469245910644531250e-01
5.437499880790710449e-01 4.833333194255828857e-01 4.277499914169311523e-01 4.059999883174896240e-01 5.849999785423278809e-01 3.034999966621398926e-01 5.462827682495117188e-01 4.837440848350524902e-01 4.251537322998046875e-01 4.045103192329406738e-01 5.866419076919555664e-01 3.443343341350555420e-01
5.437499880790710449e-01 4.833333194255828857e-01 4.277499914169311523e-01 4.059999883174896240e-01 5.849999785423278809e-01 5.164999961853027344e-01 5.432992577552795410e-01 4.843897819519042969e-01 4.293961226940155029e-01 4.092868864536285400e-01 5.808630585670471191e-01 4.693861305713653564e-01
5.437499880790710449e-01 4.833333194255828857e-01 4.277499914169311523e-01 4.059999883174896240e-01 5.849999785423278809e-01 8.734999895095825195e-01 5.456851720809936523e-01 4.819582104682922363e-01 4.253626763820648193e-01 4.005092978477478027e-01 5.919473767280578613e-01 9.507688879966735840e-01
5.437499880790710449e-01 4.833333194255828857e-01 4.277499914169311523e-01 4.059999883174896240e-01 5.849999785423278809e-01 7.605000138282775879e-01 5.421896576881408691e-01 4.838536679744720459e-01 4.308953583240509033e-01 4.098311364650726318e-01 5.810737013816833496e-01 8.050737977027893066e-01
5.437499880790710449e-01 4.833333194255828857e-01 4.277499914169311523e-01 4.059999883174896240e-01 5.849999785423278809e-01 8.665000200271606445e-01 5.431162714958190918e-01 4.835754334926605225e-01 4.302287995815277100e-01 4.076880812644958496e-01 5.841103792190551758e-01 8.558989167213439941e-01
5.437499880790710449e-01 4.833333194255828857e-01 4.277499914169311523e-01 4.059999883174896240e-01 5.849999785423278809e-01 7.814999818801879883e-01 5.443376898765563965e-01 4.829887747764587402e-01 4.278851449489593506e-01 4.060450494289398193e-01 5.843278765678405762e-01 6.998988389968872070e-01
5.437499880790710449e-01 4.833333194255828857e-01 4.277499914169311523e-01 4.059999883174896240e-01 5.849999785423278809e-01 6.334999799728393555e-01 5.433997511863708496e-01 4.839076101779937744e-01 4.288482367992401123e-01 4.078084826469421387e-01 5.820434093475341797e-01 6.252803802490234375e-01
5.437499880790710449e-01 4.833333194255828857e-01 4.277499914169311523e-01 4.059999883174896240e-01 5.849999785423278809e-01 8.404999971389770508e-01 5.426428318023681641e-01 4.839720427989959717e-01 4.301242232322692871e-01 4.093846678733825684e-01 5.805974006652832031e-01 7.147403359413146973e-01
5.437499880790710449e-01 4.833333194255828857e-01 4.277499914169311523e-01 4.059999883174896240e-01 5.849999785423278809e-01 3.664999902248382568e-01 5.415217280387878418e-01 4.845552146434783936e-01 4.315352141857147217e-01 4.126992821693420410e-01 5.766436457633972168e-01 4.378747344017028809e-01
5.437499880790710449e-01 4.833333194255828857e-01 4.277499914169311523e-01 4.059999883174896240e-01 5.849999785423278809e-01 7.555000185966491699e-01 5.424005389213562012e-01 4.843178391456604004e-01 4.308905899524688721e-01 4.101835489273071289e-01 5.786667466163635254e-01 8.125290274620056152e-01
5.437499880790710449e-01 4.833333194255828857e-01 4.277499914169311523e-01 4.059999883174896240e-01 5.849999785423278809e-01 5.845000147819519043e-01 5.435704588890075684e-01 4.837543368339538574e-01 4.285399615764617920e-01 4.083427786827087402e-01 5.813447833061218262e-01 5.404211282730102539e-01
5.437499880790710449e-01 4.833333194255828857e-01 4.277499914169311523e-01 4.059999883174896240e-01 5.849999785423278809e-01 8.184999823570251465e-01 5.411604642868041992e-01 4.844487607479095459e-01 4.330164194107055664e-01 4.133243262767791748e-01 5.766668319702148438e-01 8.183726072311401367e-01
5.437499880790710449e-01 4.833333194255828857e-01 4.277499914169311523e-01 4.059999883174896240e-01 5.849999785423278809e-01 7.164999842643737793e-01 5.442136526107788086e-01 4.827800095081329346e-01 4.283646345138549805e-01 4.061909317970275879e-01 5.845332741737365723e-01 7.862278819084167480e-01
5.437499880790710449e-01 4.833333194255828857e-01 4.277499914169311523e-01 4.059999883174896240e-01 5.849999785423278809e-01 5.544999837875366211e-01 5.417638421058654785e-01 4.847597181797027588e-01 4.319165050983428955e-01 4.119137823581695557e-01 5.799828171730041504e-01 5.121296048164367676e-01
5.437499880790710449e-01 4.833333194255828857e-01 4.277499914169311523e-01 4.059999883174896240e-01 5.849999785423278809e-01 4.844999909400939941e-01 5.453402996063232422e-01 4.832547307014465332e-01 4.259628355503082275e-01 4.045882523059844971e-01 5.860053300857543945e-01 4.901927709579467773e-01
5.437499880790710449e-01 4.833333194255828857e-01 4.277499914169311523e-01 4.059999883174896240e-01 5.849999785423278809e-01 4.025000035762786865e-01 5.439872741699218750e-01 4.837239980697631836e-01 4.279881119728088379e-01 4.078359603881835938e-01 5.816988348960876465e-01 4.715007841587066650e-01
5.437499880790710449e-01 4.833333194255828857e-01 4.277499914169311523e-01 4.059999883174896240e-01 5.849999785423278809e-01 3.634999990463256836e-01 5.499315261840820312e-01 4.820628464221954346e-01 4.201170504093170166e-01 3.985757231712341309e-01 5.923570394515991211e-01 3.654811382293701172e-01
5.437499880790710449e-01 4.833333194255828857e-01 4.277499914169311523e-01 4.059999883174896240e-01 5.849999785423278809e-01 3.745000064373016357e-01 5.417063832283020020e-01 4.854061305522918701e-01 4.342048168182373047e-01 4.127293229103088379e-01 5.836272239685058594e-01 3.551810085773468018e-01
5.437499880790710449e-01 4.833333194255828857e-01 4.277499914169311523e-01 4.059999883174896240e-01 5.849999785423278809e-01 4.144999980926513672e-01 5.457419753074645996e-01 4.834018647670745850e-01 4.259360730648040771e-01 4.048309028148651123e-01 5.850822329521179199e-01 4.385833442211151123e-01
5.437499880790710449e-01 4.833333194255828857e-01 4.277499914169311523e-01 4.059999883174896240e-01 5.849999785423278809e-01 6.154999732971191406e-01 5.409626960754394531e-01 4.847528934478759766e-01 4.330801367759704590e-01 4.129796028137207031e-01 5.781662464141845703e-01 6.919913291931152344e-01
5.437499880790710449e-01 4.833333194255828857e-01 4.277499914169311523e-01 4.059999883174896240e-01 5.849999785423278809e-01 2.499999944120645523e-03 5.495565533638000488e-01 4.848659634590148926e-01 4.214665889739990234e-01 3.998248279094696045e-01 5.928423404693603516e-01 2.877001836895942688e-02
5.437499880790710449e-01 4.833333194255828857e-01 4.277499914169311523e-01 4.059999883174896240e-01 5.849999785423278809e-01 7.294999957084655762e-01 5.419086813926696777e-01 4.838726520538330078e-01 4.309508800506591797e-01 4.098159670829772949e-01 5.808976292610168457e-01 7.499468326568603516e-01
5.437499880790710449e-01 4.833333194255828857e-01 4.277499914169311523e-01 4.059999883174896240e-01 5.849999785423278809e-01 3.515000045299530029e-01 5.440947413444519043e-01 4.837996065616607666e-01 4.281932115554809570e-01 4.079086780548095703e-01 5.818677544593811035e-01 4.154596030712127686e-01
5.437499880790710449e-01 4.833333194255828857e-01 4.277499914169311523e-01 4.059999883174896240e-01 5.849999785423278809e-01 8.314999938011169434e-01 5.433802604675292969e-01 4.836251735687255859e-01 4.297584891319274902e-01 4.068244695663452148e-01 5.844229459762573242e-01 8.666267395019531250e-01
5.437499880790710449e-01 4.833333194255828857e-01 4.277499914169311523e-01 4.059999883174896240e-01 5.849999785423278809e-01 7.985000014305114746e-01 5.446473360061645508e-01 4.829633533954620361e-01 4.279397130012512207e-01 4.035467505455017090e-01 5.884374380111694336e-01 8.628095388412475586e-01
5.437499880790710449e-01 4.833333194255828857e-01 4.277499914169311523e-01 4.059999883174896240e-01 5.849999785423278809e-01 9.365000128746032715e-01 5.442041158676147461e-01 4.832220971584320068e-01 4.290646910667419434e-01 4.051057696342468262e-01 5.866866707801818848e-01 9.314205050468444824e-01
5.437499880790710449e-01 4.833333194255828857e-01 4.277499914169311523e-01 4.059999883174896240e-01 5.849999785423278809e-01 3.774999976158142090e-01 5.459033846855163574e-01 4.837711453437805176e-01 4.257357120513916016e-01 4.044655263423919678e-01 5.863569974899291992e-01 3.256983458995819092e-01
5.437499880790710449e-01 4.833333194255828857e-01 4.277499914169311523e-01 4.059999883174896240e-01 5.849999785423278809e-01 2.865000069141387939e-01 5.440083146095275879e-01 4.844470024108886719e-01 4.287620484828948975e-01 4.085789620876312256e-01 5.830575823783874512e-01 2.748383283615112305e-01
5.437499880790710449e-01 4.833333194255828857e-01 4.277499914169311523e-01 4.059999883174896240e-01 5.849999785423278809e-01 3.434999883174896240e-01 5.450386404991149902e-01 4.835918247699737549e-01 4.266809523105621338e-01 4.056851863861083984e-01 5.846247673034667969e-01 4.116224944591522217e-01
5.437499880790710449e-01 4.833333194255828857e-01 4.277499914169311523e-01 4.059999883174896240e-01 5.849999785423278809e-01 3.984999954700469971e-01 5.450350046157836914e-01 4.837543368339538574e-01 4.268793463706970215e-01 4.059329628944396973e-01 5.844541192054748535e-01 4.057221710681915283e-01
5.437499880790710449e-01 4.833333194255828857e-01 4.277499914169311523e-01 4.059999883174896240e-01 5.849999785423278809e-01 5.950000137090682983e-02 5.451285839080810547e-01 4.866422116756439209e-01 4.283589422702789307e-01 4.088984429836273193e-01 5.819991230964660645e-01 3.592601045966148376e-02
5.437499880790710449e-01 4.833333194255828857e-01 4.277499914169311523e-01 4.059999883174896240e-01 5.849999785423278809e-01 1.215000003576278687e-01 5.395839214324951172e-01 4.872605800628662109e-01 4.377253055572509766e-01 4.176237583160400391e-01 5.792123079299926758e-01 1.113955974578857422e-01
5.437499880790710449e-01 4.833333194255828857e-01 4.277499914169311523e-01 4.059999883174896240e-01 5.849999785423278809e-01 2.405000030994415283e-01 5.449271798133850098e-01 4.840648174285888672e-01 4.278684854507446289e-01 4.087476134300231934e-01 5.819560885429382324e-01 2.791236042976379395e-01
5.437499880790710449e-01 4.833333194255828857e-01 4.277499914169311523e-01 4.059999883174896240e-01 5.849999785423278809e-01 2.294999957084655762e-01 5.454950332641601562e-01 4.840377271175384521e-01 4.264802336692810059e-01 4.061513245105743408e-01 5.841090679168701172e-01 2.649723887443542480e-01
5.437499880790710449e-01 4.833333194255828857e-01 4.277499914169311523e-01 4.059999883174896240e-01 5.849999785423278809e-01 3.795000016689300537e-01 5.425710082054138184e-01 4.839890301227569580e-01 4.301825165748596191e-01 4.100861251354217529e-01 5.797269940376281738e-01 5.177000164985656738e-01
5.437499880790710449e-01 4.833333194255828857e-01 4.277499914169311523e-01 4.059999883174896240e-01 5.849999785423278809e-01 4.149999842047691345e-02 5.462291240692138672e-01 4.851507544517517090e-01 4.259102046489715576e-01 4.064674675464630127e-01 5.843973755836486816e-01 8.697503060102462769e-02
5.437499880790710449e-01 4.833333194255828857e-01 4.277499914169311523e-01 4.059999883174896240e-01 5.849999785423278809e-01 6.754999756813049316e-01 5.432221293449401855e-01 4.847691357135772705e-01 4.299052953720092773e-01 4.090612828731536865e-01 5.817971825599670410e-01 7.207201123237609863e-01
5.437499880790710449e-01 4.833333194255828857e-01 4.277499914169311523e-01 4.059999883174896240e-01 5.849999785423278809e-01 8.884999752044677734e-01 5.447047352790832520e-01 4.825995862483978271e-01 4.265075325965881348e-01 4.032824337482452393e-01 5.873067378997802734e-01 8.771734833717346191e-01
5.437499880790710449e-01 4.833333194255828857e-01 4.277499914169311523e-01 4.059999883174896240e-01 5.849999785423278809e-01 2.094999998807907104e-01 5.483589172363281250e-01 4.840811192989349365e-01 4.233211576938629150e-01 4.028125405311584473e-01 5.880517959594726562e-01 1.603475362062454224e-01
5.437499880790710449e-01 4.833333194255828857e-01 4.277499914169311523e-01 4.059999883174896240e-01 5.849999785423278809e-01 4.214999973773956299e-01 5.461437106132507324e-01 4.835124313831329346e-01 4.253123104572296143e-01 4.050256609916687012e-01 5.847783684730529785e-01 3.979039490222930908e-01
5.437499880790710449e-01 4.833333194255828857e-01 4.277499914169311523e-01 4.059999883174896240e-01 5.849999785423278809e-01 9.325000047683715820e-01 5.455222129821777344e-01 4.818926453590393066e-01 4.260245859622955322e-01 4.017542600631713867e-01 5.896824598312377930e-01 9.288981556892395020e-01
5.437499880790710449e-01 4.833333194255828857e-01 4.277499914169311523e-01 4.059999883174896240e-01 5.849999785423278809e-01 4.584999978542327881e-01 5.466085076332092285e-01 4.832358360290527344e-01 4.248789548873901367e-01 4.027786850929260254e-01 5.886353254318237305e-01 4.324533939361572266e-01
5.437499880790710449e-01 4.833333194255828857e-01 4.277499914169311523e-01 4.059999883174896240e-01 5.849999785423278809e-01 9.875000119209289551e-01 5.447744131088256836e-01 4.823209941387176514e-01 4.275200963020324707e-01 4.023062884807586670e-01 5.908583402633666992e-01 9.325210452079772949e-01
5.437499880790710449e-01 4.833333194255828857e-01 4.277499914169311523e-01 4.059999883174896240e-01 5.849999785423278809e-01 3.274999856948852539e-01 5.447480678558349609e-01 4.836370944976806641e-01 4.277366101741790771e-01 4.068565666675567627e-01 5.846900343894958496e-01 3.713885247707366943e-01
5.437499880790710449e-01 4.833333194255828857e-01 4.277499914169311523e-01 4.059999883174896240e-01 5.849999785423278809e-01 8.224999904632568359e-01 5.456547737121582031e-01 4.825742840766906738e-01 4.267119467258453369e-01 4.014947414398193359e-01 5.914323329925537109e-01 9.089747667312622070e-01
5.437499880790710449e-01 4.833333194255828857e-01 4.277499914169311523e-01 4.059999883174896240e-01 5.849999785423278809e-01 1.714999973773956299e-01 5.443991422653198242e-01 4.847524464130401611e-01 4.283213317394256592e-01 4.089743196964263916e-01 5.814567208290100098e-01 2.039413005113601685e-01
5.437499880790710449e-01 4.833333194255828857e-01 4.277499914169311523e-01 4.059999883174896240e-01 5.849999785423278809e-01 7.185000181198120117e-01 5.431252717971801758e-01 4.840084612369537354e-01 4.293196499347686768e-01 4.075590968132019043e-01 5.827953219413757324e-01 7.426901459693908691e-01
5.437499880790710449e-01 4.833333194255828857e-01 4.277499914169311523e-01 4.059999883174896240e-01 5.849999785423278809e-01 6.294999718666076660e-01 5.415838360786437988e-01 4.847616255283355713e-01 4.325919151306152344e-01 4.114760756492614746e-01 5.811847448348999023e-01 5.945726633071899414e-01
5.437499880790710449e-01 4.833333194255828857e-01 4.277499914169311523e-01 4.059999883174896240e-01 5.849999785423278809e-01 1.794999986886978149e-01 5.475940704345703125e-01 4.846316874027252197e-01 4.242346882820129395e-01 4.036852121353149414e-01 5.877417922019958496e-01 7.647576928138732910e-02
5.437499880790710449e-01 4.833333194255828857e-01 4.277499914169311523e-01 4.059999883174896240e-01 5.849999785423278809e-01 6.825000047683715820e-01 5.437810420989990234e-01 4.834297895431518555e-01 4.284164309501647949e-01 4.078414142131805420e-01 5.817536115646362305e-01 7.202973961830139160e-01
5.437499880790710449e-01 4.833333194255828857e-01 4.277499914169311523e-01 4.059999883174896240e-01 5.849999785423278809e-01 8.245000243186950684e-01 5.441606640815734863e-01 4.824281334877014160e-01 4.290993809700012207e-01 4.069880843162536621e-01 5.846600532531738281e-01 8.748806118965148926e-01
5.437499880790710449e-01 4.833333194255828857e-01 4.277499914169311523e-01 4.059999883174896240e-01 5.849999785423278809e-01 5.964999794960021973e-01 5.446487665176391602e-01 4.830964207649230957e-01 4.268928766250610352e-01 4.057005345821380615e-01 5.841631293296813965e-01 6.062304973602294922e-01
5.437499880790710449e-01 4.833333194255828857e-01 4.277499914169311523e-01 4.059999883174896240e-01 5.849999785423278809e-01 3.165000081062316895e-01 5.452772378921508789e-01 4.837647676467895508e-01 4.266121685504913330e-01 4.049383699893951416e-01 5.866189599037170410e-01 4.281765818595886230e-01
5.437499880790710449e-01 4.833333194255828857e-01 4.277499914169311523e-01 4.059999883174896240e-01 5.849999785423278809e-01 1.624999940395355225e-01 5.457159280776977539e-01 4.853285551071166992e-01 4.271968305110931396e-01 4.077390432357788086e-01 5.833581686019897461e-01 1.023251637816429138e-01
5.437499880790710449e-01 4.833333194255828857e-01 4.277499914169311523e-01 4.059999883174896240e-01 5.849999785423278809e-01 2.635000050067901611e-01 5.464560389518737793e-01 4.839942753314971924e-01 4.263062179088592529e-01 4.034388363361358643e-01 5.904874205589294434e-01 2.704686224460601807e-01
5.437499880790710449e-01 4.833333194255828857e-01 4.277499914169311523e-01 4.059999883174896240e-01 5.849999785423278809e-01 5.784999728202819824e-01 5.461387634277343750e-01 4.829411208629608154e-01 4.259780347347259521e-01 4.035708010196685791e-01 5.876005887985229492e-01 6.203923821449279785e-01
5.437499880790710449e-01 4.833333194255828857e-01 4.277499914169311523e-01 4.059999883174896240e-01 5.849999785423278809e-01 9.045000076293945312e-01 5.468474626541137695e-01 4.812680482864379883e-01 4.240431785583496094e-01 3.989758193492889404e-01 5.933789014816284180e-01 9.285518527030944824e-01
5.437499880790710449e-01 4.833333194255828857e-01 4.277499914169311523e-01 4.059999883174896240e-01 5.849999785423278809e-01 5.734999775886535645e-01 5.446987152099609375e-01 4.834308326244354248e-01 4.287241995334625244e-01 4.063834846019744873e-01 5.848841667175292969e-01 6.485863924026489258e-01
5.437499880790710449e-01 4.833333194255828857e-01 4.277499914169311523e-01 4.059999883174896240e-01 5.849999785423278809e-01 9.955000281333923340e-01 5.454178452491760254e-01 4.812281727790832520e-01 4.274583160877227783e-01 4.009068310260772705e-01 5.920562148094177246e-01 9.877228736877441406e-01
5.437499880790710449e-01 4.833333194255828857e-01 4.277499914169311523e-01 4.059999883174896240e-01 5.849999785423278809e-01 5.174999833106994629e-01 5.432299375534057617e-01 4.838964343070983887e-01 4.294860064983367920e-01 4.087441265583038330e-01 5.822016596794128418e-01 4.823224544525146484e-01
5.437499880790710449e-01 4.833333194255828857e-01 4.277499914169311523e-01 4.059999883174896240e-01 5.849999785423278809e-01 5.874999761581420898e-01 5.454392433166503906e-01 4.834775328636169434e-01 4.261505007743835449e-01 4.051806032657623291e-01 5.848769545555114746e-01 5.296413302421569824e-01
5.437499880790710449e-01 4.833333194255828857e-01 4.277499914169311523e-01 4.059999883174896240e-01 5.849999785423278809e-01 8.765000104904174805e-01 5.447121858596801758e-01 4.829633533954620361e-01 4.267701208591461182e-01 4.028785526752471924e-01 5.885925292968750000e-01 8.838550448417663574e-01
5.437499880790710449e-01 4.833333194255828857e-01 4.277499914169311523e-01 4.059999883174896240e-01 5.849999785423278809e-01 5.245000123977661133e-01 5.449788570404052734e-01 4.834184646606445312e-01 4.272602498531341553e-01 4.052689373493194580e-01 5.858001112937927246e-01 5.305645465850830078e-01
5.437499880790710449e-01 4.833333194255828857e-01 4.277499914169311523e-01 4.059999883174896240e-01 5.849999785423278809e-01 1.574999988079071045e-01 5.475699305534362793e-01 4.843067824840545654e-01 4.244463443756103516e-01 4.035331308841705322e-01 5.896124243736267090e-01 9.541817754507064819e-02
5.437499880790710449e-01 4.833333194255828857e-01 4.277499914169311523e-01 4.059999883174896240e-01 5.849999785423278809e-01 8.615000247955322266e-01 5.450098514556884766e-01 4.833763539791107178e-01 4.270496964454650879e-01 4.037796258926391602e-01 5.880008935928344727e-01 8.077257275581359863e-01
5.437499880790710449e-01 4.833333194255828857e-01 4.277499914169311523e-01 4.059999883174896240e-01 5.849999785423278809e-01 3.084999918937683105e-01 5.466740727424621582e-01 4.836510419845581055e-01 4.249397516250610352e-01 4.039155840873718262e-01 5.873610377311706543e-01 2.274160385131835938e-01
5.437499880790710449e-01 4.833333194255828857e-01 4.277499914169311523e-01 4.059999883174896240e-01 5.849999785423278809e-01 4.695000052452087402e-01 5.431838035583496094e-01 4.842051267623901367e-01 4.299896657466888428e-01 4.089885056018829346e-01 5.816714763641357422e-01 4.891538023948669434e-01
5.437499880790710449e-01 4.833333194255828857e-01 4.277499914169311523e-01 4.059999883174896240e-01 5.849999785423278809e-01 1.735000014305114746e-01 5.445839762687683105e-01 4.843432903289794922e-01 4.280900061130523682e-01 4.077080488204956055e-01 5.830325484275817871e-01 2.219323068857192993e-01
5.437499880790710449e-01 4.833333194255828857e-01 4.277499914169311523e-01 4.059999883174896240e-01 5.849999785423278809e-01 5.000000237487256527e-04 5.450667142868041992e-01 4.854764640331268311e-01 4.284901320934295654e-01 4.071128070354461670e-01 5.877519845962524414e-01 4.740580916404724121e-02
5.437499880790710449e-01 4.833333194255828857e-01 4.277499914169311523e-01 4.059999883174896240e-01 5.849999785423278809e-01 2.265000045299530029e-01 5.486478805541992188e-01 4.841618835926055908e-01 4.221898317337036133e-01 4.013037085533142090e-01 5.896425843238830566e-01 9.491223841905593872e-02
5.437499880790710449e-01 4.833333194255828857e-01 4.277499914169311523e-01 4.059999883174896240e-01 5.849999785423278809e-01 1.515000015497207642e-01 5.464262366294860840e-01 4.840218126773834229e-01 4.255872070789337158e-01 4.054270386695861816e-01 5.852648615837097168e-01 1.506699174642562866e-01
5.437499880790710449e-01 4.833333194255828857e-01 4.277499914169311523e-01 4.059999883174896240e-01 5.849999785423278809e-01 8.015000224113464355e-01 5.421268939971923828e-01 4.840289056301116943e-01 4.315406382083892822e-01 4.088892340660095215e-01 5.839458703994750977e-01 8.295515179634094238e-01
5.437499880790710449e-01 4.833333194255828857e-01 4.277499914169311523e-01 4.059999883174896240e-01 5.849999785423278809e-01 2.050000056624412537e-02 5.462717413902282715e-01 4.854835867881774902e-01 4.266167581081390381e-01 4.068984985351562500e-01 5.844864845275878906e-01 4.201761260628700256e-02
5.437499880790710449e-01 4.833333194255828857e-01 4.277499914169311523e-01 4.059999883174896240e-01 5.849999785423278809e-01 4.354999959468841553e-01 5.440771579742431641e-01 4.840007424354553223e-01 4.287310242652893066e-01 4.067853987216949463e-01 5.856358408927917480e-01 4.392607510089874268e-01
5.437499880790710449e-01 4.833333194255828857e-01 4.277499914169311523e-01 4.059999883174896240e-01 5.849999785423278809e-01 9.014999866485595703e-01 5.441130995750427246e-01 4.830519258975982666e-01 4.291142225265502930e-01 4.055273830890655518e-01 5.856328010559082031e-01 8.751292824745178223e-01
5.437499880790710449e-01 4.833333194255828857e-01 4.277499914169311523e-01 4.059999883174896240e-01 5.849999785423278809e-01 4.045000076293945312e-01 5.440301895141601562e-01 4.839012324810028076e-01 4.293043613433837891e-01 4.068451225757598877e-01 5.855168700218200684e-01 4.300303459167480469e-01
5.437499880790710449e-01 4.833333194255828857e-01 4.277499914169311523e-01 4.059999883174896240e-01 5.849999785423278809e-01 2.349999919533729553e-02 5.495142340660095215e-01 4.845057129859924316e-01 4.212133884429931641e-01 4.009162485599517822e-01 5.902140736579895020e-01 7.657317817211151123e-02
5.437499880790710449e-01 4.833333194255828857e-01 4.277499914169311523e-01 4.059999883174896240e-01 5.849999785423278809e-01 1.955000013113021851e-01 5.415456295013427734e-01 4.856393039226531982e-01 4.330264031887054443e-01 4.128126502037048340e-01 5.801939964294433594e-01 2.693922519683837891e-01
5.437499880790710449e-01 4.833333194255828857e-01 4.277499914169311523e-01 4.059999883174896240e-01 5.849999785423278809e-01 2.045000046491622925e-01 5.447270274162292480e-01 4.850323200225830078e-01 4.282391071319580078e-01 4.082224965095520020e-01 5.822076201438903809e-01 1.175364702939987183e-01
5.437499880790710449e-01 4.833333194255828857e-01 4.277499914169311523e-01 4.059999883174896240e-01 5.849999785423278809e-01 7.954999804496765137e-01 5.421138405799865723e-01 4.842580258846282959e-01 4.309557974338531494e-01 4.105134606361389160e-01 5.797262191772460938e-01 7.332918643951416016e-01
5.437499880790710449e-01 4.833333194255828857e-01 4.277499914169311523e-01 4.059999883174896240e-01 5.849999785423278809e-01 4.814999997615814209e-01 5.412164330482482910e-01 4.851048588752746582e-01 4.330157637596130371e-01 4.125573635101318359e-01 5.801248550415039062e-01 4.870949089527130127e-01
5.437499880790710449e-01 4.833333194255828857e-01 4.277499914169311523e-01 4.059999883174896240e-01 5.849999785423278809e-01 8.264999985694885254e-01 5.429937839508056641e-01 4.835822284221649170e-01 4.298382103443145752e-01 4.087820053100585938e-01 5.805954337120056152e-01 7.276484370231628418e-01
5.437499880790710449e-01 4.833333194255828857e-01 4.277499914169311523e-01 4.059999883174896240e-01 5.849999785423278809e-01 9.645000100135803223e-01 5.433539748191833496e-01 4.830621480941772461e-01 4.302141070365905762e-01 4.045616388320922852e-01 5.884513854980468750e-01 9.762639999389648438e-01
5.437499880790710449e-01 4.833333194255828857e-01 4.277499914169311523e-01 4.059999883174896240e-01 5.849999785423278809e-01 2.764999866485595703e-01 5.431260466575622559e-01 4.842693209648132324e-01 4.298671483993530273e-01 4.096436500549316406e-01 5.820590257644653320e-01 3.306246995925903320e-01
5.437499880790710449e-01 4.833333194255828857e-01 4.277499914169311523e-01 4.059999883174896240e-01 5.849999785423278809e-01 9.394999742507934570e-01 5.465618371963500977e-01 4.815041720867156982e-01 4.244968593120574951e-01 3.991052806377410889e-01 5.932183265686035156e-01 9.378876686096191406e-01
5.437499880790710449e-01 4.833333194255828857e-01 4.277499914169311523e-01 4.059999883174896240e-01 5.849999785423278809e-01 2.425000071525573730e-01 5.448841452598571777e-01 4.844619631767272949e-01 4.273192286491394043e-01 4.077914655208587646e-01 5.822304487228393555e-01 2.020779401063919067e-01
5.437499880790710449e-01 4.833333194255828857e-01 4.277499914169311523e-01 4.059999883174896240e-01 5.849999785423278809e-01 4.349999874830245972e-02 5.462284088134765625e-01 4.850338995456695557e-01 4.266114532947540283e-01 4.053560197353363037e-01 5.886977314949035645e-01 6.478740274906158447e-02
5.437499880790710449e-01 4.833333194255828857e-01 4.277499914169311523e-01 4.059999883174896240e-01 5.849999785423278809e-01 7.349999994039535522e-02 5.491327047348022461e-01 4.846165478229522705e-01 4.223002791404724121e-01 4.021757841110229492e-01 5.891654491424560547e-01 5.481085926294326782e-02
5.437499880790710449e-01 4.833333194255828857e-01 4.277499914169311523e-01 4.059999883174896240e-01 5.849999785423278809e-01 5.295000076293945312e-01 5.452658534049987793e-01 4.829516708850860596e-01 4.258076250553131104e-01 4.044926464557647705e-01 5.853156447410583496e-01 5.891126394271850586e-01
5.437499880790710449e-01 4.833333194255828857e-01 4.277499914169311523e-01 4.059999883174896240e-01 5.849999785423278809e-01 9.064999818801879883e-01 5.411280989646911621e-01 4.844310283660888672e-01 4.327981173992156982e-01 4.099319577217102051e-01 5.821700096130371094e-01 9.175102114677429199e-01
5.437499880790710449e-01 4.833333194255828857e-01 4.277499914169311523e-01 4.059999883174896240e-01 5.849999785423278809e-01 8.250000327825546265e-02 5.472404360771179199e-01 4.844386875629425049e-01 4.244696199893951416e-01 4.036957919597625732e-01 5.877952575683593750e-01 8.339712768793106079e-02
5.437499880790710449e-01 4.833333194255828857e-01 4.277499914169311523e-01 4.059999883174896240e-01 5.849999785423278809e-01 8.634999990463256836e-01 5.415352582931518555e-01 4.843721091747283936e-01 4.324275851249694824e-01 4.100531339645385742e-01 5.826285481452941895e-01 8.136489391326904297e-01
5.437499880790710449e-01 4.833333194255828857e-01 4.277499914169311523e-01 4.059999883174896240e-01 5.849999785423278809e-01 6.434999704360961914e-01 5.435280203819274902e-01 4.837126135826110840e-01 4.294184446334838867e-01 4.071197509765625000e-01 5.832201838493347168e-01 7.223871350288391113e-01
5.437499880790710449e-01 4.833333194255828857e-01 4.277499914169311523e-01 4.059999883174896240e-01 5.849999785423278809e-01 1.375000029802322388e-01 5.482398271560668945e-01 4.841444492340087891e-01 4.227596223354339600e-01 4.018352329730987549e-01 5.885929465293884277e-01 1.224172562360763550e-01
5.437499880790710449e-01 4.833333194255828857e-01 4.277499914169311523e-01 4.059999883174896240e-01 5.849999785423278809e-01 8.349999785423278809e-02 5.491105318069458008e-01 4.848350286483764648e-01 4.220861196517944336e-01 4.017257690429687500e-01 5.895566940307617188e-01 4.255961999297142029e-02
5.437499880790710449e-01 4.833333194255828857e-01 4.277499914169311523e-01 4.059999883174896240e-01 5.849999785423278809e-01 6.834999918937683105e-01 5.447769761085510254e-01 4.831113219261169434e-01 4.272254407405853271e-01 4.048179388046264648e-01 5.860846042633056641e-01 7.559199929237365723e-01
5.437499880790710449e-01 4.833333194255828857e-01 4.277499914169311523e-01 4.059999883174896240e-01 5.849999785423278809e-01 9.624999761581420898e-01 5.460596680641174316e-01 4.816132187843322754e-01 4.255993664264678955e-01 4.004040062427520752e-01 5.914824604988098145e-01 9.461354613304138184e-01
5.437499880790710449e-01 4.833333194255828857e-01 4.277499914169311523e-01 4.059999883174896240e-01 5.849999785423278809e-01 5.814999938011169434e-01 5.436670184135437012e-01 4.839693605899810791e-01 4.292032718658447266e-01 4.074645638465881348e-01 5.856562256813049316e-01 5.227128267288208008e-01
5.437499880790710449e-01 4.833333194255828857e-01 4.277499914169311523e-01 4.059999883174896240e-01 5.849999785423278809e-01 7.975000143051147461e-01 5.403276681900024414e-01 4.844517707824707031e-01 4.342291355133056641e-01 4.124200046062469482e-01 5.790366530418395996e-01 9.308376312255859375e-01
5.437499880790710449e-01 4.833333194255828857e-01 4.277499914169311523e-01 4.059999883174896240e-01 5.849999785423278809e-01 9.564999938011169434e-01 5.456330776214599609e-01 4.804871976375579834e-01 4.260099232196807861e-01 3.984219431877136230e-01 5.953704118728637695e-01 9.953558444976806641e-01
5.437499880790710449e-01 4.833333194255828857e-01 4.277499914169311523e-01 4.059999883174896240e-01 5.849999785423278809e-01 5.985000133514404297e-01 5.423597097396850586e-01 4.845845401287078857e-01 4.312629699707031250e-01 4.096976220607757568e-01 5.831052660942077637e-01 6.096431612968444824e-01
5.437499880790710449e-01 4.833333194255828857e-01 4.277499914169311523e-01 4.059999883174896240e-01 5.849999785423278809e-01 5.044999718666076660e-01 5.457920432090759277e-01 4.833071827888488770e-01 4.261262118816375732e-01 4.039454758167266846e-01 5.867153406143188477e-01 5.773670673370361328e-01
5.437499880790710449e-01 4.833333194255828857e-01 4.277499914169311523e-01 4.059999883174896240e-01 5.849999785423278809e-01 3.855000138282775879e-01 5.456245541572570801e-01 4.838852584362030029e-01 4.269810020923614502e-01 4.049687385559082031e-01 5.880591869354248047e-01 4.038166701793670654e-01
5.437499880790710449e-01 4.833333194255828857e-01 4.277499914169311523e-01 4.059999883174896240e-01 5.849999785423278809e-01 5.954999923706054688e-01 5.426205396652221680e-01 4.840234816074371338e-01 4.306797683238983154e-01 4.091296494007110596e-01 5.826674103736877441e-01 6.584560871124267578e-01
5.437499880790710449e-01 4.833333194255828857e-01 4.277499914169311523e-01 4.059999883174896240e-01 5.849999785423278809e-01 1.005000025033950806e-01 5.468267798423767090e-01 4.844637513160705566e-01 4.248571097850799561e-01 4.044810533523559570e-01 5.864923000335693359e-01 1.177234575152397156e-01
5.437499880790710449e-01 4.833333194255828857e-01 4.277499914169311523e-01 4.059999883174896240e-01 5.849999785423278809e-01 6.215000152587890625e-01 5.433872938156127930e-01 4.839052557945251465e-01 4.293202161788940430e-01 4.075322151184082031e-01 5.829990506172180176e-01 6.681030988693237305e-01
5.437499880790710449e-01 4.833333194255828857e-01 4.277499914169311523e-01 4.059999883174896240e-01 5.849999785423278809e-01 9.915000200271606445e-01 5.447641611099243164e-01 4.823969006538391113e-01 4.268475472927093506e-01 4.030951261520385742e-01 5.878638029098510742e-01 9.298621416091918945e-01
5.437499880790710449e-01 4.833333194255828857e-01 4.277499914169311523e-01 4.059999883174896240e-01 5.849999785423278809e-01 3.625000119209289551e-01 5.440287590026855469e-01 4.842449426651000977e-01 4.285911917686462402e-01 4.077926576137542725e-01 5.824084877967834473e-01 4.259405732154846191e-01
5.437499880790710449e-01 4.833333194255828857e-01 4.277499914169311523e-01 4.059999883174896240e-01 5.849999785423278809e-01 9.785000085830688477e-01 5.386885404586791992e-01 4.853277206420898438e-01 4.381180107593536377e-01 4.154934287071228027e-01 5.771554708480834961e-01 9.544831514358520508e-01
5.437499880790710449e-01 4.833333194255828857e-01 4.277499914169311523e-01 4.059999883174896240e-01 5.849999785423278809e-01 5.504999756813049316e-01 5.445619821548461914e-01 4.835335016250610352e-01 4.271922409534454346e-01 4.064158201217651367e-01 5.833006501197814941e-01 6.058784723281860352e-01
5.437499880790710449e-01 4.833333194255828857e-01 4.277499914169311523e-01 4.059999883174896240e-01 5.849999785423278809e-01 2.515000104904174805e-01 5.474629402160644531e-01 4.838574826717376709e-01 4.238321483135223389e-01 4.024475216865539551e-01 5.888732075691223145e-01 1.964025199413299561e-01
5.437499880790710449e-01 4.833333194255828857e-01 4.277499914169311523e-01 4.059999883174896240e-01 5.849999785423278809e-01 6.604999899864196777e-01 5.424184203147888184e-01 4.842732250690460205e-01 4.308255314826965332e-01 4.090697169303894043e-01 5.825822949409484863e-01 7.112643718719482422e-01
5.437499880790710449e-01 4.833333194255828857e-01 4.277499914169311523e-01 4.059999883174896240e-01 5.849999785423278809e-01 4.084999859333038330e-01 5.445890426635742188e-01 4.840351641178131104e-01 4.278880357742309570e-01 4.062860608100891113e-01 5.852606892585754395e-01 3.829305469989776611e-01
5.437499880790710449e-01 4.833333194255828857e-01 4.277499914169311523e-01 4.059999883174896240e-01 5.849999785423278809e-01 8.205000162124633789e-01 5.410848855972290039e-01 4.845980703830718994e-01 4.333436787128448486e-01 4.105181396007537842e-01 5.826275348663330078e-01 8.734682202339172363e-01
5.437499880790710449e-01 4.833333194255828857e-01 4.277499914169311523e-01 4.059999883174896240e-01 5.849999785423278809e-01 5.885000228881835938e-01 5.439685583114624023e-01 4.834806621074676514e-01 4.283943772315979004e-01 4.074079990386962891e-01 5.823696255683898926e-01 5.751892924308776855e-01
5.437499880790710449e-01 4.833333194255828857e-01 4.277499914169311523e-01 4.059999883174896240e-01 5.849999785423278809e-01 1.145000010728836060e-01 5.435754060745239258e-01 4.850941002368927002e-01 4.294676482677459717e-01 4.102064669132232666e-01 5.800787210464477539e-01 1.984436661005020142e-01
5.437499880790710449e-01 4.833333194255828857e-01 4.277499914169311523e-01 4.059999883174896240e-01 5.849999785423278809e-01 4.444999992847442627e-01 5.458973646163940430e-01 4.836676418781280518e-01 4.258115291595458984e-01 4.037658870220184326e-01 5.877918004989624023e-01 4.591653645038604736e-01
5.437499880790710449e-01 4.833333194255828857e-01 4.277499914169311523e-01 4.059999883174896240e-01 5.849999785423278809e-01 8.694999814033508301e-01 5.454834699630737305e-01 4.816571176052093506e-01 4.257375001907348633e-01 4.018869102001190186e-01 5.888774394989013672e-01 9.439653158187866211e-01
5.437499880790710449e-01 4.833333194255828857e-01 4.277499914169311523e-01 4.059999883174896240e-01 5.849999785423278809e-01 6.165000200271606445e-01 5.433108210563659668e-01 4.837483167648315430e-01 4.291903674602508545e-01 4.068281650543212891e-01 5.844992399215698242e-01 7.288697957992553711e-01
5.437499880790710449e-01 4.833333194255828857e-01 4.277499914169311523e-01 4.059999883174896240e-01 5.849999785423278809e-01 9.114999771118164062e-01 5.440300703048706055e-01 4.829029738903045654e-01 4.284501373767852783e-01 4.056548178195953369e-01 5.848652124404907227e-01 9.007712602615356445e-01
5.437499880790710449e-01 4.833333194255828857e-01 4.277499914169311523e-01 4.059999883174896240e-01 5.849999785423278809e-01 2.605000138282775879e-01 5.449935793876647949e-01 4.839539527893066406e-01 4.272426962852478027e-01 4.063872396945953369e-01 5.849045515060424805e-01 2.709299921989440918e-01
5.437499880790710449e-01 4.833333194255828857e-01 4.277499914169311523e-01 4.059999883174896240e-01 5.849999785423278809e-01 4.544999897480010986e-01 5.431352853775024414e-01 4.840802848339080811e-01 4.298633635044097900e-01 4.083388447761535645e-01 5.840612649917602539e-01 5.322625637054443359e-01
5.437499880790710449e-01 4.833333194255828857e-01 4.277499914169311523e-01 4.059999883174896240e-01 5.849999785423278809e-01 4.684999883174896240e-01 5.442717671394348145e-01 4.843463897705078125e-01 4.295258820056915283e-01 4.067824780941009521e-01 5.855422019958496094e-01 4.910924136638641357e-01
5.437499880790710449e-01 4.833333194255828857e-01 4.277499914169311523e-01 4.059999883174896240e-01 5.849999785423278809e-01 3.194999992847442627e-01 5.410246253013610840e-01 4.851637780666351318e-01 4.330098927021026611e-01 4.124971628189086914e-01 5.787309408187866211e-01 4.429280459880828857e-01
5.437499880790710449e-01 4.833333194255828857e-01 4.277499914169311523e-01 4.059999883174896240e-01 5.849999785423278809e-01 3.849999979138374329e-02 5.442816615104675293e-01 4.869537949562072754e-01 4.297229051589965820e-01 4.098825156688690186e-01 5.824310779571533203e-01 2.924361079931259155e-02
5.437499880790710449e-01 4.833333194255828857e-01 4.277499914169311523e-01 4.059999883174896240e-01 5.849999785423278809e-01 2.574999928474426270e-01 5.431268811225891113e-01 4.847818017005920410e-01 4.314878582954406738e-01 4.087640345096588135e-01 5.862174630165100098e-01 3.088503181934356689e-01
5.437499880790710449e-01 4.833333194255828857e-01 4.277499914169311523e-01 4.059999883174896240e-01 5.849999785423278809e-01 8.174999952316284180e-01 5.445846915245056152e-01 4.830049574375152588e-01 4.277775287628173828e-01 4.048301279544830322e-01 5.861849784851074219e-01 8.131060600280761719e-01
5.437499880790710449e-01 4.833333194255828857e-01 4.277499914169311523e-01 4.059999883174896240e-01 5.849999785423278809e-01 3.064999878406524658e-01 5.465692877769470215e-01 4.833748042583465576e-01 4.260074496269226074e-01 4.038314521312713623e-01 5.897380709648132324e-01 2.983552813529968262e-01
5.437499880790710449e-01 4.833333194255828857e-01 4.277499914169311523e-01 4.059999883174896240e-01 5.849999785423278809e-01 4.375000000000000000e-01 5.442119240760803223e-01 4.839780032634735107e-01 4.290962219238281250e-01 4.065808951854705811e-01 5.858104228973388672e-01 4.350409805774688721e-01
5.437499880790710449e-01 4.833333194255828857e-01 4.277499914169311523e-01 4.059999883174896240e-01 5.849999785423278809e-01 7.944999933242797852e-01 5.441198348999023438e-01 4.830144047737121582e-01 4.281941652297973633e-01 4.058327376842498779e-01 5.845141410827636719e-01 8.674618005752563477e-01
5.437499880790710449e-01 4.833333194255828857e-01 4.277499914169311523e-01 4.059999883174896240e-01 5.849999785423278809e-01 3.885000050067901611e-01 5.427135825157165527e-01 4.853816330432891846e-01 4.313628375530242920e-01 4.103181660175323486e-01 5.836129784584045410e-01 3.280580639839172363e-01
5.437499880790710449e-01 4.833333194255828857e-01 4.277499914169311523e-01 4.059999883174896240e-01 5.849999785423278809e-01 1.764999926090240479e-01 5.466186404228210449e-01 4.839280247688293457e-01 4.247951507568359375e-01 4.041256308555603027e-01 5.859532356262207031e-01 2.096790522336959839e-01
5.437499880790710449e-01 4.833333194255828857e-01 4.277499914169311523e-01 4.059999883174896240e-01 5.849999785423278809e-01 1.685000061988830566e-01 5.443446040153503418e-01 4.849003851413726807e-01 4.286383986473083496e-01 4.085612893104553223e-01 5.816974043846130371e-01 1.590039730072021484e-01
5.437499880790710449e-01 4.833333194255828857e-01 4.277499914169311523e-01 4.059999883174896240e-01 5.849999785423278809e-01 2.615000009536743164e-01 5.440627932548522949e-01 4.844571352005004883e-01 4.283996224403381348e-01 4.086232185363769531e-01 5.812590122222900391e-01 2.784983515739440918e-01
5.437499880790710449e-01 4.833333194255828857e-01 4.277499914169311523e-01 4.059999883174896240e-01 5.849999785423278809e-01 1.535000056028366089e-01 5.471198558807373047e-01 4.840356409549713135e-01 4.241349399089813232e-01 4.035402238368988037e-01 5.871187448501586914e-01 1.743041872978210449e-01
5.437499880790710449e-01 4.833333194255828857e-01 4.277499914169311523e-01 4.059999883174896240e-01 5.849999785423278809e-01 6.255000233650207520e-01 5.443592667579650879e-01 4.839500486850738525e-01 4.280662536621093750e-01 4.061737060546875000e-01 5.854511260986328125e-01 6.011375188827514648e-01
5.437499880790710449e-01 4.833333194255828857e-01 4.277499914169311523e-01 4.059999883174896240e-01 5.849999785423278809e-01 6.449999660253524780e-02 5.443149209022521973e-01 4.849757552146911621e-01 4.288586974143981934e-01 4.093088805675506592e-01 5.818510055541992188e-01 1.008530482649803162e-01
5.437499880790710449e-01 4.833333194255828857e-01 4.277499914169311523e-01 4.059999883174896240e-01 5.849999785423278809e-01 7.394999861717224121e-01 5.456187725067138672e-01 4.821521341800689697e-01 4.255878031253814697e-01 4.011394679546356201e-01 5.912545323371887207e-01 8.760524392127990723e-01
5.437499880790710449e-01 4.833333194255828857e-01 4.277499914169311523e-01 4.059999883174896240e-01 5.849999785423278809e-01 6.424999833106994629e-01 5.421566963195800781e-01 4.843797087669372559e-01 4.308888614177703857e-01 4.108496010303497314e-01 5.798164606094360352e-01 5.720034837722778320e-01
5.437499880790710449e-01 4.833333194255828857e-01 4.277499914169311523e-01 4.059999883174896240e-01 5.849999785423278809e-01 7.465000152587890625e-01 5.430037975311279297e-01 4.839166402816772461e-01 4.301674962043762207e-01 4.080092906951904297e-01 5.839067697525024414e-01 7.992231845855712891e-01
5.437499880790710449e-01 4.833333194255828857e-01 4.277499914169311523e-01 4.059999883174896240e-01 5.849999785423278809e-01 5.684999823570251465e-01 5.433980822563171387e-01 4.842469394207000732e-01 4.297772049903869629e-01 4.080907404422760010e-01 5.828406810760498047e-01 5.372349023818969727e-01
5.437499880790710449e-01 4.833333194255828857e-01 4.277499914169311523e-01 4.059999883174896240e-01 5.849999785423278809e-01 8.500000461935997009e-03 5.466535091400146484e-01 4.840109050273895264e-01 4.249105155467987061e-01 4.039311707019805908e-01 5.878649950027465820e-01 1.697395294904708862e-01
5.437499880790710449e-01 4.833333194255828857e-01 4.277499914169311523e-01 4.059999883174896240e-01 5.849999785423278809e-01 7.024999856948852539e-01 5.418986678123474121e-01 4.841114580631256104e-01 4.313332140445709229e-01 4.101102352142333984e-01 5.812326669692993164e-01 6.948910951614379883e-01
5.437499880790710449e-01 4.833333194255828857e-01 4.277499914169311523e-01 4.059999883174896240e-01 5.849999785423278809e-01 7.384999990463256836e-01 5.440202951431274414e-01 4.828512668609619141e-01 4.281638264656066895e-01 4.063420295715332031e-01 5.840444564819335938e-01 7.488107681274414062e-01
5.437499880790710449e-01 4.833333194255828857e-01 4.277499914169311523e-01 4.059999883174896240e-01 5.849999785423278809e-01 2.745000123977661133e-01 5.428789854049682617e-01 4.849853217601776123e-01 4.308821260929107666e-01 4.102116227149963379e-01 5.825576186180114746e-01 2.965865433216094971e-01
5.437499880790710449e-01 4.833333194255828857e-01 4.277499914169311523e-01 4.059999883174896240e-01 5.849999785423278809e-01 8.604999780654907227e-01 5.441684722900390625e-01 4.827530086040496826e-01 4.277105331420898438e-01 4.051936864852905273e-01 5.850364565849304199e-01 8.378065824508666992e-01
5.437499880790710449e-01 4.833333194255828857e-01 4.277499914169311523e-01 4.059999883174896240e-01 5.849999785423278809e-01 6.650000065565109253e-02 5.445198416709899902e-01 4.852288365364074707e-01 4.282091259956359863e-01 4.087966084480285645e-01 5.814509391784667969e-01 1.203200221061706543e-01
5.437499880790710449e-01 4.833333194255828857e-01 4.277499914169311523e-01 4.059999883174896240e-01 5.849999785423278809e-01 1.225000023841857910e-01 5.457084774971008301e-01 4.841318726539611816e-01 4.262540042400360107e-01 4.056089520454406738e-01 5.845349431037902832e-01 2.353124916553497314e-01
5.437499880790710449e-01 4.833333194255828857e-01 4.277499914169311523e-01 4.059999883174896240e-01 5.849999785423278809e-01 5.995000004768371582e-01 5.479763150215148926e-01 4.835148751735687256e-01 4.242689609527587891e-01 3.999148607254028320e-01 5.938387513160705566e-01 6.331312656402587891e-01
5.437499880790710449e-01 4.833333194255828857e-01 4.277499914169311523e-01 4.059999883174896240e-01 5.849999785423278809e-01 9.944999814033508301e-01 5.454161167144775391e-01 4.838702082633972168e-01 4.280494451522827148e-01 4.011267423629760742e-01 5.921245813369750977e-01 9.477229714393615723e-01
5.437499880790710449e-01 4.833333194255828857e-01 4.277499914169311523e-01 4.059999883174896240e-01 5.849999785423278809e-01 6.794999837875366211e-01 5.426419973373413086e-01 4.850971698760986328e-01 4.306980669498443604e-01 4.100104868412017822e-01 5.803303718566894531e-01 7.187533378601074219e-01
5.437499880790710449e-01 4.833333194255828857e-01 4.277499914169311523e-01 4.059999883174896240e-01 5.849999785423278809e-01 1.105000004172325134e-01 5.489844679832458496e-01 4.837231040000915527e-01 4.216144382953643799e-01 3.998651504516601562e-01 5.910818576812744141e-01 1.385508924722671509e-01
5.437499880790710449e-01 4.833333194255828857e-01 4.277499914169311523e-01 4.059999883174896240e-01 5.849999785423278809e-01 6.065000295639038086e-01 5.429938435554504395e-01 4.840107858180999756e-01 4.296989142894744873e-01 4.084300994873046875e-01 5.820608139038085938e-01 6.172019839286804199e-01
5.437499880790710449e-01 4.833333194255828857e-01 4.277499914169311523e-01 4.059999883174896240e-01 5.849999785423278809e-01 8.144999742507934570e-01 5.428007841110229492e-01 4.836939871311187744e-01 4.303216338157653809e-01 4.090836644172668457e-01 5.809872150421142578e-01 8.473873138427734375e-01
5.437499880790710449e-01 4.833333194255828857e-01 4.277499914169311523e-01 4.059999883174896240e-01 5.849999785423278809e-01 2.134999930858612061e-01 5.463481545448303223e-01 4.840446412563323975e-01 4.251743853092193604e-01 4.052721261978149414e-01 5.846912264823913574e-01 2.193133085966110229e-01
5.437499880790710449e-01 4.833333194255828857e-01 4.277499914169311523e-01 4.059999883174896240e-01 5.849999785423278809e-01 8.649999648332595825e-02 5.508257746696472168e-01 4.842849075794219971e-01 4.200618863105773926e-01 3.978119492530822754e-01 5.949594974517822266e-01 4.646696895360946655e-02
5.437499880790710449e-01 4.833333194255828857e-01 4.277499914169311523e-01 4.059999883174896240e-01 5.849999785423278809e-01 1.150000002235174179e-02 5.482353568077087402e-01 4.847538471221923828e-01 4.233399033546447754e-01 4.033075273036956787e-01 5.870280861854553223e-01 8.057665824890136719e-02
5.437499880790710449e-01 4.833333194255828857e-01 4.277499914169311523e-01 4.059999883174896240e-01 5.849999785423278809e-01 9.585000276565551758e-01 5.436683297157287598e-01 4.845037162303924561e-01 4.314055144786834717e-01 4.031782746315002441e-01 5.930160284042358398e-01 9.594464302062988281e-01
5.437499880790710449e-01 4.833333194255828857e-01 4.277499914169311523e-01 4.059999883174896240e-01 5.849999785423278809e-01 2.664999961853027344e-01 5.466162562370300293e-01 4.841662347316741943e-01 4.248521924018859863e-01 4.044855833053588867e-01 5.856108665466308594e-01 1.721201390027999878e-01
5.437499880790710449e-01 4.833333194255828857e-01 4.277499914169311523e-01 4.059999883174896240e-01 5.849999785423278809e-01 8.125000000000000000e-01 5.449905395507812500e-01 4.828890860080718994e-01 4.270277917385101318e-01 4.027460515499114990e-01 5.887520313262939453e-01 8.549362421035766602e-01
5.437499880790710449e-01 4.833333194255828857e-01 4.277499914169311523e-01 4.059999883174896240e-01 5.849999785423278809e-01 9.574999809265136719e-01 5.435021519660949707e-01 4.831234216690063477e-01 4.286050200462341309e-01 4.043523371219635010e-01 5.882005691528320312e-01 9.407483339309692383e-01
5.437499880790710449e-01 4.833333194255828857e-01 4.277499914169311523e-01 4.059999883174896240e-01 5.849999785423278809e-01 2.775000035762786865e-01 5.465718507766723633e-01 4.837067127227783203e-01 4.252807199954986572e-01 4.036995172500610352e-01 5.875093936920166016e-01 3.328884541988372803e-01
5.437499880790710449e-01 4.833333194255828857e-01 4.277499914169311523e-01 4.059999883174896240e-01 5.849999785423278809e-01 2.384999990463256836e-01 5.474171042442321777e-01 4.837595820426940918e-01 4.238227009773254395e-01 4.027861952781677246e-01 5.881564021110534668e-01 2.435283511877059937e-01
5.437499880790710449e-01 4.833333194255828857e-01 4.277499914169311523e-01 4.059999883174896240e-01 5.849999785423278809e-01 5.634999871253967285e-01 5.424119234085083008e-01 4.845998883247375488e-01 4.315193295478820801e-01 4.093927145004272461e-01 5.844112634658813477e-01 5.709173679351806641e-01
5.437499880790710449e-01 4.833333194255828857e-01 4.277499914169311523e-01 4.059999883174896240e-01 5.849999785423278809e-01 2.449999935925006866e-02 5.429401397705078125e-01 4.857883155345916748e-01 4.309360086917877197e-01 4.108395278453826904e-01 5.816050171852111816e-01 9.510628879070281982e-02
5.437499880790710449e-01 4.833333194255828857e-01 4.277499914169311523e-01 4.059999883174896240e-01 5.849999785423278809e-01 4.949999973177909851e-02 5.461362004280090332e-01 4.858673214912414551e-01 4.266213178634643555e-01 4.058924317359924316e-01 5.867609381675720215e-01 4.327925667166709900e-02
5.437499880790710449e-01 4.833333194255828857e-01 4.277499914169311523e-01 4.059999883174896240e-01 5.849999785423278809e-01 5.975000262260437012e-01 5.441757440567016602e-01 4.835114181041717529e-01 4.280931949615478516e-01 4.072211086750030518e-01 5.826165676116943359e-01 6.267306208610534668e-01
5.437499880790710449e-01 4.833333194255828857e-01 4.277499914169311523e-01 4.059999883174896240e-01 5.849999785423278809e-01 2.335000038146972656e-01 5.428743362426757812e-01 4.849033057689666748e-01 4.306570589542388916e-01 4.104516804218292236e-01 5.805413126945495605e-01 2.694676816463470459e-01
5.437499880790710449e-01 4.833333194255828857e-01 4.277499914169311523e-01 4.059999883174896240e-01 5.849999785423278809e-01 2.565000057220458984e-01 5.468156933784484863e-01 4.837378263473510742e-01 4.244782924652099609e-01 4.032651782035827637e-01 5.884202718734741211e-01 1.748768836259841919e-01
5.437499880790710449e-01 4.833333194255828857e-01 4.277499914169311523e-01 4.059999883174896240e-01 5.849999785423278809e-01 1.774999946355819702e-01 5.484253764152526855e-01 4.841136932373046875e-01 4.225572943687438965e-01 4.021729230880737305e-01 5.878747701644897461e-01 1.555390805006027222e-01
5.437499880790710449e-01 4.833333194255828857e-01 4.277499914169311523e-01 4.059999883174896240e-01 5.849999785423278809e-01 5.615000128746032715e-01 5.444006323814392090e-01 4.838023185729980469e-01 4.284721612930297852e-01 4.064103662967681885e-01 5.842949151992797852e-01 5.889818668365478516e-01
5.437499880790710449e-01 4.833333194255828857e-01 4.277499914169311523e-01 4.059999883174896240e-01 5.849999785423278809e-01 9.455000162124633789e-01 5.437720417976379395e-01 4.817789494991302490e-01 4.288375377655029297e-01 4.041973352432250977e-01 5.882860422134399414e-01 9.850055575370788574e-01
5.437499880790710449e-01 4.833333194255828857e-01 4.277499914169311523e-01 4.059999883174896240e-01 5.849999785423278809e-01 1.350000035017728806e-02 5.454970598220825195e-01 4.852085709571838379e-01 4.275757074356079102e-01 4.075806140899658203e-01 5.837564468383789062e-01 5.665395036339759827e-02
5.437499880790710449e-01 4.833333194255828857e-01 4.277499914169311523e-01 4.059999883174896240e-01 5.849999785423278809e-01 1.944999992847442627e-01 5.467882156372070312e-01 4.847354590892791748e-01 4.252651333808898926e-01 4.048185944557189941e-01 5.857490301132202148e-01 1.241455152630805969e-01
5.437499880790710449e-01 4.833333194255828857e-01 4.277499914169311523e-01 4.059999883174896240e-01 5.849999785423278809e-01 1.745000034570693970e-01 5.457652211189270020e-01 4.841709733009338379e-01 4.263089895248413086e-01 4.050935804843902588e-01 5.864189267158508301e-01 2.223519682884216309e-01
5.437499880790710449e-01 4.833333194255828857e-01 4.277499914169311523e-01 4.059999883174896240e-01 5.849999785423278809e-01 1.934999972581863403e-01 5.504984259605407715e-01 4.832827746868133545e-01 4.193504750728607178e-01 3.979756832122802734e-01 5.928996205329895020e-01 1.526427417993545532e-01
5.437499880790710449e-01 4.833333194255828857e-01 4.277499914169311523e-01 4.059999883174896240e-01 5.849999785423278809e-01 7.705000042915344238e-01 5.437922477722167969e-01 4.834137856960296631e-01 4.294469952583312988e-01 4.060759544372558594e-01 5.857440233230590820e-01 7.626308798789978027e-01
5.437499880790710449e-01 4.833333194255828857e-01 4.277499914169311523e-01 4.059999883174896240e-01 5.849999785423278809e-01 1.994999945163726807e-01 5.445636510848999023e-01 4.851206839084625244e-01 4.283704459667205811e-01 4.082752466201782227e-01 5.835127830505371094e-01 9.958547353744506836e-02
5.437499880790710449e-01 4.833333194255828857e-01 4.277499914169311523e-01 4.059999883174896240e-01 5.849999785423278809e-01 4.345000088214874268e-01 5.446359515190124512e-01 4.841018617153167725e-01 4.278207421302795410e-01 4.060098528861999512e-01 5.869641900062561035e-01 3.933215439319610596e-01
