1.083974987268447876e-01 7.824605107307434082e-01 1.283230036497116089e-01 8.469774723052978516e-01 7.821302413940429688e-01 9.846647381782531738e-01 3.239319920539855957e-01 3.917345404624938965e-02 6.432127952575683594e-01 3.120324388146400452e-02 7.264935374259948730e-01 9.791755676269531250e-01 7.375980019569396973e-01 5.288210511207580566e-01
9.728350043296813965e-01 1.728146672248840332e-01 3.561397492885589600e-01 8.527474999427795410e-01 2.137182503938674927e-01 9.482091665267944336e-01 8.089429736137390137e-01 8.394823670387268066e-01 2.528716623783111572e-01 6.845340132713317871e-01 8.004108071327209473e-01 1.794923543930053711e-01 6.501594185829162598e-01 7.447137236595153809e-01
4.182874858379364014e-01 4.612033367156982422e-01 7.349099963903427124e-02 7.383800148963928223e-01 1.558504998683929443e-01 5.213742256164550781e-01 8.444640040397644043e-01 3.773436844348907471e-01 5.025510191917419434e-01 2.443830966949462891e-01 6.424956321716308594e-01 1.314535737037658691e-01 4.954778254032135010e-01 6.086702346801757812e-01
1.477124989032745361e-01 7.612910270690917969e-01 7.669077515602111816e-01 8.615375310182571411e-02 2.658597528934478760e-01 6.681354641914367676e-01 5.808043479919433594e-01 1.313052773475646973e-01 5.749731063842773438e-01 5.828731060028076172e-01 1.826330274343490601e-01 2.612790465354919434e-01 6.468695998191833496e-01 3.666878640651702881e-01
1.374125033617019653e-01 5.233963131904602051e-01 5.068612694740295410e-01 4.987154901027679443e-01 1.879700087010860443e-02 5.285377502441406250e-01 6.129043102264404297e-01 7.650691270828247070e-02 6.130537390708923340e-01 6.343060135841369629e-01 4.977596402168273926e-01 5.017013475298881531e-02 5.695667862892150879e-01 5.034627318382263184e-01
1.382649987936019897e-01 4.242379963397979736e-01 3.870057463645935059e-01 2.739222645759582520e-01 1.535300016403198242e-01 8.454275727272033691e-01 6.823347806930541992e-01 8.305111527442932129e-02 6.303952932357788086e-01 5.612390637397766113e-01 2.557209432125091553e-01 9.012304246425628662e-02 6.711454987525939941e-01 4.206709861755371094e-01
4.109925031661987305e-01 6.649144887924194336e-01 8.350780010223388672e-01 9.475824832916259766e-01 4.614642560482025146e-01 5.095159411430358887e-01 3.747733309864997864e-02 3.573524951934814453e-01 5.369964838027954102e-01 6.042484045028686523e-01 8.720193505287170410e-01 5.044409036636352539e-01 3.511448502540588379e-01 4.681689441204071045e-01
1.445074975490570068e-01 4.729340076446533203e-01 7.897175103425979614e-02 8.761600255966186523e-01 3.548862636089324951e-01 5.823444724082946777e-01 3.159376680850982666e-01 1.093229725956916809e-01 5.752725601196289062e-01 6.473705917596817017e-02 8.913376927375793457e-01 4.019906818866729736e-01 4.585357904434204102e-01 8.250153064727783203e-01
4.449824988842010498e-01 1.730004996061325073e-01 1.919837445020675659e-01 8.914049863815307617e-01 4.474482536315917969e-01 1.133459582924842834e-01 3.014020025730133057e-01 5.028338432312011719e-01 3.666419386863708496e-01 5.231483578681945801e-01 5.682174563407897949e-01 4.908474385738372803e-01 4.472013413906097412e-01 4.582904875278472900e-01
3.660899996757507324e-01 2.527939975261688232e-01 7.037402391433715820e-01 5.978599786758422852e-01 6.748697757720947266e-01 7.463386654853820801e-01 2.581023275852203369e-01 3.417132496833801270e-01 2.575889527797698975e-01 7.269041538238525391e-01 6.441640257835388184e-01 7.143287062644958496e-01 6.018528342247009277e-01 5.033516287803649902e-01
1.640650033950805664e-01 2.728306651115417480e-01 5.832762718200683594e-01 5.042325258255004883e-01 4.812425076961517334e-01 8.335813879966735840e-02 5.751573443412780762e-01 1.840424984693527222e-01 3.614103794097900391e-01 7.354850172996520996e-01 5.690454840660095215e-01 4.473319649696350098e-01 4.706105589866638184e-01 4.828684031963348389e-01
3.520975112915039062e-01 3.082848191261291504e-01 7.619307637214660645e-01 2.474567443132400513e-01 8.176295161247253418e-01 9.469219446182250977e-01 7.358211278915405273e-01 2.998612523078918457e-01 3.077488243579864502e-01 5.563528537750244141e-01 4.526596367359161377e-01 7.864249944686889648e-01 6.201025247573852539e-01 5.287774801254272461e-01
3.882024884223937988e-01 2.249021679162979126e-01 6.726797223091125488e-01 9.212700128555297852e-01 6.600842475891113281e-01 5.994726419448852539e-01 2.185086607933044434e-01 4.086795449256896973e-01 2.352978885173797607e-01 7.102601528167724609e-01 7.255795001983642578e-01 6.991291046142578125e-01 6.387216448783874512e-01 5.797813534736633301e-01
1.979175060987472534e-01 6.752796769142150879e-01 4.547674953937530518e-02 7.874624729156494141e-01 5.690722465515136719e-01 2.273631244897842407e-01 9.522694349288940430e-01 1.484406143426895142e-01 7.039455771446228027e-01 4.730574041604995728e-02 9.179189801216125488e-01 4.713063836097717285e-01 3.838689923286437988e-01 8.029651045799255371e-01
9.506275057792663574e-01 6.128249764442443848e-01 1.361224949359893799e-01 7.617350220680236816e-01 9.079587459564208984e-01 9.126816391944885254e-01 9.433433413505554199e-01 6.900107264518737793e-01 4.950800836086273193e-01 3.132613897323608398e-01 6.093606352806091309e-01 7.349929809570312500e-01 4.950462281703948975e-01 6.311569809913635254e-01
8.382124900817871094e-01 2.278251647949218750e-01 3.118360042572021484e-01 9.864724874496459961e-01 7.571529746055603027e-01 6.595295071601867676e-01 2.587586641311645508e-01 8.241555690765380859e-01 3.507467508316040039e-01 5.831832289695739746e-01 7.045120000839233398e-01 7.663605213165283203e-01 5.244645476341247559e-01 4.213019013404846191e-01
2.096750028431415558e-02 3.860625028610229492e-01 2.796250022947788239e-02 2.733870148658752441e-01 9.157245159149169922e-01 5.558437108993530273e-01 5.390610098838806152e-01 6.447035074234008789e-02 5.859047174453735352e-01 7.825291156768798828e-02 4.681440591812133789e-01 9.542747735977172852e-01 7.127613425254821777e-01 4.513474404811859131e-01
1.999824941158294678e-01 4.529278278350830078e-01 1.536564975976943970e-01 5.150550007820129395e-01 2.908100001513957977e-02 4.583289027214050293e-01 5.162556767463684082e-01 1.981436014175415039e-01 5.201109051704406738e-01 2.923367917537689209e-01 4.686344861984252930e-01 6.642695516347885132e-02 6.092554330825805664e-01 5.712734460830688477e-01
2.710725069046020508e-01 5.734021663665771484e-01 3.155847489833831787e-01 5.611975193023681641e-01 6.579167246818542480e-01 1.268856525421142578e-01 2.591633424162864685e-02 3.891073465347290039e-01 6.247088313102722168e-01 3.891891539096832275e-01 6.073405146598815918e-01 7.629486322402954102e-01 4.244487285614013672e-01 5.118213295936584473e-01
6.583349704742431641e-01 3.264728188514709473e-01 1.187812536954879761e-01 7.566974759101867676e-01 1.733645051717758179e-01 5.806132405996322632e-02 2.242893278598785400e-01 7.309716343879699707e-01 5.347273945808410645e-01 4.096111953258514404e-01 5.093783140182495117e-01 2.017074972391128540e-01 3.616495728492736816e-01 4.432578086853027344e-01
6.271250247955322266e-01 1.996716707944869995e-01 8.539312481880187988e-01 7.863399982452392578e-01 3.019177615642547607e-01 6.361659765243530273e-01 9.492045044898986816e-01 6.607978343963623047e-01 2.261321991682052612e-01 6.897116303443908691e-01 8.210372924804687500e-01 2.074917852878570557e-01 6.346729397773742676e-01 7.846104502677917480e-01
3.915224969387054443e-01 4.399886727333068848e-01 3.655945062637329102e-01 6.860575079917907715e-01 7.004935145378112793e-01 8.386942744255065918e-02 3.685076534748077393e-01 4.542758166790008545e-01 5.041396021842956543e-01 5.722377896308898926e-01 6.412850022315979004e-01 6.931519508361816406e-01 4.028680920600891113e-01 3.904826045036315918e-01
9.969300031661987305e-01 1.853153407573699951e-01 5.946162343025207520e-01 3.194234967231750488e-01 6.363099813461303711e-02 1.232825219631195068e-01 3.152573406696319580e-01 9.321529269218444824e-01 2.563973367214202881e-01 7.890914082527160645e-01 6.044576764106750488e-01 1.033096089959144592e-01 7.302392721176147461e-01 6.185607314109802246e-01
7.612250000238418579e-02 6.363673210144042969e-01 3.854382634162902832e-01 1.954012513160705566e-01 8.093104958534240723e-01 5.679041147232055664e-01 5.694033205509185791e-02 7.966622710227966309e-02 6.767048835754394531e-01 4.045248329639434814e-01 1.807086169719696045e-01 9.679355025291442871e-01 4.738392829895019531e-01 2.928815186023712158e-01
4.052499774843454361e-03 4.715193212032318115e-01 8.828007578849792480e-01 7.200124859809875488e-01 7.454494833946228027e-01 2.316546440124511719e-01 9.594941139221191406e-01 5.177582614123821259e-03 5.453326106071472168e-01 9.562642574310302734e-01 9.880906343460083008e-01 7.372773885726928711e-01 3.183974027633666992e-01 8.367066979408264160e-01
7.798550128936767578e-01 4.261656701564788818e-01 2.231547534465789795e-01 9.638224840164184570e-01 8.622482419013977051e-01 3.938568830490112305e-01 6.200990080833435059e-01 6.810798048973083496e-01 4.765591621398925781e-01 5.555686950683593750e-01 8.241432309150695801e-01 7.855545878410339355e-01 4.089983701705932617e-01 4.306623637676239014e-01
5.774924755096435547e-01 4.571650028228759766e-01 1.816727519035339355e-01 2.390747517347335815e-01 7.880027294158935547e-01 5.546672940254211426e-01 4.587976634502410889e-01 5.458031296730041504e-01 5.358834266662597656e-01 2.814007699489593506e-01 4.024016559123992920e-01 7.952665090560913086e-01 4.698293805122375488e-01 5.472376942634582520e-01
1.284125000238418579e-01 1.719155013561248779e-01 5.350260138511657715e-01 2.646502554416656494e-01 8.763049840927124023e-01 5.629256367683410645e-01 3.499099984765052795e-02 1.101283654570579529e-01 3.218163251876831055e-01 7.862715125083923340e-01 3.883989453315734863e-01 8.875608444213867188e-01 5.678735971450805664e-01 3.255605101585388184e-01
2.356700003147125244e-01 5.783045291900634766e-01 5.420337319374084473e-01 6.593250036239624023e-01 6.885660290718078613e-01 7.283633351325988770e-01 1.879143267869949341e-01 3.046603500843048096e-01 5.465940833091735840e-01 5.682803392410278320e-01 4.600270390510559082e-01 7.556841373443603516e-01 4.569802880287170410e-01 3.902539908885955811e-01
7.788749933242797852e-01 1.939969956874847412e-01 7.486305236816406250e-01 8.033400028944015503e-02 7.285297513008117676e-01 6.470609307289123535e-01 3.644200041890144348e-02 7.242420315742492676e-01 3.027245104312896729e-01 5.804294943809509277e-01 4.028946757316589355e-01 7.466885447502136230e-01 5.604518055915832520e-01 3.802777826786041260e-01
2.172224968671798706e-01 5.670261383056640625e-01 8.740835189819335938e-01 9.835324883460998535e-01 9.697797298431396484e-01 9.299288988113403320e-01 4.750596582889556885e-01 1.886719465255737305e-01 4.895662963390350342e-01 8.273746967315673828e-01 8.840603232383728027e-01 9.649727940559387207e-01 5.100604295730590820e-01 4.058537781238555908e-01
2.780900001525878906e-01 1.792176663875579834e-01 9.288704991340637207e-01 6.176350116729736328e-01 9.227149933576583862e-02 5.913984775543212891e-01 9.506603479385375977e-01 2.837870419025421143e-01 2.407648116350173950e-01 7.793475389480590820e-01 6.170686483383178711e-01 4.306302219629287720e-02 7.010231018066406250e-01 7.945370674133300781e-01
1.180450022220611572e-01 5.258161425590515137e-01 3.197174891829490662e-02 3.379600048065185547e-01 1.635382473468780518e-01 3.489731252193450928e-01 4.183226525783538818e-01 1.451115012168884277e-01 5.579340457916259766e-01 4.415481537580490112e-02 2.889139950275421143e-01 1.879317611455917358e-01 5.606010556221008301e-01 5.433760285377502441e-01
9.668574929237365723e-01 1.919428259134292603e-01 6.263830065727233887e-01 8.953624963760375977e-01 9.742457270622253418e-01 7.615771889686584473e-01 1.582150012254714966e-01 9.102016687393188477e-01 2.316873073577880859e-01 7.004495859146118164e-01 7.529719471931457520e-01 9.231629371643066406e-01 6.750959753990173340e-01 2.898243367671966553e-01
7.883725166320800781e-01 6.593629717826843262e-01 8.596755266189575195e-01 2.987412512302398682e-01 7.223179936408996582e-01 4.795535206794738770e-01 9.717208743095397949e-01 7.655632495880126953e-01 4.690571725368499756e-01 4.111487865447998047e-01 5.337844491004943848e-01 6.294721961021423340e-01 4.563724696636199951e-01 5.390869975090026855e-01
5.113499760627746582e-01 2.378431707620620728e-01 3.455624878406524658e-01 2.148524969816207886e-01 8.313295245170593262e-01 2.577446401119232178e-01 6.638646721839904785e-01 5.619771480560302734e-01 3.745635747909545898e-01 4.376093149185180664e-01 3.428781330585479736e-01 8.013335466384887695e-01 5.254366993904113770e-01 4.891121685504913330e-01
4.319350123405456543e-01 2.201023399829864502e-01 2.271544933319091797e-01 2.004617452621459961e-01 7.734645009040832520e-01 1.259227246046066284e-01 8.821533918380737305e-01 4.562402665615081787e-01 3.980912268161773682e-01 4.918366074562072754e-01 4.048677980899810791e-01 6.492421030998229980e-01 4.707308411598205566e-01 4.449998736381530762e-01
8.557350039482116699e-01 3.413478434085845947e-01 6.399185061454772949e-01 4.771282374858856201e-01 2.543214857578277588e-01 6.311722993850708008e-01 6.887222528457641602e-01 8.569863438606262207e-01 3.688099682331085205e-01 6.476966142654418945e-01 5.571432113647460938e-01 2.428463101387023926e-01 5.675106048583984375e-01 5.298092961311340332e-01
1.987649947404861450e-01 2.743841707706451416e-01 9.119752645492553711e-01 9.380350112915039062e-01 6.959974765777587891e-01 3.948940336704254150e-01 7.560707330703735352e-01 1.790511608123779297e-01 2.490550130605697632e-01 8.447285294532775879e-01 9.233546853065490723e-01 7.056262493133544922e-01 5.430837273597717285e-01 6.960090994834899902e-01
2.044575065374374390e-01 6.246816515922546387e-01 3.054497539997100830e-01 6.257774829864501953e-01 8.180882334709167480e-01 8.765958249568939209e-02 9.826537370681762695e-01 2.661776840686798096e-01 5.992286801338195801e-01 3.298343420028686523e-01 7.106065154075622559e-01 6.412979364395141602e-01 4.347874820232391357e-01 6.200324892997741699e-01
2.229599952697753906e-01 5.477301478385925293e-01 1.433512568473815918e-01 7.683675289154052734e-01 2.172455042600631714e-01 8.682365417480468750e-01 6.173650026321411133e-01 1.999945193529129028e-01 5.839270949363708496e-01 1.578998118638992310e-01 5.403520464897155762e-01 2.162702828645706177e-01 5.473507642745971680e-01 5.877436995506286621e-01
3.643549978733062744e-01 8.031976819038391113e-01 6.656810045242309570e-01 1.120777502655982971e-01 2.856124937534332275e-02 5.675760507583618164e-01 7.655128836631774902e-01 3.133944869041442871e-01 5.256650447845458984e-01 3.837116658687591553e-01 3.422735929489135742e-01 7.332219183444976807e-02 6.201238632202148438e-01 5.064671039581298828e-01
4.651749879121780396e-02 7.589908242225646973e-01 3.930207490921020508e-01 1.136192530393600464e-01 9.063389897346496582e-01 3.170475661754608154e-01 4.703536629676818848e-01 6.755622476339340210e-02 7.054573297500610352e-01 2.776556909084320068e-01 2.055203467607498169e-01 9.941490888595581055e-01 4.412996768951416016e-01 2.644245326519012451e-01
2.768650054931640625e-01 3.343124985694885254e-01 1.403087526559829712e-01 9.292724728584289551e-01 6.357747316360473633e-01 5.279412865638732910e-01 7.147667407989501953e-01 2.776861786842346191e-01 5.239434838294982910e-01 2.733834385871887207e-01 8.833358883857727051e-01 5.846015810966491699e-01 4.586771428585052490e-01 7.663483023643493652e-01
2.720350027084350586e-01 8.071784973144531250e-01 8.371084928512573242e-01 4.278457462787628174e-01 8.059327602386474609e-01 8.791138529777526855e-01 5.675200223922729492e-01 2.900719642639160156e-01 6.044116616249084473e-01 4.114457070827484131e-01 3.457733392715454102e-01 8.942844271659851074e-01 4.710514843463897705e-01 4.397822916507720947e-01
3.933550119400024414e-01 7.792611718177795410e-01 2.256225049495697021e-01 4.539837539196014404e-01 9.645607471466064453e-01 5.436675548553466797e-01 9.842261672019958496e-01 3.866433203220367432e-01 6.248361468315124512e-01 1.488577127456665039e-01 4.611027538776397705e-01 7.956435680389404297e-01 4.276830554008483887e-01 5.960409641265869141e-01
7.293300032615661621e-01 2.239926606416702271e-01 4.996367394924163818e-01 4.466232359409332275e-01 4.925682544708251953e-01 9.836612939834594727e-01 9.378047585487365723e-01 5.763298869132995605e-01 3.307433426380157471e-01 6.079764366149902344e-01 4.527750015258789062e-01 3.226349949836730957e-01 5.867485404014587402e-01 5.256805419921875000e-01
5.996025204658508301e-01 2.187239974737167358e-01 2.859387397766113281e-01 6.319125294685363770e-01 7.379267215728759766e-01 7.215978503227233887e-01 7.927479743957519531e-01 5.405631661415100098e-01 3.531379401683807373e-01 4.389570653438568115e-01 4.517134428024291992e-01 6.464538574218750000e-01 5.020983219146728516e-01 5.296095609664916992e-01
4.364775121212005615e-01 5.137766599655151367e-01 9.151265025138854980e-01 7.698475122451782227e-01 8.470377326011657715e-01 1.177074760198593140e-01 1.468826681375503540e-01 4.745241701602935791e-01 3.908612430095672607e-01 7.212063670158386230e-01 7.636579275131225586e-01 8.670546412467956543e-01 4.984780550003051758e-01 3.958039283752441406e-01
5.189650058746337891e-01 2.451331615447998047e-01 6.070244908332824707e-01 7.364624738693237305e-01 9.460164904594421387e-01 6.749446392059326172e-01 2.121790051460266113e-01 5.810471773147583008e-01 3.305341303348541260e-01 6.461341977119445801e-01 5.107570886611938477e-01 9.025278091430664062e-01 5.532365441322326660e-01 3.168444633483886719e-01
4.176250100135803223e-02 2.605246603488922119e-01 8.082550168037414551e-01 7.088400125503540039e-01 9.726099669933319092e-02 8.720312118530273438e-01 5.954156517982482910e-01 1.454120874404907227e-02 2.155003547668457031e-01 9.214684963226318359e-01 7.950233817100524902e-01 6.704854220151901245e-02 6.351118683815002441e-01 7.493559718132019043e-01
9.917999804019927979e-02 8.105639815330505371e-01 9.747987389564514160e-01 7.417950034141540527e-02 1.971040070056915283e-01 8.333922028541564941e-01 1.052133366465568542e-02 8.793952316045761108e-02 6.442064642906188965e-01 6.585525274276733398e-01 1.611757278442382812e-01 2.239595949649810791e-01 6.823810935020446777e-01 3.265349864959716797e-01
2.817200124263763428e-01 2.428318262100219727e-01 6.349735260009765625e-01 5.497174859046936035e-01 5.123487710952758789e-01 2.889033406972885132e-02 4.576143324375152588e-01 3.650710284709930420e-01 2.826932370662689209e-01 5.801863670349121094e-01 4.396699368953704834e-01 5.414199233055114746e-01 5.664542317390441895e-01 4.960921108722686768e-01
9.314125180244445801e-01 2.637443244457244873e-01 5.814767479896545410e-01 2.277624979615211487e-02 8.870834708213806152e-01 3.887223303318023682e-01 6.581820249557495117e-01 8.182100653648376465e-01 2.969194352626800537e-01 5.741589665412902832e-01 3.897469639778137207e-01 8.200513720512390137e-01 5.937289595603942871e-01 3.759919703006744385e-01
1.661400049924850464e-01 6.121063232421875000e-01 9.414732456207275391e-01 3.537087440490722656e-01 2.443282455205917358e-01 5.430192947387695312e-01 2.133366614580154419e-01 1.403490006923675537e-01 5.425707101821899414e-01 7.148227095603942871e-01 3.485667109489440918e-01 2.626096010208129883e-01 5.265771150588989258e-01 3.730166554450988770e-01
1.802050024271011353e-01 4.150078296661376953e-01 3.737749904394149780e-02 1.352314949035644531e-01 7.568194866180419922e-01 6.386690586805343628e-02 7.936084270477294922e-01 3.095116615295410156e-01 5.180551409721374512e-01 1.430290490388870239e-01 2.418221980333328247e-01 7.345805764198303223e-01 4.778614342212677002e-01 5.276810526847839355e-01
3.538450002670288086e-01 1.902383267879486084e-01 2.484862506389617920e-01 5.129550099372863770e-01 3.490292429924011230e-01 5.120608806610107422e-01 6.247966736555099487e-02 3.921629190444946289e-01 3.606615960597991943e-01 5.152781009674072266e-01 4.145476222038269043e-01 3.752091526985168457e-01 5.024269819259643555e-01 4.463976323604583740e-01
9.908249974250793457e-02 3.643186688423156738e-01 3.800162374973297119e-01 4.586944878101348877e-01 9.990582466125488281e-01 2.283266633749008179e-01 8.083066344261169434e-02 1.461568325757980347e-01 5.827411413192749023e-01 6.455075144767761230e-01 5.158928036689758301e-01 9.678070545196533203e-01 4.484332799911499023e-01 2.802774310111999512e-01
6.312825083732604980e-01 2.546228468418121338e-01 5.712372660636901855e-01 3.460980057716369629e-01 6.178572773933410645e-01 4.528657495975494385e-01 1.277023404836654663e-01 7.138465642929077148e-01 2.672101855278015137e-01 6.527113318443298340e-01 3.068577051162719727e-01 6.220260858535766602e-01 6.517486572265625000e-01 3.482196033000946045e-01
8.352324962615966797e-01 5.909068584442138672e-01 7.283250093460083008e-01 4.879472553730010986e-01 6.768722534179687500e-01 8.085382580757141113e-01 3.966679871082305908e-01 7.985687255859375000e-01 2.610178291797637939e-01 6.362912654876708984e-01 4.430920481681823730e-01 7.262784838676452637e-01 6.291337013244628906e-01 3.863682746887207031e-01
6.403974890708923340e-01 1.812776625156402588e-01 7.186290025711059570e-01 1.826110035181045532e-01 9.235674738883972168e-01 1.713234335184097290e-01 7.629056572914123535e-01 5.457928776741027832e-01 4.373648464679718018e-01 5.948229432106018066e-01 6.200911998748779297e-01 7.827684879302978516e-01 4.381844699382781982e-01 3.725272715091705322e-01
8.996000289916992188e-01 6.043524742126464844e-01 7.848539948463439941e-01 4.169670045375823975e-01 3.107174932956695557e-01 1.276740431785583496e-01 4.606069922447204590e-01 9.143713116645812988e-01 4.511480033397674561e-01 6.081811785697937012e-01 5.624511837959289551e-01 3.469534516334533691e-01 4.639339745044708252e-01 4.368597567081451416e-01
6.259425282478332520e-01 3.014331758022308350e-01 1.485912501811981201e-01 4.580957591533660889e-01 7.705637216567993164e-01 8.267338275909423828e-01 2.553633451461791992e-01 5.806719660758972168e-01 4.963441491127014160e-01 3.002152144908905029e-01 3.788315653800964355e-01 7.494548559188842773e-01 4.856056272983551025e-01 5.398396849632263184e-01
4.539249837398529053e-02 6.400160193443298340e-01 1.193045005202293396e-01 2.625067532062530518e-01 2.417974919080734253e-02 8.794419169425964355e-01 3.599239885807037354e-01 3.187354281544685364e-02 6.933970451354980469e-01 7.036054879426956177e-02 6.506147980690002441e-02 5.767865478992462158e-02 9.109956026077270508e-01 3.587208688259124756e-01
3.900099992752075195e-01 2.739291787147521973e-01 3.150264918804168701e-01 3.430207371711730957e-01 1.287014931440353394e-01 9.063737392425537109e-01 5.168513059616088867e-01 3.131800889968872070e-01 4.705221354961395264e-01 4.442634880542755127e-01 3.432545661926269531e-01 1.074881032109260559e-01 6.106651425361633301e-01 4.961681663990020752e-01
2.522799968719482422e-01 6.224631667137145996e-01 8.469499647617340088e-03 3.744035065174102783e-01 6.552180051803588867e-01 2.078589946031570435e-01 1.057523339986801147e-01 3.021215200424194336e-01 6.682077646255493164e-01 7.448738813400268555e-02 4.863695502281188965e-01 7.960208058357238770e-01 3.942316770553588867e-01 6.215535998344421387e-01
4.019599854946136475e-01 4.681201577186584473e-01 5.185887217521667480e-01 3.967222571372985840e-01 2.856342494487762451e-01 2.351643443107604980e-01 5.484333261847496033e-02 4.317423999309539795e-01 4.518130123615264893e-01 4.664443433284759521e-01 5.207765698432922363e-01 3.490906059741973877e-01 4.573481380939483643e-01 4.442289471626281738e-01
4.709349870681762695e-01 3.548451662063598633e-01 7.789080142974853516e-01 1.375962495803833008e-01 1.834249943494796753e-01 8.134646415710449219e-01 4.403123259544372559e-01 4.738624095916748047e-01 3.561241924762725830e-01 6.339649558067321777e-01 2.511593401432037354e-01 1.562212556600570679e-01 6.753805875778198242e-01 5.015838742256164551e-01
7.619249820709228516e-01 5.623946785926818848e-01 7.566737532615661621e-01 5.573624968528747559e-01 1.388995051383972168e-01 9.981855750083923340e-01 3.868726789951324463e-01 8.380705714225769043e-01 4.049939811229705811e-01 6.763797998428344727e-01 4.518638253211975098e-01 1.493996828794479370e-01 5.783513188362121582e-01 5.012180209159851074e-01
6.806275248527526855e-01 6.559263467788696289e-01 7.233687639236450195e-01 5.689550042152404785e-01 3.091317415237426758e-01 4.911198019981384277e-01 1.333433296531438828e-02 8.011716604232788086e-01 4.076038599014282227e-01 6.135861873626708984e-01 4.333822727203369141e-01 3.540446758270263672e-01 5.289490818977355957e-01 4.259611368179321289e-01
8.034999668598175049e-02 8.062493205070495605e-01 4.360064864158630371e-01 7.908400297164916992e-01 3.615710139274597168e-01 4.221536219120025635e-01 8.304058909416198730e-01 4.755519703030586243e-02 7.637076973915100098e-01 4.270470440387725830e-01 8.822841048240661621e-01 3.905057311058044434e-01 4.156062304973602295e-01 7.153826951980590820e-01
1.074424982070922852e-01 3.771494925022125244e-01 7.191944718360900879e-01 7.471150159835815430e-01 2.170749939978122711e-02 7.507810741662979126e-02 2.692546546459197998e-01 1.252051442861557007e-01 4.436677992343902588e-01 7.151792645454406738e-01 6.458525657653808594e-01 6.173324584960937500e-02 5.007922053337097168e-01 5.815534591674804688e-01
6.814774870872497559e-01 3.800818324089050293e-01 3.593422472476959229e-01 6.565399765968322754e-01 4.243335127830505371e-01 1.351579725742340088e-01 1.919530034065246582e-01 7.441057562828063965e-01 4.329455792903900146e-01 4.939863681793212891e-01 5.618054270744323730e-01 5.261101722717285156e-01 4.376136064529418945e-01 4.566949605941772461e-01
1.500625014305114746e-01 5.123521685600280762e-01 1.863054931163787842e-01 7.742224633693695068e-02 5.120747685432434082e-01 8.886257410049438477e-01 1.990929991006851196e-01 1.517719775438308716e-01 5.674189329147338867e-01 3.085641264915466309e-01 1.361697316169738770e-01 5.239225029945373535e-01 6.622068881988525391e-01 3.928921222686767578e-01
3.339149951934814453e-01 4.823488295078277588e-01 9.623647332191467285e-01 4.525727629661560059e-01 6.711884737014770508e-01 8.217902779579162598e-01 1.188416630029678345e-01 3.818435668945312500e-01 4.050295650959014893e-01 6.525429487228393555e-01 5.163376331329345703e-01 7.331743836402893066e-01 4.692548513412475586e-01 3.694031536579132080e-01
