5.437499880790710449e-01 4.833333194255828857e-01 4.277499914169311523e-01 4.059999883174896240e-01 5.849999785423278809e-01 1.215000003576278687e-01 5.444950461387634277e-01 5.002362728118896484e-01 4.188800752162933350e-01 4.115935862064361572e-01 5.711528658866882324e-01 1.554650664329528809e-01
5.437499880790710449e-01 4.833333194255828857e-01 4.277499914169311523e-01 4.059999883174896240e-01 5.849999785423278809e-01 8.734999895095825195e-01 5.604648590087890625e-01 4.767345190048217773e-01 3.984724879264831543e-01 3.922832608222961426e-01 6.097469329833984375e-01 9.498465657234191895e-01
5.437499880790710449e-01 4.833333194255828857e-01 4.277499914169311523e-01 4.059999883174896240e-01 5.849999785423278809e-01 1.350000035017728806e-02 5.383995771408081055e-01 4.876041412353515625e-01 4.320359528064727783e-01 3.976604044437408447e-01 5.773100256919860840e-01 6.705291569232940674e-02
5.437499880790710449e-01 4.833333194255828857e-01 4.277499914169311523e-01 4.059999883174896240e-01 5.849999785423278809e-01 5.504999756813049316e-01 5.421620011329650879e-01 4.773641824722290039e-01 4.291233420372009277e-01 4.075710475444793701e-01 5.794274210929870605e-01 5.782387852668762207e-01
5.437499880790710449e-01 4.833333194255828857e-01 4.277499914169311523e-01 4.059999883174896240e-01 5.849999785423278809e-01 9.394999742507934570e-01 5.628302693367004395e-01 4.750821292400360107e-01 3.936954736709594727e-01 3.714645802974700928e-01 6.043870449066162109e-01 9.483695030212402344e-01
5.437499880790710449e-01 4.833333194255828857e-01 4.277499914169311523e-01 4.059999883174896240e-01 5.849999785423278809e-01 2.745000123977661133e-01 5.393368601799011230e-01 4.837421178817749023e-01 4.344411790370941162e-01 4.226362705230712891e-01 5.728304386138916016e-01 4.044208526611328125e-01
5.437499880790710449e-01 4.833333194255828857e-01 4.277499914169311523e-01 4.059999883174896240e-01 5.849999785423278809e-01 6.165000200271606445e-01 5.472685694694519043e-01 4.824549257755279541e-01 4.265573918819427490e-01 4.099248647689819336e-01 5.909785628318786621e-01 6.900837421417236328e-01
5.437499880790710449e-01 4.833333194255828857e-01 4.277499914169311523e-01 4.059999883174896240e-01 5.849999785423278809e-01 7.814999818801879883e-01 5.482682585716247559e-01 4.810856580734252930e-01 4.151691794395446777e-01 3.986451327800750732e-01 5.847945809364318848e-01 7.059069275856018066e-01
5.437499880790710449e-01 4.833333194255828857e-01 4.277499914169311523e-01 4.059999883174896240e-01 5.849999785423278809e-01 3.774999976158142090e-01 5.429294705390930176e-01 4.852480888366699219e-01 4.362717568874359131e-01 4.136130213737487793e-01 5.715414285659790039e-01 3.576626479625701904e-01
5.437499880790710449e-01 4.833333194255828857e-01 4.277499914169311523e-01 4.059999883174896240e-01 5.849999785423278809e-01 8.500000461935997009e-03 5.352196097373962402e-01 4.870576262474060059e-01 4.395557343959808350e-01 4.192404747009277344e-01 5.700773000717163086e-01 1.475038528442382812e-01
5.437499880790710449e-01 4.833333194255828857e-01 4.277499914169311523e-01 4.059999883174896240e-01 5.849999785423278809e-01 1.554999947547912598e-01 5.452197790145874023e-01 4.925037622451782227e-01 4.304723739624023438e-01 3.961973190307617188e-01 5.872849822044372559e-01 1.594389528036117554e-01
5.437499880790710449e-01 4.833333194255828857e-01 4.277499914169311523e-01 4.059999883174896240e-01 5.849999785423278809e-01 1.574999988079071045e-01 5.391892790794372559e-01 4.864211976528167725e-01 4.370611310005187988e-01 3.978698253631591797e-01 5.729748010635375977e-01 1.316304355859756470e-01
5.437499880790710449e-01 4.833333194255828857e-01 4.277499914169311523e-01 4.059999883174896240e-01 5.849999785423278809e-01 4.584999978542327881e-01 5.474325418472290039e-01 4.864408373832702637e-01 4.257923364639282227e-01 3.950763642787933350e-01 5.839408040046691895e-01 4.890956282615661621e-01
5.437499880790710449e-01 4.833333194255828857e-01 4.277499914169311523e-01 4.059999883174896240e-01 5.849999785423278809e-01 4.174999892711639404e-01 5.415105819702148438e-01 4.822794795036315918e-01 4.346515834331512451e-01 4.034651517868041992e-01 5.794165730476379395e-01 4.734614491462707520e-01
5.437499880790710449e-01 4.833333194255828857e-01 4.277499914169311523e-01 4.059999883174896240e-01 5.849999785423278809e-01 2.615000009536743164e-01 5.415024757385253906e-01 4.874651134014129639e-01 4.372431635856628418e-01 4.111433923244476318e-01 5.708085298538208008e-01 2.977069914340972900e-01
5.437499880790710449e-01 4.833333194255828857e-01 4.277499914169311523e-01 4.059999883174896240e-01 5.849999785423278809e-01 8.349999785423278809e-02 5.424927473068237305e-01 4.909982085227966309e-01 4.325080513954162598e-01 3.930917084217071533e-01 5.855387449264526367e-01 2.899905107915401459e-02
5.437499880790710449e-01 4.833333194255828857e-01 4.277499914169311523e-01 4.059999883174896240e-01 5.849999785423278809e-01 5.845000147819519043e-01 5.415701270103454590e-01 4.762445688247680664e-01 4.312208890914916992e-01 4.087190926074981689e-01 5.763873457908630371e-01 5.527172684669494629e-01
5.437499880790710449e-01 4.833333194255828857e-01 4.277499914169311523e-01 4.059999883174896240e-01 5.849999785423278809e-01 5.435000061988830566e-01 5.412617921829223633e-01 4.823231697082519531e-01 4.316526949405670166e-01 4.118589460849761963e-01 5.778227448463439941e-01 5.415871739387512207e-01
5.437499880790710449e-01 4.833333194255828857e-01 4.277499914169311523e-01 4.059999883174896240e-01 5.849999785423278809e-01 2.635000050067901611e-01 5.441440939903259277e-01 4.908002018928527832e-01 4.299852550029754639e-01 3.981033563613891602e-01 5.627898573875427246e-01 2.890670597553253174e-01
5.437499880790710449e-01 4.833333194255828857e-01 4.277499914169311523e-01 4.059999883174896240e-01 5.849999785423278809e-01 6.154999732971191406e-01 5.504782199859619141e-01 4.788030982017517090e-01 4.273682534694671631e-01 4.022892713546752930e-01 5.959190130233764648e-01 6.568117141723632812e-01
5.437499880790710449e-01 4.833333194255828857e-01 4.277499914169311523e-01 4.059999883174896240e-01 5.849999785423278809e-01 4.084999859333038330e-01 5.378462076187133789e-01 4.851619899272918701e-01 4.388530254364013672e-01 4.241133332252502441e-01 5.648618340492248535e-01 3.941863775253295898e-01
5.437499880790710449e-01 4.833333194255828857e-01 4.277499914169311523e-01 4.059999883174896240e-01 5.849999785423278809e-01 4.684999883174896240e-01 5.439273715019226074e-01 4.802101254463195801e-01 4.268636405467987061e-01 3.949983716011047363e-01 5.733677744865417480e-01 4.677188694477081299e-01
5.437499880790710449e-01 4.833333194255828857e-01 4.277499914169311523e-01 4.059999883174896240e-01 5.849999785423278809e-01 2.845000028610229492e-01 5.432379841804504395e-01 4.845566451549530029e-01 4.371947944164276123e-01 4.029410183429718018e-01 5.683141350746154785e-01 3.149849772453308105e-01
5.437499880790710449e-01 4.833333194255828857e-01 4.277499914169311523e-01 4.059999883174896240e-01 5.849999785423278809e-01 1.105000004172325134e-01 5.462501645088195801e-01 4.905065596103668213e-01 4.315850436687469482e-01 3.973550498485565186e-01 5.822979211807250977e-01 1.360207200050354004e-01
5.437499880790710449e-01 4.833333194255828857e-01 4.277499914169311523e-01 4.059999883174896240e-01 5.849999785423278809e-01 6.294999718666076660e-01 5.465828180313110352e-01 4.839893579483032227e-01 4.293040633201599121e-01 4.202606976032257080e-01 5.811569094657897949e-01 5.902860164642333984e-01
