5.189650058746337891e-01 2.451331615447998047e-01 6.070244908332824707e-01 7.364624738693237305e-01 9.460164904594421387e-01 6.749446392059326172e-01 2.121790051460266113e-01 6.209634542465209961e-01 3.472937643527984619e-01 6.318933367729187012e-01 5.727683901786804199e-01 9.367255568504333496e-01 6.564021706581115723e-01 3.698329329490661621e-01
4.364775121212005615e-01 5.137766599655151367e-01 9.151265025138854980e-01 7.698475122451782227e-01 8.470377326011657715e-01 1.177074760198593140e-01 1.468826681375503540e-01 4.399470686912536621e-01 4.609435200691223145e-01 6.965008974075317383e-01 7.590193748474121094e-01 8.934044837951660156e-01 3.519905209541320801e-01 2.942638695240020752e-01
5.113499760627746582e-01 2.378431707620620728e-01 3.455624878406524658e-01 2.148524969816207886e-01 8.313295245170593262e-01 2.577446401119232178e-01 6.638646721839904785e-01 5.708739757537841797e-01 3.688972294330596924e-01 4.527128636837005615e-01 4.482223689556121826e-01 8.199533224105834961e-01 6.635587811470031738e-01 6.006120443344116211e-01
4.019599854946136475e-01 4.681201577186584473e-01 5.185887217521667480e-01 3.967222571372985840e-01 2.856342494487762451e-01 2.351643443107604980e-01 5.484333261847496033e-02 4.426021277904510498e-01 4.721492230892181396e-01 5.182594656944274902e-01 4.999291896820068359e-01 3.397396802902221680e-01 3.733020424842834473e-01 3.713209033012390137e-01
4.449824988842010498e-01 1.730004996061325073e-01 1.919837445020675659e-01 8.914049863815307617e-01 4.474482536315917969e-01 1.133459582924842834e-01 3.014020025730133057e-01 5.173344612121582031e-01 3.708072602748870850e-01 5.600233078002929688e-01 5.513095259666442871e-01 4.921422600746154785e-01 4.273926317691802979e-01 3.952760994434356689e-01
2.356700003147125244e-01 5.783045291900634766e-01 5.420337319374084473e-01 6.593250036239624023e-01 6.885660290718078613e-01 7.283633351325988770e-01 1.879143267869949341e-01 3.112358748912811279e-01 5.151429176330566406e-01 4.882892966270446777e-01 4.846847653388977051e-01 7.961087822914123535e-01 4.651182293891906738e-01 4.343446791172027588e-01
2.768650054931640625e-01 3.343124985694885254e-01 1.403087526559829712e-01 9.292724728584289551e-01 6.357747316360473633e-01 5.279412865638732910e-01 7.147667407989501953e-01 3.511491715908050537e-01 5.143172144889831543e-01 2.018246203660964966e-01 8.079189658164978027e-01 7.155566215515136719e-01 5.477568507194519043e-01 7.734680771827697754e-01
1.382649987936019897e-01 4.242379963397979736e-01 3.870057463645935059e-01 2.739222645759582520e-01 1.535300016403198242e-01 8.454275727272033691e-01 6.823347806930541992e-01 7.229842245578765869e-02 5.355655550956726074e-01 5.458572506904602051e-01 3.478267788887023926e-01 1.316189169883728027e-01 6.340517997741699219e-01 4.886764287948608398e-01
9.668574929237365723e-01 1.919428259134292603e-01 6.263830065727233887e-01 8.953624963760375977e-01 9.742457270622253418e-01 7.615771889686584473e-01 1.582150012254714966e-01 8.821232318878173828e-01 2.961038053035736084e-01 7.082337737083435059e-01 7.608907818794250488e-01 9.073781967163085938e-01 5.171275138854980469e-01 2.457656264305114746e-01
2.720350027084350586e-01 8.071784973144531250e-01 8.371084928512573242e-01 4.278457462787628174e-01 8.059327602386474609e-01 8.791138529777526855e-01 5.675200223922729492e-01 2.947146594524383545e-01 5.822471380233764648e-01 3.876042068004608154e-01 3.442761600017547607e-01 9.526044130325317383e-01 5.932340621948242188e-01 4.443967938423156738e-01
8.996000289916992188e-01 6.043524742126464844e-01 7.848539948463439941e-01 4.169670045375823975e-01 3.107174932956695557e-01 1.276740431785583496e-01 4.606069922447204590e-01 9.568523764610290527e-01 5.409286618232727051e-01 5.881623029708862305e-01 5.259245038032531738e-01 3.487232625484466553e-01 3.232858479022979736e-01 3.336117863655090332e-01
9.969300031661987305e-01 1.853153407573699951e-01 5.946162343025207520e-01 3.194234967231750488e-01 6.363099813461303711e-02 1.232825219631195068e-01 3.152573406696319580e-01 9.455105066299438477e-01 1.336587965488433838e-01 7.603868246078491211e-01 5.517453551292419434e-01 6.379857659339904785e-02 5.972603559494018555e-01 6.580802202224731445e-01
4.709349870681762695e-01 3.548451662063598633e-01 7.789080142974853516e-01 1.375962495803833008e-01 1.834249943494796753e-01 8.134646415710449219e-01 4.403123259544372559e-01 4.624682366847991943e-01 3.023637235164642334e-01 6.529600620269775391e-01 1.889085024595260620e-01 1.804554909467697144e-01 6.701502799987792969e-01 4.132789969444274902e-01
1.979175060987472534e-01 6.752796769142150879e-01 4.547674953937530518e-02 7.874624729156494141e-01 5.690722465515136719e-01 2.273631244897842407e-01 9.522694349288940430e-01 1.608108431100845337e-01 7.221724987030029297e-01 5.205264687538146973e-02 8.630462884902954102e-01 5.465747117996215820e-01 3.421806097030639648e-01 7.941890954971313477e-01
1.083974987268447876e-01 7.824605107307434082e-01 1.283230036497116089e-01 8.469774723052978516e-01 7.821302413940429688e-01 9.846647381782531738e-01 3.239319920539855957e-01 3.934254404157400131e-03 7.402639389038085938e-01 8.632221072912216187e-02 5.159378517419099808e-03 9.033228158950805664e-01 8.199041485786437988e-01 2.592276334762573242e-01
4.182874858379364014e-01 4.612033367156982422e-01 7.349099963903427124e-02 7.383800148963928223e-01 1.558504998683929443e-01 5.213742256164550781e-01 8.444640040397644043e-01 3.998316824436187744e-01 5.562866330146789551e-01 2.685347199440002441e-01 6.490722894668579102e-01 1.001308560371398926e-01 4.058452248573303223e-01 5.577608942985534668e-01
6.806275248527526855e-01 6.559263467788696289e-01 7.233687639236450195e-01 5.689550042152404785e-01 3.091317415237426758e-01 4.911198019981384277e-01 1.333433296531438828e-02 8.318895101547241211e-01 4.656145572662353516e-01 5.557458400726318359e-01 4.427068531513214111e-01 3.886386454105377197e-01 3.942865133285522461e-01 3.231517970561981201e-01
9.314125180244445801e-01 2.637443244457244873e-01 5.814767479896545410e-01 2.277624979615211487e-02 8.870834708213806152e-01 3.887223303318023682e-01 6.581820249557495117e-01 8.032864332199096680e-01 3.339761793613433838e-01 5.196304917335510254e-01 3.854471445083618164e-01 8.244051933288574219e-01 6.864129304885864258e-01 5.090962648391723633e-01
1.802050024271011353e-01 4.150078296661376953e-01 3.737749904394149780e-02 1.352314949035644531e-01 7.568194866180419922e-01 6.386690586805343628e-02 7.936084270477294922e-01 2.630417644977569580e-01 5.551573634147644043e-01 1.832551360130310059e-01 2.790663838386535645e-01 7.467822432518005371e-01 5.108251571655273438e-01 4.795217514038085938e-01
9.506275057792663574e-01 6.128249764442443848e-01 1.361224949359893799e-01 7.617350220680236816e-01 9.079587459564208984e-01 9.126816391944885254e-01 9.433433413505554199e-01 7.688107490539550781e-01 4.332638680934906006e-01 2.846266627311706543e-01 6.175963878631591797e-01 8.135371804237365723e-01 6.483617424964904785e-01 7.332061529159545898e-01
1.374125033617019653e-01 5.233963131904602051e-01 5.068612694740295410e-01 4.987154901027679443e-01 1.879700087010860443e-02 5.285377502441406250e-01 6.129043102264404297e-01 8.336165547370910645e-02 5.213194489479064941e-01 5.587418079376220703e-01 5.058879852294921875e-01 4.673352465033531189e-02 5.646165013313293457e-01 5.228309631347656250e-01
3.538450002670288086e-01 1.902383267879486084e-01 2.484862506389617920e-01 5.129550099372863770e-01 3.490292429924011230e-01 5.120608806610107422e-01 6.247966736555099487e-02 3.911994993686676025e-01 3.997667133808135986e-01 5.366314649581909180e-01 3.580582737922668457e-01 3.771398663520812988e-01 5.063998103141784668e-01 3.852957487106323242e-01
2.044575065374374390e-01 6.246816515922546387e-01 3.054497539997100830e-01 6.257774829864501953e-01 8.180882334709167480e-01 8.765958249568939209e-02 9.826537370681762695e-01 2.587013840675354004e-01 5.609570741653442383e-01 3.269155025482177734e-01 6.334079504013061523e-01 6.690043807029724121e-01 4.039119482040405273e-01 5.741593241691589355e-01
6.312825083732604980e-01 2.546228468418121338e-01 5.712372660636901855e-01 3.460980057716369629e-01 6.178572773933410645e-01 4.528657495975494385e-01 1.277023404836654663e-01 6.905454397201538086e-01 3.393682241439819336e-01 6.097544431686401367e-01 3.434648513793945312e-01 6.412642002105712891e-01 5.715596079826354980e-01 3.053299486637115479e-01
3.643549978733062744e-01 8.031976819038391113e-01 6.656810045242309570e-01 1.120777502655982971e-01 2.856124937534332275e-02 5.675760507583618164e-01 7.655128836631774902e-01 2.804178297519683838e-01 5.300644636154174805e-01 3.854295015335083008e-01 3.718538582324981689e-01 3.719696030020713806e-02 5.672151446342468262e-01 4.725461006164550781e-01
2.172224968671798706e-01 5.670261383056640625e-01 8.740835189819335938e-01 9.835324883460998535e-01 9.697797298431396484e-01 9.299288988113403320e-01 4.750596582889556885e-01 1.879756003618240356e-01 5.114422440528869629e-01 7.770138978958129883e-01 8.038022518157958984e-01 9.908149838447570801e-01 5.837913155555725098e-01 3.295223116874694824e-01
2.780900001525878906e-01 1.792176663875579834e-01 9.288704991340637207e-01 6.176350116729736328e-01 9.227149933576583862e-02 5.913984775543212891e-01 9.506603479385375977e-01 3.648082017898559570e-01 2.498100996017456055e-01 6.810933947563171387e-01 6.110200285911560059e-01 1.576853170990943909e-02 6.548198461532592773e-01 8.031148314476013184e-01
2.522799968719482422e-01 6.224631667137145996e-01 8.469499647617340088e-03 3.744035065174102783e-01 6.552180051803588867e-01 2.078589946031570435e-01 1.057523339986801147e-01 2.605747580528259277e-01 6.758280992507934570e-01 1.057955622673034668e-01 4.986734986305236816e-01 8.309354782104492188e-01 3.869922459125518799e-01 5.547061562538146973e-01
7.293300032615661621e-01 2.239926606416702271e-01 4.996367394924163818e-01 4.466232359409332275e-01 4.925682544708251953e-01 9.836612939834594727e-01 9.378047585487365723e-01 6.451184153556823730e-01 3.054297566413879395e-01 5.972511768341064453e-01 4.334188997745513916e-01 3.994406461715698242e-01 5.072081685066223145e-01 4.089878797531127930e-01
8.557350039482116699e-01 3.413478434085845947e-01 6.399185061454772949e-01 4.771282374858856201e-01 2.543214857578277588e-01 6.311722993850708008e-01 6.887222528457641602e-01 8.905592560768127441e-01 3.641153872013092041e-01 6.022800207138061523e-01 5.341520309448242188e-01 2.570267021656036377e-01 4.640082418918609619e-01 4.573464393615722656e-01
1.284125000238418579e-01 1.719155013561248779e-01 5.350260138511657715e-01 2.646502554416656494e-01 8.763049840927124023e-01 5.629256367683410645e-01 3.499099984765052795e-02 6.548535823822021484e-02 2.834782004356384277e-01 8.175603151321411133e-01 4.257561862468719482e-01 9.290646910667419434e-01 6.185506582260131836e-01 2.676848173141479492e-01
9.908249974250793457e-02 3.643186688423156738e-01 3.800162374973297119e-01 4.586944878101348877e-01 9.990582466125488281e-01 2.283266633749008179e-01 8.083066344261169434e-02 9.129031002521514893e-02 6.232790350914001465e-01 6.575195193290710449e-01 4.498459100723266602e-01 9.939973354339599609e-01 5.610033273696899414e-01 2.734660506248474121e-01
2.229599952697753906e-01 5.477301478385925293e-01 1.433512568473815918e-01 7.683675289154052734e-01 2.172455042600631714e-01 8.682365417480468750e-01 6.173650026321411133e-01 2.130945771932601929e-01 5.026679039001464844e-01 1.116782352328300476e-01 6.007284522056579590e-01 3.018193840980529785e-01 6.691749095916748047e-01 7.500719428062438965e-01
1.445074975490570068e-01 4.729340076446533203e-01 7.897175103425979614e-02 8.761600255966186523e-01 3.548862636089324951e-01 5.823444724082946777e-01 3.159376680850982666e-01 1.150749921798706055e-01 5.848098397254943848e-01 1.007590368390083313e-01 7.775061726570129395e-01 4.577888846397399902e-01 5.654123425483703613e-01 7.803421020507812500e-01
2.710725069046020508e-01 5.734021663665771484e-01 3.155847489833831787e-01 5.611975193023681641e-01 6.579167246818542480e-01 1.268856525421142578e-01 2.591633424162864685e-02 3.355241119861602783e-01 5.739212036132812500e-01 3.936187624931335449e-01 5.987328886985778809e-01 7.571970224380493164e-01 3.513602018356323242e-01 4.480428695678710938e-01
5.774924755096435547e-01 4.571650028228759766e-01 1.816727519035339355e-01 2.390747517347335815e-01 7.880027294158935547e-01 5.546672940254211426e-01 4.587976634502410889e-01 5.516132116317749023e-01 5.289484262466430664e-01 1.988032609224319458e-01 4.006963670253753662e-01 8.319920301437377930e-01 5.849336981773376465e-01 5.952525138854980469e-01
1.661400049924850464e-01 6.121063232421875000e-01 9.414732456207275391e-01 3.537087440490722656e-01 2.443282455205917358e-01 5.430192947387695312e-01 2.133366614580154419e-01 1.715302914381027222e-01 4.180726706981658936e-01 6.451607346534729004e-01 3.849245905876159668e-01 3.629256784915924072e-01 5.399618744850158691e-01 4.204828739166259766e-01
6.271250247955322266e-01 1.996716707944869995e-01 8.539312481880187988e-01 7.863399982452392578e-01 3.019177615642547607e-01 6.361659765243530273e-01 9.492045044898986816e-01 7.359198331832885742e-01 1.683173626661300659e-01 6.931570768356323242e-01 7.143180370330810547e-01 2.264989763498306274e-01 5.017659068107604980e-01 6.124224662780761719e-01
9.728350043296813965e-01 1.728146672248840332e-01 3.561397492885589600e-01 8.527474999427795410e-01 2.137182503938674927e-01 9.482091665267944336e-01 8.089429736137390137e-01 8.820617198944091797e-01 2.054315805435180664e-01 6.667951345443725586e-01 7.228015065193176270e-01 1.566850095987319946e-01 5.112479329109191895e-01 6.272380948066711426e-01
3.882024884223937988e-01 2.249021679162979126e-01 6.726797223091125488e-01 9.212700128555297852e-01 6.600842475891113281e-01 5.994726419448852539e-01 2.185086607933044434e-01 4.147255420684814453e-01 2.071075439453125000e-01 7.595402002334594727e-01 7.348241209983825684e-01 7.193641662597656250e-01 5.320805907249450684e-01 3.792328536510467529e-01
3.339149951934814453e-01 4.823488295078277588e-01 9.623647332191467285e-01 4.525727629661560059e-01 6.711884737014770508e-01 8.217902779579162598e-01 1.188416630029678345e-01 3.908823132514953613e-01 3.433825075626373291e-01 6.276087760925292969e-01 5.250188112258911133e-01 7.158322334289550781e-01 5.410153269767761230e-01 4.075964093208312988e-01
8.352324962615966797e-01 5.909068584442138672e-01 7.283250093460083008e-01 4.879472553730010986e-01 6.768722534179687500e-01 8.085382580757141113e-01 3.966679871082305908e-01 7.470653057098388672e-01 3.409524261951446533e-01 5.990082025527954102e-01 4.409418404102325439e-01 6.887991428375244141e-01 5.701490640640258789e-01 3.347947597503662109e-01
8.382124900817871094e-01 2.278251647949218750e-01 3.118360042572021484e-01 9.864724874496459961e-01 7.571529746055603027e-01 6.595295071601867676e-01 2.587586641311645508e-01 8.473561406135559082e-01 3.539150357246398926e-01 5.182982683181762695e-01 5.833955407142639160e-01 7.950190901756286621e-01 6.226897239685058594e-01 5.151008367538452148e-01
7.883725166320800781e-01 6.593629717826843262e-01 8.596755266189575195e-01 2.987412512302398682e-01 7.223179936408996582e-01 4.795535206794738770e-01 9.717208743095397949e-01 7.396847605705261230e-01 4.791139066219329834e-01 3.912783265113830566e-01 5.630397200584411621e-01 6.045348048210144043e-01 4.397613704204559326e-01 5.126183629035949707e-01
1.180450022220611572e-01 5.258161425590515137e-01 3.197174891829490662e-02 3.379600048065185547e-01 1.635382473468780518e-01 3.489731252193450928e-01 4.183226525783538818e-01 1.231577470898628235e-01 5.271013379096984863e-01 9.438520669937133789e-02 3.132866919040679932e-01 2.203449308872222900e-01 6.744790077209472656e-01 6.042096018791198730e-01
7.798550128936767578e-01 4.261656701564788818e-01 2.231547534465789795e-01 9.638224840164184570e-01 8.622482419013977051e-01 3.938568830490112305e-01 6.200990080833435059e-01 6.901358366012573242e-01 4.898316562175750732e-01 4.844497442245483398e-01 7.883185744285583496e-01 8.106569051742553711e-01 3.789877891540527344e-01 4.855635166168212891e-01
2.096750028431415558e-02 3.860625028610229492e-01 2.796250022947788239e-02 2.733870148658752441e-01 9.157245159149169922e-01 5.558437108993530273e-01 5.390610098838806152e-01 1.452567055821418762e-02 6.804875135421752930e-01 1.365962624549865723e-01 1.572763733565807343e-02 8.999959230422973633e-01 7.527874112129211426e-01 2.993232905864715576e-01
1.640650033950805664e-01 2.728306651115417480e-01 5.832762718200683594e-01 5.042325258255004883e-01 4.812425076961517334e-01 8.335813879966735840e-02 5.751573443412780762e-01 2.229311913251876831e-01 3.582964241504669189e-01 6.731233000755310059e-01 4.488530755043029785e-01 4.925177693367004395e-01 4.786472916603088379e-01 3.961040079593658447e-01
1.500625014305114746e-01 5.123521685600280762e-01 1.863054931163787842e-01 7.742224633693695068e-02 5.120747685432434082e-01 8.886257410049438477e-01 1.990929991006851196e-01 1.269287467002868652e-01 5.519160628318786621e-01 2.899216115474700928e-01 1.363216191530227661e-01 5.593348145484924316e-01 6.251136660575866699e-01 3.818767964839935303e-01
6.403974890708923340e-01 1.812776625156402588e-01 7.186290025711059570e-01 1.826110035181045532e-01 9.235674738883972168e-01 1.713234335184097290e-01 7.629056572914123535e-01 5.295817255973815918e-01 4.271031320095062256e-01 6.190457344055175781e-01 5.997457504272460938e-01 7.839102149009704590e-01 3.899804055690765381e-01 3.057473897933959961e-01
3.933550119400024414e-01 7.792611718177795410e-01 2.256225049495697021e-01 4.539837539196014404e-01 9.645607471466064453e-01 5.436675548553466797e-01 9.842261672019958496e-01 3.927330970764160156e-01 6.142890453338623047e-01 7.392182946205139160e-02 4.838957190513610840e-01 8.886056542396545410e-01 6.496973633766174316e-01 7.424883246421813965e-01
1.987649947404861450e-01 2.743841707706451416e-01 9.119752645492553711e-01 9.380350112915039062e-01 6.959974765777587891e-01 3.948940336704254150e-01 7.560707330703735352e-01 2.133220881223678589e-01 1.794297844171524048e-01 8.094692230224609375e-01 8.057804703712463379e-01 7.156755924224853516e-01 5.911197662353515625e-01 5.433381795883178711e-01
3.900099992752075195e-01 2.739291787147521973e-01 3.150264918804168701e-01 3.430207371711730957e-01 1.287014931440353394e-01 9.063737392425537109e-01 5.168513059616088867e-01 3.381673693656921387e-01 4.554257988929748535e-01 4.626880884170532227e-01 3.363428115844726562e-01 1.059119105339050293e-01 5.807983875274658203e-01 4.588713049888610840e-01
2.817200124263763428e-01 2.428318262100219727e-01 6.349735260009765625e-01 5.497174859046936035e-01 5.123487710952758789e-01 2.889033406972885132e-02 4.576143324375152588e-01 3.710067570209503174e-01 2.551122307777404785e-01 6.768127083778381348e-01 4.509756565093994141e-01 5.486992597579956055e-01 5.792205929756164551e-01 4.468621015548706055e-01
7.788749933242797852e-01 1.939969956874847412e-01 7.486305236816406250e-01 8.033400028944015503e-02 7.285297513008117676e-01 6.470609307289123535e-01 3.644200041890144348e-02 6.508691906929016113e-01 4.259304404258728027e-01 5.560408234596252441e-01 5.155669450759887695e-01 6.668561697006225586e-01 4.022194445133209229e-01 3.158022463321685791e-01
4.109925031661987305e-01 6.649144887924194336e-01 8.350780010223388672e-01 9.475824832916259766e-01 4.614642560482025146e-01 5.095159411430358887e-01 3.747733309864997864e-02 4.258688688278198242e-01 5.545811057090759277e-01 5.716998577117919922e-01 8.557336330413818359e-01 5.158200263977050781e-01 2.617340385913848877e-01 4.254732131958007812e-01
9.917999804019927979e-02 8.105639815330505371e-01 9.747987389564514160e-01 7.417950034141540527e-02 1.971040070056915283e-01 8.333922028541564941e-01 1.052133366465568542e-02 7.898256182670593262e-02 5.607077479362487793e-01 5.898391604423522949e-01 2.275675088167190552e-01 2.918255329132080078e-01 6.306415200233459473e-01 3.761997222900390625e-01
3.660899996757507324e-01 2.527939975261688232e-01 7.037402391433715820e-01 5.978599786758422852e-01 6.748697757720947266e-01 7.463386654853820801e-01 2.581023275852203369e-01 3.420669138431549072e-01 2.676121592521667480e-01 6.905019879341125488e-01 5.203756690025329590e-01 7.023628950119018555e-01 5.604618787765502930e-01 3.873776495456695557e-01
1.477124989032745361e-01 7.612910270690917969e-01 7.669077515602111816e-01 8.615375310182571411e-02 2.658597528934478760e-01 6.681354641914367676e-01 5.808043479919433594e-01 1.243643164634704590e-01 5.252267718315124512e-01 5.404482483863830566e-01 2.784748971462249756e-01 3.345190882682800293e-01 6.104440093040466309e-01 4.281134009361267090e-01
4.052499774843454361e-03 4.715193212032318115e-01 8.828007578849792480e-01 7.200124859809875488e-01 7.454494833946228027e-01 2.316546440124511719e-01 9.594941139221191406e-01 2.098028082400560379e-03 6.154613494873046875e-01 8.925232291221618652e-01 8.452717661857604980e-01 6.068971157073974609e-01 3.348515331745147705e-01 6.933318376541137695e-01
1.074424982070922852e-01 3.771494925022125244e-01 7.191944718360900879e-01 7.471150159835815430e-01 2.170749939978122711e-02 7.507810741662979126e-02 2.692546546459197998e-01 1.361337900161743164e-01 3.595138192176818848e-01 7.046888470649719238e-01 7.297009229660034180e-01 6.069622561335563660e-02 3.649032115936279297e-01 4.881891012191772461e-01
1.999824941158294678e-01 4.529278278350830078e-01 1.536564975976943970e-01 5.150550007820129395e-01 2.908100001513957977e-02 4.583289027214050293e-01 5.162556767463684082e-01 1.713650077581405640e-01 5.164113044738769531e-01 3.902603089809417725e-01 5.629741549491882324e-01 5.243362486362457275e-02 5.275062918663024902e-01 5.707049965858459473e-01
4.539249837398529053e-02 6.400160193443298340e-01 1.193045005202293396e-01 2.625067532062530518e-01 2.417974919080734253e-02 8.794419169425964355e-01 3.599239885807037354e-01 5.455487873405218124e-03 7.786360979080200195e-01 8.367174118757247925e-02 1.094301417469978333e-01 2.408002316951751709e-02 8.955758213996887207e-01 3.474164009094238281e-01
6.583349704742431641e-01 3.264728188514709473e-01 1.187812536954879761e-01 7.566974759101867676e-01 1.733645051717758179e-01 5.806132405996322632e-02 2.242893278598785400e-01 7.838024497032165527e-01 4.906385838985443115e-01 4.578240811824798584e-01 4.507292211055755615e-01 1.610704511404037476e-01 4.033459424972534180e-01 4.216295778751373291e-01
7.612250000238418579e-02 6.363673210144042969e-01 3.854382634162902832e-01 1.954012513160705566e-01 8.093104958534240723e-01 5.679041147232055664e-01 5.694033205509185791e-02 5.363892763853073120e-02 6.958898901939392090e-01 4.373393058776855469e-01 8.997950702905654907e-02 9.938986301422119141e-01 5.292530655860900879e-01 2.170054167509078979e-01
3.520975112915039062e-01 3.082848191261291504e-01 7.619307637214660645e-01 2.474567443132400513e-01 8.176295161247253418e-01 9.469219446182250977e-01 7.358211278915405273e-01 3.712529242038726807e-01 2.995278835296630859e-01 5.629391074180603027e-01 5.289760231971740723e-01 8.038994669914245605e-01 7.060575485229492188e-01 6.745789647102355957e-01
4.176250100135803223e-02 2.605246603488922119e-01 8.082550168037414551e-01 7.088400125503540039e-01 9.726099669933319092e-02 8.720312118530273438e-01 5.954156517982482910e-01 3.701176494359970093e-03 2.916806042194366455e-01 9.168710112571716309e-01 6.129267215728759766e-01 3.571646660566329956e-02 6.446834206581115723e-01 6.289080977439880371e-01
6.814774870872497559e-01 3.800818324089050293e-01 3.593422472476959229e-01 6.565399765968322754e-01 4.243335127830505371e-01 1.351579725742340088e-01 1.919530034065246582e-01 7.325507998466491699e-01 4.550374448299407959e-01 5.404905676841735840e-01 5.621089935302734375e-01 4.695693254470825195e-01 3.371394872665405273e-01 3.368251621723175049e-01
8.034999668598175049e-02 8.062493205070495605e-01 4.360064864158630371e-01 7.908400297164916992e-01 3.615710139274597168e-01 4.221536219120025635e-01 8.304058909416198730e-01 4.240643233060836792e-02 6.924115419387817383e-01 4.471302032470703125e-01 8.119910359382629395e-01 4.753592312335968018e-01 3.427937924861907959e-01 6.702065467834472656e-01
3.915224969387054443e-01 4.399886727333068848e-01 3.655945062637329102e-01 6.860575079917907715e-01 7.004935145378112793e-01 8.386942744255065918e-02 3.685076534748077393e-01 4.198372364044189453e-01 4.955144524574279785e-01 5.594651103019714355e-01 5.989786386489868164e-01 6.609218716621398926e-01 3.293593525886535645e-01 3.500313460826873779e-01
7.619249820709228516e-01 5.623946785926818848e-01 7.566737532615661621e-01 5.573624968528747559e-01 1.388995051383972168e-01 9.981855750083923340e-01 3.868726789951324463e-01 8.935175538063049316e-01 3.814525008201599121e-01 6.056971549987792969e-01 3.484445512294769287e-01 1.415078938007354736e-01 5.920216441154479980e-01 4.753517210483551025e-01
4.319350123405456543e-01 2.201023399829864502e-01 2.271544933319091797e-01 2.004617452621459961e-01 7.734645009040832520e-01 1.259227246046066284e-01 8.821533918380737305e-01 4.498989880084991455e-01 4.221778512001037598e-01 4.482587277889251709e-01 3.956527709960937500e-01 6.388557553291320801e-01 5.231413841247558594e-01 4.753154218196868896e-01
4.651749879121780396e-02 7.589908242225646973e-01 3.930207490921020508e-01 1.136192530393600464e-01 9.063389897346496582e-01 3.170475661754608154e-01 4.703536629676818848e-01 3.783864900469779968e-02 8.001177906990051270e-01 3.900315463542938232e-01 1.040725260972976685e-01 9.990624785423278809e-01 4.459009468555450439e-01 2.154769450426101685e-01
5.996025204658508301e-01 2.187239974737167358e-01 2.859387397766113281e-01 6.319125294685363770e-01 7.379267215728759766e-01 7.215978503227233887e-01 7.927479743957519531e-01 5.643634200096130371e-01 3.889336585998535156e-01 4.545358419418334961e-01 5.140332579612731934e-01 6.801044344902038574e-01 5.378270149230957031e-01 5.281003713607788086e-01
6.259425282478332520e-01 3.014331758022308350e-01 1.485912501811981201e-01 4.580957591533660889e-01 7.705637216567993164e-01 8.267338275909423828e-01 2.553633451461791992e-01 5.807805061340332031e-01 5.064281225204467773e-01 2.332444787025451660e-01 4.065185189247131348e-01 7.754721641540527344e-01 5.435922741889953613e-01 5.583886504173278809e-01
