2.817200124263763428e-01 2.428318262100219727e-01 6.349735260009765625e-01 5.497174859046936035e-01 5.123487710952758789e-01 2.889033406972885132e-02 4.576143324375152588e-01 4.788936674594879150e-01 4.644025862216949463e-01 5.029295086860656738e-01 4.805364310741424561e-01 5.880539417266845703e-01 4.771431088447570801e-01 4.869843423366546631e-01
8.382124900817871094e-01 2.278251647949218750e-01 3.118360042572021484e-01 9.864724874496459961e-01 7.571529746055603027e-01 6.595295071601867676e-01 2.587586641311645508e-01 8.499718904495239258e-01 4.127420783042907715e-01 6.041231155395507812e-01 6.031790971755981445e-01 7.600747346878051758e-01 4.604518115520477295e-01 4.473570585250854492e-01
8.795400261878967285e-01 4.430179893970489502e-01 6.310387253761291504e-01 2.864712476730346680e-01 5.999267697334289551e-01 2.638386785984039307e-01 4.022533446550369263e-02 7.901973724365234375e-01 4.268100857734680176e-01 5.780870318412780762e-01 5.650989413261413574e-01 6.811355948448181152e-01 4.607387185096740723e-01 4.606135785579681396e-01
9.668574929237365723e-01 1.919428259134292603e-01 6.263830065727233887e-01 8.953624963760375977e-01 9.742457270622253418e-01 7.615771889686584473e-01 1.582150012254714966e-01 9.282050728797912598e-01 3.942582011222839355e-01 6.632203459739685059e-01 6.662942171096801758e-01 8.728935122489929199e-01 4.537170827388763428e-01 4.204553961753845215e-01
3.900099992752075195e-01 2.739291787147521973e-01 3.150264918804168701e-01 3.430207371711730957e-01 1.287014931440353394e-01 9.063737392425537109e-01 5.168513059616088867e-01 1.983949244022369385e-01 4.002092778682708740e-01 4.587962031364440918e-01 4.225545227527618408e-01 5.333031713962554932e-02 5.105174183845520020e-01 5.499768853187561035e-01
6.583349704742431641e-01 3.264728188514709473e-01 1.187812536954879761e-01 7.566974759101867676e-01 1.733645051717758179e-01 5.806132405996322632e-02 2.242893278598785400e-01 7.866742014884948730e-01 3.848876655101776123e-01 5.467107892036437988e-01 5.469406247138977051e-01 1.139264255762100220e-01 4.418226480484008789e-01 5.324990749359130859e-01
5.189650058746337891e-01 2.451331615447998047e-01 6.070244908332824707e-01 7.364624738693237305e-01 9.460164904594421387e-01 6.749446392059326172e-01 2.121790051460266113e-01 6.237586140632629395e-01 4.471266865730285645e-01 5.401533246040344238e-01 5.190201997756958008e-01 8.267092704772949219e-01 4.753911793231964111e-01 4.622465968132019043e-01
2.780900001525878906e-01 1.792176663875579834e-01 9.288704991340637207e-01 6.176350116729736328e-01 9.227149933576583862e-02 5.913984775543212891e-01 9.506603479385375977e-01 5.004991888999938965e-01 3.368514776229858398e-01 5.359076857566833496e-01 4.758348166942596436e-01 8.718737401068210602e-03 4.348640739917755127e-01 6.150133609771728516e-01
6.341400146484375000e-01 2.281313389539718628e-01 1.487150043249130249e-02 1.323725003749132156e-02 7.149450182914733887e-01 5.451665520668029785e-01 6.353093385696411133e-01 3.838025331497192383e-01 4.747166633605957031e-01 4.809991717338562012e-01 4.637123346328735352e-01 6.782912015914916992e-01 5.002055168151855469e-01 4.894998669624328613e-01
4.319350123405456543e-01 2.201023399829864502e-01 2.271544933319091797e-01 2.004617452621459961e-01 7.734645009040832520e-01 1.259227246046066284e-01 8.821533918380737305e-01 4.304411709308624268e-01 4.697504937648773193e-01 4.879804253578186035e-01 4.716902971267700195e-01 6.569813489913940430e-01 4.913582801818847656e-01 4.859152138233184814e-01
1.988250017166137695e-02 6.619135141372680664e-01 8.983749747276306152e-01 4.854847490787506104e-01 7.887985110282897949e-01 8.180000782012939453e-01 7.332437634468078613e-01 3.148519992828369141e-02 5.521176457405090332e-01 4.381187856197357178e-01 3.856845796108245850e-01 8.890479207038879395e-01 6.588121652603149414e-01 5.505298376083374023e-01
3.933550119400024414e-01 7.792611718177795410e-01 2.256225049495697021e-01 4.539837539196014404e-01 9.645607471466064453e-01 5.436675548553466797e-01 9.842261672019958496e-01 2.434365153312683105e-01 4.873026907444000244e-01 4.496547579765319824e-01 4.406005144119262695e-01 7.544566392898559570e-01 5.386109352111816406e-01 4.960448741912841797e-01
3.096500039100646973e-01 4.260173439979553223e-01 3.249287605285644531e-01 7.842350006103515625e-01 5.957267284393310547e-01 5.445885062217712402e-01 1.113356649875640869e-01 4.124294221401214600e-01 4.715420603752136230e-01 4.878441095352172852e-01 4.701058268547058105e-01 6.601781845092773438e-01 4.934051036834716797e-01 4.880468547344207764e-01
6.806275248527526855e-01 6.559263467788696289e-01 7.233687639236450195e-01 5.689550042152404785e-01 3.091317415237426758e-01 4.911198019981384277e-01 1.333433296531438828e-02 7.876242399215698242e-01 4.160262644290924072e-01 5.587594509124755859e-01 5.449102520942687988e-01 3.825753927230834961e-01 4.487202465534210205e-01 4.920180141925811768e-01
1.999824941158294678e-01 4.529278278350830078e-01 1.536564975976943970e-01 5.150550007820129395e-01 2.908100001513957977e-02 4.583289027214050293e-01 5.162556767463684082e-01 8.445580303668975830e-02 4.062172174453735352e-01 4.221094548702239990e-01 4.018898308277130127e-01 2.042115107178688049e-02 5.646559596061706543e-01 5.677371621131896973e-01
3.339149951934814453e-01 4.823488295078277588e-01 9.623647332191467285e-01 4.525727629661560059e-01 6.711884737014770508e-01 8.217902779579162598e-01 1.188416630029678345e-01 4.349254071712493896e-01 4.693855047225952148e-01 4.968183636665344238e-01 4.752260744571685791e-01 7.108010649681091309e-01 4.911304414272308350e-01 4.828123152256011963e-01
1.802050024271011353e-01 4.150078296661376953e-01 3.737749904394149780e-02 1.352314949035644531e-01 7.568194866180419922e-01 6.386690586805343628e-02 7.936084270477294922e-01 1.560753732919692993e-01 5.075400471687316895e-01 4.420341253280639648e-01 4.221594035625457764e-01 7.115585803985595703e-01 5.678235888481140137e-01 5.091286897659301758e-01
8.442950248718261719e-01 5.838288068771362305e-01 1.733697503805160522e-01 6.421350240707397461e-01 7.646177411079406738e-01 4.676388800144195557e-01 7.017969489097595215e-01 6.365647315979003906e-01 4.515391588211059570e-01 5.306437015533447266e-01 5.168719887733459473e-01 7.096001505851745605e-01 4.666416645050048828e-01 4.707027375698089600e-01
6.951050162315368652e-01 5.479220151901245117e-01 3.075642585754394531e-01 9.796925187110900879e-01 4.516704976558685303e-01 1.952718198299407959e-01 1.101979985833168030e-01 8.708322048187255859e-01 4.090388119220733643e-01 6.047762036323547363e-01 5.914447903633117676e-01 5.934198498725891113e-01 4.547196328639984131e-01 4.630083143711090088e-01
4.539249837398529053e-02 6.400160193443298340e-01 1.193045005202293396e-01 2.625067532062530518e-01 2.417974919080734253e-02 8.794419169425964355e-01 3.599239885807037354e-01 6.881739944219589233e-03 6.403493881225585938e-01 3.133437037467956543e-01 3.246099948883056641e-01 2.270675599575042725e-01 7.653172016143798828e-01 5.993238091468811035e-01
2.270675003528594971e-01 4.621528387069702148e-01 6.680135130882263184e-01 1.053114980459213257e-01 7.079409956932067871e-01 3.282281756401062012e-02 6.169936656951904297e-01 2.821467220783233643e-01 4.821182489395141602e-01 4.869888424873352051e-01 4.500816762447357178e-01 7.180687189102172852e-01 5.190846920013427734e-01 5.028177499771118164e-01
3.882024884223937988e-01 2.249021679162979126e-01 6.726797223091125488e-01 9.212700128555297852e-01 6.600842475891113281e-01 5.994726419448852539e-01 2.185086607933044434e-01 6.128259897232055664e-01 4.549360573291778564e-01 5.329014062881469727e-01 5.095937252044677734e-01 6.914029121398925781e-01 4.649427235126495361e-01 4.747900664806365967e-01
9.970824718475341797e-01 3.792193233966827393e-01 8.835369944572448730e-01 6.201500073075294495e-02 9.941319823265075684e-01 6.856448650360107422e-01 4.570056796073913574e-01 7.912253141403198242e-01 4.313142299652099609e-01 5.865585207939147949e-01 5.791463255882263184e-01 8.482788205146789551e-01 4.629134237766265869e-01 4.431599378585815430e-01
2.943474948406219482e-01 6.059141755104064941e-01 3.404900133609771729e-01 5.019899830222129822e-02 9.364472627639770508e-01 3.801256418228149414e-01 3.225743472576141357e-01 1.567339748144149780e-01 4.955485463142395020e-01 4.470820724964141846e-01 4.333256781101226807e-01 8.762131333351135254e-01 5.709890723228454590e-01 5.003212690353393555e-01
8.591175079345703125e-01 5.583998560905456543e-01 7.405387759208679199e-01 9.984325170516967773e-01 9.162707328796386719e-01 5.616476535797119141e-01 1.942483335733413696e-01 9.123480916023254395e-01 4.005689620971679688e-01 6.496354937553405762e-01 6.540821790695190430e-01 8.600831627845764160e-01 4.544464945793151855e-01 4.262607693672180176e-01
9.908249974250793457e-02 3.643186688423156738e-01 3.800162374973297119e-01 4.586944878101348877e-01 9.990582466125488281e-01 2.283266633749008179e-01 8.083066344261169434e-02 1.415710151195526123e-01 4.940395057201385498e-01 4.831054806709289551e-01 4.398811459541320801e-01 8.905690312385559082e-01 5.600910782814025879e-01 5.117979049682617188e-01
2.720350027084350586e-01 8.071784973144531250e-01 8.371084928512573242e-01 4.278457462787628174e-01 8.059327602386474609e-01 8.791138529777526855e-01 5.675200223922729492e-01 1.956653892993927002e-01 4.875267148017883301e-01 4.613278806209564209e-01 4.408751726150512695e-01 8.203881382942199707e-01 5.471341013908386230e-01 5.034471750259399414e-01
8.034999668598175049e-02 8.062493205070495605e-01 4.360064864158630371e-01 7.908400297164916992e-01 3.615710139274597168e-01 4.221536219120025635e-01 8.304058909416198730e-01 1.406373679637908936e-01 5.226837992668151855e-01 4.807794392108917236e-01 4.312999546527862549e-01 5.227348208427429199e-01 5.641438961029052734e-01 5.326579809188842773e-01
4.601399898529052734e-01 4.738574922084808350e-01 6.792887449264526367e-01 2.801632583141326904e-01 7.813665270805358887e-01 9.392333030700683594e-02 8.295833319425582886e-02 4.826053082942962646e-01 4.645485579967498779e-01 4.913079738616943359e-01 4.864105880260467529e-01 7.671615481376647949e-01 4.880960881710052490e-01 4.720538854598999023e-01
9.764050245285034180e-01 7.269231677055358887e-01 2.711445093154907227e-01 3.747839927673339844e-01 6.142227649688720703e-01 8.628149628639221191e-01 3.085440099239349365e-01 6.014174818992614746e-01 4.549540281295776367e-01 5.124668478965759277e-01 5.056785941123962402e-01 6.632058620452880859e-01 4.705588817596435547e-01 4.747864007949829102e-01
1.074424982070922852e-01 3.771494925022125244e-01 7.191944718360900879e-01 7.471150159835815430e-01 2.170749939978122711e-02 7.507810741662979126e-02 2.692546546459197998e-01 2.124212086200714111e-01 3.765095770359039307e-01 5.081774592399597168e-01 4.184685051441192627e-01 2.039401046931743622e-02 4.782631695270538330e-01 5.878237485885620117e-01
4.052499774843454361e-03 4.715193212032318115e-01 8.828007578849792480e-01 7.200124859809875488e-01 7.454494833946228027e-01 2.316546440124511719e-01 9.594941139221191406e-01 1.655002683401107788e-01 5.061999559402465820e-01 5.245969891548156738e-01 4.308548569679260254e-01 6.412180662155151367e-01 5.486784577369689941e-01 5.423081517219543457e-01
1.284125000238418579e-01 1.719155013561248779e-01 5.350260138511657715e-01 2.646502554416656494e-01 8.763049840927124023e-01 5.629256367683410645e-01 3.499099984765052795e-02 1.768981367349624634e-01 4.910820722579956055e-01 4.816628694534301758e-01 4.372617602348327637e-01 8.051829934120178223e-01 5.518416166305541992e-01 5.156504511833190918e-01
1.477124989032745361e-01 7.612910270690917969e-01 7.669077515602111816e-01 8.615375310182571411e-02 2.658597528934478760e-01 6.681354641914367676e-01 5.808043479919433594e-01 1.053066402673721313e-01 5.335016846656799316e-01 4.647377729415893555e-01 4.160227179527282715e-01 3.899503052234649658e-01 5.909590721130371094e-01 5.453447699546813965e-01
8.739100098609924316e-01 6.439178586006164551e-01 3.565104901790618896e-01 8.655250072479248047e-03 7.428217530250549316e-01 2.297111153602600098e-01 3.042726814746856689e-01 5.541462898254394531e-01 4.608047604560852051e-01 5.085731744766235352e-01 4.945609867572784424e-01 7.245236635208129883e-01 4.763375818729400635e-01 4.719068109989166260e-01
2.044575065374374390e-01 6.246816515922546387e-01 3.054497539997100830e-01 6.257774829864501953e-01 8.180882334709167480e-01 8.765958249568939209e-02 9.826537370681762695e-01 2.631428837776184082e-01 4.911853075027465820e-01 4.682322442531585693e-01 4.486077725887298584e-01 6.531265377998352051e-01 5.289793610572814941e-01 5.023186206817626953e-01
4.109925031661987305e-01 6.649144887924194336e-01 8.350780010223388672e-01 9.475824832916259766e-01 4.614642560482025146e-01 5.095159411430358887e-01 3.747733309864997864e-02 5.857667326927185059e-01 4.548356831073760986e-01 5.172883272171020508e-01 5.052022337913513184e-01 6.214874386787414551e-01 4.674838185310363770e-01 4.778197407722473145e-01
8.288250118494033813e-02 7.698554992675781250e-01 8.580407500267028809e-01 9.049124717712402344e-01 3.087849915027618408e-02 7.982417941093444824e-01 7.089091539382934570e-01 7.731246948242187500e-02 4.627158939838409424e-01 5.137984156608581543e-01 4.155640006065368652e-01 6.183005496859550476e-02 5.715950131416320801e-01 5.656937360763549805e-01
1.374125033617019653e-01 5.233963131904602051e-01 5.068612694740295410e-01 4.987154901027679443e-01 1.879700087010860443e-02 5.285377502441406250e-01 6.129043102264404297e-01 8.865163475275039673e-02 4.024511575698852539e-01 4.816929697990417480e-01 4.007889032363891602e-01 1.771520264446735382e-02 5.414764881134033203e-01 5.834262967109680176e-01
5.692874789237976074e-01 3.641664981842041016e-01 4.404575005173683167e-02 2.932477593421936035e-01 7.343674898147583008e-01 8.351206779479980469e-01 5.881213545799255371e-01 3.365075290203094482e-01 4.787552654743194580e-01 4.724918007850646973e-01 4.561182260513305664e-01 7.032125592231750488e-01 5.089305639266967773e-01 4.912269413471221924e-01
8.015725016593933105e-01 5.923038125038146973e-01 7.747370004653930664e-01 5.414500087499618530e-02 3.919857442378997803e-01 7.450779676437377930e-01 2.157640010118484497e-01 6.625970005989074707e-01 4.380215704441070557e-01 5.234555006027221680e-01 5.112240910530090332e-01 4.965068399906158447e-01 4.612002074718475342e-01 4.762990772724151611e-01
8.471350073814392090e-01 4.721638262271881104e-01 1.958574950695037842e-01 1.323132514953613281e-01 4.070807397365570068e-01 3.512502014636993408e-01 1.963299959897994995e-01 5.414183139801025391e-01 4.513507485389709473e-01 5.026061534881591797e-01 4.817621409893035889e-01 5.136488080024719238e-01 4.634067714214324951e-01 4.803352952003479004e-01
1.445074975490570068e-01 4.729340076446533203e-01 7.897175103425979614e-02 8.761600255966186523e-01 3.548862636089324951e-01 5.823444724082946777e-01 3.159376680850982666e-01 1.689112633466720581e-01 5.175596475601196289e-01 4.546232521533966064e-01 4.369139969348907471e-01 4.544096887111663818e-01 5.598872900009155273e-01 5.213298797607421875e-01
1.412000041455030441e-02 5.109578371047973633e-01 8.534232378005981445e-01 2.960324883460998535e-01 4.027594923973083496e-01 3.013576865196228027e-01 5.926493406295776367e-01 1.012163683772087097e-01 5.321388840675354004e-01 5.072703957557678223e-01 4.141288101673126221e-01 4.585799574851989746e-01 5.825231075286865234e-01 5.568324923515319824e-01
8.557350039482116699e-01 3.413478434085845947e-01 6.399185061454772949e-01 4.771282374858856201e-01 2.543214857578277588e-01 6.311722993850708008e-01 6.887222528457641602e-01 9.015042781829833984e-01 3.679291903972625732e-01 6.129438877105712891e-01 6.037455201148986816e-01 1.290867477655410767e-01 4.257342517375946045e-01 5.359836816787719727e-01
5.774924755096435547e-01 4.571650028228759766e-01 1.816727519035339355e-01 2.390747517347335815e-01 7.880027294158935547e-01 5.546672940254211426e-01 4.587976634502410889e-01 4.004127979278564453e-01 4.719209372997283936e-01 4.757629036903381348e-01 4.688171446323394775e-01 7.516792416572570801e-01 4.999697208404541016e-01 4.800114035606384277e-01
3.022249974310398102e-02 8.012443184852600098e-01 2.762752473354339600e-01 9.072750210762023926e-01 8.655869960784912109e-01 2.819007039070129395e-01 8.110892772674560547e-01 4.997102171182632446e-02 5.307959318161010742e-01 4.310925006866455078e-01 4.137079119682312012e-01 9.342310428619384766e-01 6.291146874427795410e-01 5.204674005508422852e-01
4.364775121212005615e-01 5.137766599655151367e-01 9.151265025138854980e-01 7.698475122451782227e-01 8.470377326011657715e-01 1.177074760198593140e-01 1.468826681375503540e-01 6.310645341873168945e-01 4.491024315357208252e-01 5.464277267456054688e-01 5.222802758216857910e-01 8.088819980621337891e-01 4.689980447292327881e-01 4.654488563537597656e-01
3.660899996757507324e-01 2.527939975261688232e-01 7.037402391433715820e-01 5.978599786758422852e-01 6.748697757720947266e-01 7.463386654853820801e-01 2.581023275852203369e-01 4.852584898471832275e-01 4.647907316684722900e-01 5.031537413597106934e-01 4.823442995548248291e-01 6.807253956794738770e-01 4.824464917182922363e-01 4.789550304412841797e-01
6.271250247955322266e-01 1.996716707944869995e-01 8.539312481880187988e-01 7.863399982452392578e-01 3.019177615642547607e-01 6.361659765243530273e-01 9.492045044898986816e-01 9.086365699768066406e-01 3.503282368183135986e-01 6.280412077903747559e-01 6.130961179733276367e-01 6.687317788600921631e-02 4.163331389427185059e-01 5.584683418273925781e-01
6.814774870872497559e-01 3.800818324089050293e-01 3.593422472476959229e-01 6.565399765968322754e-01 4.243335127830505371e-01 1.351579725742340088e-01 1.919530034065246582e-01 7.812960743904113770e-01 4.250907301902770996e-01 5.569000840187072754e-01 5.482679605484008789e-01 5.337519049644470215e-01 4.585416018962860107e-01 4.736596941947937012e-01
3.643549978733062744e-01 8.031976819038391113e-01 6.656810045242309570e-01 1.120777502655982971e-01 2.856124937534332275e-02 5.675760507583618164e-01 7.655128836631774902e-01 1.731360852718353271e-01 3.904578387737274170e-01 4.322865903377532959e-01 4.157269299030303955e-01 2.912629954516887665e-02 5.261616110801696777e-01 5.665006637573242188e-01
7.809500098228454590e-01 5.252936482429504395e-01 8.591882586479187012e-01 8.087325096130371094e-01 9.970407485961914062e-01 2.341383844614028931e-01 6.756131649017333984e-01 8.971363306045532227e-01 4.053782820701599121e-01 6.354994773864746094e-01 6.405130028724670410e-01 8.718955516815185547e-01 4.558694064617156982e-01 4.265595674514770508e-01
4.709349870681762695e-01 3.548451662063598633e-01 7.789080142974853516e-01 1.375962495803833008e-01 1.834249943494796753e-01 8.134646415710449219e-01 4.403123259544372559e-01 4.431125521659851074e-01 4.058079123497009277e-01 4.966995716094970703e-01 4.569365382194519043e-01 1.202267110347747803e-01 4.638656675815582275e-01 5.346163511276245117e-01
9.917999804019927979e-02 8.105639815330505371e-01 9.747987389564514160e-01 7.417950034141540527e-02 1.971040070056915283e-01 8.333922028541564941e-01 1.052133366465568542e-02 6.253739446401596069e-02 5.536938309669494629e-01 4.578740596771240234e-01 3.971634209156036377e-01 4.036827087402343750e-01 6.235552430152893066e-01 5.602801442146301270e-01
7.612250000238418579e-02 6.363673210144042969e-01 3.854382634162902832e-01 1.954012513160705566e-01 8.093104958534240723e-01 5.679041147232055664e-01 5.694033205509185791e-02 3.592307865619659424e-02 5.490288734436035156e-01 4.293276071548461914e-01 3.909630477428436279e-01 9.099802970886230469e-01 6.541158556938171387e-01 5.386309623718261719e-01
8.372499942779541016e-01 4.964953362941741943e-01 7.864217758178710938e-01 1.196952536702156067e-01 6.558899879455566406e-01 4.126114249229431152e-01 8.352743983268737793e-01 7.617006897926330566e-01 4.303066730499267578e-01 5.627397894859313965e-01 5.524618029594421387e-01 6.559194326400756836e-01 4.636074006557464600e-01 4.644491672515869141e-01
6.872249841690063477e-01 8.315606713294982910e-01 4.650804996490478516e-01 8.842549920082092285e-01 9.784927368164062500e-01 4.295774698257446289e-01 2.765719890594482422e-01 7.115506529808044434e-01 4.392637610435485840e-01 5.681086182594299316e-01 5.492947101593017578e-01 8.724367022514343262e-01 4.723148941993713379e-01 4.464177489280700684e-01
9.855474829673767090e-01 2.033886611461639404e-01 9.584337472915649414e-01 7.117875218391418457e-01 6.930927634239196777e-01 5.881259441375732422e-01 3.790040016174316406e-01 9.749224185943603516e-01 3.588241040706634521e-01 7.141762971878051758e-01 7.079638838768005371e-01 7.326182723045349121e-01 4.392231106758117676e-01 4.345171749591827393e-01
7.788749933242797852e-01 1.939969956874847412e-01 7.486305236816406250e-01 8.033400028944015503e-02 7.285297513008117676e-01 6.470609307289123535e-01 3.644200041890144348e-02 6.838166713714599609e-01 4.455501437187194824e-01 5.444487929344177246e-01 5.324115157127380371e-01 7.340066432952880859e-01 4.665737450122833252e-01 4.646643102169036865e-01
9.378799796104431152e-01 2.468235045671463013e-01 8.417827486991882324e-01 2.632252573966979980e-01 5.194742679595947266e-01 5.607881546020507812e-01 8.390653729438781738e-01 9.114707708358764648e-01 3.953231275081634521e-01 6.175501346588134766e-01 6.078866124153137207e-01 4.167540073394775391e-01 4.382572770118713379e-01 4.885521829128265381e-01
8.996000289916992188e-01 6.043524742126464844e-01 7.848539948463439941e-01 4.169670045375823975e-01 3.107174932956695557e-01 1.276740431785583496e-01 4.606069922447204590e-01 9.291673302650451660e-01 3.795159757137298584e-01 6.271975636482238770e-01 6.171841025352478027e-01 2.683020830154418945e-01 4.318212568759918213e-01 5.115925669670104980e-01
1.640650033950805664e-01 2.728306651115417480e-01 5.832762718200683594e-01 5.042325258255004883e-01 4.812425076961517334e-01 8.335813879966735840e-02 5.751573443412780762e-01 3.883804976940155029e-01 4.749694168567657471e-01 5.010093450546264648e-01 4.666705727577209473e-01 5.487528443336486816e-01 4.902522265911102295e-01 4.975192844867706299e-01
4.176250100135803223e-02 2.605246603488922119e-01 8.082550168037414551e-01 7.088400125503540039e-01 9.726099669933319092e-02 8.720312118530273438e-01 5.954156517982482910e-01 7.337083667516708374e-02 3.888626098632812500e-01 4.920651018619537354e-01 3.917419910430908203e-01 1.217865198850631714e-02 5.466374158859252930e-01 6.099864244461059570e-01
6.495425105094909668e-01 7.412800192832946777e-01 3.043000027537345886e-02 7.792050242424011230e-01 7.509437203407287598e-01 3.816798925399780273e-01 9.246689081192016602e-01 5.178166627883911133e-01 4.651440978050231934e-01 4.990461766719818115e-01 4.893551468849182129e-01 6.624847054481506348e-01 4.762510657310485840e-01 4.760753810405731201e-01
1.979175060987472534e-01 6.752796769142150879e-01 4.547674953937530518e-02 7.874624729156494141e-01 5.690722465515136719e-01 2.273631244897842407e-01 9.522694349288940430e-01 2.663356959819793701e-01 4.946160018444061279e-01 4.541827440261840820e-01 4.470528960227966309e-01 5.752881765365600586e-01 5.272712111473083496e-01 5.004259347915649414e-01
2.522799968719482422e-01 6.224631667137145996e-01 8.469499647617340088e-03 3.744035065174102783e-01 6.552180051803588867e-01 2.078589946031570435e-01 1.057523339986801147e-01 2.005180567502975464e-01 4.948295652866363525e-01 4.410718679428100586e-01 4.336377978324890137e-01 7.532750368118286133e-01 5.520007014274597168e-01 4.995138645172119141e-01
7.084274888038635254e-01 4.328461587429046631e-01 7.115697264671325684e-01 5.112199783325195312e-01 5.491034984588623047e-01 6.666193008422851562e-01 8.808780908584594727e-01 7.246637344360351562e-01 4.329949617385864258e-01 5.414194464683532715e-01 5.319466590881347656e-01 5.240742564201354980e-01 4.574036896228790283e-01 4.765883982181549072e-01
6.259425282478332520e-01 3.014331758022308350e-01 1.485912501811981201e-01 4.580957591533660889e-01 7.705637216567993164e-01 8.267338275909423828e-01 2.553633451461791992e-01 4.332670569419860840e-01 4.713401198387145996e-01 4.811378717422485352e-01 4.723361730575561523e-01 7.227910161018371582e-01 4.931226372718811035e-01 4.789351224899291992e-01
2.656599879264831543e-01 7.706983089447021484e-01 3.846769928932189941e-01 2.513934969902038574e-01 5.829137563705444336e-01 2.549786865711212158e-01 9.400420188903808594e-01 2.510086297988891602e-01 4.965567886829376221e-01 4.536558389663696289e-01 4.428017437458038330e-01 5.882024168968200684e-01 5.348632931709289551e-01 5.024263262748718262e-01
8.718374967575073242e-01 3.035014867782592773e-01 2.463639974594116211e-01 8.503274917602539062e-01 9.827795028686523438e-01 6.430036425590515137e-01 9.072946906089782715e-01 7.493933439254760742e-01 4.361009597778320312e-01 5.656280517578125000e-01 5.615536570549011230e-01 7.753831148147583008e-01 4.626015722751617432e-01 4.562735855579376221e-01
2.172224968671798706e-01 5.670261383056640625e-01 8.740835189819335938e-01 9.835324883460998535e-01 9.697797298431396484e-01 9.299288988113403320e-01 4.750596582889556885e-01 3.100953996181488037e-01 4.748282432556152344e-01 5.066931843757629395e-01 4.759257435798645020e-01 8.645873665809631348e-01 5.141792297363281250e-01 4.864108264446258545e-01
2.229599952697753906e-01 5.477301478385925293e-01 1.433512568473815918e-01 7.683675289154052734e-01 2.172455042600631714e-01 8.682365417480468750e-01 6.173650026321411133e-01 1.248392164707183838e-01 4.818303585052490234e-01 4.332617223262786865e-01 4.276588857173919678e-01 1.903328746557235718e-01 5.733731985092163086e-01 5.226404666900634766e-01
7.293300032615661621e-01 2.239926606416702271e-01 4.996367394924163818e-01 4.466232359409332275e-01 4.925682544708251953e-01 9.836612939834594727e-01 9.378047585487365723e-01 6.575009822845458984e-01 4.258201718330383301e-01 5.325491428375244141e-01 5.100453495979309082e-01 3.148639202117919922e-01 4.495332241058349609e-01 4.988087117671966553e-01
1.945874989032745361e-01 6.939941644668579102e-01 4.014810025691986084e-01 1.812302470207214355e-01 1.896084994077682495e-01 7.000187039375305176e-01 7.596010565757751465e-01 7.925409078598022461e-02 5.060806274414062500e-01 4.421265125274658203e-01 4.122313559055328369e-01 1.608230918645858765e-01 6.012771725654602051e-01 5.415927171707153320e-01
8.165749907493591309e-02 5.916183590888977051e-01 8.413150161504745483e-02 5.793750286102294922e-01 6.981599926948547363e-01 8.597926497459411621e-01 9.409117698669433594e-01 2.629349566996097565e-02 5.838176608085632324e-01 3.792498409748077393e-01 3.644983768463134766e-01 7.267261743545532227e-01 6.873348951339721680e-01 5.423832535743713379e-01
5.287899971008300781e-01 6.729981899261474609e-01 9.072967767715454102e-01 8.702225089073181152e-01 9.707217216491699219e-01 4.525095969438552856e-02 5.235880017280578613e-01 7.130658626556396484e-01 4.409047663211822510e-01 5.687765479087829590e-01 5.523488521575927734e-01 8.580398559570312500e-01 4.677555859088897705e-01 4.497027099132537842e-01
9.722474813461303711e-01 8.184563517570495605e-01 5.392625182867050171e-02 8.052600026130676270e-01 3.060939908027648926e-01 5.404233187437057495e-02 6.121023297309875488e-01 8.716978430747985840e-01 3.880501687526702881e-01 5.993477106094360352e-01 5.834415555000305176e-01 2.299428880214691162e-01 4.337551593780517578e-01 5.155079960823059082e-01
6.050000083632767200e-04 7.626801729202270508e-01 1.937910020351409912e-01 3.050400018692016602e-01 6.250527501106262207e-01 2.081033401191234589e-02 1.950639933347702026e-01 2.526361122727394104e-02 5.720314383506774902e-01 3.687835037708282471e-01 3.744538426399230957e-01 9.089263677597045898e-01 6.837522387504577637e-01 5.261311531066894531e-01
4.651749879121780396e-02 7.589908242225646973e-01 3.930207490921020508e-01 1.136192530393600464e-01 9.063389897346496582e-01 3.170475661754608154e-01 4.703536629676818848e-01 2.409346960484981537e-02 5.590828657150268555e-01 4.041515290737152100e-01 3.864661455154418945e-01 9.631927013397216797e-01 6.810005307197570801e-01 5.276601910591125488e-01
1.382649987936019897e-01 4.242379963397979736e-01 3.870057463645935059e-01 2.739222645759582520e-01 1.535300016403198242e-01 8.454275727272033691e-01 6.823347806930541992e-01 5.053928866982460022e-02 4.732426404953002930e-01 4.486965537071228027e-01 4.026861488819122314e-01 6.045407801866531372e-02 6.116663813591003418e-01 5.599182844161987305e-01
5.113499760627746582e-01 2.378431707620620728e-01 3.455624878406524658e-01 2.148524969816207886e-01 8.313295245170593262e-01 2.577446401119232178e-01 6.638646721839904785e-01 4.671362340450286865e-01 4.670432806015014648e-01 4.916957020759582520e-01 4.809680581092834473e-01 7.394152283668518066e-01 4.880674779415130615e-01 4.763656258583068848e-01
1.083974987268447876e-01 7.824605107307434082e-01 1.283230036497116089e-01 8.469774723052978516e-01 7.821302413940429688e-01 9.846647381782531738e-01 3.239319920539855957e-01 8.566410280764102936e-03 6.099798679351806641e-01 3.268538713455200195e-01 3.381431400775909424e-01 9.656518697738647461e-01 7.491512894630432129e-01 5.294839143753051758e-01
4.182874858379364014e-01 4.612033367156982422e-01 7.349099963903427124e-02 7.383800148963928223e-01 1.558504998683929443e-01 5.213742256164550781e-01 8.444640040397644043e-01 3.237983584403991699e-01 3.916999399662017822e-01 4.595267772674560547e-01 4.428173601627349854e-01 6.370025873184204102e-02 4.820753037929534912e-01 5.529838800430297852e-01
4.699699878692626953e-01 2.541689872741699219e-01 2.573255002498626709e-01 7.542175054550170898e-01 2.843067646026611328e-01 6.752315908670425415e-02 9.036083221435546875e-01 6.025124788284301758e-01 3.959861099720001221e-01 5.304136276245117188e-01 4.960170090198516846e-01 9.096562117338180542e-02 4.405560791492462158e-01 5.372804403305053711e-01
4.449824988842010498e-01 1.730004996061325073e-01 1.919837445020675659e-01 8.914049863815307617e-01 4.474482536315917969e-01 1.133459582924842834e-01 3.014020025730133057e-01 6.057159304618835449e-01 4.483902156352996826e-01 5.191664695739746094e-01 5.029309391975402832e-01 5.345335602760314941e-01 4.605694711208343506e-01 4.742792844772338867e-01
1.180450022220611572e-01 5.258161425590515137e-01 3.197174891829490662e-02 3.379600048065185547e-01 1.635382473468780518e-01 3.489731252193450928e-01 4.183226525783538818e-01 6.988714635372161865e-02 5.203670859336853027e-01 4.118339717388153076e-01 4.105578064918518066e-01 1.669712513685226440e-01 6.106239557266235352e-01 5.373203754425048828e-01
5.246300101280212402e-01 7.891093492507934570e-01 6.284675002098083496e-01 3.088797628879547119e-01 1.713967472314834595e-01 8.540242314338684082e-01 3.292213380336761475e-01 4.023941457271575928e-01 4.193514883518218994e-01 4.689146876335144043e-01 4.544690549373626709e-01 2.019747942686080933e-01 4.775122106075286865e-01 5.152024030685424805e-01
9.969300031661987305e-01 1.853153407573699951e-01 5.946162343025207520e-01 3.194234967231750488e-01 6.363099813461303711e-02 1.232825219631195068e-01 3.152573406696319580e-01 9.636317491531372070e-01 3.134845495223999023e-01 6.660284996032714844e-01 6.648573875427246094e-01 2.768489345908164978e-02 4.088268876075744629e-01 5.845093131065368652e-01
7.883725166320800781e-01 6.593629717826843262e-01 8.596755266189575195e-01 2.987412512302398682e-01 7.223179936408996582e-01 4.795535206794738770e-01 9.717208743095397949e-01 7.111600041389465332e-01 4.375181496143341064e-01 5.444974303245544434e-01 5.346411466598510742e-01 6.156286001205444336e-01 4.648459851741790771e-01 4.712479710578918457e-01
3.992750123143196106e-02 6.035388112068176270e-01 6.669340133666992188e-01 4.333457648754119873e-01 3.646380007266998291e-01 2.555052638053894043e-01 2.414180040359497070e-01 1.093241348862648010e-01 5.286238193511962891e-01 4.985046088695526123e-01 4.168437123298645020e-01 5.439777374267578125e-01 5.799425244331359863e-01 5.490262508392333984e-01
4.019599854946136475e-01 4.681201577186584473e-01 5.185887217521667480e-01 3.967222571372985840e-01 2.856342494487762451e-01 2.351643443107604980e-01 5.484333261847496033e-02 4.573248028755187988e-01 4.475580751895904541e-01 4.865230917930603027e-01 4.697146713733673096e-01 4.291124343872070312e-01 4.729445576667785645e-01 4.851948916912078857e-01
3.538450002670288086e-01 1.902383267879486084e-01 2.484862506389617920e-01 5.129550099372863770e-01 3.490292429924011230e-01 5.120608806610107422e-01 6.247966736555099487e-02 4.014412462711334229e-01 4.468263983726501465e-01 4.824470579624176025e-01 4.643607437610626221e-01 4.180095493793487549e-01 4.801576733589172363e-01 4.933606982231140137e-01
2.710725069046020508e-01 5.734021663665771484e-01 3.155847489833831787e-01 5.611975193023681641e-01 6.579167246818542480e-01 1.268856525421142578e-01 2.591633424162864685e-02 3.417346477508544922e-01 4.767130911350250244e-01 4.751956164836883545e-01 4.636357426643371582e-01 7.431660294532775879e-01 5.076375007629394531e-01 4.875806868076324463e-01
7.805600166320800781e-01 3.048731684684753418e-01 2.625592648983001709e-01 6.585775017738342285e-01 1.974067538976669312e-01 8.314639329910278320e-01 7.302883267402648926e-01 7.652880549430847168e-01 3.743104636669158936e-01 5.518400669097900391e-01 5.395215153694152832e-01 7.380144298076629639e-02 4.382018148899078369e-01 5.471267700195312500e-01
6.312825083732604980e-01 2.546228468418121338e-01 5.712372660636901855e-01 3.460980057716369629e-01 6.178572773933410645e-01 4.528657495975494385e-01 1.277023404836654663e-01 6.509856581687927246e-01 4.489573240280151367e-01 5.354465246200561523e-01 5.203548073768615723e-01 6.920170187950134277e-01 4.675239324569702148e-01 4.704811275005340576e-01
9.990050196647644043e-01 5.127146840095520020e-01 9.860417246818542480e-01 5.404725074768066406e-01 3.357677459716796875e-01 5.072447657585144043e-01 9.573369026184082031e-01 9.722663164138793945e-01 3.345038294792175293e-01 6.852638721466064453e-01 6.775911450386047363e-01 9.810370951890945435e-02 4.095045328140258789e-01 5.504167079925537109e-01
1.679424941539764404e-01 8.274276852607727051e-01 5.432714819908142090e-01 1.820649951696395874e-02 8.153262734413146973e-01 2.306262552738189697e-01 7.360599935054779053e-02 8.712349832057952881e-02 5.157158970832824707e-01 4.320415258407592773e-01 4.133800864219665527e-01 8.936774730682373047e-01 6.097138524055480957e-01 5.138615369796752930e-01
1.987649947404861450e-01 2.743841707706451416e-01 9.119752645492553711e-01 9.380350112915039062e-01 6.959974765777587891e-01 3.948940336704254150e-01 7.560707330703735352e-01 5.088217258453369141e-01 4.651500582695007324e-01 5.120580792427062988e-01 4.889544546604156494e-01 6.568266749382019043e-01 4.731436669826507568e-01 4.795061945915222168e-01
8.265799880027770996e-01 7.946988344192504883e-01 1.353474985808134079e-02 6.612499952316284180e-01 3.967007398605346680e-01 5.772690176963806152e-01 8.687244057655334473e-01 5.310230255126953125e-01 4.311448633670806885e-01 5.032991170883178711e-01 4.785823225975036621e-01 3.211556077003479004e-01 4.604069888591766357e-01 5.009555816650390625e-01
5.996025204658508301e-01 2.187239974737167358e-01 2.859387397766113281e-01 6.319125294685363770e-01 7.379267215728759766e-01 7.215978503227233887e-01 7.927479743957519531e-01 5.339535474777221680e-01 4.623097181320190430e-01 5.068064332008361816e-01 4.925060272216796875e-01 6.536797285079956055e-01 4.715516567230224609e-01 4.774772226810455322e-01
4.618175029754638672e-01 8.308724761009216309e-01 6.438454985618591309e-01 4.836890101432800293e-01 1.742827445268630981e-01 6.004298105835914612e-02 5.046179890632629395e-01 4.888307154178619385e-01 4.174954891204833984e-01 4.874528944492340088e-01 4.672483503818511963e-01 1.916120052337646484e-01 4.647332429885864258e-01 5.185150504112243652e-01
2.768650054931640625e-01 3.343124985694885254e-01 1.403087526559829712e-01 9.292724728584289551e-01 6.357747316360473633e-01 5.279412865638732910e-01 7.147667407989501953e-01 4.022423028945922852e-01 4.739760756492614746e-01 4.815158545970916748e-01 4.683957993984222412e-01 6.321628093719482422e-01 4.943068027496337891e-01 4.902144670486450195e-01
9.314125180244445801e-01 2.637443244457244873e-01 5.814767479896545410e-01 2.277624979615211487e-02 8.870834708213806152e-01 3.887223303318023682e-01 6.581820249557495117e-01 6.962102651596069336e-01 4.470542967319488525e-01 5.539368987083435059e-01 5.396920442581176758e-01 7.769142389297485352e-01 4.634478390216827393e-01 4.586570560932159424e-01
6.267899870872497559e-01 7.339239716529846191e-01 7.689437270164489746e-01 3.005647361278533936e-01 9.013969898223876953e-01 5.489408373832702637e-01 4.495436549186706543e-01 5.361565351486206055e-01 4.588910341262817383e-01 5.121205449104309082e-01 5.014830231666564941e-01 8.138542175292968750e-01 4.824693500995635986e-01 4.663573205471038818e-01
6.403974890708923340e-01 1.812776625156402588e-01 7.186290025711059570e-01 1.826110035181045532e-01 9.235674738883972168e-01 1.713234335184097290e-01 7.629056572914123535e-01 6.340081691741943359e-01 4.517804980278015137e-01 5.410693287849426270e-01 5.202547907829284668e-01 7.851204872131347656e-01 4.664759039878845215e-01 4.649670422077178955e-01
9.728350043296813965e-01 1.728146672248840332e-01 3.561397492885589600e-01 8.527474999427795410e-01 2.137182503938674927e-01 9.482091665267944336e-01 8.089429736137390137e-01 9.338781237602233887e-01 3.380174636840820312e-01 6.411619186401367188e-01 6.342068314552307129e-01 5.034431070089340210e-02 4.146769940853118896e-01 5.668641924858093262e-01
2.096750028431415558e-02 3.860625028610229492e-01 2.796250022947788239e-02 2.733870148658752441e-01 9.157245159149169922e-01 5.558437108993530273e-01 5.390610098838806152e-01 1.181599870324134827e-02 6.003925800323486328e-01 3.463450670242309570e-01 3.421534001827239990e-01 9.337217211723327637e-01 7.326651215553283691e-01 5.386890172958374023e-01
3.586100041866302490e-01 7.043098211288452148e-01 5.855717658996582031e-01 1.687217503786087036e-01 6.629977226257324219e-01 5.079816281795501709e-02 9.374176859855651855e-01 3.709563910961151123e-01 4.766544997692108154e-01 4.737356603145599365e-01 4.609218537807464600e-01 6.267458200454711914e-01 4.997803866863250732e-01 4.922881126403808594e-01
7.619249820709228516e-01 5.623946785926818848e-01 7.566737532615661621e-01 5.573624968528747559e-01 1.388995051383972168e-01 9.981855750083923340e-01 3.868726789951324463e-01 8.502535820007324219e-01 3.641332685947418213e-01 5.809975862503051758e-01 5.751217007637023926e-01 7.289547473192214966e-02 4.298894405364990234e-01 5.495756268501281738e-01
4.681299924850463867e-01 1.851781606674194336e-01 9.461502432823181152e-01 4.364475011825561523e-01 3.299537599086761475e-01 9.383332133293151855e-01 8.224333524703979492e-01 6.369380354881286621e-01 4.100627601146697998e-01 5.376181006431579590e-01 5.016401410102844238e-01 1.773228943347930908e-01 4.430251121520996094e-01 5.183050632476806641e-01
5.720275044441223145e-01 4.936041533946990967e-01 6.043180227279663086e-01 6.604175269603729248e-02 5.735285282135009766e-01 1.785506010055541992e-01 8.053066581487655640e-02 5.165981650352478027e-01 4.646013677120208740e-01 5.014357566833496094e-01 4.879308640956878662e-01 6.577128171920776367e-01 4.754314124584197998e-01 4.768861234188079834e-01
3.520975112915039062e-01 3.082848191261291504e-01 7.619307637214660645e-01 2.474567443132400513e-01 8.176295161247253418e-01 9.469219446182250977e-01 7.358211278915405273e-01 3.647356033325195312e-01 4.752202033996582031e-01 4.885725080966949463e-01 4.645875692367553711e-01 7.182583212852478027e-01 5.018703937530517578e-01 4.899855852127075195e-01
6.151000037789344788e-02 6.728168129920959473e-01 5.089524984359741211e-01 8.778125047683715820e-01 7.372587323188781738e-01 8.913036584854125977e-01 1.647300086915493011e-02 3.296444565057754517e-02 5.517542958259582520e-01 4.153767526149749756e-01 3.912816643714904785e-01 9.261455535888671875e-01 6.619205474853515625e-01 5.330128073692321777e-01
2.698175013065338135e-01 6.942576766014099121e-01 1.674434989690780640e-01 8.185899853706359863e-01 2.747847437858581543e-01 5.642480850219726562e-01 1.363613307476043701e-01 2.687549293041229248e-01 4.902220964431762695e-01 4.505599439144134521e-01 4.495084881782531738e-01 4.520809650421142578e-01 5.239048004150390625e-01 5.026133656501770020e-01
7.798550128936767578e-01 4.261656701564788818e-01 2.231547534465789795e-01 9.638224840164184570e-01 8.622482419013977051e-01 3.938568830490112305e-01 6.200990080833435059e-01 7.747794389724731445e-01 4.323776066303253174e-01 5.771883130073547363e-01 5.723981857299804688e-01 7.942958474159240723e-01 4.609789848327636719e-01 4.524568617343902588e-01
2.262825071811676025e-01 3.520023226737976074e-01 2.302384972572326660e-01 2.541489899158477783e-01 6.097245216369628906e-01 9.378677010536193848e-01 1.245416700839996338e-01 1.364579498767852783e-01 5.145240426063537598e-01 4.534942209720611572e-01 4.149318039417266846e-01 6.757660508155822754e-01 5.779945850372314453e-01 5.198907256126403809e-01
8.352324962615966797e-01 5.909068584442138672e-01 7.283250093460083008e-01 4.879472553730010986e-01 6.768722534179687500e-01 8.085382580757141113e-01 3.966679871082305908e-01 7.557170391082763672e-01 4.319214522838592529e-01 5.653387904167175293e-01 5.573368072509765625e-01 7.163984775543212891e-01 4.633556902408599854e-01 4.620962142944335938e-01
9.506275057792663574e-01 6.128249764442443848e-01 1.361224949359893799e-01 7.617350220680236816e-01 9.079587459564208984e-01 9.126816391944885254e-01 9.433433413505554199e-01 6.166974902153015137e-01 4.544670879840850830e-01 5.239246487617492676e-01 5.083302259445190430e-01 7.029526233673095703e-01 4.680313467979431152e-01 4.732831120491027832e-01
3.915224969387054443e-01 4.399886727333068848e-01 3.655945062637329102e-01 6.860575079917907715e-01 7.004935145378112793e-01 8.386942744255065918e-02 3.685076534748077393e-01 5.048640966415405273e-01 4.633555710315704346e-01 4.980864226818084717e-01 4.880378842353820801e-01 7.139521241188049316e-01 4.828603863716125488e-01 4.749295115470886230e-01
3.401150107383728027e-01 4.098608195781707764e-01 8.265535235404968262e-01 2.340075001120567322e-02 8.499457240104675293e-01 5.403444170951843262e-01 9.904894232749938965e-01 3.401590585708618164e-01 4.781658947467803955e-01 4.874622821807861328e-01 4.596289098262786865e-01 6.375182271003723145e-01 5.044617056846618652e-01 4.997322857379913330e-01
1.661400049924850464e-01 6.121063232421875000e-01 9.414732456207275391e-01 3.537087440490722656e-01 2.443282455205917358e-01 5.430192947387695312e-01 2.133366614580154419e-01 2.372601032257080078e-01 4.801947772502899170e-01 4.953617155551910400e-01 4.438125789165496826e-01 3.572236597537994385e-01 5.301001667976379395e-01 5.171967744827270508e-01
1.500625014305114746e-01 5.123521685600280762e-01 1.863054931163787842e-01 7.742224633693695068e-02 5.120747685432434082e-01 8.886257410049438477e-01 1.990929991006851196e-01 5.095850303769111633e-02 5.588362216949462891e-01 4.136554300785064697e-01 3.812896311283111572e-01 6.754246354103088379e-01 6.454381942749023438e-01 5.372256040573120117e-01
2.356700003147125244e-01 5.783045291900634766e-01 5.420337319374084473e-01 6.593250036239624023e-01 6.885660290718078613e-01 7.283633351325988770e-01 1.879143267869949341e-01 2.770115435123443604e-01 4.829929471015930176e-01 4.819740056991577148e-01 4.534140527248382568e-01 7.500829100608825684e-01 5.220277309417724609e-01 4.995462894439697266e-01
3.434999883174896240e-01 5.211371779441833496e-01 8.041267395019531250e-01 5.010049939155578613e-01 4.457629919052124023e-01 6.407568454742431641e-01 4.862506687641143799e-01 4.611502885818481445e-01 4.666703045368194580e-01 4.969765841960906982e-01 4.775681197643280029e-01 5.872181653976440430e-01 4.811317026615142822e-01 4.868444204330444336e-01
