6.127499938011169434e-01 5.501666665077209473e-01 9.612500071525573730e-01 7.837499976158142090e-01 5.824999883770942688e-02 6.387500166893005371e-01 5.406568646430969238e-01 3.390217721462249756e-01 6.856675744056701660e-01 6.009949445724487305e-01 4.783379137516021729e-01 3.204297125339508057e-01
4.362500011920928955e-01 7.868333458900451660e-01 7.212499976158142090e-01 8.757500052452087402e-01 8.637499809265136719e-01 6.962500214576721191e-01 5.050644278526306152e-01 3.574368357658386230e-01 2.349971383810043335e-01 8.111315965652465820e-01 2.694275081157684326e-01 6.655855774879455566e-01
8.992499709129333496e-01 6.918333172798156738e-01 2.242500036954879761e-01 5.402500033378601074e-01 2.182500064373016357e-01 5.622500181198120117e-01 3.720979988574981689e-01 2.853617966175079346e-01 1.198929641395807266e-02 7.790846228599548340e-01 1.619884520769119263e-01 9.221506714820861816e-01
1.157499998807907104e-01 3.418333232402801514e-01 9.507499933242797852e-01 1.417499929666519165e-01 6.342499852180480957e-01 7.857499718666076660e-01 4.730539917945861816e-01 3.111888468265533447e-01 1.887250542640686035e-01 8.583913445472717285e-01 2.178422212600708008e-01 8.722573518753051758e-01
6.312500238418579102e-01 1.851666718721389771e-01 3.242500126361846924e-01 8.372499942779541016e-01 1.187499985098838806e-01 1.537500023841857910e-01 3.538883030414581299e-01 4.166895747184753418e-01 8.024517893791198730e-01 2.881495468318462372e-02 4.586073458194732666e-01 4.983000457286834717e-01
2.682499885559082031e-01 6.144999861717224121e-01 6.832500100135803223e-01 5.902500152587890625e-01 2.842499911785125732e-01 2.822499871253967285e-01 6.831774711608886719e-01 5.985198020935058594e-01 2.294360101222991943e-01 6.248577833175659180e-01 8.147960305213928223e-01 7.461274266242980957e-01
2.187500000000000000e-01 7.838333249092102051e-01 6.067500114440917969e-01 7.847499847412109375e-01 3.152500092983245850e-01 5.562499761581420898e-01 6.055209040641784668e-01 5.228360295295715332e-01 7.840061783790588379e-01 6.240056753158569336e-01 4.899323582649230957e-01 5.581770539283752441e-01
5.347499847412109375e-01 3.081666529178619385e-01 6.502500176429748535e-01 5.077499747276306152e-01 1.327500045299530029e-01 9.724999964237213135e-02 5.283454060554504395e-01 3.872657418251037598e-01 1.442222297191619873e-01 8.319050669670104980e-01 3.188568353652954102e-01 8.048244714736938477e-01
8.632500171661376953e-01 4.165000021457672119e-01 4.027499854564666748e-01 8.617500066757202148e-01 4.562500119209289551e-01 8.847500085830688477e-01 2.865204811096191406e-01 6.096273064613342285e-01 4.429960250854492188e-01 4.000552296638488770e-01 2.090098559856414795e-01 4.594056904315948486e-01
2.442499995231628418e-01 7.541666626930236816e-01 1.702499985694885254e-01 4.425000026822090149e-02 8.027499914169311523e-01 6.592500209808349609e-01 2.523474693298339844e-01 2.801071107387542725e-01 1.953467875719070435e-01 3.799695372581481934e-01 1.139374449849128723e-01 9.331668019294738770e-01
3.392499983310699463e-01 6.681666374206542969e-01 5.567499995231628418e-01 6.827499866485595703e-01 6.324999779462814331e-02 8.557500243186950684e-01 5.111562609672546387e-01 4.895400106906890869e-01 4.757650792598724365e-01 1.078122705221176147e-01 6.908990144729614258e-01 5.623416304588317871e-01
6.617500185966491699e-01 2.601666748523712158e-01 5.052499771118164062e-01 2.247499972581863403e-01 5.792499780654907227e-01 4.542500078678131104e-01 3.124389350414276123e-01 5.550240874290466309e-01 5.247339010238647461e-01 4.289193749427795410e-01 2.423419356346130371e-01 6.039380431175231934e-01
3.627499938011169434e-01 5.935000181198120117e-01 5.862500071525573730e-01 1.075000036507844925e-02 5.074999853968620300e-02 5.107499957084655762e-01 9.908939599990844727e-01 5.398278236389160156e-01 4.622946977615356445e-01 1.426770836114883423e-01 9.964523315429687500e-01 5.397751331329345703e-01
3.217499852180480957e-01 3.901666700839996338e-01 2.992500066757202148e-01 8.887500166893005371e-01 8.942499756813049316e-01 6.607499718666076660e-01 4.680613279342651367e-01 3.890708088874816895e-01 6.734532117843627930e-02 8.035132288932800293e-01 2.178595811128616333e-01 8.239754438400268555e-01
6.062499880790710449e-01 4.608333408832550049e-01 9.107499718666076660e-01 3.367500007152557373e-01 6.172500252723693848e-01 9.127500057220458984e-01 2.433146089315414429e-01 5.955350399017333984e-01 8.751139044761657715e-01 1.641215384006500244e-01 1.554693579673767090e-01 3.149029314517974854e-01
7.007499933242797852e-01 2.828333377838134766e-01 3.007499873638153076e-01 1.912499964237213135e-01 1.642500013113021851e-01 4.825000092387199402e-02 6.730101108551025391e-01 4.663343429565429688e-01 3.651555478572845459e-01 9.799884557723999023e-01 3.557428419589996338e-01 7.273680567741394043e-01
2.417500019073486328e-01 2.541666626930236816e-01 2.197500020265579224e-01 6.497499942779541016e-01 5.417500138282775879e-01 9.632499814033508301e-01 3.715322613716125488e-01 2.783429920673370361e-01 3.610887750983238220e-02 7.212253808975219727e-01 1.575284451246261597e-01 9.376613497734069824e-01
5.367500185966491699e-01 6.115000247955322266e-01 4.712499976158142090e-01 8.387500047683715820e-01 2.482499927282333374e-01 9.402499794960021973e-01 4.571241140365600586e-01 4.268186390399932861e-01 3.658697009086608887e-01 4.681314229965209961e-01 4.039345085620880127e-01 4.427277147769927979e-01
9.572499990463256836e-01 2.585000097751617432e-01 7.447500228881835938e-01 9.007499814033508301e-01 1.324999984353780746e-02 6.362500190734863281e-01 2.625605463981628418e-01 6.589595675468444824e-01 7.971027493476867676e-02 6.846626996994018555e-01 8.535946905612945557e-02 7.826007008552551270e-01
2.932499945163726807e-01 3.311666548252105713e-01 1.082499995827674866e-01 9.267500042915344238e-01 8.247500061988830566e-01 5.702499747276306152e-01 6.703557372093200684e-01 5.098993778228759766e-01 7.063130736351013184e-01 2.480005919933319092e-01 6.601078510284423828e-01 4.480738937854766846e-01
2.982499897480010986e-01 6.458333134651184082e-01 7.452499866485595703e-01 7.157499790191650391e-01 2.657499909400939941e-01 1.174999959766864777e-02 9.193146228790283203e-01 6.280749440193176270e-01 5.728251934051513672e-01 9.804031848907470703e-01 8.436980843544006348e-01 3.514820337295532227e-01
2.467499971389770508e-01 5.404999852180480957e-01 7.572500109672546387e-01 7.272499799728393555e-01 9.002500176429748535e-01 4.582499861717224121e-01 2.593051791191101074e-01 4.306771457195281982e-01 5.810983777046203613e-01 8.961164206266403198e-02 2.546416819095611572e-01 5.219159722328186035e-01
1.022500023245811462e-01 8.068333268165588379e-01 9.697499871253967285e-01 3.092499971389770508e-01 4.842500090599060059e-01 7.692499756813049316e-01 4.012397229671478271e-01 5.635414123535156250e-01 1.455337256193161011e-01 7.885003685951232910e-01 2.266620844602584839e-01 8.521889448165893555e-01
5.687500238418579102e-01 6.238333582878112793e-01 3.957499861717224121e-01 7.152500152587890625e-01 8.249999955296516418e-03 9.342499971389770508e-01 9.344525933265686035e-01 5.749203562736511230e-01 2.932310402393341064e-01 5.383942127227783203e-01 9.787625670433044434e-01 5.155754685401916504e-01
6.575000286102294922e-02 3.571666777133941650e-01 3.947499990463256836e-01 3.837499916553497314e-01 2.274999953806400299e-02 3.272500038146972656e-01 4.694724977016448975e-01 4.492979347705841064e-01 2.711142897605895996e-01 9.248009920120239258e-01 1.919935792684555054e-01 9.013716578483581543e-01
5.927500128746032715e-01 6.478333473205566406e-01 2.462500035762786865e-01 9.087499976158142090e-01 7.032499909400939941e-01 1.987500041723251343e-01 6.793091297149658203e-01 4.499475061893463135e-01 2.813364863395690918e-01 9.476187229156494141e-01 4.492931067943572998e-01 5.950415730476379395e-01
8.824999630451202393e-02 5.034999847412109375e-01 5.457500219345092773e-01 1.502500027418136597e-01 5.422499775886535645e-01 8.224999904632568359e-02 3.782863616943359375e-01 2.825102210044860840e-01 8.992521166801452637e-01 1.850144821219146252e-03 6.971936821937561035e-01 5.173068642616271973e-01
8.047500252723693848e-01 4.308333396911621094e-01 6.127499938011169434e-01 6.982499957084655762e-01 4.712499976158142090e-01 3.132500052452087402e-01 8.287332057952880859e-01 7.195354700088500977e-01 1.990811377763748169e-01 9.623649716377258301e-01 8.109016418457031250e-01 6.510148644447326660e-01
1.282500028610229492e-01 2.711666524410247803e-01 1.292500048875808716e-01 4.867500066757202148e-01 2.427500039339065552e-01 5.177500247955322266e-01 6.087446212768554688e-01 2.675870358943939209e-01 9.679989218711853027e-01 1.976809464395046234e-02 7.178660631179809570e-01 1.650076061487197876e-01
1.702499985694885254e-01 7.588333487510681152e-01 7.137500047683715820e-01 9.262499809265136719e-01 2.897500097751617432e-01 5.612499713897705078e-01 9.608941674232482910e-01 4.703271389007568359e-01 8.471609354019165039e-01 1.029415279626846313e-01 9.700522422790527344e-01 5.097004175186157227e-01
2.307499945163726807e-01 5.914999842643737793e-01 2.087499946355819702e-01 6.362500190734863281e-01 1.122500002384185791e-01 9.372500181198120117e-01 8.242481350898742676e-01 6.915050745010375977e-01 2.832644879817962646e-01 9.092572927474975586e-01 8.719859123229980469e-01 7.145748734474182129e-01
5.947499871253967285e-01 3.871666789054870605e-01 6.367499828338623047e-01 1.482499986886978149e-01 9.607499837875366211e-01 3.517499864101409912e-01 5.660200119018554688e-01 4.759837388992309570e-01 3.245719671249389648e-01 8.931912779808044434e-01 4.093256592750549316e-01 8.657295703887939453e-01
3.962500095367431641e-01 2.495000064373016357e-01 3.642500042915344238e-01 1.642500013113021851e-01 3.787499964237213135e-01 9.657499790191650391e-01 5.519928932189941406e-01 4.241108596324920654e-01 1.000124365091323853e-01 8.460239768028259277e-01 4.872053265571594238e-01 7.284381985664367676e-01
9.802500009536743164e-01 5.631666779518127441e-01 7.392500042915344238e-01 2.292499989271163940e-01 2.577500045299530029e-01 8.552500009536743164e-01 3.729760944843292236e-01 5.991903543472290039e-01 1.211199071258306503e-02 6.285390853881835938e-01 3.399778008460998535e-01 9.296281337738037109e-01
6.475000083446502686e-02 7.858333587646484375e-01 6.872500181198120117e-01 5.007500052452087402e-01 1.249999972060322762e-03 1.457500010728836060e-01 5.399464368820190430e-01 4.992602765560150146e-01 3.348886072635650635e-01 7.831696867942810059e-01 3.310255408287048340e-01 6.009746193885803223e-01
4.502499997615814209e-01 3.651666641235351562e-01 1.962500065565109253e-01 9.617499709129333496e-01 3.312500119209289551e-01 5.074999853968620300e-02 2.682519555091857910e-01 2.732382416725158691e-01 3.680537343025207520e-01 1.179267093539237976e-01 2.140345424413681030e-01 7.159323692321777344e-01
8.052499890327453613e-01 5.931666493415832520e-01 6.174999848008155823e-02 9.624999761581420898e-02 2.807500064373016357e-01 6.317499876022338867e-01 2.284899950027465820e-01 3.109025955200195312e-01 6.668047904968261719e-01 2.769236452877521515e-02 3.576326072216033936e-01 3.490361571311950684e-01
7.932500243186950684e-01 4.811666607856750488e-01 5.324999988079071045e-02 2.942500114440917969e-01 4.142499864101409912e-01 6.072499752044677734e-01 2.940996289253234863e-01 4.876942336559295654e-01 4.784535616636276245e-03 4.600832760334014893e-01 1.786241382360458374e-01 9.381229281425476074e-01
6.662499904632568359e-01 7.758333086967468262e-01 3.577499985694885254e-01 3.962500095367431641e-01 9.757500290870666504e-01 6.724999845027923584e-02 4.223847389221191406e-01 7.352052330970764160e-01 7.527002692222595215e-01 9.649161100387573242e-01 1.007127985358238220e-01 2.881503701210021973e-01
2.777499854564666748e-01 3.585000038146972656e-01 7.175000011920928955e-02 6.442499756813049316e-01 2.132499963045120239e-01 5.782499909400939941e-01 4.020785391330718994e-01 4.165814816951751709e-01 3.544702827930450439e-01 4.053198695182800293e-01 3.748853504657745361e-01 3.625299036502838135e-01
8.987500071525573730e-01 6.611666679382324219e-01 6.197500228881835938e-01 1.842499971389770508e-01 5.887500047683715820e-01 6.542500257492065430e-01 6.390892267227172852e-01 3.787766993045806885e-01 6.929883360862731934e-02 9.799168705940246582e-01 4.259483516216278076e-01 8.537286520004272461e-01
5.462499856948852539e-01 3.104999959468841553e-01 6.507499814033508301e-01 9.782500267028808594e-01 6.487500071525573730e-01 3.237499892711639404e-01 5.038471221923828125e-01 5.719476342201232910e-01 2.514301240444183350e-01 9.135529994964599609e-01 2.807467579841613770e-01 8.152781724929809570e-01
2.072499990463256836e-01 2.894999980926513672e-01 9.637500047683715820e-01 1.992499977350234985e-01 4.207499921321868896e-01 4.492500126361846924e-01 5.706622004508972168e-01 5.200434923171997070e-01 8.522026240825653076e-02 9.717537760734558105e-01 4.008753299713134766e-01 9.635842442512512207e-01
4.282500147819519043e-01 3.445000052452087402e-01 5.507500171661376953e-01 2.802500128746032715e-01 4.942499995231628418e-01 1.247500032186508179e-01 1.220307126641273499e-01 5.616943240165710449e-01 3.512115180492401123e-01 6.041747704148292542e-02 1.805585175752639771e-01 8.238636851310729980e-01
3.250000067055225372e-03 4.805000126361846924e-01 1.487500071525573730e-01 1.922499984502792358e-01 4.637500047683715820e-01 5.682500004768371582e-01 2.634583413600921631e-02 8.382510542869567871e-01 2.726070769131183624e-02 9.422271698713302612e-02 4.234148934483528137e-02 9.951034784317016602e-01
3.252499997615814209e-01 4.561666548252105713e-01 1.977500021457672119e-01 6.562500000000000000e-01 9.332500100135803223e-01 1.317500025033950806e-01 7.370405197143554688e-01 3.440580070018768311e-01 6.370279192924499512e-01 2.086318582296371460e-01 9.021387100219726562e-01 2.914977967739105225e-01
1.202500015497207642e-01 8.321666717529296875e-01 1.652500033378601074e-01 6.387500166893005371e-01 8.262500166893005371e-01 9.527500271797180176e-01 3.029956519603729248e-01 6.254438757896423340e-01 3.752574920654296875e-01 4.346074163913726807e-01 1.866826564073562622e-01 4.390129148960113525e-01
8.447499871253967285e-01 2.988333404064178467e-01 8.102499842643737793e-01 6.952499747276306152e-01 8.407499790191650391e-01 5.542500019073486328e-01 2.113973945379257202e-01 2.997598648071289062e-01 8.446851372718811035e-01 2.613336592912673950e-02 3.881948590278625488e-01 1.720219254493713379e-01
6.772500276565551758e-01 3.501666784286499023e-01 2.975000068545341492e-02 4.862500131130218506e-01 9.574999660253524780e-02 7.157499790191650391e-01 2.780629098415374756e-01 5.129966735839843750e-01 3.800729289650917053e-02 3.267426192760467529e-01 1.529321670532226562e-01 8.924354910850524902e-01
2.867499887943267822e-01 8.008333444595336914e-01 2.842499911785125732e-01 7.307500243186950684e-01 8.417500257492065430e-01 3.302499949932098389e-01 6.388918161392211914e-01 3.792440891265869141e-01 1.426139026880264282e-01 9.874660372734069824e-01 2.667974531650543213e-01 8.432055115699768066e-01
4.324999824166297913e-02 3.465000092983245850e-01 9.724999964237213135e-02 9.907500147819519043e-01 2.837499976158142090e-01 4.697499871253967285e-01 2.409788072109222412e-01 5.596320033073425293e-01 3.056328296661376953e-01 5.516926646232604980e-01 1.067944765090942383e-01 9.132730960845947266e-01
5.607500076293945312e-01 6.931666731834411621e-01 1.252499967813491821e-01 2.607499957084655762e-01 8.687499761581420898e-01 5.257499814033508301e-01 7.320880293846130371e-01 5.371450781822204590e-01 2.819157838821411133e-01 6.930148601531982422e-01 7.435286641120910645e-01 5.424515008926391602e-01
3.497500121593475342e-01 5.798333287239074707e-01 1.722500026226043701e-01 9.037500023841857910e-01 8.067499995231628418e-01 3.002499938011169434e-01 4.524159133434295654e-01 4.662305712699890137e-01 1.412234082818031311e-02 8.416226506233215332e-01 3.187140822410583496e-01 8.751459121704101562e-01
3.877499997615814209e-01 1.818333268165588379e-01 4.752500057220458984e-01 6.547499895095825195e-01 9.807500243186950684e-01 7.357500195503234863e-01 4.299252927303314209e-01 5.133810639381408691e-01 5.871950387954711914e-01 9.888330101966857910e-02 5.761231184005737305e-01 5.953884720802307129e-01
7.042499780654907227e-01 3.005000054836273193e-01 2.732500135898590088e-01 6.082500219345092773e-01 9.787499904632568359e-01 9.362499713897705078e-01 3.204568624496459961e-01 2.195923328399658203e-01 9.145733714103698730e-01 3.693605959415435791e-02 4.484247863292694092e-01 2.132624834775924683e-01
8.067499995231628418e-01 7.524999976158142090e-01 9.367499947547912598e-01 5.612499713897705078e-01 4.272499978542327881e-01 8.757500052452087402e-01 4.229831099510192871e-01 4.455467462539672852e-01 7.156236767768859863e-01 2.426110208034515381e-01 3.917358517646789551e-01 2.819989621639251709e-01
2.667500078678131104e-01 7.311666607856750488e-01 7.667499780654907227e-01 8.824999630451202393e-02 7.012500166893005371e-01 8.267499804496765137e-01 3.646121323108673096e-01 3.181919753551483154e-01 1.458028107881546021e-01 4.875418543815612793e-01 1.853673607110977173e-01 7.892508506774902344e-01
2.197500020265579224e-01 8.058333396911621094e-01 8.257499933242797852e-01 1.467500030994415283e-01 1.357499957084655762e-01 1.152499988675117493e-01 3.106101751327514648e-01 4.824109971523284912e-01 5.709881186485290527e-01 1.667410433292388916e-01 2.913720905780792236e-01 7.518796324729919434e-01
1.167500019073486328e-01 3.364999890327453613e-01 7.632499933242797852e-01 8.127499818801879883e-01 9.007499814033508301e-01 9.952499866485595703e-01 6.560614705085754395e-01 5.844427943229675293e-01 1.300953924655914307e-01 6.353106498718261719e-01 7.438899874687194824e-01 6.914147734642028809e-01
1.567499935626983643e-01 2.861666679382324219e-01 7.597500085830688477e-01 2.687500119209289551e-01 1.347499936819076538e-01 2.032500058412551880e-01 5.504325628280639648e-01 3.838449120521545410e-01 2.433354705572128296e-01 8.216961622238159180e-01 3.820558488368988037e-01 7.974026203155517578e-01
2.567499876022338867e-01 6.265000104904174805e-01 6.792500019073486328e-01 7.072499990463256836e-01 5.997499823570251465e-01 4.932500123977661133e-01 4.068753719329833984e-01 3.107324838638305664e-01 9.338990449905395508e-01 1.056800261139869690e-01 4.485508501529693604e-01 1.574883162975311279e-01
3.187499940395355225e-01 4.541666805744171143e-01 9.552500247955322266e-01 2.757500112056732178e-01 9.750000201165676117e-03 8.037499785423278809e-01 8.571196794509887695e-01 5.349034667015075684e-01 6.292272806167602539e-01 9.834384322166442871e-01 7.215341329574584961e-01 7.164880037307739258e-01
4.275000095367431641e-02 6.234999895095825195e-01 1.077499985694885254e-01 3.097499907016754150e-01 1.212500035762786865e-01 3.742499947547912598e-01 4.754518568515777588e-01 5.880373716354370117e-01 4.039421677589416504e-01 7.810234427452087402e-01 2.663322687149047852e-01 4.339976608753204346e-01
6.337500214576721191e-01 6.301666498184204102e-01 6.382499933242797852e-01 8.627499938011169434e-01 3.917500078678131104e-01 7.047500014305114746e-01 4.843406677246093750e-01 6.103446483612060547e-01 2.570379674434661865e-01 6.844935417175292969e-01 3.965106606483459473e-01 6.406624913215637207e-01
6.747499704360961914e-01 1.868333369493484497e-01 5.947499871253967285e-01 5.837500095367431641e-01 6.747499704360961914e-01 3.172500133514404297e-01 4.165718555450439453e-01 5.222423076629638672e-01 2.027717232704162598e-01 2.008572220802307129e-03 9.287026524543762207e-01 8.960294723510742188e-01
4.047499895095825195e-01 1.698333323001861572e-01 3.322499990463256836e-01 3.737500011920928955e-01 8.275000005960464478e-02 7.997499704360961914e-01 4.858996272087097168e-01 7.576659321784973145e-01 7.954596281051635742e-01 9.394721388816833496e-01 1.339295506477355957e-01 2.949915826320648193e-01
1.757500022649765015e-01 6.495000123977661133e-01 3.167499899864196777e-01 5.142499804496765137e-01 5.762500166893005371e-01 4.847500026226043701e-01 2.264689207077026367e-01 4.114283621311187744e-01 9.287274479866027832e-01 5.206627398729324341e-02 2.729780673980712891e-01 2.055809497833251953e-01
4.382500052452087402e-01 7.001666426658630371e-01 6.707500219345092773e-01 5.632500052452087402e-01 5.432500243186950684e-01 8.422499895095825195e-01 3.930940330028533936e-01 3.666939437389373779e-01 5.554392933845520020e-01 1.053139567375183105e-01 5.576208829879760742e-01 4.266836047172546387e-01
1.777500063180923462e-01 3.745000064373016357e-01 5.750000011175870895e-03 1.425000000745058060e-02 5.612499713897705078e-01 9.997500181198120117e-01 2.633801102638244629e-01 2.455141544342041016e-01 7.210479974746704102e-01 1.583809778094291687e-02 6.412736177444458008e-01 3.115165531635284424e-01
7.977499961853027344e-01 6.784999966621398926e-01 1.027500033378601074e-01 7.074999809265136719e-02 1.287499964237213135e-01 1.502500027418136597e-01 2.289088964462280273e-01 4.750478565692901611e-01 1.209252141416072845e-02 1.544257998466491699e-01 2.420575171709060669e-01 9.316674470901489258e-01
8.137500286102294922e-01 4.774999916553497314e-01 7.637500166893005371e-01 2.542499899864196777e-01 4.892500042915344238e-01 8.042500019073486328e-01 2.646539211273193359e-01 6.323696374893188477e-01 1.511045247316360474e-01 3.063015341758728027e-01 3.294983804225921631e-01 8.650500178337097168e-01
3.707500100135803223e-01 2.618333399295806885e-01 4.307500123977661133e-01 2.407499998807907104e-01 7.827500104904174805e-01 3.687500059604644775e-01 4.892380237579345703e-01 5.206534862518310547e-01 2.061853110790252686e-01 6.258684992790222168e-01 3.173801004886627197e-01 7.294060587882995605e-01
3.227500021457672119e-01 4.831666648387908936e-01 6.222500205039978027e-01 9.532499909400939941e-01 4.967499971389770508e-01 3.382500112056732178e-01 2.164878249168395996e-01 5.721716284751892090e-01 1.014573574066162109e-01 6.182593479752540588e-02 4.579944610595703125e-01 9.044589400291442871e-01
2.975000068545341492e-02 5.345000028610229492e-01 4.374999925494194031e-02 6.382499933242797852e-01 9.527500271797180176e-01 8.637499809265136719e-01 8.750197887420654297e-01 4.459843039512634277e-01 4.060980081558227539e-01 1.475999802350997925e-01 9.556628465652465820e-01 4.902340769767761230e-01
3.247500061988830566e-01 2.258333265781402588e-01 9.842500090599060059e-01 6.552500128746032715e-01 7.052500247955322266e-01 3.892500102519989014e-01 7.522300481796264648e-01 3.407695293426513672e-01 5.040372610092163086e-01 9.514550678431987762e-03 9.404779076576232910e-01 6.709757447242736816e-01
1.422500014305114746e-01 3.748333454132080078e-01 7.167500257492065430e-01 6.832500100135803223e-01 5.525000020861625671e-02 4.412499964237213135e-01 5.635600090026855469e-01 5.620259046554565430e-01 4.822584390640258789e-01 9.156226515769958496e-01 2.479259967803955078e-01 4.408733248710632324e-01
9.432500004768371582e-01 2.364999949932098389e-01 9.922500252723693848e-01 2.037499994039535522e-01 3.842499852180480957e-01 7.442499995231628418e-01 6.662134528160095215e-01 5.400890707969665527e-01 6.018849611282348633e-01 9.307880401611328125e-01 3.406887054443359375e-01 3.801034390926361084e-01
6.412500143051147461e-01 7.338333129882812500e-01 7.927500009536743164e-01 7.637500166893005371e-01 7.657499909400939941e-01 2.372500002384185791e-01 4.337292015552520752e-01 5.243751406669616699e-01 3.690837621688842773e-01 1.271588653326034546e-01 6.096512079238891602e-01 5.938036441802978516e-01
3.887499868869781494e-01 5.494999885559082031e-01 2.447499930858612061e-01 8.117499947547912598e-01 7.482500076293945312e-01 7.932500243186950684e-01 3.177973628044128418e-01 2.439963221549987793e-01 9.468993544578552246e-01 5.356372892856597900e-02 4.704839289188385010e-01 1.406558007001876831e-01
8.422499895095825195e-01 6.071666479110717773e-01 3.292500078678131104e-01 1.557500064373016357e-01 2.374999970197677612e-02 8.367499709129333496e-01 1.577967852354049683e-01 4.646159112453460693e-01 5.778627991676330566e-01 2.161506004631519318e-02 2.833428382873535156e-01 4.761814773082733154e-01
4.852499961853027344e-01 2.621666789054870605e-01 4.622499942779541016e-01 6.177499890327453613e-01 1.602499932050704956e-01 6.667500138282775879e-01 2.077836394309997559e-01 5.494284629821777344e-01 3.253388702869415283e-01 1.088858097791671753e-01 2.602453231811523438e-01 6.908929347991943359e-01
2.332500070333480835e-01 7.258333563804626465e-01 2.374999970197677612e-02 3.087500035762786865e-01 7.622500061988830566e-01 2.892499864101409912e-01 5.670813918113708496e-01 4.447512328624725342e-01 7.137331366539001465e-01 5.423406139016151428e-02 6.673089861869812012e-01 4.926354885101318359e-01
7.907500267028808594e-01 6.424999833106994629e-01 2.307499945163726807e-01 4.062500000000000000e-01 4.042499959468841553e-01 7.522500157356262207e-01 2.612300515174865723e-01 3.593635559082031250e-01 5.339964032173156738e-01 5.792724713683128357e-02 4.342133998870849609e-01 3.417205810546875000e-01
5.452499985694885254e-01 3.055000007152557373e-01 9.522500038146972656e-01 7.967500090599060059e-01 7.602499723434448242e-01 7.032499909400939941e-01 6.254725456237792969e-01 4.957465231418609619e-01 2.838024795055389404e-01 9.858783483505249023e-01 2.318187952041625977e-01 8.054082989692687988e-01
6.947500109672546387e-01 7.384999990463256836e-01 7.925000041723251343e-02 1.587499976158142090e-01 9.862499833106994629e-01 3.967500030994415283e-01 7.113764286041259766e-01 5.003434419631958008e-01 5.879416465759277344e-01 9.825103878974914551e-01 3.964286446571350098e-01 7.229300141334533691e-01
3.927499949932098389e-01 4.581666588783264160e-01 8.742499947547912598e-01 7.992500066757202148e-01 8.202499747276306152e-01 6.497499942779541016e-01 6.566860675811767578e-01 4.075470566749572754e-01 5.904076099395751953e-01 9.451059252023696899e-02 7.525910139083862305e-01 4.623685777187347412e-01
8.087499737739562988e-01 2.848333418369293213e-01 3.525000065565109253e-02 1.347499936819076538e-01 3.467499911785125732e-01 4.675000160932540894e-02 3.772209584712982178e-01 5.465027093887329102e-01 3.873259723186492920e-01 2.292081564664840698e-01 4.344532787799835205e-01 5.245358943939208984e-01
4.749999847263097763e-03 6.775000095367431641e-01 9.077500104904174805e-01 5.152500271797180176e-01 4.174999892711639404e-02 2.072499990463256836e-01 5.832312107086181641e-01 3.678162097930908203e-01 4.857014119625091553e-02 9.700129628181457520e-01 3.111190795898437500e-01 8.951439857482910156e-01
4.524999856948852539e-02 4.848333299160003662e-01 1.782499998807907104e-01 9.092500209808349609e-01 8.717499971389770508e-01 7.067499756813049316e-01 9.212613701820373535e-01 4.236862361431121826e-01 5.791501998901367188e-01 6.945512294769287109e-01 9.468413591384887695e-01 3.656524419784545898e-01
7.275000214576721191e-02 5.571666955947875977e-01 9.947500228881835938e-01 1.572500020265579224e-01 4.072499871253967285e-01 1.722500026226043701e-01 8.510928153991699219e-01 3.995799720287322998e-01 4.485718309879302979e-01 7.106561660766601562e-01 9.293083548545837402e-01 4.359266459941864014e-01
3.932499885559082031e-01 1.748333275318145752e-01 2.552500069141387939e-01 5.167499780654907227e-01 2.125000022351741791e-02 4.032500088214874268e-01 6.141080856323242188e-01 4.221084117889404297e-01 5.237112641334533691e-01 8.077353835105895996e-01 4.085264503955841064e-01 4.898337125778198242e-01
4.872500002384185791e-01 5.408333539962768555e-01 1.847500056028366089e-01 6.925000250339508057e-02 5.067499876022338867e-01 4.637500047683715820e-01 7.660747170448303223e-01 5.056521296501159668e-01 3.443168997764587402e-01 2.843124568462371826e-01 8.977804183959960938e-01 5.018931031227111816e-01
6.522499918937683105e-01 1.681666672229766846e-01 3.824999928474426270e-02 8.687499761581420898e-01 5.907499790191650391e-01 3.117499947547912598e-01 5.869666337966918945e-01 3.923388421535491943e-01 8.196877241134643555e-01 4.454813003540039062e-01 5.312818884849548340e-01 2.523455023765563965e-01
4.182499945163726807e-01 2.074999958276748657e-01 1.475000008940696716e-02 8.727499842643737793e-01 6.717500090599060059e-01 3.342500030994415283e-01 4.351665973663330078e-01 3.947017490863800049e-01 6.380503773689270020e-01 9.707237780094146729e-02 5.987776517868041992e-01 3.947213888168334961e-01
9.152500033378601074e-01 1.854999959468841553e-01 3.202500045299530029e-01 1.937499940395355225e-01 9.577500224113464355e-01 7.632499933242797852e-01 4.710816740989685059e-01 3.766531348228454590e-01 5.370891690254211426e-01 2.494783848524093628e-01 5.580545067787170410e-01 4.009771943092346191e-01
4.307500123977661133e-01 7.498333454132080078e-01 1.527500003576278687e-01 2.249999903142452240e-03 7.387499809265136719e-01 2.342499941587448120e-01 5.109337568283081055e-01 3.562315404415130615e-01 4.942532628774642944e-02 9.401332736015319824e-01 2.038893848657608032e-01 9.133368730545043945e-01
6.117500066757202148e-01 7.428333163261413574e-01 2.227499932050704956e-01 5.017499923706054688e-01 3.222500085830688477e-01 9.322500228881835938e-01 5.490979552268981934e-01 5.516985058784484863e-01 8.785444498062133789e-02 4.379075467586517334e-01 7.294351458549499512e-01 7.098427414894104004e-01
9.002500176429748535e-01 4.108333289623260498e-01 2.167499959468841553e-01 6.967499852180480957e-01 1.177499964833259583e-01 7.002500295639038086e-01 6.474055647850036621e-01 4.993801712989807129e-01 4.440666362643241882e-02 9.683140516281127930e-01 4.271461069583892822e-01 8.094745278358459473e-01
7.867500185966491699e-01 6.558333039283752441e-01 9.912499785423278809e-01 5.122500061988830566e-01 1.197500005364418030e-01 8.252500295639038086e-01 4.317207634449005127e-01 7.239481210708618164e-01 7.398270368576049805e-01 9.283776879310607910e-01 1.472022235393524170e-01 3.017886877059936523e-01
9.702500104904174805e-01 5.665000081062316895e-01 5.272499918937683105e-01 6.492499709129333496e-01 6.527500152587890625e-01 4.012500047683715820e-01 2.096827775239944458e-01 2.340696752071380615e-01 1.064788997173309326e-01 4.953435435891151428e-02 2.594207823276519775e-01 6.716941595077514648e-01
3.072499930858612061e-01 5.311666727066040039e-01 5.917500257492065430e-01 2.232500016689300537e-01 7.102500200271606445e-01 3.127500116825103760e-01 6.435912251472473145e-01 4.872518777847290039e-01 1.965616047382354736e-01 9.561343193054199219e-01 3.266798257827758789e-01 7.331405878067016602e-01
4.682500064373016357e-01 4.311666786670684814e-01 4.277499914169311523e-01 4.557499885559082031e-01 2.397499978542327881e-01 2.432499974966049194e-01 5.936975479125976562e-01 4.510484337806701660e-01 2.574329376220703125e-01 3.954489529132843018e-01 7.677068114280700684e-01 5.377006530761718750e-01
5.662500262260437012e-01 2.628333270549774170e-01 6.917499899864196777e-01 2.067500054836273193e-01 9.652500152587890625e-01 9.947500228881835938e-01 4.424680173397064209e-01 4.393839538097381592e-01 2.218394577503204346e-01 3.769235312938690186e-01 3.624333739280700684e-01 6.532844901084899902e-01
8.037499785423278809e-01 5.945000052452087402e-01 6.852499842643737793e-01 4.332500100135803223e-01 3.162499964237213135e-01 5.067499876022338867e-01 8.704237341880798340e-01 5.631030201911926270e-01 2.928329408168792725e-01 1.150519251823425293e-01 9.615759849548339844e-01 7.187663316726684570e-01
1.792500019073486328e-01 4.201666712760925293e-01 5.687500238418579102e-01 9.017500281333923340e-01 3.397499918937683105e-01 2.837499976158142090e-01 4.261238276958465576e-01 4.987591505050659180e-01 2.016468495130538940e-01 6.086437106132507324e-01 2.270192950963973999e-01 5.456593036651611328e-01
4.817500114440917969e-01 4.638333320617675781e-01 7.152500152587890625e-01 2.787500023841857910e-01 5.032500028610229492e-01 4.574999958276748657e-02 3.376042544841766357e-01 4.108297526836395264e-01 2.684287130832672119e-01 1.753102242946624756e-01 4.739043712615966797e-01 4.074014723300933838e-01
8.672500252723693848e-01 5.191666483879089355e-01 7.562500238418579102e-01 4.242500066757202148e-01 7.492499947547912598e-01 4.742499887943267822e-01 3.570840358734130859e-01 3.687691986560821533e-01 2.559773623943328857e-01 3.400727212429046631e-01 3.036642074584960938e-01 7.950952649116516113e-01
2.017499953508377075e-01 4.605000019073486328e-01 5.772500038146972656e-01 8.725000172853469849e-02 3.657500147819519043e-01 2.597500085830688477e-01 3.429456353187561035e-01 3.341574966907501221e-01 1.758631318807601929e-02 5.298259854316711426e-01 2.269285023212432861e-01 8.748472929000854492e-01
8.307499885559082031e-01 5.364999771118164062e-01 4.102500081062316895e-01 8.467500209808349609e-01 1.477500051259994507e-01 1.217499971389770508e-01 6.832327246665954590e-01 4.973749220371246338e-01 1.967315822839736938e-01 9.934990406036376953e-01 2.669335305690765381e-01 8.333123326301574707e-01
7.957500219345092773e-01 6.934999823570251465e-01 9.282500147819519043e-01 1.342500001192092896e-01 4.532499909400939941e-01 2.682499885559082031e-01 4.847634136676788330e-01 7.614943385124206543e-01 6.100875735282897949e-01 9.730359315872192383e-01 1.917724013328552246e-01 5.840151309967041016e-01
3.547500073909759521e-01 6.801666617393493652e-01 9.682499766349792480e-01 7.524999976158142090e-02 8.122500181198120117e-01 7.524999976158142090e-02 5.748122930526733398e-01 4.702531993389129639e-01 9.183371067047119141e-02 7.238749861717224121e-01 7.113055586814880371e-01 6.308788061141967773e-01
9.222499728202819824e-01 7.145000100135803223e-01 7.062500119209289551e-01 4.252499938011169434e-01 6.827499866485595703e-01 6.572499871253967285e-01 2.426568567752838135e-01 2.930286824703216553e-01 5.254195332527160645e-01 5.210243165493011475e-02 4.521144330501556396e-01 2.600999772548675537e-01
4.687500000000000000e-01 7.724999785423278809e-01 7.682499885559082031e-01 2.500000118743628263e-04 6.837499737739562988e-01 3.047499954700469971e-01 6.153206229209899902e-01 4.969396591186523438e-01 6.082304716110229492e-01 9.219275712966918945e-01 3.194780945777893066e-01 4.190655052661895752e-01
3.152500092983245850e-01 2.888333201408386230e-01 4.202499985694885254e-01 4.157499969005584717e-01 4.987500011920928955e-01 7.175000011920928955e-02 1.531988531351089478e-01 6.986652612686157227e-01 5.641187429428100586e-01 1.493699103593826294e-01 1.687802523374557495e-01 6.798544526100158691e-01
1.592500060796737671e-01 2.815000116825103760e-01 1.632499992847442627e-01 3.827500045299530029e-01 4.612500071525573730e-01 4.672499895095825195e-01 3.962869942188262939e-01 3.818461894989013672e-01 4.092226549983024597e-02 5.321647524833679199e-01 3.294785916805267334e-01 8.049446344375610352e-01
2.537499964237213135e-01 2.531666755676269531e-01 1.912499964237213135e-01 5.575000122189521790e-02 4.932500123977661133e-01 3.947499990463256836e-01 7.298029661178588867e-01 7.064914107322692871e-01 7.595370411872863770e-01 9.970510005950927734e-01 1.984839290380477905e-01 2.794091999530792236e-01
4.697499871253967285e-01 5.164999961853027344e-01 2.125000022351741791e-02 4.207499921321868896e-01 6.217499971389770508e-01 9.867500066757202148e-01 1.218803077936172485e-01 2.979739904403686523e-01 1.598036661744117737e-02 1.394985150545835495e-02 1.863953173160552979e-01 7.879348993301391602e-01
7.392500042915344238e-01 5.454999804496765137e-01 1.542499959468841553e-01 5.887500047683715820e-01 6.882500052452087402e-01 4.327499866485595703e-01 7.949078679084777832e-01 4.238733053207397461e-01 7.442135363817214966e-02 9.990001320838928223e-01 5.202240347862243652e-01 8.987054824829101562e-01
1.125000044703483582e-02 5.074999928474426270e-01 8.474999666213989258e-02 6.182500123977661133e-01 6.472499966621398926e-01 6.172500252723693848e-01 3.400546312332153320e-01 5.447258353233337402e-01 1.644556373357772827e-01 6.670649647712707520e-01 1.993928700685501099e-01 8.707644939422607422e-01
2.817499935626983643e-01 7.914999723434448242e-01 8.787500262260437012e-01 4.632500112056732178e-01 8.622499704360961914e-01 8.442500233650207520e-01 6.073736548423767090e-01 5.160604715347290039e-01 1.522514075040817261e-01 5.571017265319824219e-01 7.511466741561889648e-01 6.174637675285339355e-01
1.252499967813491821e-01 7.141666412353515625e-01 1.222499981522560120e-01 2.327499985694885254e-01 3.852500021457672119e-01 9.437500238418579102e-01 6.876876354217529297e-01 4.805631339550018311e-01 6.786950230598449707e-01 3.412955999374389648e-01 7.223078012466430664e-01 5.202422738075256348e-01
2.632499933242797852e-01 4.671666622161865234e-01 8.892499804496765137e-01 1.017500013113021851e-01 3.817499876022338867e-01 1.577499955892562866e-01 5.941661000251770020e-01 4.574193954467773438e-01 3.978366255760192871e-01 3.555250465869903564e-01 6.989055275917053223e-01 5.331830382347106934e-01
4.712499976158142090e-01 6.688333153724670410e-01 1.422500014305114746e-01 7.512500286102294922e-01 3.507499992847442627e-01 7.137500047683715820e-01 7.254870533943176270e-01 5.485414862632751465e-01 1.739176064729690552e-01 9.845340251922607422e-01 5.893778800964355469e-01 8.327090740203857422e-01
1.032499969005584717e-01 3.305000066757202148e-01 9.127500057220458984e-01 9.022499918937683105e-01 7.975000143051147461e-02 3.024999983608722687e-02 1.493918001651763916e-01 5.205100774765014648e-01 6.478217840194702148e-01 2.352194674313068390e-02 2.291852682828903198e-01 5.883849859237670898e-01
7.657499909400939941e-01 6.545000076293945312e-01 7.587500214576721191e-01 7.607499957084655762e-01 2.025000005960464478e-02 8.997499942779541016e-01 5.236320495605468750e-01 3.731740713119506836e-01 6.021326780319213867e-01 3.005828261375427246e-01 5.965948104858398438e-01 4.072276651859283447e-01
3.722499907016754150e-01 7.465000152587890625e-01 4.812499880790710449e-01 7.824999839067459106e-02 4.874999821186065674e-02 4.722500145435333252e-01 4.624451994895935059e-01 5.484290719032287598e-01 2.834649682044982910e-01 7.787827849388122559e-01 2.408508062362670898e-01 6.632012128829956055e-01
4.327499866485595703e-01 6.451666951179504395e-01 7.802500128746032715e-01 2.032500058412551880e-01 5.282499790191650391e-01 4.562500119209289551e-01 1.846918016672134399e-01 6.884388327598571777e-01 9.400379061698913574e-01 4.132119715213775635e-01 4.941025003790855408e-02 1.825875341892242432e-01
1.392499953508377075e-01 3.194999992847442627e-01 2.337500005960464478e-01 5.082499980926513672e-01 4.262500107288360596e-01 3.317500054836273193e-01 7.864798903465270996e-01 6.265742182731628418e-01 1.346049457788467407e-01 3.456729948520660400e-01 9.078169465065002441e-01 7.366171479225158691e-01
3.697499930858612061e-01 7.471666932106018066e-01 6.777499914169311523e-01 2.377499938011169434e-01 9.397500157356262207e-01 9.075000137090682983e-02 4.317061305046081543e-01 5.000738501548767090e-01 7.383099198341369629e-02 6.852330565452575684e-01 2.234246283769607544e-01 8.653143048286437988e-01
8.392500281333923340e-01 4.238333404064178467e-01 7.747499942779541016e-01 9.922500252723693848e-01 8.524999767541885376e-02 5.262500047683715820e-01 2.656090855598449707e-01 4.568582475185394287e-01 3.891655504703521729e-01 4.988938570022583008e-02 4.827290177345275879e-01 6.155905127525329590e-01
3.852500021457672119e-01 3.858333230018615723e-01 6.327499747276306152e-01 5.897499918937683105e-01 9.727500081062316895e-01 2.802500128746032715e-01 5.842795372009277344e-01 3.610801994800567627e-01 1.412460207939147949e-01 9.621148109436035156e-01 2.401384115219116211e-01 8.641220331192016602e-01
5.225000157952308655e-02 1.768333315849304199e-01 8.842499852180480957e-01 2.107499986886978149e-01 7.017499804496765137e-01 7.197499871253967285e-01 4.698254168033599854e-01 2.642592489719390869e-01 9.427766799926757812e-01 2.296812459826469421e-02 6.311450600624084473e-01 2.128526419401168823e-01
2.022500038146972656e-01 6.651666760444641113e-01 1.002499982714653015e-01 7.500000065192580223e-04 5.077499747276306152e-01 9.707499742507934570e-01 4.996562600135803223e-01 4.583388864994049072e-01 7.566937208175659180e-01 3.182572722434997559e-01 4.836107790470123291e-01 3.453163802623748779e-01
8.812500238418579102e-01 5.338333249092102051e-01 4.627499878406524658e-01 3.882499933242797852e-01 5.902500152587890625e-01 2.377499938011169434e-01 9.421548247337341309e-02 4.743635952472686768e-01 3.245100975036621094e-01 2.138261310756206512e-02 1.735014170408248901e-01 7.816439270973205566e-01
2.857500016689300537e-01 4.111666679382324219e-01 2.652499973773956299e-01 3.987500071525573730e-01 6.497499942779541016e-01 2.452500015497207642e-01 1.417549550533294678e-01 3.348023295402526855e-01 5.698839426040649414e-01 1.615186594426631927e-02 2.800861299037933350e-01 2.241715341806411743e-01
9.317499995231628418e-01 4.221666753292083740e-01 9.857500195503234863e-01 7.962499856948852539e-01 7.422500252723693848e-01 5.202500224113464355e-01 5.236892700195312500e-01 5.802255868911743164e-01 2.295354455709457397e-01 2.000613696873188019e-02 8.776277899742126465e-01 8.460289239883422852e-01
2.192499935626983643e-01 4.658333361148834229e-01 3.647499978542327881e-01 4.057500064373016357e-01 2.082500010728836060e-01 2.074999921023845673e-02 1.257649213075637817e-01 2.799597382545471191e-01 1.997291296720504761e-02 1.653391495347023010e-02 2.337095290422439575e-01 7.563331723213195801e-01
7.087500095367431641e-01 6.898333430290222168e-01 5.702499747276306152e-01 9.925000369548797607e-02 5.092499852180480957e-01 7.277500033378601074e-01 4.522175788879394531e-01 4.884679019451141357e-01 6.626542806625366211e-01 4.741379618644714355e-01 3.199409544467926025e-01 4.044415950775146484e-01
1.487500071525573730e-01 6.768333315849304199e-01 1.492500007152557373e-01 1.067499965429306030e-01 1.092500016093254089e-01 4.512499868869781494e-01 2.430827915668487549e-01 2.176488935947418213e-01 4.044905304908752441e-01 7.710546255111694336e-02 2.792948484420776367e-01 4.499992132186889648e-01
8.282499909400939941e-01 4.258333444595336914e-01 1.137500032782554626e-01 5.457500219345092773e-01 8.397499918937683105e-01 8.867499828338623047e-01 3.962299227714538574e-01 4.247257113456726074e-01 6.275464296340942383e-01 2.857796847820281982e-01 3.714365363121032715e-01 2.852640450000762939e-01
8.867499828338623047e-01 4.718333184719085693e-01 5.874999985098838806e-02 5.022500157356262207e-01 1.517499983310699463e-01 8.877500295639038086e-01 2.561340034008026123e-01 3.368485569953918457e-01 8.681954741477966309e-01 6.070673465728759766e-03 4.948111772537231445e-01 4.461870789527893066e-01
1.557500064373016357e-01 3.908333480358123779e-01 6.727499961853027344e-01 3.132500052452087402e-01 9.125000238418579102e-02 7.957500219345092773e-01 4.247592687606811523e-01 3.742938339710235596e-01 5.610141903162002563e-02 6.726124286651611328e-01 3.089770078659057617e-01 7.571603059768676758e-01
3.112500011920928955e-01 5.205000042915344238e-01 2.492499947547912598e-01 9.862499833106994629e-01 3.867500126361846924e-01 9.247499704360961914e-01 5.898823142051696777e-01 4.976303279399871826e-01 2.580113410949707031e-01 5.764202475547790527e-01 5.762977004051208496e-01 6.350571513175964355e-01
1.117499992251396179e-01 3.808333277702331543e-01 1.052500009536743164e-01 5.272499918937683105e-01 7.074999809265136719e-02 1.727499961853027344e-01 5.437273979187011719e-01 5.312758088111877441e-01 1.824315451085567474e-02 9.123632311820983887e-01 4.349543154239654541e-01 9.061920642852783203e-01
6.777499914169311523e-01 2.668333351612091064e-01 9.882500171661376953e-01 7.249999791383743286e-03 3.227500021457672119e-01 2.317499965429306030e-01 9.252396225929260254e-01 7.462096214294433594e-01 3.742401897907257080e-01 9.999992847442626953e-01 2.279434502124786377e-01 6.716979742050170898e-01
6.002500057220458984e-01 3.768333196640014648e-01 7.325000315904617310e-02 2.374999970197677612e-02 9.572499990463256836e-01 5.447499752044677734e-01 9.851925373077392578e-01 7.014548778533935547e-01 8.829524517059326172e-01 9.006404876708984375e-01 9.572207927703857422e-01 3.434518873691558838e-01
9.917500019073486328e-01 1.704999953508377075e-01 3.627499938011169434e-01 4.262500107288360596e-01 4.727500081062316895e-01 2.197500020265579224e-01 6.205379366874694824e-01 3.901281058788299561e-01 3.659925609827041626e-02 9.873101711273193359e-01 3.458774685859680176e-01 8.901323080062866211e-01
9.875000268220901489e-02 5.511666536331176758e-01 1.057500019669532776e-01 8.367499709129333496e-01 7.417500019073486328e-01 4.182499945163726807e-01 2.550202608108520508e-01 1.974814087152481079e-01 1.547929942607879639e-01 1.844938099384307861e-01 2.847691476345062256e-01 5.487738251686096191e-01
8.287500143051147461e-01 3.801666796207427979e-01 5.832499861717224121e-01 2.932499945163726807e-01 9.352499842643737793e-01 3.112500011920928955e-01 7.040058374404907227e-01 3.556270599365234375e-01 2.137880772352218628e-01 9.860510230064392090e-01 4.549675583839416504e-01 7.798688411712646484e-01
7.222499847412109375e-01 1.968333274126052856e-01 7.652500271797180176e-01 6.532499790191650391e-01 3.502500057220458984e-01 9.597499966621398926e-01 8.889585733413696289e-01 3.130526244640350342e-01 6.988108158111572266e-01 3.934392705559730530e-02 9.626440405845642090e-01 4.024118483066558838e-01
2.257499992847442627e-01 6.054999828338623047e-01 2.522499859333038330e-01 5.772500038146972656e-01 2.167499959468841553e-01 3.992500007152557373e-01 2.710970342159271240e-01 3.979201018810272217e-01 5.880991220474243164e-01 3.768798336386680603e-02 4.972621798515319824e-01 5.206109285354614258e-01
2.312500029802322388e-01 6.488333344459533691e-01 9.750000201165676117e-03 8.622499704360961914e-01 1.087500005960464478e-01 5.747500061988830566e-01 5.398905873298645020e-01 5.081202387809753418e-01 1.791948825120925903e-01 8.952489495277404785e-01 2.191604673862457275e-01 7.681490778923034668e-01
2.474999986588954926e-02 5.814999938011169434e-01 5.249999929219484329e-03 2.547500133514404297e-01 5.712500214576721191e-01 8.577499985694885254e-01 5.642645359039306641e-01 4.768806993961334229e-01 7.517893314361572266e-01 2.291402667760848999e-01 5.787816047668457031e-01 4.676753282546997070e-01
4.517500102519989014e-01 2.538333237171173096e-01 1.792500019073486328e-01 6.297500133514404297e-01 4.212499856948852539e-01 7.962499856948852539e-01 6.038813591003417969e-01 5.598831772804260254e-01 5.932306051254272461e-01 9.457057118415832520e-01 3.481397926807403564e-01 7.038663625717163086e-01
6.067500114440917969e-01 6.731666922569274902e-01 4.437499940395355225e-01 3.947499990463256836e-01 6.957499980926513672e-01 8.032500147819519043e-01 8.957970142364501953e-01 6.101408600807189941e-01 9.767519831657409668e-01 9.515587687492370605e-01 5.075381398200988770e-01 2.363284826278686523e-01
7.407500147819519043e-01 4.101666808128356934e-01 6.497499942779541016e-01 8.597499728202819824e-01 4.392499923706054688e-01 4.857499897480010986e-01 4.806010127067565918e-01 4.624326527118682861e-01 4.289962947368621826e-01 4.020137190818786621e-01 4.818901121616363525e-01 5.389012098312377930e-01
8.902500271797180176e-01 6.924999952316284180e-01 8.592500090599060059e-01 8.282499909400939941e-01 5.377500057220458984e-01 6.762499809265136719e-01 4.595938324928283691e-01 4.279454350471496582e-01 2.423431128263473511e-01 4.337128996849060059e-01 4.375509023666381836e-01 7.049948573112487793e-01
8.977500200271606445e-01 5.648333430290222168e-01 4.902499914169311523e-01 8.275000005960464478e-02 2.402500063180923462e-01 4.277499914169311523e-01 4.419791996479034424e-01 3.875430524349212646e-01 9.613165855407714844e-01 1.081229895353317261e-01 3.496249318122863770e-01 1.394306272268295288e-01
5.622500181198120117e-01 5.718333125114440918e-01 8.507500290870666504e-01 9.232500195503234863e-01 7.182499766349792480e-01 7.377499938011169434e-01 2.684418559074401855e-01 5.834724307060241699e-01 3.496736660599708557e-02 2.578997015953063965e-01 1.833062022924423218e-01 7.979235053062438965e-01
8.612499833106994629e-01 3.215000033378601074e-01 5.157499909400939941e-01 4.072499871253967285e-01 1.637499928474426270e-01 5.452499985694885254e-01 4.310607314109802246e-01 3.118710219860076904e-01 3.155301809310913086e-01 4.968262910842895508e-01 2.672858536243438721e-01 6.800495386123657227e-01
3.774999827146530151e-02 7.088333368301391602e-01 8.697500228881835938e-01 2.572500109672546387e-01 6.024999916553497314e-02 8.747500181198120117e-01 4.572347402572631836e-01 4.707672894001007080e-01 3.624292314052581787e-01 4.067015051841735840e-01 4.057540595531463623e-01 5.478789806365966797e-01
1.722500026226043701e-01 7.701666951179504395e-01 9.132500290870666504e-01 3.727500140666961670e-01 3.792499899864196777e-01 1.607500016689300537e-01 3.901646435260772705e-01 4.799204766750335693e-01 5.890754461288452148e-01 2.621070146560668945e-01 3.676920831203460693e-01 3.871715664863586426e-01
3.492499887943267822e-01 5.201666951179504395e-01 4.702500104904174805e-01 8.792499899864196777e-01 1.797499954700469971e-01 6.912500262260437012e-01 4.809657335281372070e-01 6.146988272666931152e-01 1.401036828756332397e-01 1.218116804957389832e-01 7.907879352569580078e-01 7.999691963195800781e-01
9.212499856948852539e-01 5.285000205039978027e-01 5.617499947547912598e-01 9.492499828338623047e-01 5.022500157356262207e-01 6.872500181198120117e-01 7.011347413063049316e-01 4.246237277984619141e-01 5.033803582191467285e-01 1.596207767724990845e-01 8.367848992347717285e-01 5.107393860816955566e-01
2.167499959468841553e-01 5.895000100135803223e-01 3.567500114440917969e-01 7.392500042915344238e-01 1.727499961853027344e-01 6.567500233650207520e-01 6.574538946151733398e-01 7.780081033706665039e-01 7.822349667549133301e-01 8.428190946578979492e-01 4.076382815837860107e-01 5.097547173500061035e-01
8.482499718666076660e-01 4.081666767597198486e-01 4.017499983310699463e-01 1.902499943971633911e-01 5.942500233650207520e-01 7.217500209808349609e-01 7.391359210014343262e-01 4.032596945762634277e-01 4.546701908111572266e-01 6.977493409067392349e-03 9.342419505119323730e-01 7.117026448249816895e-01
5.327500104904174805e-01 5.068333148956298828e-01 4.417499899864196777e-01 1.537500023841857910e-01 2.507500052452087402e-01 8.027499914169311523e-01 5.279665589332580566e-01 4.694993197917938232e-01 3.170860409736633301e-01 9.399935007095336914e-01 2.416618913412094116e-01 8.956849575042724609e-01
7.377499938011169434e-01 4.045000076293945312e-01 8.127499818801879883e-01 1.827500015497207642e-01 4.677500128746032715e-01 6.637499928474426270e-01 9.138184785842895508e-01 4.921223819255828857e-01 6.255177855491638184e-01 7.436723709106445312e-01 9.152351617813110352e-01 4.307313263416290283e-01
4.692499935626983643e-01 6.818333268165588379e-01 6.462500095367431641e-01 8.224999904632568359e-02 9.477499723434448242e-01 9.077500104904174805e-01 1.860977709293365479e-01 2.924723029136657715e-01 4.169901013374328613e-01 1.751996949315071106e-02 3.173543214797973633e-01 4.703368246555328369e-01
2.637499868869781494e-01 3.971666693687438965e-01 3.412500023841857910e-01 4.942499995231628418e-01 3.325000032782554626e-02 3.057500123977661133e-01 1.465450674295425415e-01 6.471799612045288086e-01 9.800155758857727051e-01 1.929411590099334717e-01 3.138149902224540710e-02 1.156441494822502136e-01
4.677500128746032715e-01 4.788333475589752197e-01 3.187499940395355225e-01 9.257500171661376953e-01 6.657500267028808594e-01 7.222499847412109375e-01 2.706552147865295410e-01 8.453996181488037109e-01 4.588648676872253418e-01 9.940770864486694336e-01 3.716618195176124573e-02 5.302227139472961426e-01
5.922499895095825195e-01 3.555000126361846924e-01 8.552500009536743164e-01 7.402499914169311523e-01 2.752499878406524658e-01 4.337500035762786865e-01 5.500308275222778320e-01 5.965304374694824219e-01 1.903888583183288574e-01 5.562868341803550720e-02 8.914844989776611328e-01 8.373388648033142090e-01
5.052499771118164062e-01 5.858333110809326172e-01 2.027499973773956299e-01 7.067499756813049316e-01 6.282500028610229492e-01 8.712499737739562988e-01 5.392506122589111328e-01 5.570616722106933594e-01 3.208722174167633057e-01 3.680638596415519714e-02 8.460607528686523438e-01 7.850209474563598633e-01
5.732499957084655762e-01 1.781666725873947144e-01 8.057500123977661133e-01 7.517499923706054688e-01 6.052500009536743164e-01 9.925000369548797607e-02 2.535292804241180420e-01 5.879916548728942871e-01 5.198041796684265137e-01 2.129224538803100586e-01 2.792963087558746338e-01 6.250110268592834473e-01
6.757500171661376953e-01 5.224999785423278809e-01 1.482499986886978149e-01 1.617500036954879761e-01 1.497499942779541016e-01 6.277499794960021973e-01 4.120700955390930176e-01 4.120471775531768799e-01 1.460813432931900024e-01 3.543795049190521240e-01 3.138215243816375732e-01 6.961908340454101562e-01
9.852499961853027344e-01 4.778333306312561035e-01 4.462499916553497314e-01 5.832499861717224121e-01 7.392500042915344238e-01 2.742500007152557373e-01 7.920980453491210938e-01 5.054361224174499512e-01 1.661191135644912720e-01 9.859147071838378906e-01 7.085324525833129883e-01 7.213766574859619141e-01
8.097500205039978027e-01 7.068333625793457031e-01 1.967500001192092896e-01 1.327500045299530029e-01 8.987500071525573730e-01 4.362500011920928955e-01 7.388755679130554199e-01 6.429150700569152832e-01 9.508113563060760498e-02 7.162389159202575684e-01 8.520420789718627930e-01 6.028761267662048340e-01
9.397500157356262207e-01 6.438333392143249512e-01 5.912500023841857910e-01 3.247500061988830566e-01 5.752500295639038086e-01 5.012500286102294922e-01 5.616440176963806152e-01 2.865063846111297607e-01 6.591119170188903809e-01 7.233029603958129883e-01 5.074633955955505371e-01 3.058953285217285156e-01
7.552499771118164062e-01 8.301666378974914551e-01 2.422499954700469971e-01 5.624999850988388062e-02 4.752500057220458984e-01 4.487499892711639404e-01 8.893661499023437500e-01 5.327727794647216797e-01 5.295019745826721191e-01 6.142643690109252930e-01 9.032022953033447266e-01 4.347118735313415527e-01
9.342499971389770508e-01 1.801666617393493652e-01 8.762500286102294922e-01 8.807500004768371582e-01 2.357500046491622925e-01 2.797499895095825195e-01 2.124479115009307861e-01 4.473977684974670410e-01 5.237203240394592285e-01 7.016450166702270508e-02 2.163211256265640259e-01 5.646123886108398438e-01
6.222500205039978027e-01 7.185000181198120117e-01 3.667500019073486328e-01 5.682500004768371582e-01 1.374999992549419403e-02 9.802500009536743164e-01 5.466356873512268066e-01 5.301958322525024414e-01 8.010860681533813477e-01 5.278348326683044434e-01 4.004744291305541992e-01 6.405425667762756348e-01
2.827500104904174805e-01 5.398333072662353516e-01 9.867500066757202148e-01 2.837499976158142090e-01 7.037500143051147461e-01 6.082500219345092773e-01 6.904495358467102051e-01 3.929987847805023193e-01 7.574163079261779785e-01 1.237705126404762268e-01 7.886418104171752930e-01 3.138445317745208740e-01
6.832500100135803223e-01 2.718333303928375244e-01 7.877500057220458984e-01 2.492499947547912598e-01 4.762499928474426270e-01 9.477499723434448242e-01 9.040351510047912598e-01 5.278307795524597168e-01 2.839247882366180420e-01 8.252253532409667969e-01 9.550423622131347656e-01 4.829703569412231445e-01
7.592499852180480957e-01 3.434999883174896240e-01 5.742499828338623047e-01 6.724999845027923584e-02 8.222500085830688477e-01 7.392500042915344238e-01 9.724536538124084473e-01 5.365693569183349609e-01 4.836087524890899658e-01 9.529262781143188477e-01 9.828216433525085449e-01 5.243940949440002441e-01
5.902500152587890625e-01 6.901666522026062012e-01 8.422499895095825195e-01 6.147500276565551758e-01 3.837499916553497314e-01 9.562500119209289551e-01 2.305033206939697266e-01 1.273294389247894287e-01 9.926167130470275879e-01 9.868808556348085403e-04 5.500364303588867188e-01 1.016174778342247009e-01
4.912500083446502686e-01 2.008333355188369751e-01 6.877499818801879883e-01 8.882499933242797852e-01 2.462500035762786865e-01 7.602499723434448242e-01 7.388098835945129395e-01 5.367448329925537109e-01 5.635839104652404785e-01 9.471797943115234375e-01 4.639641940593719482e-01 3.558509349822998047e-01
4.352500140666961670e-01 7.478333115577697754e-01 9.607499837875366211e-01 1.527500003576278687e-01 8.702499866485595703e-01 8.702499866485595703e-01 7.035734653472900391e-01 6.600499153137207031e-01 1.421999037265777588e-01 1.960783451795578003e-01 9.096114635467529297e-01 8.319821357727050781e-01
3.782500028610229492e-01 5.821666717529296875e-01 6.237499713897705078e-01 5.177500247955322266e-01 6.227499842643737793e-01 5.797500014305114746e-01 6.882339715957641602e-01 4.780910313129425049e-01 4.618024826049804688e-01 9.538812041282653809e-01 4.821369349956512451e-01 6.354209184646606445e-01
4.882499873638153076e-01 5.348333120346069336e-01 6.622499823570251465e-01 4.122500121593475342e-01 3.807500004768371582e-01 1.025000028312206268e-02 2.419716119766235352e-01 4.302709400653839111e-01 1.525786072015762329e-01 1.962288618087768555e-01 1.882339715957641602e-01 8.220089673995971680e-01
8.947499990463256836e-01 6.491666436195373535e-01 3.912500143051147461e-01 2.125000022351741791e-02 8.757500052452087402e-01 8.972499966621398926e-01 4.476416707038879395e-01 3.385893404483795166e-01 7.201553583145141602e-01 1.117310225963592529e-01 6.679137945175170898e-01 2.225136756896972656e-01
6.407499909400939941e-01 2.935000061988830566e-01 1.627500057220458984e-01 1.797499954700469971e-01 5.287500023841857910e-01 1.857499927282333374e-01 2.682187557220458984e-01 5.112171173095703125e-01 2.816842496395111084e-01 3.553798794746398926e-01 2.212833613157272339e-01 8.760995864868164062e-01
7.207499742507934570e-01 4.625000059604644775e-01 6.332499980926513672e-01 8.207499980926513672e-01 5.007500052452087402e-01 6.102499961853027344e-01 7.521948218345642090e-01 4.591160714626312256e-01 6.380423307418823242e-01 3.138445019721984863e-01 7.634328007698059082e-01 3.872531354427337646e-01
6.317499876022338867e-01 2.221666723489761353e-01 8.312500119209289551e-01 5.097500085830688477e-01 2.987500131130218506e-01 4.237500131130218506e-01 2.642192840576171875e-01 5.814470648765563965e-01 8.157265931367874146e-02 2.127473205327987671e-01 2.129644006490707397e-01 7.819859981536865234e-01
8.152499794960021973e-01 5.684999823570251465e-01 5.137500166893005371e-01 2.647500038146972656e-01 5.474999919533729553e-02 6.662499904632568359e-01 2.977024018764495850e-01 2.510139346122741699e-01 3.422355949878692627e-01 2.232499569654464722e-01 3.749662041664123535e-01 3.422516286373138428e-01
5.557500123977661133e-01 4.505000114440917969e-01 4.267500042915344238e-01 2.027499973773956299e-01 3.252499997615814209e-01 1.367499977350234985e-01 3.960237205028533936e-01 4.798964858055114746e-01 4.437278807163238525e-01 1.179869398474693298e-01 5.625347495079040527e-01 5.221765041351318359e-01
1.267500072717666626e-01 6.718333363533020020e-01 6.102499961853027344e-01 3.717499971389770508e-01 6.797500252723693848e-01 6.902499794960021973e-01 3.399558067321777344e-01 2.719618082046508789e-01 4.316125996410846710e-03 8.857838511466979980e-01 9.798938781023025513e-02 9.846850633621215820e-01
3.817499876022338867e-01 6.894999742507934570e-01 9.992499947547912598e-01 9.047499895095825195e-01 6.297500133514404297e-01 9.612500071525573730e-01 1.465263664722442627e-01 3.649286925792694092e-01 6.978327035903930664e-01 1.029945071786642075e-02 2.941868901252746582e-01 3.273918032646179199e-01
5.172500014305114746e-01 3.561666607856750488e-01 2.382500022649765015e-01 2.702499926090240479e-01 8.937500119209289551e-01 5.527499914169311523e-01 5.635946393013000488e-01 4.121786057949066162e-01 4.512006640434265137e-01 1.081496328115463257e-01 7.870930433273315430e-01 5.255420804023742676e-01
8.827499747276306152e-01 3.191666603088378906e-01 5.775000154972076416e-02 8.174999803304672241e-02 2.362499982118606567e-01 2.107499986886978149e-01 4.931201040744781494e-01 4.210319221019744873e-01 5.896824598312377930e-01 6.820618510246276855e-01 3.477595746517181396e-01 3.005513548851013184e-01
3.947499990463256836e-01 5.594999790191650391e-01 7.374999672174453735e-02 1.875000074505805969e-02 1.042499989271163940e-01 8.852499723434448242e-01 9.100325107574462891e-01 4.875602126121520996e-01 4.447030425071716309e-01 5.077395439147949219e-01 9.469161629676818848e-01 3.844716250896453857e-01
3.417499959468841553e-01 3.018333315849304199e-01 9.762499928474426270e-01 5.107499957084655762e-01 1.102500036358833313e-01 8.362500071525573730e-01 5.768339633941650391e-01 5.340315699577331543e-01 1.762096285820007324e-01 9.778745770454406738e-01 3.118993639945983887e-01 8.972637057304382324e-01
1.937499940395355225e-01 7.021666765213012695e-01 1.727499961853027344e-01 3.797500133514404297e-01 2.792499959468841553e-01 7.362499833106994629e-01 3.008583188056945801e-01 2.705079615116119385e-01 7.734469603747129440e-03 5.338829159736633301e-01 1.491417288780212402e-01 9.324459433555603027e-01
1.957499980926513672e-01 6.941666603088378906e-01 8.002499938011169434e-01 3.062500059604644775e-01 2.172500044107437134e-01 1.525000017136335373e-02 1.620897799730300903e-01 2.589470446109771729e-01 9.405006170272827148e-01 4.919538274407386780e-03 3.627230823040008545e-01 1.863837689161300659e-01
4.477500021457672119e-01 7.591666579246520996e-01 2.657499909400939941e-01 2.142499983310699463e-01 6.982499957084655762e-01 1.277499943971633911e-01 2.521179616451263428e-01 4.895923137664794922e-01 3.704484701156616211e-01 1.007632464170455933e-01 3.692784011363983154e-01 6.638417840003967285e-01
4.897499978542327881e-01 4.411666691303253174e-01 3.387500047683715820e-01 2.047500014305114746e-01 2.967500090599060059e-01 3.522500097751617432e-01 3.520468175411224365e-01 5.900485515594482422e-01 2.851790189743041992e-01 7.958673834800720215e-01 1.760965883731842041e-01 8.910247087478637695e-01
8.637499809265136719e-01 6.121666431427001953e-01 3.432500064373016357e-01 9.382500052452087402e-01 8.447499871253967285e-01 6.624999642372131348e-02 5.827069878578186035e-01 3.720776438713073730e-01 1.853050142526626587e-01 8.756893277168273926e-01 4.319989681243896484e-01 6.943131089210510254e-01
6.727499961853027344e-01 7.841666936874389648e-01 9.342499971389770508e-01 9.927499890327453613e-01 5.242499709129333496e-01 2.472500056028366089e-01 2.351710498332977295e-01 5.854399800300598145e-01 8.958600461483001709e-02 1.435548812150955200e-01 2.262477874755859375e-01 7.895519137382507324e-01
1.287499964237213135e-01 7.501666545867919922e-01 9.207500219345092773e-01 4.922499954700469971e-01 3.462499976158142090e-01 2.022500038146972656e-01 4.868887364864349365e-01 3.110259771347045898e-01 1.741904467344284058e-01 8.520154953002929688e-01 2.418351322412490845e-01 8.686186075210571289e-01
8.997499942779541016e-01 3.171666562557220459e-01 7.972499728202819824e-01 1.452499926090240479e-01 7.557500004768371582e-01 7.992500066757202148e-01 6.561468839645385742e-01 4.567622244358062744e-01 2.735118865966796875e-01 9.550307393074035645e-01 4.560759663581848145e-01 7.937221527099609375e-01
3.287500143051147461e-01 4.991666674613952637e-01 1.802500039339065552e-01 4.947499930858612061e-01 1.137500032782554626e-01 9.967499971389770508e-01 1.697947084903717041e-01 5.596811771392822266e-01 3.204723894596099854e-01 2.104192227125167847e-01 1.279045343399047852e-01 8.857422471046447754e-01
2.924999967217445374e-02 3.045000135898590088e-01 8.347499966621398926e-01 4.787499904632568359e-01 9.982500076293945312e-01 3.974999859929084778e-02 9.660309553146362305e-01 6.287626624107360840e-01 4.614047110080718994e-01 4.565210044384002686e-01 9.852203130722045898e-01 6.719940304756164551e-01
8.372499942779541016e-01 8.065000176429748535e-01 1.127500012516975403e-01 1.837500035762786865e-01 4.017499983310699463e-01 6.922500133514404297e-01 3.409145772457122803e-01 6.284837722778320312e-01 9.064532071352005005e-02 7.164931297302246094e-02 6.642881631851196289e-01 8.174213767051696777e-01
3.087500035762786865e-01 3.574999868869781494e-01 1.224999967962503433e-02 6.972500085830688477e-01 9.782500267028808594e-01 3.327499926090240479e-01 4.409190416336059570e-01 2.607228755950927734e-01 6.852262020111083984e-01 3.840190470218658447e-01 4.728717207908630371e-01 2.531056702136993408e-01
9.382500052452087402e-01 3.701666593551635742e-01 8.425000309944152832e-02 3.137499988079071045e-01 5.662500262260437012e-01 3.982500135898590088e-01 8.587960600852966309e-01 5.129591226577758789e-01 4.973563849925994873e-01 7.317628264427185059e-01 8.795514106750488281e-01 3.407084643840789795e-01
4.527499973773956299e-01 6.551666855812072754e-01 9.042500257492065430e-01 1.924999989569187164e-02 6.624999642372131348e-02 5.777500271797180176e-01 3.008772730827331543e-01 4.511215686798095703e-01 1.336579583585262299e-02 5.615842342376708984e-01 2.235265523195266724e-01 9.651145935058593750e-01
8.802499771118164062e-01 6.315000057220458984e-01 2.282499969005584717e-01 2.392500042915344238e-01 4.737499952316284180e-01 3.352499902248382568e-01 3.403463065624237061e-01 3.603857755661010742e-01 7.878285646438598633e-01 1.098024994134902954e-01 4.392600059509277344e-01 2.472001314163208008e-01
3.277499973773956299e-01 7.845000028610229492e-01 3.562499880790710449e-01 7.802500128746032715e-01 2.642500102519989014e-01 4.797500073909759521e-01 3.513371348381042480e-01 4.484464526176452637e-01 3.739860355854034424e-01 1.267153397202491760e-02 7.833085060119628906e-01 6.903698444366455078e-01
3.692499995231628418e-01 6.958333253860473633e-01 2.757500112056732178e-01 9.302499890327453613e-01 7.707499861717224121e-01 1.757500022649765015e-01 1.173255220055580139e-01 1.492529213428497314e-01 5.748650431632995605e-01 6.820991635322570801e-03 1.658714562654495239e-01 5.489311218261718750e-01
7.027500271797180176e-01 6.535000205039978027e-01 4.612500071525573730e-01 4.352500140666961670e-01 6.125000119209289551e-02 9.042500257492065430e-01 5.953881144523620605e-01 4.213187396526336670e-01 5.976128950715065002e-02 9.886614084243774414e-01 2.256322503089904785e-01 9.315218925476074219e-01
4.027499854564666748e-01 6.591666936874389648e-01 7.517499923706054688e-01 7.627500295639038086e-01 1.875000074505805969e-02 4.617500007152557373e-01 7.690411210060119629e-01 4.866256117820739746e-01 7.367331385612487793e-01 9.529119729995727539e-01 5.631133913993835449e-01 6.538282036781311035e-01
8.657500147819519043e-01 5.544999837875366211e-01 6.467499732971191406e-01 6.207500100135803223e-01 2.437500059604644775e-01 8.397499918937683105e-01 6.626920700073242188e-01 7.828011512756347656e-01 7.031297683715820312e-02 3.497153818607330322e-01 9.142528176307678223e-01 9.196728467941284180e-01
9.257500171661376953e-01 6.524999737739562988e-01 5.782499909400939941e-01 4.917500019073486328e-01 8.022500276565551758e-01 2.637499868869781494e-01 6.878204345703125000e-01 5.961589813232421875e-01 3.369357883930206299e-01 9.152903556823730469e-01 6.599054336547851562e-01 7.380810976028442383e-01
5.627499818801879883e-01 5.051666498184204102e-01 5.977500081062316895e-01 3.012500107288360596e-01 8.322499990463256836e-01 9.347500205039978027e-01 4.049246907234191895e-01 3.033869266510009766e-01 3.242623209953308105e-01 4.769440293312072754e-01 3.841895759105682373e-01 4.061777889728546143e-01
3.437500000000000000e-01 4.524999856948852539e-01 2.322500050067901611e-01 7.697499990463256836e-01 6.877499818801879883e-01 6.875000149011611938e-02 7.457827925682067871e-01 5.231665372848510742e-01 3.599437475204467773e-01 1.251622885465621948e-01 8.839447498321533203e-01 6.469091176986694336e-01
7.327499985694885254e-01 3.001666665077209473e-01 2.912499904632568359e-01 7.177500128746032715e-01 2.497500032186508179e-01 8.357499837875366211e-01 5.787100791931152344e-01 4.619311988353729248e-01 5.449368953704833984e-01 1.483254134654998779e-01 6.625260710716247559e-01 4.868422746658325195e-01
9.067500233650207520e-01 5.278333425521850586e-01 4.312500059604644775e-01 4.732500016689300537e-01 2.074999921023845673e-02 5.997499823570251465e-01 6.623543500900268555e-01 5.136736035346984863e-01 8.293997645378112793e-01 6.880662441253662109e-01 5.150983929634094238e-01 6.337880492210388184e-01
7.762500047683715820e-01 1.918333321809768677e-01 7.332500219345092773e-01 2.727499902248382568e-01 1.917500048875808716e-01 4.122500121593475342e-01 7.321910262107849121e-01 5.443575382232666016e-01 8.176052570343017578e-01 8.146533966064453125e-01 5.629885792732238770e-01 6.141780018806457520e-01
9.687500000000000000e-01 2.088333368301391602e-01 9.102500081062316895e-01 3.274999931454658508e-02 3.942500054836273193e-01 3.467499911785125732e-01 6.652130484580993652e-01 6.833926439285278320e-01 6.131066083908081055e-01 9.880717992782592773e-01 3.619939684867858887e-01 7.323418855667114258e-01
5.062500238418579102e-01 7.064999938011169434e-01 6.125000119209289551e-02 7.552499771118164062e-01 6.374999880790710449e-02 7.187500000000000000e-01 5.359026789665222168e-01 4.424427747726440430e-01 2.790532708168029785e-01 6.956345438957214355e-01 3.799895942211151123e-01 6.510595083236694336e-01
2.952499985694885254e-01 7.488333582878112793e-01 8.957499861717224121e-01 6.482499837875366211e-01 2.325000055134296417e-02 9.607499837875366211e-01 8.492318540811538696e-02 7.473977804183959961e-01 1.781539320945739746e-01 1.858704607002437115e-03 5.431198477745056152e-01 9.608156085014343262e-01
4.577499926090240479e-01 5.831666588783264160e-01 5.217499732971191406e-01 6.807500123977661133e-01 7.712500095367431641e-01 6.312500238418579102e-01 8.941847085952758789e-01 4.305655062198638916e-01 8.825522661209106445e-01 1.947341114282608032e-01 9.030007719993591309e-01 4.531421959400177002e-01
5.412499904632568359e-01 2.261666655540466309e-01 1.097500026226043701e-01 7.887499928474426270e-01 8.677499890327453613e-01 2.167499959468841553e-01 6.492753028869628906e-01 4.183996617794036865e-01 1.684240400791168213e-01 8.703064322471618652e-01 6.815723776817321777e-01 5.951644778251647949e-01
1.097500026226043701e-01 2.434999942779541016e-01 4.857499897480010986e-01 7.927500009536743164e-01 4.897499978542327881e-01 2.192499935626983643e-01 5.939576625823974609e-01 4.144873917102813721e-01 1.190487891435623169e-01 9.252055287361145020e-01 3.914902210235595703e-01 7.536324262619018555e-01
6.937500238418579102e-01 4.761666655540466309e-01 9.442499876022338867e-01 8.425000309944152832e-02 2.112500071525573730e-01 8.782500028610229492e-01 3.498128950595855713e-01 2.477115839719772339e-01 5.421812459826469421e-02 7.697765827178955078e-01 1.478495746850967407e-01 9.483974575996398926e-01
2.457499951124191284e-01 5.168333053588867188e-01 5.824999883770942688e-02 9.122499823570251465e-01 4.167500138282775879e-01 1.572500020265579224e-01 8.677548766136169434e-01 2.551304101943969727e-01 8.061436414718627930e-01 1.524052396416664124e-02 9.679443240165710449e-01 2.699656784534454346e-01
6.125000119209289551e-02 5.948333144187927246e-01 6.412500143051147461e-01 8.322499990463256836e-01 8.932499885559082031e-01 5.572500228881835938e-01 4.769246578216552734e-01 3.402025401592254639e-01 8.462700247764587402e-02 7.291691899299621582e-01 3.332342803478240967e-01 7.711748480796813965e-01
7.172499895095825195e-01 2.581666707992553711e-01 7.977499961853027344e-01 7.592499852180480957e-01 9.227499961853027344e-01 6.037499904632568359e-01 3.743143081665039062e-01 5.474786758422851562e-01 4.756046235561370850e-01 8.448051288723945618e-03 7.437124848365783691e-01 8.047970533370971680e-01
2.372500002384185791e-01 8.004999756813049316e-01 7.172499895095825195e-01 6.432499885559082031e-01 5.392500162124633789e-01 3.832499980926513672e-01 8.682456016540527344e-01 3.925396800041198730e-01 1.773848086595535278e-01 9.997594952583312988e-01 5.688635706901550293e-01 8.557810187339782715e-01
8.187500238418579102e-01 5.291666388511657715e-01 9.587500095367431641e-01 8.357499837875366211e-01 6.674999743700027466e-02 5.172500014305114746e-01 9.688444733619689941e-01 4.986362159252166748e-01 8.800169825553894043e-01 2.807718142867088318e-02 9.812675714492797852e-01 5.973394513130187988e-01
5.657500028610229492e-01 7.931666374206542969e-01 3.767499923706054688e-01 8.007500171661376953e-01 9.102500081062316895e-01 7.847499847412109375e-01 9.395846724510192871e-01 6.291864514350891113e-01 8.478415012359619141e-01 3.458529338240623474e-02 9.594087004661560059e-01 6.559041738510131836e-01
7.767500281333923340e-01 7.561666369438171387e-01 8.737499713897705078e-01 2.575000002980232239e-02 6.597499847412109375e-01 3.247500061988830566e-01 3.148183226585388184e-01 7.926201820373535156e-01 5.129848122596740723e-01 9.682062864303588867e-01 8.311820030212402344e-02 4.539645314216613770e-01
7.917500138282775879e-01 7.515000104904174805e-01 2.767499983310699463e-01 1.374999992549419403e-02 4.702500104904174805e-01 4.207499921321868896e-01 2.678535878658294678e-01 5.863823890686035156e-01 1.740507967770099640e-02 1.830562651157379150e-01 3.070872426033020020e-01 8.798197507858276367e-01
1.775000058114528656e-02 2.228333353996276855e-01 6.617500185966491699e-01 5.175000056624412537e-02 1.687500029802322388e-01 7.302500009536743164e-01 5.090857744216918945e-01 5.312994718551635742e-01 2.223831266164779663e-01 5.534929037094116211e-01 4.595676660537719727e-01 7.260348200798034668e-01
9.007499814033508301e-01 5.748333334922790527e-01 8.717499971389770508e-01 2.122499942779541016e-01 6.575000286102294922e-02 8.622499704360961914e-01 6.239004135131835938e-01 8.504770398139953613e-01 9.076890349388122559e-01 9.991249442100524902e-01 4.932048544287681580e-02 2.741384506225585938e-01
8.962500095367431641e-01 7.158333063125610352e-01 4.537500143051147461e-01 7.374999672174453735e-02 7.962499856948852539e-01 5.517500042915344238e-01 7.205049395561218262e-01 5.448470711708068848e-01 7.868757247924804688e-01 5.245983004570007324e-01 6.644865870475769043e-01 4.869844019412994385e-01
1.182499974966049194e-01 4.945000112056732178e-01 4.967499971389770508e-01 1.957499980926513672e-01 7.124999910593032837e-02 8.082500100135803223e-01 4.536139369010925293e-01 5.760526061058044434e-01 1.408490631729364395e-02 8.962256908416748047e-01 2.801917195320129395e-01 9.371141195297241211e-01
9.582499861717224121e-01 1.938333362340927124e-01 8.025000244379043579e-02 7.732499837875366211e-01 1.267500072717666626e-01 6.717500090599060059e-01 4.549889564514160156e-01 4.629005491733551025e-01 1.361167728900909424e-01 4.769854843616485596e-01 4.121795892715454102e-01 6.749106049537658691e-01
8.227499723434448242e-01 6.541666388511657715e-01 4.422500133514404297e-01 2.502500116825103760e-01 2.097499966621398926e-01 4.887500107288360596e-01 6.315962076187133789e-01 5.633327960968017578e-01 5.337694287300109863e-01 8.983412384986877441e-01 5.156604051589965820e-01 6.352204680442810059e-01
9.832500219345092773e-01 6.011666655540466309e-01 3.592500090599060059e-01 3.397499918937683105e-01 3.447499871253967285e-01 1.322499960660934448e-01 1.074979454278945923e-01 2.674137949943542480e-01 9.351628422737121582e-01 4.799670074135065079e-03 2.938086390495300293e-01 1.955886334180831909e-01
9.867500066757202148e-01 4.431666731834411621e-01 2.942500114440917969e-01 3.857499957084655762e-01 5.592499971389770508e-01 5.972499847412109375e-01 1.704537570476531982e-01 7.283842563629150391e-01 4.810884296894073486e-01 4.170547723770141602e-01 1.301123946905136108e-01 5.152963399887084961e-01
2.037499994039535522e-01 4.244999885559082031e-01 8.167499899864196777e-01 8.447499871253967285e-01 3.832499980926513672e-01 5.167499780654907227e-01 3.543638288974761963e-01 2.410384118556976318e-01 9.968632459640502930e-01 1.630014553666114807e-02 2.681847512722015381e-01 3.575362265110015869e-02
1.132500022649765015e-01 8.051666617393493652e-01 5.142499804496765137e-01 3.175000101327896118e-02 6.097499728202819824e-01 8.012499809265136719e-01 3.709873557090759277e-01 2.559379637241363525e-01 4.926873743534088135e-02 7.618468999862670898e-01 1.482827365398406982e-01 8.770102858543395996e-01
2.592499852180480957e-01 4.598333239555358887e-01 6.952499747276306152e-01 3.742499947547912598e-01 7.137500047683715820e-01 4.612500071525573730e-01 3.730261325836181641e-01 5.407183766365051270e-01 3.494590148329734802e-02 4.779523611068725586e-01 2.435051351785659790e-01 8.783814907073974609e-01
1.887499988079071045e-01 4.181666672229766846e-01 9.272500276565551758e-01 8.942499756813049316e-01 8.777499794960021973e-01 6.502500176429748535e-01 1.811346858739852905e-01 2.503806948661804199e-01 6.547952294349670410e-01 1.474284008145332336e-02 4.194767475128173828e-01 2.895244359970092773e-01
1.477500051259994507e-01 2.991666793823242188e-01 5.892500281333923340e-01 2.057500034570693970e-01 9.587500095367431641e-01 9.207500219345092773e-01 4.666343927383422852e-01 4.963028430938720703e-01 1.108437031507492065e-01 3.861696720123291016e-01 5.919702649116516113e-01 8.486517071723937988e-01
9.542499780654907227e-01 1.975000053644180298e-01 8.327500224113464355e-01 2.062499970197677612e-01 6.447499990463256836e-01 7.537500262260437012e-01 6.976819038391113281e-01 4.890919625759124756e-01 5.313236117362976074e-01 3.505179286003112793e-01 7.699232697486877441e-01 5.184956192970275879e-01
7.312499880790710449e-01 2.675000131130218506e-01 2.225000038743019104e-02 6.447499990463256836e-01 4.242500066757202148e-01 7.372499704360961914e-01 4.339500963687896729e-01 4.475352168083190918e-01 3.631127625703811646e-02 6.557552814483642578e-01 2.411092668771743774e-01 8.732426166534423828e-01
9.822499752044677734e-01 4.785000085830688477e-01 8.075000345706939697e-02 8.072500228881835938e-01 8.807500004768371582e-01 2.567499876022338867e-01 4.786803424358367920e-01 3.546738326549530029e-01 9.283772706985473633e-01 9.871444851160049438e-02 4.747109115123748779e-01 1.890337616205215454e-01
3.177500069141387939e-01 6.374999880790710449e-01 8.277500271797180176e-01 9.867500066757202148e-01 5.547500252723693848e-01 4.432500004768371582e-01 4.490198194980621338e-01 3.965637087821960449e-01 8.995658159255981445e-01 3.593597710132598877e-01 3.378209173679351807e-01 1.483150571584701538e-01
1.867499947547912598e-01 4.348333477973937988e-01 8.267499804496765137e-01 2.675000019371509552e-02 4.552499949932098389e-01 6.227499842643737793e-01 2.496638000011444092e-01 4.885391592979431152e-01 1.564222872257232666e-01 8.865668624639511108e-02 3.373573720455169678e-01 6.842947006225585938e-01
5.217499732971191406e-01 5.991666913032531738e-01 1.274999976158142090e-02 9.802500009536743164e-01 9.202499985694885254e-01 7.772499918937683105e-01 6.226803660392761230e-01 6.546117067337036133e-01 3.535450696945190430e-01 7.412616014480590820e-01 6.162016987800598145e-01 5.924558043479919434e-01
2.147500067949295044e-01 4.704999923706054688e-01 1.337500065565109253e-01 8.507500290870666504e-01 8.032500147819519043e-01 7.717499732971191406e-01 6.143809556961059570e-01 3.847099542617797852e-01 2.843064367771148682e-01 9.060196876525878906e-01 3.874777555465698242e-01 6.957324147224426270e-01
4.452500045299530029e-01 6.278333067893981934e-01 3.902499973773956299e-01 1.274999976158142090e-02 2.932499945163726807e-01 8.574999868869781494e-02 4.601717889308929443e-01 5.276843309402465820e-01 3.390411734580993652e-01 2.569984495639801025e-01 5.592415928840637207e-01 6.162369251251220703e-01
4.675000160932540894e-02 2.561666667461395264e-01 5.602499842643737793e-01 7.232499718666076660e-01 6.237499713897705078e-01 4.747500121593475342e-01 4.051921963691711426e-01 3.984953761100769043e-01 3.973435759544372559e-01 1.787610054016113281e-01 5.853388309478759766e-01 3.733792901039123535e-01
3.067499995231628418e-01 4.508333206176757812e-01 7.497500181198120117e-01 5.717499852180480957e-01 9.917500019073486328e-01 4.607500135898590088e-01 8.927831053733825684e-01 7.726302146911621094e-01 4.120769724249839783e-02 9.999988079071044922e-01 2.500025928020477295e-01 8.273371458053588867e-01
9.757500290870666504e-01 2.078333348035812378e-01 2.557500004768371582e-01 4.342499971389770508e-01 5.512499809265136719e-01 6.182500123977661133e-01 2.633204460144042969e-01 5.660288333892822266e-01 4.307521283626556396e-01 2.067934125661849976e-01 3.005890250205993652e-01 6.650972366333007812e-01
6.887500286102294922e-01 7.221666574478149414e-01 1.247500032186508179e-01 1.975000090897083282e-02 3.847500085830688477e-01 2.362499982118606567e-01 4.622353315353393555e-01 4.806240200996398926e-01 4.174818396568298340e-01 3.339397609233856201e-01 4.796956777572631836e-01 5.407959818840026855e-01
5.512499809265136719e-01 3.601666688919067383e-01 4.825000092387199402e-02 7.042499780654907227e-01 1.622499972581863403e-01 3.707500100135803223e-01 7.470849156379699707e-01 6.109640002250671387e-01 2.416037619113922119e-01 8.877872824668884277e-01 7.355716824531555176e-01 6.845149397850036621e-01
1.377499997615814209e-01 6.878333091735839844e-01 4.587500095367431641e-01 7.007499933242797852e-01 3.722499907016754150e-01 1.922499984502792358e-01 8.042308688163757324e-01 5.271744132041931152e-01 3.473639786243438721e-01 1.959556341171264648e-02 9.621242284774780273e-01 7.749567031860351562e-01
7.872499823570251465e-01 2.535000145435333252e-01 7.532500028610229492e-01 5.787500143051147461e-01 6.132500171661376953e-01 8.387500047683715820e-01 1.641684174537658691e-01 1.946776509284973145e-01 9.824214577674865723e-01 6.785585545003414154e-03 3.686455786228179932e-01 8.011008799076080322e-02
7.157499790191650391e-01 3.294999897480010986e-01 4.212499856948852539e-01 9.522500038146972656e-01 6.042500138282775879e-01 9.177500009536743164e-01 8.256384730339050293e-01 6.154859066009521484e-01 4.356620013713836670e-01 9.794133901596069336e-01 6.665453314781188965e-01 4.541251063346862793e-01
2.797499895095825195e-01 3.865000009536743164e-01 2.817499935626983643e-01 9.787499904632568359e-01 9.692500233650207520e-01 6.142500042915344238e-01 5.738446712493896484e-01 4.876706302165985107e-01 4.982115924358367920e-01 9.009953141212463379e-01 3.455649316310882568e-01 5.470433831214904785e-01
4.542500078678131104e-01 8.141666650772094727e-01 9.572499990463256836e-01 6.674999743700027466e-02 4.067499935626983643e-01 5.897499918937683105e-01 4.648413062095642090e-01 5.142339468002319336e-01 1.100036799907684326e-01 5.797163248062133789e-01 2.888563275337219238e-01 7.239416241645812988e-01
2.749999985098838806e-03 6.738333106040954590e-01 1.607500016689300537e-01 7.175000011920928955e-02 3.662500083446502686e-01 3.762499988079071045e-01 4.023384153842926025e-01 3.426507413387298584e-01 1.786206066608428955e-01 4.713664948940277100e-01 2.802104651927947998e-01 7.197626829147338867e-01
7.502499818801879883e-01 4.231666624546051025e-01 2.474999986588954926e-02 8.917499780654907227e-01 4.757499992847442627e-01 5.842499732971191406e-01 1.122373640537261963e-01 6.786628365516662598e-01 1.437119394540786743e-02 3.533736243844032288e-02 2.184266448020935059e-01 9.465274214744567871e-01
8.292499780654907227e-01 7.761666774749755859e-01 6.907500028610229492e-01 8.407499790191650391e-01 3.172500133514404297e-01 4.822500050067901611e-01 7.871327400207519531e-01 6.368381381034851074e-01 7.553070783615112305e-01 7.482631206512451172e-01 6.537711024284362793e-01 3.688284754753112793e-01
8.247500061988830566e-01 2.691666781902313232e-01 2.147500067949295044e-01 3.532499969005584717e-01 8.907499909400939941e-01 1.862500011920928955e-01 4.741129875183105469e-01 5.265446305274963379e-01 4.035839438438415527e-01 8.131358027458190918e-01 2.495300620794296265e-01 6.436095237731933594e-01
9.692500233650207520e-01 2.498333305120468140e-01 1.067499965429306030e-01 2.112500071525573730e-01 8.012499809265136719e-01 3.767499923706054688e-01 3.854739665985107422e-01 3.580206036567687988e-01 8.740947842597961426e-01 1.886310726404190063e-01 4.083712995052337646e-01 1.984319388866424561e-01
3.157500028610229492e-01 4.115000069141387939e-01 5.967500209808349609e-01 7.582499980926513672e-01 9.422500133514404297e-01 9.242500066757202148e-01 1.258715391159057617e-01 3.535972535610198975e-01 1.168367192149162292e-01 6.494681350886821747e-03 2.780893743038177490e-01 6.004633307456970215e-01
9.897500276565551758e-01 4.141666591167449951e-01 9.052500128746032715e-01 3.424999862909317017e-02 4.792500138282775879e-01 3.032500147819519043e-01 1.792160868644714355e-01 4.942323565483093262e-01 4.348201751708984375e-01 4.827309399843215942e-02 2.738846540451049805e-01 5.134521126747131348e-01
