9.855474829673767090e-01 2.033886611461639404e-01 9.584337472915649414e-01 7.117875218391418457e-01 6.930927634239196777e-01 5.881259441375732422e-01 3.790040016174316406e-01 9.407043457031250000e-01 2.944856286048889160e-01 8.276382088661193848e-01 8.036388158798217773e-01 6.773690581321716309e-01 5.423048734664916992e-01 4.181792438030242920e-01
1.500625014305114746e-01 5.123521685600280762e-01 1.863054931163787842e-01 7.742224633693695068e-02 5.120747685432434082e-01 8.886257410049438477e-01 1.990929991006851196e-01 1.171007677912712097e-01 5.315611362457275391e-01 3.023743629455566406e-01 1.559407711029052734e-01 5.372056365013122559e-01 6.765084862709045410e-01 4.757793843746185303e-01
1.284125000238418579e-01 1.719155013561248779e-01 5.350260138511657715e-01 2.646502554416656494e-01 8.763049840927124023e-01 5.629256367683410645e-01 3.499099984765052795e-02 5.610748007893562317e-02 3.400068879127502441e-01 7.451591491699218750e-01 3.679095804691314697e-01 8.861244916915893555e-01 5.972794890403747559e-01 3.876865506172180176e-01
6.971150040626525879e-01 3.702096641063690186e-01 2.406907528638839722e-01 5.957549810409545898e-01 4.728960096836090088e-01 5.884084105491638184e-01 6.735448837280273438e-01 6.351222395896911621e-01 5.219322443008422852e-01 5.404171347618103027e-01 4.419449865818023682e-01 4.644119441509246826e-01 4.331753253936767578e-01 4.321829080581665039e-01
3.660899996757507324e-01 2.527939975261688232e-01 7.037402391433715820e-01 5.978599786758422852e-01 6.748697757720947266e-01 7.463386654853820801e-01 2.581023275852203369e-01 2.445883601903915405e-01 2.852934598922729492e-01 7.323341369628906250e-01 6.418750286102294922e-01 7.355657219886779785e-01 5.336452722549438477e-01 4.937314987182617188e-01
3.825249895453453064e-02 2.844470143318176270e-01 6.388379931449890137e-01 3.223335146903991699e-01 7.256242632865905762e-01 3.368747532367706299e-01 6.635733246803283691e-01 1.831767708063125610e-02 3.067222535610198975e-01 8.293161392211914062e-01 4.672091603279113770e-01 7.404193282127380371e-01 5.256157517433166504e-01 5.343588590621948242e-01
9.798499941825866699e-02 5.884426832199096680e-01 5.140967369079589844e-01 3.001849949359893799e-01 8.603529930114746094e-01 3.957545459270477295e-01 1.522736698389053345e-01 9.139562398195266724e-02 6.094291210174560547e-01 5.833711624145507812e-01 4.303296506404876709e-01 8.784658908843994141e-01 4.920406341552734375e-01 2.896423935890197754e-01
8.165749907493591309e-02 5.916183590888977051e-01 8.413150161504745483e-02 5.793750286102294922e-01 6.981599926948547363e-01 8.597926497459411621e-01 9.409117698669433594e-01 8.262071758508682251e-02 6.375970244407653809e-01 9.414805471897125244e-02 2.165054827928543091e-01 6.181496381759643555e-01 6.716011762619018555e-01 6.473453044891357422e-01
6.403974890708923340e-01 1.812776625156402588e-01 7.186290025711059570e-01 1.826110035181045532e-01 9.235674738883972168e-01 1.713234335184097290e-01 7.629056572914123535e-01 5.351028442382812500e-01 4.638720452785491943e-01 6.204982995986938477e-01 5.738402605056762695e-01 7.868262529373168945e-01 4.344037771224975586e-01 3.668506741523742676e-01
1.682250015437602997e-02 4.826410114765167236e-01 3.107782602310180664e-01 8.287500143051147461e-01 2.228614985942840576e-01 3.730318248271942139e-01 3.581836521625518799e-01 2.705353870987892151e-02 6.443361043930053711e-01 6.089535355567932129e-01 8.094743490219116211e-01 2.247561514377593994e-01 4.403107762336730957e-01 5.317495465278625488e-01
4.651749879121780396e-02 7.589908242225646973e-01 3.930207490921020508e-01 1.136192530393600464e-01 9.063389897346496582e-01 3.170475661754608154e-01 4.703536629676818848e-01 5.987845733761787415e-02 6.790736317634582520e-01 5.497448444366455078e-01 4.494904279708862305e-01 9.511155486106872559e-01 5.106480121612548828e-01 2.307358384132385254e-01
5.189650058746337891e-01 2.451331615447998047e-01 6.070244908332824707e-01 7.364624738693237305e-01 9.460164904594421387e-01 6.749446392059326172e-01 2.121790051460266113e-01 4.865040779113769531e-01 3.691715896129608154e-01 6.992476582527160645e-01 5.653307437896728516e-01 9.150162339210510254e-01 5.446686148643493652e-01 2.837136685848236084e-01
9.865124821662902832e-01 4.368748366832733154e-01 4.525982439517974854e-01 3.285277485847473145e-01 8.410974740982055664e-01 3.436492979526519775e-01 9.645522236824035645e-01 7.946481704711914062e-01 5.672228336334228516e-01 4.222282469272613525e-01 6.639692187309265137e-01 6.325127482414245605e-01 3.584183752536773682e-01 5.031754374504089355e-01
3.783524930477142334e-01 4.758246541023254395e-01 2.805329859256744385e-01 9.298049807548522949e-01 4.370642602443695068e-01 8.164232373237609863e-01 5.689759850502014160e-01 3.694776296615600586e-01 5.625985860824584961e-01 4.922197461128234863e-01 7.409615516662597656e-01 4.437647163867950439e-01 4.031191170215606689e-01 5.327846407890319824e-01
8.214499950408935547e-01 6.396030187606811523e-01 8.020964860916137695e-01 8.544650077819824219e-01 8.157207369804382324e-01 5.137507319450378418e-01 6.084013581275939941e-01 8.434512615203857422e-01 5.865236520767211914e-01 4.963929951190948486e-01 9.137421250343322754e-01 8.384199738502502441e-01 2.999297380447387695e-01 4.972962439060211182e-01
4.543924927711486816e-01 7.378360033035278320e-01 5.042652487754821777e-01 5.452425032854080200e-02 3.704949915409088135e-01 3.414631187915802002e-01 3.860243260860443115e-01 4.991865158081054688e-01 5.225433111190795898e-01 4.736667573451995850e-01 2.832662463188171387e-01 4.480338096618652344e-01 5.054205656051635742e-01 4.027238786220550537e-01
3.104799985885620117e-01 7.479196786880493164e-01 7.965440154075622559e-01 6.848474740982055664e-01 3.328649997711181641e-01 3.916097879409790039e-01 4.102066531777381897e-02 3.972361683845520020e-01 5.094427466392517090e-01 5.122458338737487793e-01 6.659078598022460938e-01 4.504344463348388672e-01 4.323888421058654785e-01 5.307798385620117188e-01
2.172224968671798706e-01 5.670261383056640625e-01 8.740835189819335938e-01 9.835324883460998535e-01 9.697797298431396484e-01 9.299288988113403320e-01 4.750596582889556885e-01 1.760523915290832520e-01 4.269499182701110840e-01 7.876102924346923828e-01 8.640274405479431152e-01 9.691675305366516113e-01 5.222836136817932129e-01 3.155193328857421875e-01
8.557350039482116699e-01 3.413478434085845947e-01 6.399185061454772949e-01 4.771282374858856201e-01 2.543214857578277588e-01 6.311722993850708008e-01 6.887222528457641602e-01 8.578151464462280273e-01 4.897933304309844971e-01 5.972569584846496582e-01 6.128256320953369141e-01 2.542104125022888184e-01 4.600501656532287598e-01 5.431473851203918457e-01
3.586100041866302490e-01 7.043098211288452148e-01 5.855717658996582031e-01 1.687217503786087036e-01 6.629977226257324219e-01 5.079816281795501709e-02 9.374176859855651855e-01 4.127870798110961914e-01 5.285809636116027832e-01 2.948453426361083984e-01 4.453255534172058105e-01 5.717098116874694824e-01 4.746702015399932861e-01 5.671071410179138184e-01
3.237150013446807861e-01 7.159793376922607422e-01 1.005389988422393799e-01 6.957774758338928223e-01 1.091347485780715942e-01 4.382783770561218262e-01 9.614337086677551270e-01 3.237424194812774658e-01 6.108110547065734863e-01 1.184483096003532410e-01 8.039321303367614746e-01 5.905118957161903381e-02 5.522292256355285645e-01 7.189328670501708984e-01
3.915224969387054443e-01 4.399886727333068848e-01 3.655945062637329102e-01 6.860575079917907715e-01 7.004935145378112793e-01 8.386942744255065918e-02 3.685076534748077393e-01 4.398757815361022949e-01 5.186579227447509766e-01 5.774174332618713379e-01 6.012315154075622559e-01 6.929573416709899902e-01 4.011290967464447021e-01 4.359097182750701904e-01
7.961149811744689941e-01 7.080058455467224121e-01 5.146562457084655762e-01 3.924799859523773193e-01 1.429699957370758057e-01 5.741235613822937012e-01 2.478723376989364624e-01 7.896976470947265625e-01 5.816830396652221680e-01 4.539641737937927246e-01 5.054513216018676758e-01 1.755544543266296387e-01 4.340893328189849854e-01 4.861473143100738525e-01
8.015725016593933105e-01 5.923038125038146973e-01 7.747370004653930664e-01 5.414500087499618530e-02 3.919857442378997803e-01 7.450779676437377930e-01 2.157640010118484497e-01 7.732942700386047363e-01 5.441535711288452148e-01 5.102478861808776855e-01 2.597768604755401611e-01 3.947180509567260742e-01 4.582975208759307861e-01 3.610994219779968262e-01
4.699699878692626953e-01 2.541689872741699219e-01 2.573255002498626709e-01 7.542175054550170898e-01 2.843067646026611328e-01 6.752315908670425415e-02 9.036083221435546875e-01 4.552856087684631348e-01 3.834775984287261963e-01 6.123816967010498047e-01 7.423083186149597168e-01 2.064915299415588379e-01 4.663155972957611084e-01 6.238582730293273926e-01
8.471350073814392090e-01 4.721638262271881104e-01 1.958574950695037842e-01 1.323132514953613281e-01 4.070807397365570068e-01 3.512502014636993408e-01 1.963299959897994995e-01 7.269940376281738281e-01 4.777901768684387207e-01 4.862963557243347168e-01 1.724491715431213379e-01 4.099983870983123779e-01 5.223445296287536621e-01 3.649562597274780273e-01
1.382649987936019897e-01 4.242379963397979736e-01 3.870057463645935059e-01 2.739222645759582520e-01 1.535300016403198242e-01 8.454275727272033691e-01 6.823347806930541992e-01 9.856295585632324219e-02 5.345746278762817383e-01 4.940304756164550781e-01 2.628877162933349609e-01 1.300996243953704834e-01 6.638829112052917480e-01 5.011892914772033691e-01
6.341400146484375000e-01 2.281313389539718628e-01 1.487150043249130249e-02 1.323725003749132156e-02 7.149450182914733887e-01 5.451665520668029785e-01 6.353093385696411133e-01 5.790501236915588379e-01 3.181351721286773682e-01 2.207892835140228271e-01 1.007656678557395935e-01 7.092009186744689941e-01 5.915380120277404785e-01 5.837347507476806641e-01
4.109925031661987305e-01 6.649144887924194336e-01 8.350780010223388672e-01 9.475824832916259766e-01 4.614642560482025146e-01 5.095159411430358887e-01 3.747733309864997864e-02 4.188729524612426758e-01 5.116282105445861816e-01 5.868466496467590332e-01 8.285090923309326172e-01 5.266852974891662598e-01 3.743544518947601318e-01 5.460065603256225586e-01
5.235400199890136719e-01 1.799228340387344360e-01 2.585499882698059082e-01 4.634810090065002441e-01 3.276025131344795227e-02 5.215286612510681152e-01 3.986496627330780029e-01 4.912175238132476807e-01 4.305566847324371338e-01 4.704042375087738037e-01 4.497281312942504883e-01 7.322103530168533325e-02 5.823537707328796387e-01 5.783805251121520996e-01
5.701324939727783203e-01 5.879386663436889648e-01 9.124447703361511230e-01 4.478504955768585205e-01 5.956705212593078613e-01 5.426297187805175781e-01 6.436336636543273926e-01 4.909935295581817627e-01 4.773796200752258301e-01 5.765609741210937500e-01 6.176173686981201172e-01 5.375187993049621582e-01 4.256346225738525391e-01 4.800874292850494385e-01
4.681299924850463867e-01 1.851781606674194336e-01 9.461502432823181152e-01 4.364475011825561523e-01 3.299537599086761475e-01 9.383332133293151855e-01 8.224333524703979492e-01 4.433667957782745361e-01 2.822492718696594238e-01 7.502275705337524414e-01 4.879153668880462646e-01 2.886044085025787354e-01 6.002126336097717285e-01 5.944914817810058594e-01
2.522799968719482422e-01 6.224631667137145996e-01 8.469499647617340088e-03 3.744035065174102783e-01 6.552180051803588867e-01 2.078589946031570435e-01 1.057523339986801147e-01 2.806881964206695557e-01 6.769129037857055664e-01 9.684990346431732178e-02 4.660198986530303955e-01 7.893012166023254395e-01 4.772872030735015869e-01 6.580151915550231934e-01
1.640650033950805664e-01 2.728306651115417480e-01 5.832762718200683594e-01 5.042325258255004883e-01 4.812425076961517334e-01 8.335813879966735840e-02 5.751573443412780762e-01 1.550160348415374756e-01 3.875324428081512451e-01 7.359687089920043945e-01 5.096184611320495605e-01 4.905407726764678955e-01 4.568354487419128418e-01 4.893182516098022461e-01
9.115700125694274902e-01 2.014214992523193359e-01 1.227905005216598511e-01 1.231812536716461182e-01 8.804874867200851440e-02 3.731257617473602295e-01 8.967713117599487305e-01 7.875681519508361816e-01 4.467318356037139893e-01 3.782734870910644531e-01 3.780027329921722412e-01 4.850663989782333374e-02 6.126073002815246582e-01 6.528643369674682617e-01
9.917999804019927979e-02 8.105639815330505371e-01 9.747987389564514160e-01 7.417950034141540527e-02 1.971040070056915283e-01 8.333922028541564941e-01 1.052133366465568542e-02 7.549364864826202393e-02 5.493364930152893066e-01 6.601593494415283203e-01 1.722548902034759521e-01 2.948376834392547607e-01 6.367510557174682617e-01 3.602825403213500977e-01
1.945874989032745361e-01 6.939941644668579102e-01 4.014810025691986084e-01 1.812302470207214355e-01 1.896084994077682495e-01 7.000187039375305176e-01 7.596010565757751465e-01 2.010429352521896362e-01 5.277940630912780762e-01 3.001072108745574951e-01 2.144701927900314331e-01 1.947301030158996582e-01 7.101553678512573242e-01 5.175567269325256348e-01
5.720275044441223145e-01 4.936041533946990967e-01 6.043180227279663086e-01 6.604175269603729248e-02 5.735285282135009766e-01 1.785506010055541992e-01 8.053066581487655640e-02 6.433362960815429688e-01 4.233008921146392822e-01 5.564835071563720703e-01 1.894967108964920044e-01 6.108894944190979004e-01 5.049941539764404297e-01 3.406246900558471680e-01
3.520975112915039062e-01 3.082848191261291504e-01 7.619307637214660645e-01 2.474567443132400513e-01 8.176295161247253418e-01 9.469219446182250977e-01 7.358211278915405273e-01 2.650735676288604736e-01 3.163141310214996338e-01 4.948392510414123535e-01 4.239273667335510254e-01 7.797472476959228516e-01 5.798259973526000977e-01 5.957294106483459473e-01
3.959375023841857910e-01 2.165694981813430786e-01 4.341965019702911377e-01 3.762249946594238281e-01 5.548002719879150391e-01 4.541881680488586426e-01 6.575070023536682129e-01 3.442295193672180176e-01 3.284918069839477539e-01 6.324289441108703613e-01 4.093449115753173828e-01 5.503895878791809082e-01 5.061928033828735352e-01 5.333176255226135254e-01
7.084274888038635254e-01 4.328461587429046631e-01 7.115697264671325684e-01 5.112199783325195312e-01 5.491034984588623047e-01 6.666193008422851562e-01 8.808780908584594727e-01 6.614509224891662598e-01 4.392933249473571777e-01 4.669585525989532471e-01 6.580216288566589355e-01 5.093356966972351074e-01 4.386174976825714111e-01 5.941767096519470215e-01
6.583349704742431641e-01 3.264728188514709473e-01 1.187812536954879761e-01 7.566974759101867676e-01 1.733645051717758179e-01 5.806132405996322632e-02 2.242893278598785400e-01 8.038447499275207520e-01 6.512699127197265625e-01 3.921719491481781006e-01 5.755560398101806641e-01 1.871100217103958130e-01 3.525949418544769287e-01 4.624051749706268311e-01
4.052499774843454361e-03 4.715193212032318115e-01 8.828007578849792480e-01 7.200124859809875488e-01 7.454494833946228027e-01 2.316546440124511719e-01 9.594941139221191406e-01 1.096875034272670746e-02 4.068268239498138428e-01 8.571351766586303711e-01 8.382097482681274414e-01 7.311406135559082031e-01 3.785084187984466553e-01 5.632296204566955566e-01
6.369550228118896484e-01 7.106475234031677246e-01 6.629995107650756836e-01 6.680275201797485352e-01 2.808440029621124268e-01 2.159877866506576538e-02 2.603693306446075439e-01 8.079093098640441895e-01 5.474135279655456543e-01 5.549206137657165527e-01 5.503343343734741211e-01 3.395938277244567871e-01 4.197229444980621338e-01 4.691509306430816650e-01
2.710725069046020508e-01 5.734021663665771484e-01 3.155847489833831787e-01 5.611975193023681641e-01 6.579167246818542480e-01 1.268856525421142578e-01 2.591633424162864685e-02 3.394531309604644775e-01 6.064178347587585449e-01 3.994336426258087158e-01 5.852368474006652832e-01 7.738776206970214844e-01 4.060411155223846436e-01 5.149958729743957520e-01
5.996025204658508301e-01 2.187239974737167358e-01 2.859387397766113281e-01 6.319125294685363770e-01 7.379267215728759766e-01 7.215978503227233887e-01 7.927479743957519531e-01 5.108859539031982422e-01 3.933830261230468750e-01 4.232432246208190918e-01 4.349692463874816895e-01 6.474557518959045410e-01 4.720234274864196777e-01 5.537367463111877441e-01
5.574300289154052734e-01 1.967226713895797729e-01 4.778167605400085449e-01 7.591174840927124023e-01 8.798952698707580566e-01 3.475827276706695557e-01 1.180666685104370117e-01 5.198618173599243164e-01 4.455596208572387695e-01 6.449021100997924805e-01 8.107427954673767090e-01 8.631243705749511719e-01 4.345546364784240723e-01 4.212512075901031494e-01
7.788749933242797852e-01 1.939969956874847412e-01 7.486305236816406250e-01 8.033400028944015503e-02 7.285297513008117676e-01 6.470609307289123535e-01 3.644200041890144348e-02 7.117277979850769043e-01 3.738441467285156250e-01 6.089946627616882324e-01 3.508934378623962402e-01 7.569644451141357422e-01 5.002905130386352539e-01 3.594573736190795898e-01
7.809500098228454590e-01 5.252936482429504395e-01 8.591882586479187012e-01 8.087325096130371094e-01 9.970407485961914062e-01 2.341383844614028931e-01 6.756131649017333984e-01 8.360348343849182129e-01 5.668159723281860352e-01 5.619173645973205566e-01 9.343117475509643555e-01 9.441125392913818359e-01 3.205070793628692627e-01 4.224575757980346680e-01
8.833774924278259277e-01 3.062469959259033203e-01 7.148334980010986328e-01 9.394775032997131348e-01 8.379694819450378418e-01 4.785756468772888184e-01 1.238410025835037231e-01 8.959133625030517578e-01 3.610703051090240479e-01 7.380452752113342285e-01 9.056012630462646484e-01 9.164205193519592285e-01 4.980430006980895996e-01 3.658668994903564453e-01
6.880224943161010742e-01 7.261505126953125000e-01 5.024064779281616211e-01 5.359575152397155762e-01 7.773067355155944824e-01 1.318297982215881348e-01 3.498750030994415283e-01 7.507342696189880371e-01 5.387556552886962891e-01 4.677113592624664307e-01 4.605873227119445801e-01 7.916940450668334961e-01 3.779194653034210205e-01 3.869083523750305176e-01
9.918649792671203613e-01 2.399043291807174683e-01 2.555755078792572021e-01 6.090649962425231934e-01 9.141659736633300781e-01 2.139394879341125488e-01 3.539999946951866150e-03 9.260810613632202148e-01 4.824522733688354492e-01 4.768106043338775635e-01 5.589517951011657715e-01 8.979123830795288086e-01 4.035600721836090088e-01 3.286474943161010742e-01
5.481150150299072266e-01 6.148309707641601562e-01 2.334485054016113281e-01 4.371657371520996094e-01 8.387942314147949219e-01 6.195420026779174805e-01 3.453060090541839600e-01 5.766935348510742188e-01 5.698250532150268555e-01 2.436754703521728516e-01 3.741841912269592285e-01 8.387834429740905762e-01 4.555360972881317139e-01 5.076519846916198730e-01
8.739100098609924316e-01 6.439178586006164551e-01 3.565104901790618896e-01 8.655250072479248047e-03 7.428217530250549316e-01 2.297111153602600098e-01 3.042726814746856689e-01 7.843058109283447266e-01 5.256050229072570801e-01 3.124707341194152832e-01 2.733175754547119141e-01 7.550095319747924805e-01 4.409274756908416748e-01 4.300940632820129395e-01
2.943474948406219482e-01 6.059141755104064941e-01 3.404900133609771729e-01 5.019899830222129822e-02 9.364472627639770508e-01 3.801256418228149414e-01 3.225743472576141357e-01 3.384259641170501709e-01 5.637697577476501465e-01 3.467682600021362305e-01 2.172770947217941284e-01 9.057993888854980469e-01 4.854404032230377197e-01 3.517437577247619629e-01
7.994899749755859375e-01 2.026771605014801025e-01 9.166177511215209961e-01 2.795712351799011230e-01 9.473620057106018066e-01 9.447643160820007324e-01 2.532186806201934814e-01 8.047826290130615234e-01 2.638076841831207275e-01 7.809463739395141602e-01 3.511926829814910889e-01 9.117329716682434082e-01 6.471833586692810059e-01 2.229555994272232056e-01
1.661400049924850464e-01 6.121063232421875000e-01 9.414732456207275391e-01 3.537087440490722656e-01 2.443282455205917358e-01 5.430192947387695312e-01 2.133366614580154419e-01 1.437588632106781006e-01 4.997337758541107178e-01 7.313086986541748047e-01 3.590468466281890869e-01 3.390444517135620117e-01 4.754583239555358887e-01 3.989492356777191162e-01
6.428874731063842773e-01 6.863654851913452148e-01 8.696272373199462891e-01 5.212299898266792297e-02 2.282877564430236816e-01 2.851262688636779785e-01 7.379709482192993164e-01 6.396991610527038574e-01 5.456048250198364258e-01 5.697731971740722656e-01 3.761517405509948730e-01 2.282865941524505615e-01 4.646386802196502686e-01 4.097644686698913574e-01
3.933550119400024414e-01 7.792611718177795410e-01 2.256225049495697021e-01 4.539837539196014404e-01 9.645607471466064453e-01 5.436675548553466797e-01 9.842261672019958496e-01 3.461977243423461914e-01 6.345795392990112305e-01 1.580575555562973022e-01 4.249914884567260742e-01 7.806478142738342285e-01 4.593005478382110596e-01 6.020820140838623047e-01
1.733749918639659882e-02 6.821466684341430664e-01 8.410032391548156738e-01 7.020475268363952637e-01 9.559684991836547852e-01 6.888074874877929688e-01 3.034853339195251465e-01 4.317107051610946655e-02 6.505559682846069336e-01 6.097497344017028809e-01 4.637242257595062256e-01 9.517823457717895508e-01 5.783042907714843750e-01 2.072074860334396362e-01
4.984774887561798096e-01 7.421206831932067871e-01 8.284729719161987305e-01 3.709172606468200684e-01 8.933074772357940674e-02 1.202331297099590302e-02 1.692630052566528320e-01 6.048921942710876465e-01 5.953393578529357910e-01 5.416927337646484375e-01 3.798670172691345215e-01 1.670302003622055054e-01 4.318087100982666016e-01 3.790104389190673828e-01
6.259425282478332520e-01 3.014331758022308350e-01 1.485912501811981201e-01 4.580957591533660889e-01 7.705637216567993164e-01 8.267338275909423828e-01 2.553633451461791992e-01 6.172927618026733398e-01 5.159165263175964355e-01 2.594135403633117676e-01 2.634768784046173096e-01 7.644769549369812012e-01 4.757743477821350098e-01 4.834376275539398193e-01
3.307375013828277588e-01 3.269171714782714844e-01 2.206532508134841919e-01 5.232500261627137661e-04 1.193580031394958496e-01 7.583325505256652832e-01 3.585340082645416260e-01 3.023953735828399658e-01 4.456938505172729492e-01 2.588900029659271240e-01 8.581695705652236938e-02 8.003535866737365723e-02 7.975147366523742676e-01 4.960313141345977783e-01
7.883725166320800781e-01 6.593629717826843262e-01 8.596755266189575195e-01 2.987412512302398682e-01 7.223179936408996582e-01 4.795535206794738770e-01 9.717208743095397949e-01 8.163043260574340820e-01 5.500096678733825684e-01 3.363740742206573486e-01 5.406030416488647461e-01 5.908195972442626953e-01 3.999601006507873535e-01 5.355416536331176758e-01
3.434999883174896240e-01 5.211371779441833496e-01 8.041267395019531250e-01 5.010049939155578613e-01 4.457629919052124023e-01 6.407568454742431641e-01 4.862506687641143799e-01 2.952327132225036621e-01 3.849168419837951660e-01 6.477484703063964844e-01 5.320814251899719238e-01 5.175530314445495605e-01 4.477623403072357178e-01 5.042605400085449219e-01
1.988250017166137695e-02 6.619135141372680664e-01 8.983749747276306152e-01 4.854847490787506104e-01 7.887985110282897949e-01 8.180000782012939453e-01 7.332437634468078613e-01 2.964419126510620117e-02 6.207816004753112793e-01 5.261268019676208496e-01 3.274714052677154541e-01 8.218792080879211426e-01 5.646186470985412598e-01 3.998726010322570801e-01
9.506275057792663574e-01 6.128249764442443848e-01 1.361224949359893799e-01 7.617350220680236816e-01 9.079587459564208984e-01 9.126816391944885254e-01 9.433433413505554199e-01 7.846530675888061523e-01 5.437659025192260742e-01 2.194188684225082397e-01 6.040833592414855957e-01 7.507601380348205566e-01 4.547532200813293457e-01 6.018061041831970215e-01
4.019599854946136475e-01 4.681201577186584473e-01 5.185887217521667480e-01 3.967222571372985840e-01 2.856342494487762451e-01 2.351643443107604980e-01 5.484333261847496033e-02 4.421607255935668945e-01 5.118095278739929199e-01 5.890690088272094727e-01 4.875361919403076172e-01 3.791965544223785400e-01 4.335715174674987793e-01 4.457936584949493408e-01
7.805600166320800781e-01 3.048731684684753418e-01 2.625592648983001709e-01 6.585775017738342285e-01 1.974067538976669312e-01 8.314639329910278320e-01 7.302883267402648926e-01 7.977335453033447266e-01 5.351911783218383789e-01 4.708425402641296387e-01 4.599552154541015625e-01 1.584808379411697388e-01 4.832757711410522461e-01 5.127122998237609863e-01
6.744599938392639160e-01 3.613803386688232422e-01 5.103832483291625977e-01 3.837450146675109863e-01 5.895657539367675781e-01 4.618036374449729919e-02 3.808499872684478760e-01 6.596410870552062988e-01 4.758203327655792236e-01 6.241888999938964844e-01 4.058120846748352051e-01 5.479837656021118164e-01 4.330797791481018066e-01 3.702262639999389648e-01
1.346125006675720215e-01 3.737258315086364746e-01 1.707367449998855591e-01 8.429499864578247070e-01 9.537982344627380371e-01 3.651761636137962341e-02 4.878459870815277100e-01 1.774245351552963257e-01 6.323819756507873535e-01 5.644031167030334473e-01 7.176862359046936035e-01 8.756927847862243652e-01 3.569198548793792725e-01 4.472227990627288818e-01
7.266225218772888184e-01 2.745763361454010010e-01 5.135664939880371094e-01 8.061174750328063965e-01 9.611989855766296387e-01 5.417202115058898926e-01 2.644590139389038086e-01 7.327334880828857422e-01 3.149127364158630371e-01 7.461863756179809570e-01 6.631100773811340332e-01 9.276703000068664551e-01 5.842004418373107910e-01 2.808092236518859863e-01
8.034999668598175049e-02 8.062493205070495605e-01 4.360064864158630371e-01 7.908400297164916992e-01 3.615710139274597168e-01 4.221536219120025635e-01 8.304058909416198730e-01 7.422552257776260376e-02 6.677719950675964355e-01 3.392982482910156250e-01 8.138719797134399414e-01 4.062790572643280029e-01 4.520787000656127930e-01 6.341832280158996582e-01
3.339149951934814453e-01 4.823488295078277588e-01 9.623647332191467285e-01 4.525727629661560059e-01 6.711884737014770508e-01 8.217902779579162598e-01 1.188416630029678345e-01 3.080351948738098145e-01 4.332308769226074219e-01 6.492542624473571777e-01 4.813384115695953369e-01 7.178370356559753418e-01 4.511507153511047363e-01 3.823105096817016602e-01
4.618175029754638672e-01 8.308724761009216309e-01 6.438454985618591309e-01 4.836890101432800293e-01 1.742827445268630981e-01 6.004298105835914612e-02 5.046179890632629395e-01 5.340578556060791016e-01 5.753674507141113281e-01 4.527250230312347412e-01 5.342466831207275391e-01 2.511951923370361328e-01 4.376161396503448486e-01 4.688113331794738770e-01
4.812900125980377197e-01 2.725526690483093262e-01 1.738772541284561157e-01 1.519527435302734375e-01 9.137692451477050781e-01 5.948666930198669434e-01 8.393558859825134277e-01 4.141642153263092041e-01 3.523156642913818359e-01 2.680832147598266602e-01 2.812872231006622314e-01 8.330934643745422363e-01 5.814021229743957520e-01 6.244631409645080566e-01
2.291425019502639771e-01 7.988243103027343750e-01 8.099225163459777832e-01 7.555599808692932129e-01 9.395350217819213867e-01 5.867105126380920410e-01 2.200309932231903076e-01 2.164437025785446167e-01 5.581334233283996582e-01 5.865028500556945801e-01 7.376234531402587891e-01 9.687753319740295410e-01 4.867273569107055664e-01 3.563364148139953613e-01
2.656599879264831543e-01 7.706983089447021484e-01 3.846769928932189941e-01 2.513934969902038574e-01 5.829137563705444336e-01 2.549786865711212158e-01 9.400420188903808594e-01 3.017833828926086426e-01 5.841897726058959961e-01 2.073059678077697754e-01 4.219476580619812012e-01 5.177552700042724609e-01 4.963103532791137695e-01 5.973010063171386719e-01
2.229599952697753906e-01 5.477301478385925293e-01 1.433512568473815918e-01 7.683675289154052734e-01 2.172455042600631714e-01 8.682365417480468750e-01 6.173650026321411133e-01 1.981514394283294678e-01 6.060508489608764648e-01 1.978335380554199219e-01 5.703696608543395996e-01 2.269896864891052246e-01 5.590118765830993652e-01 6.165757179260253906e-01
8.288250118494033813e-02 7.698554992675781250e-01 8.580407500267028809e-01 9.049124717712402344e-01 3.087849915027618408e-02 7.982417941093444824e-01 7.089091539382934570e-01 3.197816386818885803e-02 5.740168690681457520e-01 7.064995765686035156e-01 7.104421257972717285e-01 1.609390974044799805e-01 4.730341434478759766e-01 5.194773077964782715e-01
6.325374841690063477e-01 4.777173399925231934e-01 9.069085121154785156e-01 2.631149999797344208e-02 4.379667639732360840e-01 7.652301192283630371e-01 1.946966722607612610e-02 6.884321570396423340e-01 4.363249838352203369e-01 5.913476347923278809e-01 1.609849482774734497e-01 4.783725440502166748e-01 5.324950218200683594e-01 3.250052630901336670e-01
6.271250247955322266e-01 1.996716707944869995e-01 8.539312481880187988e-01 7.863399982452392578e-01 3.019177615642547607e-01 6.361659765243530273e-01 9.492045044898986816e-01 7.427650094032287598e-01 2.517248988151550293e-01 7.199208140373229980e-01 8.795657157897949219e-01 1.878122836351394653e-01 5.363768339157104492e-01 7.548071146011352539e-01
8.085849881172180176e-01 5.551509857177734375e-01 3.423945009708404541e-01 3.365197479724884033e-01 3.025574982166290283e-01 2.764036357402801514e-01 7.077468037605285645e-01 8.594420552253723145e-01 5.993726253509521484e-01 4.289395511150360107e-01 3.723224401473999023e-01 2.398466020822525024e-01 4.356275498867034912e-01 4.296699166297912598e-01
3.923675119876861572e-01 5.075591802597045898e-01 7.471457719802856445e-01 5.862674713134765625e-01 5.657017230987548828e-01 2.904629409313201904e-01 4.223130047321319580e-01 4.296908080577850342e-01 4.080117940902709961e-01 5.423471331596374512e-01 4.953839480876922607e-01 5.878863334655761719e-01 4.454744458198547363e-01 5.123424530029296875e-01
5.774924755096435547e-01 4.571650028228759766e-01 1.816727519035339355e-01 2.390747517347335815e-01 7.880027294158935547e-01 5.546672940254211426e-01 4.587976634502410889e-01 5.530724525451660156e-01 5.484398007392883301e-01 2.406138777732849121e-01 3.175616860389709473e-01 7.898520827293395996e-01 4.636126756668090820e-01 5.111793279647827148e-01
5.745649933815002441e-01 1.831691712141036987e-01 6.563194990158081055e-01 8.714874982833862305e-01 6.856409907341003418e-01 2.989600896835327148e-01 8.851518630981445312e-01 4.810023605823516846e-01 3.363467156887054443e-01 7.020495533943176270e-01 8.506752252578735352e-01 6.220782399177551270e-01 4.285351932048797607e-01 5.730404257774353027e-01
4.709349870681762695e-01 3.548451662063598633e-01 7.789080142974853516e-01 1.375962495803833008e-01 1.834249943494796753e-01 8.134646415710449219e-01 4.403123259544372559e-01 5.136409997940063477e-01 3.746394813060760498e-01 5.898375511169433594e-01 2.178407013416290283e-01 1.974330544471740723e-01 6.661403179168701172e-01 5.273771882057189941e-01
1.477124989032745361e-01 7.612910270690917969e-01 7.669077515602111816e-01 8.615375310182571411e-02 2.658597528934478760e-01 6.681354641914367676e-01 5.808043479919433594e-01 1.230437383055686951e-01 5.140727162361145020e-01 5.652949213981628418e-01 2.020169049501419067e-01 3.402666747570037842e-01 6.217768788337707520e-01 4.323040544986724854e-01
5.146424770355224609e-01 7.400485277175903320e-01 9.453434944152832031e-01 6.225699782371520996e-01 1.413842439651489258e-01 8.122097849845886230e-01 2.889286577701568604e-01 6.105122566223144531e-01 4.521540403366088867e-01 5.631567239761352539e-01 5.076034069061279297e-01 2.500914037227630615e-01 5.008208155632019043e-01 5.352099537849426270e-01
8.570424914360046387e-01 2.230241596698760986e-01 8.506785035133361816e-01 1.406340003013610840e-01 6.842997670173645020e-01 6.881133466958999634e-02 5.785366892814636230e-01 8.686358928680419922e-01 4.089338183403015137e-01 6.191117763519287109e-01 4.664497375488281250e-01 6.210329532623291016e-01 4.764585196971893311e-01 4.197877347469329834e-01
1.445074975490570068e-01 4.729340076446533203e-01 7.897175103425979614e-02 8.761600255966186523e-01 3.548862636089324951e-01 5.823444724082946777e-01 3.159376680850982666e-01 1.673844456672668457e-01 5.745273232460021973e-01 9.109479188919067383e-02 8.676477670669555664e-01 3.526009619235992432e-01 5.359077453613281250e-01 7.906748652458190918e-01
6.050000083632767200e-04 7.626801729202270508e-01 1.937910020351409912e-01 3.050400018692016602e-01 6.250527501106262207e-01 2.081033401191234589e-02 1.950639933347702026e-01 5.863239616155624390e-02 7.736777067184448242e-01 3.439191877841949463e-01 5.044470429420471191e-01 7.847777009010314941e-01 4.012727737426757812e-01 4.477832317352294922e-01
4.182874858379364014e-01 4.612033367156982422e-01 7.349099963903427124e-02 7.383800148963928223e-01 1.558504998683929443e-01 5.213742256164550781e-01 8.444640040397644043e-01 4.288995563983917236e-01 5.576290488243103027e-01 2.460930645465850830e-01 7.074138522148132324e-01 1.179118603467941284e-01 5.124925971031188965e-01 6.308428049087524414e-01
7.293300032615661621e-01 2.239926606416702271e-01 4.996367394924163818e-01 4.466232359409332275e-01 4.925682544708251953e-01 9.836612939834594727e-01 9.378047585487365723e-01 5.497601032257080078e-01 3.910980820655822754e-01 6.943548321723937988e-01 4.600768089294433594e-01 3.761895298957824707e-01 5.180569291114807129e-01 4.726906418800354004e-01
4.026250168681144714e-02 7.954681515693664551e-01 8.151177763938903809e-01 1.905857473611831665e-01 7.008910179138183594e-01 9.428991675376892090e-01 9.972299635410308838e-02 9.742552414536476135e-03 7.940432429313659668e-01 4.863138198852539062e-01 3.172368705272674561e-01 7.139748930931091309e-01 8.414693474769592285e-01 2.089240401983261108e-01
1.783100068569183350e-01 5.080066919326782227e-01 4.792632460594177246e-01 2.531862556934356689e-01 7.932427525520324707e-01 7.149228453636169434e-01 4.821993410587310791e-01 1.197925955057144165e-01 4.432403445243835449e-01 4.047645926475524902e-01 2.225144505500793457e-01 8.359918594360351562e-01 5.960044860839843750e-01 5.118076205253601074e-01
3.870750069618225098e-01 3.357258439064025879e-01 8.364717364311218262e-01 7.109050154685974121e-01 2.765842378139495850e-01 1.620801985263824463e-01 7.706966996192932129e-02 3.772407770156860352e-01 3.032569587230682373e-01 7.605924606323242188e-01 6.567419171333312988e-01 3.626902401447296143e-01 5.067726373672485352e-01 5.610576868057250977e-01
2.902024984359741211e-01 5.149865150451660156e-01 1.232604980468750000e-01 6.134899854660034180e-01 2.377225011587142944e-01 6.893795132637023926e-01 5.033299922943115234e-01 3.416495025157928467e-01 5.178968906402587891e-01 2.242913991212844849e-01 4.743910729885101318e-01 2.762816846370697021e-01 5.616796612739562988e-01 6.149946451187133789e-01
7.798550128936767578e-01 4.261656701564788818e-01 2.231547534465789795e-01 9.638224840164184570e-01 8.622482419013977051e-01 3.938568830490112305e-01 6.200990080833435059e-01 7.266469001770019531e-01 5.381152033805847168e-01 5.248674154281616211e-01 8.493669629096984863e-01 8.329098224639892578e-01 3.677440881729125977e-01 4.785818755626678467e-01
6.872249841690063477e-01 8.315606713294982910e-01 4.650804996490478516e-01 8.842549920082092285e-01 9.784927368164062500e-01 4.295774698257446289e-01 2.765719890594482422e-01 6.343008875846862793e-01 5.836920738220214844e-01 5.376761555671691895e-01 8.220264911651611328e-01 9.392327666282653809e-01 3.587072789669036865e-01 3.908980190753936768e-01
6.267899870872497559e-01 7.339239716529846191e-01 7.689437270164489746e-01 3.005647361278533936e-01 9.013969898223876953e-01 5.489408373832702637e-01 4.495436549186706543e-01 5.119867920875549316e-01 5.810130834579467773e-01 4.990637004375457764e-01 6.773675084114074707e-01 8.711170554161071777e-01 3.781348168849945068e-01 4.287521541118621826e-01
4.176250100135803223e-02 2.605246603488922119e-01 8.082550168037414551e-01 7.088400125503540039e-01 9.726099669933319092e-02 8.720312118530273438e-01 5.954156517982482910e-01 2.099476754665374756e-02 1.716513037681579590e-01 9.079092741012573242e-01 6.202880144119262695e-01 1.330959200859069824e-01 6.277272701263427734e-01 7.479012608528137207e-01
2.262825071811676025e-01 3.520023226737976074e-01 2.302384972572326660e-01 2.541489899158477783e-01 6.097245216369628906e-01 9.378677010536193848e-01 1.245416700839996338e-01 2.233249843120574951e-01 4.305668473243713379e-01 4.298546314239501953e-01 9.144238382577896118e-02 6.300566792488098145e-01 6.445251107215881348e-01 3.804737627506256104e-01
9.668574929237365723e-01 1.919428259134292603e-01 6.263830065727233887e-01 8.953624963760375977e-01 9.742457270622253418e-01 7.615771889686584473e-01 1.582150012254714966e-01 8.833637833595275879e-01 2.617030441761016846e-01 8.336263895034790039e-01 7.963443994522094727e-01 9.475797414779663086e-01 6.169189810752868652e-01 2.525639533996582031e-01
6.312825083732604980e-01 2.546228468418121338e-01 5.712372660636901855e-01 3.460980057716369629e-01 6.178572773933410645e-01 4.528657495975494385e-01 1.277023404836654663e-01 6.955226659774780273e-01 3.483161032199859619e-01 6.686082482337951660e-01 2.516322135925292969e-01 6.051508188247680664e-01 5.733690857887268066e-01 3.760500252246856689e-01
3.900099992752075195e-01 2.739291787147521973e-01 3.150264918804168701e-01 3.430207371711730957e-01 1.287014931440353394e-01 9.063737392425537109e-01 5.168513059616088867e-01 3.963120281696319580e-01 5.116543173789978027e-01 4.282806515693664551e-01 3.031495809555053711e-01 1.182049587368965149e-01 6.053349971771240234e-01 4.539250731468200684e-01
3.022249974310398102e-02 8.012443184852600098e-01 2.762752473354339600e-01 9.072750210762023926e-01 8.655869960784912109e-01 2.819007039070129395e-01 8.110892772674560547e-01 4.968352243304252625e-02 7.831723690032958984e-01 3.680811226367950439e-01 6.978025436401367188e-01 9.367037415504455566e-01 3.465637266635894775e-01 4.985896348953247070e-01
5.113499760627746582e-01 2.378431707620620728e-01 3.455624878406524658e-01 2.148524969816207886e-01 8.313295245170593262e-01 2.577446401119232178e-01 6.638646721839904785e-01 5.562850236892700195e-01 4.119791686534881592e-01 3.694769144058227539e-01 2.645329236984252930e-01 8.099672198295593262e-01 4.966048896312713623e-01 4.568353593349456787e-01
3.538450002670288086e-01 1.902383267879486084e-01 2.484862506389617920e-01 5.129550099372863770e-01 3.490292429924011230e-01 5.120608806610107422e-01 6.247966736555099487e-02 3.846101462841033936e-01 4.211982488632202148e-01 6.013851165771484375e-01 4.775019884109497070e-01 4.239818453788757324e-01 4.631465077400207520e-01 4.953313171863555908e-01
2.768650054931640625e-01 3.343124985694885254e-01 1.403087526559829712e-01 9.292724728584289551e-01 6.357747316360473633e-01 5.279412865638732910e-01 7.147667407989501953e-01 3.257331848144531250e-01 5.167544484138488770e-01 2.816961705684661865e-01 8.474179506301879883e-01 6.235716938972473145e-01 4.662769734859466553e-01 6.854329705238342285e-01
8.265799880027770996e-01 7.946988344192504883e-01 1.353474985808134079e-02 6.612499952316284180e-01 3.967007398605346680e-01 5.772690176963806152e-01 8.687244057655334473e-01 8.732018470764160156e-01 6.332963705062866211e-01 8.267375826835632324e-02 5.963347554206848145e-01 2.942728996276855469e-01 4.659229815006256104e-01 6.970958113670349121e-01
3.401150107383728027e-01 4.098608195781707764e-01 8.265535235404968262e-01 2.340075001120567322e-02 8.499457240104675293e-01 5.403444170951843262e-01 9.904894232749938965e-01 2.549804449081420898e-01 4.069315493106842041e-01 5.591754317283630371e-01 2.478011399507522583e-01 6.245754361152648926e-01 5.024452209472656250e-01 4.533430039882659912e-01
6.814774870872497559e-01 3.800818324089050293e-01 3.593422472476959229e-01 6.565399765968322754e-01 4.243335127830505371e-01 1.351579725742340088e-01 1.919530034065246582e-01 7.250819802284240723e-01 5.452439188957214355e-01 5.295686721801757812e-01 5.449914932250976562e-01 4.606434702873229980e-01 3.963404893875122070e-01 4.446371495723724365e-01
3.096500039100646973e-01 4.260173439979553223e-01 3.249287605285644531e-01 7.842350006103515625e-01 5.957267284393310547e-01 5.445885062217712402e-01 1.113356649875640869e-01 3.034704923629760742e-01 4.591381251811981201e-01 4.824999570846557617e-01 7.241547107696533203e-01 6.896676421165466309e-01 4.571971297264099121e-01 5.733804106712341309e-01
9.092400074005126953e-01 5.936956405639648438e-01 2.016207426786422729e-01 3.350412547588348389e-01 5.013005137443542480e-01 6.598384678363800049e-02 5.722113251686096191e-01 9.035685062408447266e-01 6.665093302726745605e-01 2.758181393146514893e-01 4.581706523895263672e-01 4.807549118995666504e-01 3.292623162269592285e-01 4.637166261672973633e-01
3.117224872112274170e-01 7.509760260581970215e-01 2.167277485132217407e-01 7.559850066900253296e-02 8.642495274543762207e-01 8.300188183784484863e-02 7.231480479240417480e-01 3.655928671360015869e-01 6.189269423484802246e-01 1.725963652133941650e-01 3.578848540782928467e-01 8.800400495529174805e-01 4.699504077434539795e-01 5.486361384391784668e-01
4.539249837398529053e-02 6.400160193443298340e-01 1.193045005202293396e-01 2.625067532062530518e-01 2.417974919080734253e-02 8.794419169425964355e-01 3.599239885807037354e-01 3.886901587247848511e-02 6.093160510063171387e-01 2.399604171514511108e-01 5.178128182888031006e-02 4.768035933375358582e-02 9.112088680267333984e-01 4.052266776561737061e-01
9.553149938583374023e-01 3.911499977111816406e-01 7.155485153198242188e-01 3.628087639808654785e-01 7.127962708473205566e-01 9.843708276748657227e-01 2.401273399591445923e-01 8.331968784332275391e-01 4.245919883251190186e-01 5.910113453865051270e-01 5.456129312515258789e-01 6.994730830192565918e-01 4.644255340099334717e-01 4.171583354473114014e-01
1.987649947404861450e-01 2.743841707706451416e-01 9.119752645492553711e-01 9.380350112915039062e-01 6.959974765777587891e-01 3.948940336704254150e-01 7.560707330703735352e-01 1.809327900409698486e-01 2.540738582611083984e-01 7.963456511497497559e-01 8.682212829589843750e-01 7.292509078979492188e-01 4.583029150962829590e-01 5.844652056694030762e-01
8.080250024795532227e-02 3.573994934558868408e-01 9.662290215492248535e-01 6.792899966239929199e-01 5.672724843025207520e-01 5.125874876976013184e-01 7.600963115692138672e-01 2.880652993917465210e-02 1.889064908027648926e-01 8.574165701866149902e-01 8.335382342338562012e-01 6.169669628143310547e-01 5.047467350959777832e-01 7.127546072006225586e-01
9.423925280570983887e-01 7.337131500244140625e-01 4.884625077247619629e-01 9.180124998092651367e-01 4.536060094833374023e-01 6.236575543880462646e-03 2.140016704797744751e-01 9.482199549674987793e-01 6.430128216743469238e-01 4.834199845790863037e-01 8.336443305015563965e-01 5.214746594429016113e-01 2.751617729663848877e-01 4.681644439697265625e-01
5.437625050544738770e-01 4.533329904079437256e-01 3.228259980678558350e-01 2.969120144844055176e-01 2.515499945729970932e-03 9.912050366401672363e-01 1.553283333778381348e-01 4.564759731292724609e-01 4.910973012447357178e-01 4.059830307960510254e-01 1.965493410825729370e-01 5.951270461082458496e-02 6.722250580787658691e-01 4.678008258342742920e-01
1.802050024271011353e-01 4.150078296661376953e-01 3.737749904394149780e-02 1.352314949035644531e-01 7.568194866180419922e-01 6.386690586805343628e-02 7.936084270477294922e-01 2.841177284717559814e-01 5.631572604179382324e-01 1.389408856630325317e-01 2.489762157201766968e-01 7.253617048263549805e-01 5.417744517326354980e-01 6.084166169166564941e-01
4.566274881362915039e-01 7.609930038452148438e-01 4.903362393379211426e-01 6.952674984931945801e-01 8.391277790069580078e-01 1.487612128257751465e-01 8.181467056274414062e-01 4.410016536712646484e-01 6.589802503585815430e-01 4.160516858100891113e-01 8.737689852714538574e-01 8.210799694061279297e-01 3.166493177413940430e-01 5.900753140449523926e-01
2.649224996566772461e-01 2.358601689338684082e-01 9.669939875602722168e-01 8.739550113677978516e-01 7.936995029449462891e-01 3.246545493602752686e-01 2.368256598711013794e-01 3.042424321174621582e-01 2.834990322589874268e-01 7.883702516555786133e-01 7.561065554618835449e-01 8.643679618835449219e-01 5.438518524169921875e-01 4.010652899742126465e-01
8.184524774551391602e-01 5.098446607589721680e-01 3.618807494640350342e-01 5.049499869346618652e-01 9.765369892120361328e-01 4.842854440212249756e-01 1.008686646819114685e-01 8.562950491905212402e-01 5.194770097732543945e-01 3.748776912689208984e-01 4.246433079242706299e-01 9.299800395965576172e-01 4.226559400558471680e-01 3.527095913887023926e-01
9.908249974250793457e-02 3.643186688423156738e-01 3.800162374973297119e-01 4.586944878101348877e-01 9.990582466125488281e-01 2.283266633749008179e-01 8.083066344261169434e-02 9.551580250263214111e-02 5.644800066947937012e-01 6.722612977027893066e-01 6.671239137649536133e-01 9.390240311622619629e-01 4.805640578269958496e-01 3.154542744159698486e-01
8.372499942779541016e-01 4.964953362941741943e-01 7.864217758178710938e-01 1.196952536702156067e-01 6.558899879455566406e-01 4.126114249229431152e-01 8.352743983268737793e-01 7.781473398208618164e-01 3.963512182235717773e-01 5.867601037025451660e-01 4.188636839389801025e-01 5.976752638816833496e-01 4.856676459312438965e-01 4.585417211055755615e-01
2.780900001525878906e-01 1.792176663875579834e-01 9.288704991340637207e-01 6.176350116729736328e-01 9.227149933576583862e-02 5.913984775543212891e-01 9.506603479385375977e-01 3.740981519222259521e-01 2.212255150079727173e-01 7.555851936340332031e-01 6.506726145744323730e-01 6.776853650808334351e-02 6.457333564758300781e-01 7.494252920150756836e-01
9.969300031661987305e-01 1.853153407573699951e-01 5.946162343025207520e-01 3.194234967231750488e-01 6.363099813461303711e-02 1.232825219631195068e-01 3.152573406696319580e-01 9.343603849411010742e-01 3.418439328670501709e-01 7.803414463996887207e-01 5.841785669326782227e-01 1.219731643795967102e-01 5.783644318580627441e-01 5.872530341148376465e-01
6.945325136184692383e-01 2.884384989738464355e-01 8.377732634544372559e-01 6.146925091743469238e-01 7.425462603569030762e-01 8.704830408096313477e-01 3.987466543912887573e-02 6.579280495643615723e-01 2.938002347946166992e-01 8.063897490501403809e-01 5.440948605537414551e-01 7.799537181854248047e-01 5.997214913368225098e-01 3.216860592365264893e-01
9.314125180244445801e-01 2.637443244457244873e-01 5.814767479896545410e-01 2.277624979615211487e-02 8.870834708213806152e-01 3.887223303318023682e-01 6.581820249557495117e-01 8.428220748901367188e-01 3.602704107761383057e-01 5.807279348373413086e-01 2.709104120731353760e-01 8.313430547714233398e-01 5.270613431930541992e-01 3.132829964160919189e-01
9.970824718475341797e-01 3.792193233966827393e-01 8.835369944572448730e-01 6.201500073075294495e-02 9.941319823265075684e-01 6.856448650360107422e-01 4.570056796073913574e-01 8.439993262290954590e-01 3.667354285717010498e-01 6.815018653869628906e-01 4.447275698184967041e-01 9.044154286384582520e-01 5.282307863235473633e-01 2.410761415958404541e-01
8.996000289916992188e-01 6.043524742126464844e-01 7.848539948463439941e-01 4.169670045375823975e-01 3.107174932956695557e-01 1.276740431785583496e-01 4.606069922447204590e-01 9.180796742439270020e-01 6.175058484077453613e-01 5.909603834152221680e-01 5.721672177314758301e-01 2.768862545490264893e-01 3.592099845409393311e-01 4.088333249092102051e-01
4.578525125980377197e-01 5.847293138504028320e-01 7.017765045166015625e-01 7.578824758529663086e-01 3.888577520847320557e-01 2.122800052165985107e-01 5.813996791839599609e-01 4.726100862026214600e-01 4.872476756572723389e-01 5.964802503585815430e-01 5.409539341926574707e-01 4.346690177917480469e-01 4.291096627712249756e-01 4.616472125053405762e-01
9.764050245285034180e-01 7.269231677055358887e-01 2.711445093154907227e-01 3.747839927673339844e-01 6.142227649688720703e-01 8.628149628639221191e-01 3.085440099239349365e-01 8.983104228973388672e-01 6.500654220581054688e-01 1.769339591264724731e-01 4.328225851058959961e-01 5.961638092994689941e-01 3.717724084854125977e-01 5.388054847717285156e-01
8.382124900817871094e-01 2.278251647949218750e-01 3.118360042572021484e-01 9.864724874496459961e-01 7.571529746055603027e-01 6.595295071601867676e-01 2.587586641311645508e-01 8.131669759750366211e-01 4.215475916862487793e-01 6.274099349975585938e-01 7.385818958282470703e-01 8.077335953712463379e-01 4.650391042232513428e-01 4.028035700321197510e-01
2.817200124263763428e-01 2.428318262100219727e-01 6.349735260009765625e-01 5.497174859046936035e-01 5.123487710952758789e-01 2.889033406972885132e-02 4.576143324375152588e-01 3.144094347953796387e-01 3.185298144817352295e-01 5.963600277900695801e-01 4.521760344505310059e-01 5.473333597183227539e-01 5.061031579971313477e-01 5.777853131294250488e-01
1.092374995350837708e-01 1.833164989948272705e-01 7.579747438430786133e-01 8.804849982261657715e-01 9.208365082740783691e-01 6.374710202217102051e-01 3.775483369827270508e-01 6.623325496912002563e-02 2.451774179935455322e-01 8.193187117576599121e-01 7.783969044685363770e-01 9.266976714134216309e-01 5.833628773689270020e-01 4.944981932640075684e-01
6.806275248527526855e-01 6.559263467788696289e-01 7.233687639236450195e-01 5.689550042152404785e-01 3.091317415237426758e-01 4.911198019981384277e-01 1.333433296531438828e-02 7.878965735435485840e-01 5.336450934410095215e-01 6.006640791893005371e-01 4.250367283821105957e-01 3.396046459674835205e-01 4.464222490787506104e-01 4.132104218006134033e-01
8.591175079345703125e-01 5.583998560905456543e-01 7.405387759208679199e-01 9.984325170516967773e-01 9.162707328796386719e-01 5.616476535797119141e-01 1.942483335733413696e-01 8.704191446304321289e-01 4.640417993068695068e-01 6.533609032630920410e-01 9.349093437194824219e-01 9.336274266242980957e-01 3.984140455722808838e-01 3.857177495956420898e-01
5.287899971008300781e-01 6.729981899261474609e-01 9.072967767715454102e-01 8.702225089073181152e-01 9.707217216491699219e-01 4.525095969438552856e-02 5.235880017280578613e-01 5.927153825759887695e-01 5.470489263534545898e-01 6.240834593772888184e-01 8.734894990921020508e-01 9.271979331970214844e-01 3.576537370681762695e-01 3.973444104194641113e-01
1.412000041455030441e-02 5.109578371047973633e-01 8.534232378005981445e-01 2.960324883460998535e-01 4.027594923973083496e-01 3.013576865196228027e-01 5.926493406295776367e-01 2.902704291045665741e-02 5.474780797958374023e-01 8.064643740653991699e-01 4.079614877700805664e-01 3.237366974353790283e-01 4.728779494762420654e-01 4.111126959323883057e-01
5.246300101280212402e-01 7.891093492507934570e-01 6.284675002098083496e-01 3.088797628879547119e-01 1.713967472314834595e-01 8.540242314338684082e-01 3.292213380336761475e-01 5.405619144439697266e-01 5.571223497390747070e-01 4.799679517745971680e-01 2.644062340259552002e-01 1.955856382846832275e-01 5.258281230926513672e-01 3.704817593097686768e-01
1.693174988031387329e-01 7.909858226776123047e-01 2.466634958982467651e-01 1.619444936513900757e-01 5.461649894714355469e-01 6.064682602882385254e-01 4.500993192195892334e-01 1.643159538507461548e-01 6.001434326171875000e-01 1.650810390710830688e-01 2.337328642606735229e-01 6.786587238311767578e-01 5.906848311424255371e-01 5.739488005638122559e-01
7.612250000238418579e-02 6.363673210144042969e-01 3.854382634162902832e-01 1.954012513160705566e-01 8.093104958534240723e-01 5.679041147232055664e-01 5.694033205509185791e-02 5.140715092420578003e-02 6.326618194580078125e-01 5.380428433418273926e-01 3.882710337638854980e-01 8.687766790390014648e-01 5.249233245849609375e-01 3.145097196102142334e-01
8.964675068855285645e-01 3.624795079231262207e-01 2.787545025348663330e-01 7.069125175476074219e-01 8.014817237854003906e-01 9.630825519561767578e-01 4.612233340740203857e-01 7.622311711311340332e-01 4.865329861640930176e-01 5.149800777435302734e-01 4.840659797191619873e-01 7.447696328163146973e-01 4.142327606678009033e-01 3.899580836296081543e-01
8.352324962615966797e-01 5.909068584442138672e-01 7.283250093460083008e-01 4.879472553730010986e-01 6.768722534179687500e-01 8.085382580757141113e-01 3.966679871082305908e-01 7.794303894042968750e-01 3.324539363384246826e-01 6.656657457351684570e-01 4.503963291645050049e-01 6.807258725166320801e-01 5.412217974662780762e-01 4.286367893218994141e-01
7.007849812507629395e-01 4.251696765422821045e-01 4.579209983348846436e-01 3.648525103926658630e-02 6.657435297966003418e-01 2.796197831630706787e-01 4.927276670932769775e-01 6.407983303070068359e-01 4.469681978225708008e-01 3.982361257076263428e-01 2.523789703845977783e-01 6.866025328636169434e-01 4.794618487358093262e-01 4.385591149330139160e-01
1.374125033617019653e-01 5.233963131904602051e-01 5.068612694740295410e-01 4.987154901027679443e-01 1.879700087010860443e-02 5.285377502441406250e-01 6.129043102264404297e-01 1.074015349149703979e-01 5.387479066848754883e-01 6.070697903633117676e-01 5.077159404754638672e-01 9.133400768041610718e-02 5.439474582672119141e-01 4.886141717433929443e-01
3.294275104999542236e-01 7.733401656150817871e-01 1.493985056877136230e-01 5.219424962997436523e-01 7.071182727813720703e-01 9.238082766532897949e-01 8.520923256874084473e-01 2.443533092737197876e-01 6.558870673179626465e-01 9.745921194553375244e-02 3.632732927799224854e-01 7.452986836433410645e-01 5.048999786376953125e-01 6.444576978683471680e-01
9.378799796104431152e-01 2.468235045671463013e-01 8.417827486991882324e-01 2.632252573966979980e-01 5.194742679595947266e-01 5.607881546020507812e-01 8.390653729438781738e-01 8.679305911064147949e-01 3.414720296859741211e-01 7.348390817642211914e-01 5.532186031341552734e-01 4.350656270980834961e-01 5.362839102745056152e-01 4.952686131000518799e-01
2.270675003528594971e-01 4.621528387069702148e-01 6.680135130882263184e-01 1.053114980459213257e-01 7.079409956932067871e-01 3.282281756401062012e-02 6.169936656951904297e-01 1.923322677612304688e-01 3.842780292034149170e-01 5.186153650283813477e-01 2.274348288774490356e-01 7.630925774574279785e-01 5.490206480026245117e-01 4.732163548469543457e-01
8.718374967575073242e-01 3.035014867782592773e-01 2.463639974594116211e-01 8.503274917602539062e-01 9.827795028686523438e-01 6.430036425590515137e-01 9.072946906089782715e-01 6.711167693138122559e-01 5.275601148605346680e-01 5.399630665779113770e-01 7.936509251594543457e-01 7.936522364616394043e-01 3.801536560058593750e-01 4.669083356857299805e-01
2.096750028431415558e-02 3.860625028610229492e-01 2.796250022947788239e-02 2.733870148658752441e-01 9.157245159149169922e-01 5.558437108993530273e-01 5.390610098838806152e-01 4.072193428874015808e-02 6.652185320854187012e-01 4.265365898609161377e-01 3.784850537776947021e-01 8.640893697738647461e-01 7.403127551078796387e-01 2.759184837341308594e-01
4.449824988842010498e-01 1.730004996061325073e-01 1.919837445020675659e-01 8.914049863815307617e-01 4.474482536315917969e-01 1.133459582924842834e-01 3.014020025730133057e-01 4.415345788002014160e-01 4.338407814502716064e-01 6.055205464363098145e-01 5.943765640258789062e-01 4.668747782707214355e-01 4.384805262088775635e-01 5.037641525268554688e-01
2.356700003147125244e-01 5.783045291900634766e-01 5.420337319374084473e-01 6.593250036239624023e-01 6.885660290718078613e-01 7.283633351325988770e-01 1.879143267869949341e-01 2.651769220829010010e-01 5.346143841743469238e-01 5.378192067146301270e-01 4.673628509044647217e-01 7.154834270477294922e-01 4.461947679519653320e-01 4.214888215065002441e-01
2.698175013065338135e-01 6.942576766014099121e-01 1.674434989690780640e-01 8.185899853706359863e-01 2.747847437858581543e-01 5.642480850219726562e-01 1.363613307476043701e-01 2.844419479370117188e-01 5.874847769737243652e-01 1.601107418537139893e-01 7.058764100074768066e-01 3.599407672882080078e-01 4.996798336505889893e-01 6.797397136688232422e-01
9.728350043296813965e-01 1.728146672248840332e-01 3.561397492885589600e-01 8.527474999427795410e-01 2.137182503938674927e-01 9.482091665267944336e-01 8.089429736137390137e-01 8.606020212173461914e-01 3.142493069171905518e-01 7.322804331779479980e-01 8.236057162284851074e-01 1.809403598308563232e-01 5.342801213264465332e-01 6.884016394615173340e-01
4.961249977350234985e-02 5.777558088302612305e-01 5.829795002937316895e-01 3.493617475032806396e-01 9.518602490425109863e-01 8.638531565666198730e-01 6.957533210515975952e-02 4.398079216480255127e-02 5.900439620018005371e-01 6.399613022804260254e-01 3.820458948612213135e-01 9.524559378623962402e-01 6.477331519126892090e-01 1.866469234228134155e-01
3.882024884223937988e-01 2.249021679162979126e-01 6.726797223091125488e-01 9.212700128555297852e-01 6.600842475891113281e-01 5.994726419448852539e-01 2.185086607933044434e-01 3.299577534198760986e-01 2.495383471250534058e-01 7.122831344604492188e-01 7.585035562515258789e-01 7.159255743026733398e-01 5.380252003669738770e-01 5.703815817832946777e-01
6.166499853134155273e-02 5.544776916503906250e-01 9.701694846153259277e-01 7.445949912071228027e-01 3.224112391471862793e-01 3.286957442760467529e-01 1.269143372774124146e-01 3.995307162404060364e-02 4.709520339965820312e-01 8.325738906860351562e-01 7.871527075767517090e-01 3.730193972587585449e-01 3.797047436237335205e-01 5.002102851867675781e-01
4.364775121212005615e-01 5.137766599655151367e-01 9.151265025138854980e-01 7.698475122451782227e-01 8.470377326011657715e-01 1.177074760198593140e-01 1.468826681375503540e-01 4.501639902591705322e-01 3.867516517639160156e-01 7.027940154075622559e-01 7.658491134643554688e-01 8.853121399879455566e-01 4.721165299415588379e-01 3.821692168712615967e-01
6.157274842262268066e-01 6.278780102729797363e-01 7.956697344779968262e-01 5.310574769973754883e-01 6.794289946556091309e-01 5.777800083160400391e-01 7.445900142192840576e-02 5.588814616203308105e-01 4.922109842300415039e-01 5.680211186408996582e-01 5.008609294891357422e-01 6.842547059059143066e-01 4.216888248920440674e-01 4.018608927726745605e-01
4.601399898529052734e-01 4.738574922084808350e-01 6.792887449264526367e-01 2.801632583141326904e-01 7.813665270805358887e-01 9.392333030700683594e-02 8.295833319425582886e-02 5.472346544265747070e-01 5.349354147911071777e-01 4.315826594829559326e-01 3.928796648979187012e-01 7.961205840110778809e-01 4.217090606689453125e-01 4.216768443584442139e-01
1.074424982070922852e-01 3.771494925022125244e-01 7.191944718360900879e-01 7.471150159835815430e-01 2.170749939978122711e-02 7.507810741662979126e-02 2.692546546459197998e-01 1.646314859390258789e-01 4.440203905105590820e-01 7.488538622856140137e-01 6.109185218811035156e-01 1.259386241436004639e-01 4.665012657642364502e-01 4.986462295055389404e-01
7.833675146102905273e-01 4.851410090923309326e-01 4.625167548656463623e-01 8.910225033760070801e-01 2.814037501811981201e-01 9.563513994216918945e-01 9.677899628877639771e-02 7.936605811119079590e-01 4.962365627288818359e-01 5.941830277442932129e-01 6.291698217391967773e-01 3.295817971229553223e-01 4.411559104919433594e-01 5.131588578224182129e-01
6.573550105094909668e-01 3.867893218994140625e-01 5.973952412605285645e-01 1.390857547521591187e-01 2.904852628707885742e-01 8.112040162086486816e-01 6.816638708114624023e-01 6.203218102455139160e-01 3.626974225044250488e-01 5.700174570083618164e-01 1.755841076374053955e-01 2.553378343582153320e-01 6.568309068679809570e-01 4.976580739021301270e-01
8.795400261878967285e-01 4.430179893970489502e-01 6.310387253761291504e-01 2.864712476730346680e-01 5.999267697334289551e-01 2.638386785984039307e-01 4.022533446550369263e-02 8.426690697669982910e-01 4.345773458480834961e-01 5.876837372779846191e-01 3.579641580581665039e-01 6.024833917617797852e-01 4.650508761405944824e-01 3.950386345386505127e-01
4.256824851036071777e-01 2.939333319664001465e-01 1.245462521910667419e-01 2.713499963283538818e-01 7.041749954223632812e-01 4.688818156719207764e-01 8.423999883234500885e-03 5.032271146774291992e-01 4.075502157211303711e-01 2.868779301643371582e-01 1.841001510620117188e-01 7.976843118667602539e-01 5.237448215484619141e-01 4.979473352432250977e-01
1.679424941539764404e-01 8.274276852607727051e-01 5.432714819908142090e-01 1.820649951696395874e-02 8.153262734413146973e-01 2.306262552738189697e-01 7.360599935054779053e-02 2.209893763065338135e-01 5.472092032432556152e-01 3.792824447154998779e-01 1.965236663818359375e-01 9.195635318756103516e-01 5.545963644981384277e-01 3.159425258636474609e-01
1.999824941158294678e-01 4.529278278350830078e-01 1.536564975976943970e-01 5.150550007820129395e-01 2.908100001513957977e-02 4.583289027214050293e-01 5.162556767463684082e-01 2.767004966735839844e-01 5.218970775604248047e-01 2.333310544490814209e-01 5.411736369132995605e-01 6.509441137313842773e-02 6.357169151306152344e-01 6.187092065811157227e-01
6.951050162315368652e-01 5.479220151901245117e-01 3.075642585754394531e-01 9.796925187110900879e-01 4.516704976558685303e-01 1.952718198299407959e-01 1.101979985833168030e-01 7.718793749809265137e-01 5.436553359031677246e-01 4.987240433692932129e-01 7.184776663780212402e-01 5.520368814468383789e-01 3.722209036350250244e-01 4.907698929309844971e-01
1.083974987268447876e-01 7.824605107307434082e-01 1.283230036497116089e-01 8.469774723052978516e-01 7.821302413940429688e-01 9.846647381782531738e-01 3.239319920539855957e-01 2.671817690134048462e-02 7.339652180671691895e-01 4.333410859107971191e-01 4.699475467205047607e-01 8.839709758758544922e-01 7.383233308792114258e-01 2.447438091039657593e-01
6.151000037789344788e-02 6.728168129920959473e-01 5.089524984359741211e-01 8.778125047683715820e-01 7.372587323188781738e-01 8.913036584854125977e-01 1.647300086915493011e-02 6.954064965248107910e-02 6.801978349685668945e-01 4.459612071514129639e-01 4.123830497264862061e-01 8.970344662666320801e-01 4.787317216396331787e-01 3.487940728664398193e-01
4.891099929809570312e-01 5.454931855201721191e-01 4.661380052566528320e-01 7.929674983024597168e-01 1.037275046110153198e-02 6.028006076812744141e-01 3.721086680889129639e-01 5.347465276718139648e-01 5.382577180862426758e-01 4.757072329521179199e-01 6.182946562767028809e-01 1.111474931240081787e-01 4.511551856994628906e-01 5.269927382469177246e-01
8.076450228691101074e-01 2.748398184776306152e-01 8.101195096969604492e-01 1.942099928855895996e-01 5.029797554016113281e-01 6.637082099914550781e-01 6.374236941337585449e-01 7.718949317932128906e-01 3.862219452857971191e-01 6.519022583961486816e-01 4.066542983055114746e-01 4.778863191604614258e-01 5.170918107032775879e-01 4.660217761993408203e-01
7.200924754142761230e-01 6.290853619575500488e-01 2.440380007028579712e-01 8.746700286865234375e-01 2.886202633380889893e-01 2.409722208976745605e-01 7.121522426605224609e-01 8.593509793281555176e-01 6.819064617156982422e-01 2.778662741184234619e-01 8.669490814208984375e-01 3.072618842124938965e-01 2.869085967540740967e-01 5.998403429985046387e-01
9.990050196647644043e-01 5.127146840095520020e-01 9.860417246818542480e-01 5.404725074768066406e-01 3.357677459716796875e-01 5.072447657585144043e-01 9.573369026184082031e-01 9.292919635772705078e-01 3.633782267570495605e-01 7.125375270843505859e-01 8.361244797706604004e-01 2.242442518472671509e-01 4.963023662567138672e-01 6.539273858070373535e-01
4.960150122642517090e-01 6.019331812858581543e-01 9.009832739830017090e-01 5.664924979209899902e-01 1.700827479362487793e-01 3.835171759128570557e-01 8.645050525665283203e-01 6.147047877311706543e-01 3.869419395923614502e-01 6.212872266769409180e-01 5.769891142845153809e-01 1.862372010946273804e-01 5.243833065032958984e-01 5.996596813201904297e-01
3.080675005912780762e-01 7.010611891746520996e-01 4.994640052318572998e-01 5.099800229072570801e-01 5.613575130701065063e-02 7.657982707023620605e-01 4.196510016918182373e-01 3.431102633476257324e-01 5.488730669021606445e-01 4.560944736003875732e-01 5.373132228851318359e-01 1.533139944076538086e-01 5.021249651908874512e-01 4.946308135986328125e-01
3.992750123143196106e-02 6.035388112068176270e-01 6.669340133666992188e-01 4.333457648754119873e-01 3.646380007266998291e-01 2.555052638053894043e-01 2.414180040359497070e-01 4.864738136529922485e-02 5.931566953659057617e-01 7.023544311523437500e-01 3.938978016376495361e-01 4.147644639015197754e-01 4.776136279106140137e-01 4.045668542385101318e-01
4.319350123405456543e-01 2.201023399829864502e-01 2.271544933319091797e-01 2.004617452621459961e-01 7.734645009040832520e-01 1.259227246046066284e-01 8.821533918380737305e-01 4.145868122577667236e-01 4.331020414829254150e-01 5.021906495094299316e-01 3.540975749492645264e-01 6.664573550224304199e-01 4.575436115264892578e-01 4.591195285320281982e-01
9.722474813461303711e-01 8.184563517570495605e-01 5.392625182867050171e-02 8.052600026130676270e-01 3.060939908027648926e-01 5.404233187437057495e-02 6.121023297309875488e-01 9.003692269325256348e-01 5.636822581291198730e-01 4.728387296199798584e-01 5.508215427398681641e-01 2.892205715179443359e-01 4.292061626911163330e-01 5.105966329574584961e-01
3.643549978733062744e-01 8.031976819038391113e-01 6.656810045242309570e-01 1.120777502655982971e-01 2.856124937534332275e-02 5.675760507583618164e-01 7.655128836631774902e-01 3.967425227165222168e-01 5.582208037376403809e-01 4.086027443408966064e-01 2.789015173912048340e-01 7.979127019643783569e-02 6.026211380958557129e-01 4.239036738872528076e-01
1.180450022220611572e-01 5.258161425590515137e-01 3.197174891829490662e-02 3.379600048065185547e-01 1.635382473468780518e-01 3.489731252193450928e-01 4.183226525783538818e-01 2.069441974163055420e-01 5.849878787994384766e-01 5.374298244714736938e-02 3.098968565464019775e-01 1.823176592588424683e-01 6.834446787834167480e-01 7.033175230026245117e-01
8.526775240898132324e-01 5.115010142326354980e-01 3.768150135874748230e-02 8.213700056076049805e-01 6.952049732208251953e-01 1.856072694063186646e-01 3.137840032577514648e-01 8.526703119277954102e-01 5.785606503486633301e-01 3.681441545486450195e-01 6.868950128555297852e-01 7.556720376014709473e-01 3.479232192039489746e-01 5.049979090690612793e-01
4.696499928832054138e-02 5.904046893119812012e-01 4.128272533416748047e-01 8.961125016212463379e-01 4.829832613468170166e-01 6.732547283172607422e-01 6.345176696777343750e-01 4.038773849606513977e-02 6.749840378761291504e-01 5.374679565429687500e-01 7.873472571372985840e-01 5.043115019798278809e-01 4.094993174076080322e-01 5.268497467041015625e-01
1.794025003910064697e-01 4.401108324527740479e-01 5.952695012092590332e-01 4.741952419281005859e-01 9.085032343864440918e-01 9.068393111228942871e-01 2.860616743564605713e-01 1.040794998407363892e-01 4.388543069362640381e-01 6.241737604141235352e-01 4.068404734134674072e-01 9.090223312377929688e-01 6.042466163635253906e-01 3.633451163768768311e-01
8.442950248718261719e-01 5.838288068771362305e-01 1.733697503805160522e-01 6.421350240707397461e-01 7.646177411079406738e-01 4.676388800144195557e-01 7.017969489097595215e-01 8.248546123504638672e-01 5.680823326110839844e-01 2.183581590652465820e-01 6.537251472473144531e-01 7.549932003021240234e-01 4.338048398494720459e-01 6.055357456207275391e-01
7.619249820709228516e-01 5.623946785926818848e-01 7.566737532615661621e-01 5.573624968528747559e-01 1.388995051383972168e-01 9.981855750083923340e-01 3.868726789951324463e-01 8.717935085296630859e-01 5.232619643211364746e-01 5.264265537261962891e-01 5.146617889404296875e-01 1.675447374582290649e-01 4.774178564548492432e-01 5.314537882804870605e-01
6.495425105094909668e-01 7.412800192832946777e-01 3.043000027537345886e-02 7.792050242424011230e-01 7.509437203407287598e-01 3.816798925399780273e-01 9.246689081192016602e-01 6.449048519134521484e-01 6.709226965904235840e-01 1.440845280885696411e-01 8.048495650291442871e-01 6.472288966178894043e-01 4.098461568355560303e-01 6.850432157516479492e-01
5.692874789237976074e-01 3.641664981842041016e-01 4.404575005173683167e-02 2.932477593421936035e-01 7.343674898147583008e-01 8.351206779479980469e-01 5.881213545799255371e-01 5.153748393058776855e-01 4.943796396255493164e-01 2.822662591934204102e-01 2.293269187211990356e-01 7.296271324157714844e-01 4.986056983470916748e-01 4.711008369922637939e-01
7.328374981880187988e-01 5.203235149383544922e-01 6.857187747955322266e-01 5.158724784851074219e-01 3.781472444534301758e-01 7.726946473121643066e-01 2.045466601848602295e-01 7.546751499176025391e-01 5.620756149291992188e-01 5.826315879821777344e-01 4.907020330429077148e-01 3.851592838764190674e-01 4.006800949573516846e-01 4.052071571350097656e-01
2.044575065374374390e-01 6.246816515922546387e-01 3.054497539997100830e-01 6.257774829864501953e-01 8.180882334709167480e-01 8.765958249568939209e-02 9.826537370681762695e-01 2.498857676982879639e-01 5.761908888816833496e-01 3.565443158149719238e-01 6.480901241302490234e-01 6.763153076171875000e-01 4.427375197410583496e-01 5.826448202133178711e-01
2.720350027084350586e-01 8.071784973144531250e-01 8.371084928512573242e-01 4.278457462787628174e-01 8.059327602386474609e-01 8.791138529777526855e-01 5.675200223922729492e-01 2.336796522140502930e-01 5.972902774810791016e-01 4.235942363739013672e-01 4.440295398235321045e-01 8.188633918762207031e-01 4.470979869365692139e-01 4.488503038883209229e-01
6.716700196266174316e-01 3.031946718692779541e-01 4.493922591209411621e-01 1.494902521371841431e-01 5.518347620964050293e-01 5.307163596153259277e-01 3.457366675138473511e-02 6.921482086181640625e-01 4.677205383777618408e-01 5.302433371543884277e-01 1.951319426298141479e-01 5.631639957427978516e-01 4.797241985797882080e-01 3.347712159156799316e-01
7.468674778938293457e-01 4.677500128746032715e-01 3.403122425079345703e-01 9.844074845314025879e-01 6.249527335166931152e-01 3.694692850112915039e-01 7.887266874313354492e-01 7.618906497955322266e-01 5.165296792984008789e-01 4.964572191238403320e-01 8.500704169273376465e-01 6.449903845787048340e-01 3.799728453159332275e-01 5.526150465011596680e-01
1.979175060987472534e-01 6.752796769142150879e-01 4.547674953937530518e-02 7.874624729156494141e-01 5.690722465515136719e-01 2.273631244897842407e-01 9.522694349288940430e-01 2.208446264266967773e-01 7.125234603881835938e-01 6.236013770103454590e-02 9.231705665588378906e-01 4.433767795562744141e-01 4.422542452812194824e-01 8.086466789245605469e-01
8.975899815559387207e-01 4.697036743164062500e-01 7.336025238037109375e-01 3.491324931383132935e-02 2.700837552547454834e-01 5.310596227645874023e-01 7.722600698471069336e-01 8.125484585762023926e-01 4.840641915798187256e-01 5.818216204643249512e-01 4.324219226837158203e-01 2.194558531045913696e-01 5.053850412368774414e-01 4.973002076148986816e-01
