3.175000000000000044e-01 4.900000000000000189e-02 6.711000000000000298e-01 9.624000000000000332e-01 8.339999999999999636e-01 8.190000000000000568e+01
3.175000000000000044e-01 4.900000000000000189e-02 6.711000000000000298e-01 9.624000000000000332e-01 8.339999999999999636e-01 -1.406999999999999886e+02
3.175000000000000044e-01 4.900000000000000189e-02 6.711000000000000298e-01 9.624000000000000332e-01 8.339999999999999636e-01 2.961000000000000227e+02
3.175000000000000044e-01 4.900000000000000189e-02 6.711000000000000298e-01 9.624000000000000332e-01 8.339999999999999636e-01 1.965000000000000000e+02
3.175000000000000044e-01 4.900000000000000189e-02 6.711000000000000298e-01 9.624000000000000332e-01 8.339999999999999636e-01 2.079000000000000057e+02
3.175000000000000044e-01 4.900000000000000189e-02 6.711000000000000298e-01 9.624000000000000332e-01 8.339999999999999636e-01 1.485000000000000000e+02
3.175000000000000044e-01 4.900000000000000189e-02 6.711000000000000298e-01 9.624000000000000332e-01 8.339999999999999636e-01 -2.733000000000000114e+02
3.175000000000000044e-01 4.900000000000000189e-02 6.711000000000000298e-01 9.624000000000000332e-01 8.339999999999999636e-01 2.445000000000000000e+02
3.175000000000000044e-01 4.900000000000000189e-02 6.711000000000000298e-01 9.624000000000000332e-01 8.339999999999999636e-01 -1.830000000000000071e+01
3.175000000000000044e-01 4.900000000000000189e-02 6.711000000000000298e-01 9.624000000000000332e-01 8.339999999999999636e-01 3.870000000000000284e+01
3.175000000000000044e-01 4.900000000000000189e-02 6.711000000000000298e-01 9.624000000000000332e-01 8.339999999999999636e-01 8.099999999999999645e+00
3.175000000000000044e-01 4.900000000000000189e-02 6.711000000000000298e-01 9.624000000000000332e-01 8.339999999999999636e-01 -2.396999999999999886e+02
3.175000000000000044e-01 4.900000000000000189e-02 6.711000000000000298e-01 9.624000000000000332e-01 8.339999999999999636e-01 1.179000000000000057e+02
3.175000000000000044e-01 4.900000000000000189e-02 6.711000000000000298e-01 9.624000000000000332e-01 8.339999999999999636e-01 2.576999999999999886e+02
3.175000000000000044e-01 4.900000000000000189e-02 6.711000000000000298e-01 9.624000000000000332e-01 8.339999999999999636e-01 -4.650000000000000000e+01
3.175000000000000044e-01 4.900000000000000189e-02 6.711000000000000298e-01 9.624000000000000332e-01 8.339999999999999636e-01 9.690000000000000568e+01
3.175000000000000044e-01 4.900000000000000189e-02 6.711000000000000298e-01 9.624000000000000332e-01 8.339999999999999636e-01 2.606999999999999886e+02
3.175000000000000044e-01 4.900000000000000189e-02 6.711000000000000298e-01 9.624000000000000332e-01 8.339999999999999636e-01 1.623000000000000114e+02
3.175000000000000044e-01 4.900000000000000189e-02 6.711000000000000298e-01 9.624000000000000332e-01 8.339999999999999636e-01 2.613000000000000114e+02
3.175000000000000044e-01 4.900000000000000189e-02 6.711000000000000298e-01 9.624000000000000332e-01 8.339999999999999636e-01 -9.750000000000000000e+01
3.175000000000000044e-01 4.900000000000000189e-02 6.711000000000000298e-01 9.624000000000000332e-01 8.339999999999999636e-01 -2.648999999999999773e+02
3.175000000000000044e-01 4.900000000000000189e-02 6.711000000000000298e-01 9.624000000000000332e-01 8.339999999999999636e-01 -1.539000000000000057e+02
3.175000000000000044e-01 4.900000000000000189e-02 6.711000000000000298e-01 9.624000000000000332e-01 8.339999999999999636e-01 2.475000000000000000e+02
3.175000000000000044e-01 4.900000000000000189e-02 6.711000000000000298e-01 9.624000000000000332e-01 8.339999999999999636e-01 7.829999999999999716e+01
3.175000000000000044e-01 4.900000000000000189e-02 6.711000000000000298e-01 9.624000000000000332e-01 8.339999999999999636e-01 1.070999999999999943e+02
3.175000000000000044e-01 4.900000000000000189e-02 6.711000000000000298e-01 9.624000000000000332e-01 8.339999999999999636e-01 1.796999999999999886e+02
3.175000000000000044e-01 4.900000000000000189e-02 6.711000000000000298e-01 9.624000000000000332e-01 8.339999999999999636e-01 2.373000000000000114e+02
3.175000000000000044e-01 4.900000000000000189e-02 6.711000000000000298e-01 9.624000000000000332e-01 8.339999999999999636e-01 -7.829999999999999716e+01
3.175000000000000044e-01 4.900000000000000189e-02 6.711000000000000298e-01 9.624000000000000332e-01 8.339999999999999636e-01 -1.227000000000000028e+02
3.175000000000000044e-01 4.900000000000000189e-02 6.711000000000000298e-01 9.624000000000000332e-01 8.339999999999999636e-01 2.480999999999999943e+02
3.175000000000000044e-01 4.900000000000000189e-02 6.711000000000000298e-01 9.624000000000000332e-01 8.339999999999999636e-01 1.269000000000000057e+02
3.175000000000000044e-01 4.900000000000000189e-02 6.711000000000000298e-01 9.624000000000000332e-01 8.339999999999999636e-01 -8.129999999999999716e+01
3.175000000000000044e-01 4.900000000000000189e-02 6.711000000000000298e-01 9.624000000000000332e-01 8.339999999999999636e-01 1.875000000000000000e+02
3.175000000000000044e-01 4.900000000000000189e-02 6.711000000000000298e-01 9.624000000000000332e-01 8.339999999999999636e-01 -8.490000000000000568e+01
3.175000000000000044e-01 4.900000000000000189e-02 6.711000000000000298e-01 9.624000000000000332e-01 8.339999999999999636e-01 -2.738999999999999773e+02
3.175000000000000044e-01 4.900000000000000189e-02 6.711000000000000298e-01 9.624000000000000332e-01 8.339999999999999636e-01 7.229999999999999716e+01
3.175000000000000044e-01 4.900000000000000189e-02 6.711000000000000298e-01 9.624000000000000332e-01 8.339999999999999636e-01 -1.845000000000000000e+02
3.175000000000000044e-01 4.900000000000000189e-02 6.711000000000000298e-01 9.624000000000000332e-01 8.339999999999999636e-01 -9.150000000000000000e+01
3.175000000000000044e-01 4.900000000000000189e-02 6.711000000000000298e-01 9.624000000000000332e-01 8.339999999999999636e-01 2.060999999999999943e+02
3.175000000000000044e-01 4.900000000000000189e-02 6.711000000000000298e-01 9.624000000000000332e-01 8.339999999999999636e-01 -1.725000000000000000e+02
3.175000000000000044e-01 4.900000000000000189e-02 6.711000000000000298e-01 9.624000000000000332e-01 8.339999999999999636e-01 -1.449000000000000057e+02
3.175000000000000044e-01 4.900000000000000189e-02 6.711000000000000298e-01 9.624000000000000332e-01 8.339999999999999636e-01 2.486999999999999886e+02
3.175000000000000044e-01 4.900000000000000189e-02 6.711000000000000298e-01 9.624000000000000332e-01 8.339999999999999636e-01 -6.150000000000000000e+01
3.175000000000000044e-01 4.900000000000000189e-02 6.711000000000000298e-01 9.624000000000000332e-01 8.339999999999999636e-01 2.415000000000000000e+02
3.175000000000000044e-01 4.900000000000000189e-02 6.711000000000000298e-01 9.624000000000000332e-01 8.339999999999999636e-01 -2.420999999999999943e+02
3.175000000000000044e-01 4.900000000000000189e-02 6.711000000000000298e-01 9.624000000000000332e-01 8.339999999999999636e-01 2.276999999999999886e+02
3.175000000000000044e-01 4.900000000000000189e-02 6.711000000000000298e-01 9.624000000000000332e-01 8.339999999999999636e-01 -2.678999999999999773e+02
3.175000000000000044e-01 4.900000000000000189e-02 6.711000000000000298e-01 9.624000000000000332e-01 8.339999999999999636e-01 2.205000000000000000e+02
3.175000000000000044e-01 4.900000000000000189e-02 6.711000000000000298e-01 9.624000000000000332e-01 8.339999999999999636e-01 1.833000000000000114e+02
3.175000000000000044e-01 4.900000000000000189e-02 6.711000000000000298e-01 9.624000000000000332e-01 8.339999999999999636e-01 1.280999999999999943e+02
3.175000000000000044e-01 4.900000000000000189e-02 6.711000000000000298e-01 9.624000000000000332e-01 8.339999999999999636e-01 2.666999999999999886e+02
3.175000000000000044e-01 4.900000000000000189e-02 6.711000000000000298e-01 9.624000000000000332e-01 8.339999999999999636e-01 8.370000000000000284e+01
3.175000000000000044e-01 4.900000000000000189e-02 6.711000000000000298e-01 9.624000000000000332e-01 8.339999999999999636e-01 1.575000000000000000e+02
3.175000000000000044e-01 4.900000000000000189e-02 6.711000000000000298e-01 9.624000000000000332e-01 8.339999999999999636e-01 2.948999999999999773e+02
3.175000000000000044e-01 4.900000000000000189e-02 6.711000000000000298e-01 9.624000000000000332e-01 8.339999999999999636e-01 -2.601000000000000227e+02
3.175000000000000044e-01 4.900000000000000189e-02 6.711000000000000298e-01 9.624000000000000332e-01 8.339999999999999636e-01 -2.918999999999999773e+02
3.175000000000000044e-01 4.900000000000000189e-02 6.711000000000000298e-01 9.624000000000000332e-01 8.339999999999999636e-01 1.376999999999999886e+02
3.175000000000000044e-01 4.900000000000000189e-02 6.711000000000000298e-01 9.624000000000000332e-01 8.339999999999999636e-01 2.139000000000000057e+02
3.175000000000000044e-01 4.900000000000000189e-02 6.711000000000000298e-01 9.624000000000000332e-01 8.339999999999999636e-01 -1.575000000000000000e+02
3.175000000000000044e-01 4.900000000000000189e-02 6.711000000000000298e-01 9.624000000000000332e-01 8.339999999999999636e-01 1.635000000000000000e+02
3.175000000000000044e-01 4.900000000000000189e-02 6.711000000000000298e-01 9.624000000000000332e-01 8.339999999999999636e-01 1.040999999999999943e+02
3.175000000000000044e-01 4.900000000000000189e-02 6.711000000000000298e-01 9.624000000000000332e-01 8.339999999999999636e-01 7.290000000000000568e+01
3.175000000000000044e-01 4.900000000000000189e-02 6.711000000000000298e-01 9.624000000000000332e-01 8.339999999999999636e-01 9.450000000000000000e+01
3.175000000000000044e-01 4.900000000000000189e-02 6.711000000000000298e-01 9.624000000000000332e-01 8.339999999999999636e-01 8.729999999999999716e+01
3.175000000000000044e-01 4.900000000000000189e-02 6.711000000000000298e-01 9.624000000000000332e-01 8.339999999999999636e-01 2.300999999999999943e+02
3.175000000000000044e-01 4.900000000000000189e-02 6.711000000000000298e-01 9.624000000000000332e-01 8.339999999999999636e-01 2.828999999999999773e+02
3.175000000000000044e-01 4.900000000000000189e-02 6.711000000000000298e-01 9.624000000000000332e-01 8.339999999999999636e-01 2.871000000000000227e+02
3.175000000000000044e-01 4.900000000000000189e-02 6.711000000000000298e-01 9.624000000000000332e-01 8.339999999999999636e-01 -1.149000000000000057e+02
3.175000000000000044e-01 4.900000000000000189e-02 6.711000000000000298e-01 9.624000000000000332e-01 8.339999999999999636e-01 -2.666999999999999886e+02
3.175000000000000044e-01 4.900000000000000189e-02 6.711000000000000298e-01 9.624000000000000332e-01 8.339999999999999636e-01 7.050000000000000000e+01
3.175000000000000044e-01 4.900000000000000189e-02 6.711000000000000298e-01 9.624000000000000332e-01 8.339999999999999636e-01 6.329999999999999716e+01
3.175000000000000044e-01 4.900000000000000189e-02 6.711000000000000298e-01 9.624000000000000332e-01 8.339999999999999636e-01 -1.239000000000000057e+02
3.175000000000000044e-01 4.900000000000000189e-02 6.711000000000000298e-01 9.624000000000000332e-01 8.339999999999999636e-01 3.629999999999999716e+01
3.175000000000000044e-01 4.900000000000000189e-02 6.711000000000000298e-01 9.624000000000000332e-01 8.339999999999999636e-01 2.669999999999999929e+01
3.175000000000000044e-01 4.900000000000000189e-02 6.711000000000000298e-01 9.624000000000000332e-01 8.339999999999999636e-01 -2.955000000000000000e+02
3.175000000000000044e-01 4.900000000000000189e-02 6.711000000000000298e-01 9.624000000000000332e-01 8.339999999999999636e-01 -1.262999999999999972e+02
3.175000000000000044e-01 4.900000000000000189e-02 6.711000000000000298e-01 9.624000000000000332e-01 8.339999999999999636e-01 -2.576999999999999886e+02
3.175000000000000044e-01 4.900000000000000189e-02 6.711000000000000298e-01 9.624000000000000332e-01 8.339999999999999636e-01 -1.935000000000000000e+02
3.175000000000000044e-01 4.900000000000000189e-02 6.711000000000000298e-01 9.624000000000000332e-01 8.339999999999999636e-01 1.695000000000000000e+02
3.175000000000000044e-01 4.900000000000000189e-02 6.711000000000000298e-01 9.624000000000000332e-01 8.339999999999999636e-01 1.839000000000000057e+02
3.175000000000000044e-01 4.900000000000000189e-02 6.711000000000000298e-01 9.624000000000000332e-01 8.339999999999999636e-01 2.186999999999999886e+02
3.175000000000000044e-01 4.900000000000000189e-02 6.711000000000000298e-01 9.624000000000000332e-01 8.339999999999999636e-01 8.970000000000000284e+01
3.175000000000000044e-01 4.900000000000000189e-02 6.711000000000000298e-01 9.624000000000000332e-01 8.339999999999999636e-01 1.257000000000000028e+02
3.175000000000000044e-01 4.900000000000000189e-02 6.711000000000000298e-01 9.624000000000000332e-01 8.339999999999999636e-01 5.729999999999999716e+01
3.175000000000000044e-01 4.900000000000000189e-02 6.711000000000000298e-01 9.624000000000000332e-01 8.339999999999999636e-01 2.751000000000000227e+02
3.175000000000000044e-01 4.900000000000000189e-02 6.711000000000000298e-01 9.624000000000000332e-01 8.339999999999999636e-01 -3.329999999999999716e+01
3.175000000000000044e-01 4.900000000000000189e-02 6.711000000000000298e-01 9.624000000000000332e-01 8.339999999999999636e-01 1.035000000000000000e+02
3.175000000000000044e-01 4.900000000000000189e-02 6.711000000000000298e-01 9.624000000000000332e-01 8.339999999999999636e-01 1.929000000000000057e+02
3.175000000000000044e-01 4.900000000000000189e-02 6.711000000000000298e-01 9.624000000000000332e-01 8.339999999999999636e-01 -1.005000000000000000e+02
3.175000000000000044e-01 4.900000000000000189e-02 6.711000000000000298e-01 9.624000000000000332e-01 8.339999999999999636e-01 2.685000000000000000e+02
3.175000000000000044e-01 4.900000000000000189e-02 6.711000000000000298e-01 9.624000000000000332e-01 8.339999999999999636e-01 2.439000000000000057e+02
3.175000000000000044e-01 4.900000000000000189e-02 6.711000000000000298e-01 9.624000000000000332e-01 8.339999999999999636e-01 -2.210999999999999943e+02
3.175000000000000044e-01 4.900000000000000189e-02 6.711000000000000298e-01 9.624000000000000332e-01 8.339999999999999636e-01 2.913000000000000114e+02
3.175000000000000044e-01 4.900000000000000189e-02 6.711000000000000298e-01 9.624000000000000332e-01 8.339999999999999636e-01 -2.343000000000000114e+02
3.175000000000000044e-01 4.900000000000000189e-02 6.711000000000000298e-01 9.624000000000000332e-01 8.339999999999999636e-01 1.545000000000000000e+02
3.175000000000000044e-01 4.900000000000000189e-02 6.711000000000000298e-01 9.624000000000000332e-01 8.339999999999999636e-01 -2.883000000000000114e+02
3.175000000000000044e-01 4.900000000000000189e-02 6.711000000000000298e-01 9.624000000000000332e-01 8.339999999999999636e-01 -3.899999999999999911e+00
3.175000000000000044e-01 4.900000000000000189e-02 6.711000000000000298e-01 9.624000000000000332e-01 8.339999999999999636e-01 -2.000999999999999943e+02
3.175000000000000044e-01 4.900000000000000189e-02 6.711000000000000298e-01 9.624000000000000332e-01 8.339999999999999636e-01 1.047000000000000028e+02
3.175000000000000044e-01 4.900000000000000189e-02 6.711000000000000298e-01 9.624000000000000332e-01 8.339999999999999636e-01 -5.700000000000000178e+00
3.175000000000000044e-01 4.900000000000000189e-02 6.711000000000000298e-01 9.624000000000000332e-01 8.339999999999999636e-01 -2.130000000000000071e+01
3.175000000000000044e-01 4.900000000000000189e-02 6.711000000000000298e-01 9.624000000000000332e-01 8.339999999999999636e-01 1.050000000000000000e+01
3.175000000000000044e-01 4.900000000000000189e-02 6.711000000000000298e-01 9.624000000000000332e-01 8.339999999999999636e-01 1.137000000000000028e+02
3.175000000000000044e-01 4.900000000000000189e-02 6.711000000000000298e-01 9.624000000000000332e-01 8.339999999999999636e-01 8.309999999999999432e+01
3.175000000000000044e-01 4.900000000000000189e-02 6.711000000000000298e-01 9.624000000000000332e-01 8.339999999999999636e-01 1.430999999999999943e+02
3.175000000000000044e-01 4.900000000000000189e-02 6.711000000000000298e-01 9.624000000000000332e-01 8.339999999999999636e-01 -1.010999999999999943e+02
3.175000000000000044e-01 4.900000000000000189e-02 6.711000000000000298e-01 9.624000000000000332e-01 8.339999999999999636e-01 -2.270999999999999943e+02
3.175000000000000044e-01 4.900000000000000189e-02 6.711000000000000298e-01 9.624000000000000332e-01 8.339999999999999636e-01 4.500000000000000000e+00
3.175000000000000044e-01 4.900000000000000189e-02 6.711000000000000298e-01 9.624000000000000332e-01 8.339999999999999636e-01 -9.929999999999999716e+01
3.175000000000000044e-01 4.900000000000000189e-02 6.711000000000000298e-01 9.624000000000000332e-01 8.339999999999999636e-01 -1.610999999999999943e+02
3.175000000000000044e-01 4.900000000000000189e-02 6.711000000000000298e-01 9.624000000000000332e-01 8.339999999999999636e-01 -2.969999999999999929e+01
3.175000000000000044e-01 4.900000000000000189e-02 6.711000000000000298e-01 9.624000000000000332e-01 8.339999999999999636e-01 -1.820999999999999943e+02
3.175000000000000044e-01 4.900000000000000189e-02 6.711000000000000298e-01 9.624000000000000332e-01 8.339999999999999636e-01 2.673000000000000114e+02
3.175000000000000044e-01 4.900000000000000189e-02 6.711000000000000298e-01 9.624000000000000332e-01 8.339999999999999636e-01 2.588999999999999773e+02
3.175000000000000044e-01 4.900000000000000189e-02 6.711000000000000298e-01 9.624000000000000332e-01 8.339999999999999636e-01 7.890000000000000568e+01
3.175000000000000044e-01 4.900000000000000189e-02 6.711000000000000298e-01 9.624000000000000332e-01 8.339999999999999636e-01 -1.886999999999999886e+02
3.175000000000000044e-01 4.900000000000000189e-02 6.711000000000000298e-01 9.624000000000000332e-01 8.339999999999999636e-01 1.850999999999999943e+02
3.175000000000000044e-01 4.900000000000000189e-02 6.711000000000000298e-01 9.624000000000000332e-01 8.339999999999999636e-01 -6.210000000000000142e+01
3.175000000000000044e-01 4.900000000000000189e-02 6.711000000000000298e-01 9.624000000000000332e-01 8.339999999999999636e-01 -2.721000000000000227e+02
3.175000000000000044e-01 4.900000000000000189e-02 6.711000000000000298e-01 9.624000000000000332e-01 8.339999999999999636e-01 1.826999999999999886e+02
3.175000000000000044e-01 4.900000000000000189e-02 6.711000000000000298e-01 9.624000000000000332e-01 8.339999999999999636e-01 -1.940999999999999943e+02
3.175000000000000044e-01 4.900000000000000189e-02 6.711000000000000298e-01 9.624000000000000332e-01 8.339999999999999636e-01 -5.429999999999999716e+01
3.175000000000000044e-01 4.900000000000000189e-02 6.711000000000000298e-01 9.624000000000000332e-01 8.339999999999999636e-01 -2.133000000000000114e+02
3.175000000000000044e-01 4.900000000000000189e-02 6.711000000000000298e-01 9.624000000000000332e-01 8.339999999999999636e-01 -1.202999999999999972e+02
3.175000000000000044e-01 4.900000000000000189e-02 6.711000000000000298e-01 9.624000000000000332e-01 8.339999999999999636e-01 -1.509000000000000057e+02
3.175000000000000044e-01 4.900000000000000189e-02 6.711000000000000298e-01 9.624000000000000332e-01 8.339999999999999636e-01 -1.533000000000000114e+02
3.175000000000000044e-01 4.900000000000000189e-02 6.711000000000000298e-01 9.624000000000000332e-01 8.339999999999999636e-01 6.750000000000000000e+01
3.175000000000000044e-01 4.900000000000000189e-02 6.711000000000000298e-01 9.624000000000000332e-01 8.339999999999999636e-01 2.793000000000000114e+02
3.175000000000000044e-01 4.900000000000000189e-02 6.711000000000000298e-01 9.624000000000000332e-01 8.339999999999999636e-01 1.599000000000000057e+02
3.175000000000000044e-01 4.900000000000000189e-02 6.711000000000000298e-01 9.624000000000000332e-01 8.339999999999999636e-01 2.489999999999999858e+01
3.175000000000000044e-01 4.900000000000000189e-02 6.711000000000000298e-01 9.624000000000000332e-01 8.339999999999999636e-01 1.580999999999999943e+02
3.175000000000000044e-01 4.900000000000000189e-02 6.711000000000000298e-01 9.624000000000000332e-01 8.339999999999999636e-01 -5.310000000000000142e+01
3.175000000000000044e-01 4.900000000000000189e-02 6.711000000000000298e-01 9.624000000000000332e-01 8.339999999999999636e-01 -8.429999999999999716e+01
3.175000000000000044e-01 4.900000000000000189e-02 6.711000000000000298e-01 9.624000000000000332e-01 8.339999999999999636e-01 1.785000000000000000e+02
3.175000000000000044e-01 4.900000000000000189e-02 6.711000000000000298e-01 9.624000000000000332e-01 8.339999999999999636e-01 2.145000000000000000e+02
3.175000000000000044e-01 4.900000000000000189e-02 6.711000000000000298e-01 9.624000000000000332e-01 8.339999999999999636e-01 1.100999999999999943e+02
3.175000000000000044e-01 4.900000000000000189e-02 6.711000000000000298e-01 9.624000000000000332e-01 8.339999999999999636e-01 2.835000000000000000e+02
3.175000000000000044e-01 4.900000000000000189e-02 6.711000000000000298e-01 9.624000000000000332e-01 8.339999999999999636e-01 8.670000000000000284e+01
3.175000000000000044e-01 4.900000000000000189e-02 6.711000000000000298e-01 9.624000000000000332e-01 8.339999999999999636e-01 -1.250999999999999943e+02
3.175000000000000044e-01 4.900000000000000189e-02 6.711000000000000298e-01 9.624000000000000332e-01 8.339999999999999636e-01 -2.775000000000000000e+02
3.175000000000000044e-01 4.900000000000000189e-02 6.711000000000000298e-01 9.624000000000000332e-01 8.339999999999999636e-01 1.569000000000000057e+02
3.175000000000000044e-01 4.900000000000000189e-02 6.711000000000000298e-01 9.624000000000000332e-01 8.339999999999999636e-01 1.230000000000000071e+01
3.175000000000000044e-01 4.900000000000000189e-02 6.711000000000000298e-01 9.624000000000000332e-01 8.339999999999999636e-01 -2.850000000000000000e+01
3.175000000000000044e-01 4.900000000000000189e-02 6.711000000000000298e-01 9.624000000000000332e-01 8.339999999999999636e-01 -7.709999999999999432e+01
3.175000000000000044e-01 4.900000000000000189e-02 6.711000000000000298e-01 9.624000000000000332e-01 8.339999999999999636e-01 2.043000000000000114e+02
3.175000000000000044e-01 4.900000000000000189e-02 6.711000000000000298e-01 9.624000000000000332e-01 8.339999999999999636e-01 -6.870000000000000284e+01
3.175000000000000044e-01 4.900000000000000189e-02 6.711000000000000298e-01 9.624000000000000332e-01 8.339999999999999636e-01 2.876999999999999886e+02
3.175000000000000044e-01 4.900000000000000189e-02 6.711000000000000298e-01 9.624000000000000332e-01 8.339999999999999636e-01 -1.443000000000000114e+02
3.175000000000000044e-01 4.900000000000000189e-02 6.711000000000000298e-01 9.624000000000000332e-01 8.339999999999999636e-01 2.906999999999999886e+02
3.175000000000000044e-01 4.900000000000000189e-02 6.711000000000000298e-01 9.624000000000000332e-01 8.339999999999999636e-01 -5.910000000000000142e+01
3.175000000000000044e-01 4.900000000000000189e-02 6.711000000000000298e-01 9.624000000000000332e-01 8.339999999999999636e-01 -2.999999999999999889e-01
3.175000000000000044e-01 4.900000000000000189e-02 6.711000000000000298e-01 9.624000000000000332e-01 8.339999999999999636e-01 -1.599000000000000057e+02
3.175000000000000044e-01 4.900000000000000189e-02 6.711000000000000298e-01 9.624000000000000332e-01 8.339999999999999636e-01 2.210999999999999943e+02
3.175000000000000044e-01 4.900000000000000189e-02 6.711000000000000298e-01 9.624000000000000332e-01 8.339999999999999636e-01 -2.613000000000000114e+02
3.175000000000000044e-01 4.900000000000000189e-02 6.711000000000000298e-01 9.624000000000000332e-01 8.339999999999999636e-01 7.170000000000000284e+01
3.175000000000000044e-01 4.900000000000000189e-02 6.711000000000000298e-01 9.624000000000000332e-01 8.339999999999999636e-01 -1.257000000000000028e+02
3.175000000000000044e-01 4.900000000000000189e-02 6.711000000000000298e-01 9.624000000000000332e-01 8.339999999999999636e-01 2.553000000000000114e+02
3.175000000000000044e-01 4.900000000000000189e-02 6.711000000000000298e-01 9.624000000000000332e-01 8.339999999999999636e-01 -2.730000000000000071e+01
3.175000000000000044e-01 4.900000000000000189e-02 6.711000000000000298e-01 9.624000000000000332e-01 8.339999999999999636e-01 3.329999999999999716e+01
3.175000000000000044e-01 4.900000000000000189e-02 6.711000000000000298e-01 9.624000000000000332e-01 8.339999999999999636e-01 1.880999999999999943e+02
3.175000000000000044e-01 4.900000000000000189e-02 6.711000000000000298e-01 9.624000000000000332e-01 8.339999999999999636e-01 -2.691000000000000227e+02
3.175000000000000044e-01 4.900000000000000189e-02 6.711000000000000298e-01 9.624000000000000332e-01 8.339999999999999636e-01 -2.199000000000000057e+02
3.175000000000000044e-01 4.900000000000000189e-02 6.711000000000000298e-01 9.624000000000000332e-01 8.339999999999999636e-01 4.050000000000000000e+01
3.175000000000000044e-01 4.900000000000000189e-02 6.711000000000000298e-01 9.624000000000000332e-01 8.339999999999999636e-01 2.901000000000000227e+02
3.175000000000000044e-01 4.900000000000000189e-02 6.711000000000000298e-01 9.624000000000000332e-01 8.339999999999999636e-01 4.650000000000000000e+01
3.175000000000000044e-01 4.900000000000000189e-02 6.711000000000000298e-01 9.624000000000000332e-01 8.339999999999999636e-01 1.365000000000000000e+02
3.175000000000000044e-01 4.900000000000000189e-02 6.711000000000000298e-01 9.624000000000000332e-01 8.339999999999999636e-01 -3.299999999999999822e+00
3.175000000000000044e-01 4.900000000000000189e-02 6.711000000000000298e-01 9.624000000000000332e-01 8.339999999999999636e-01 -2.360999999999999943e+02
3.175000000000000044e-01 4.900000000000000189e-02 6.711000000000000298e-01 9.624000000000000332e-01 8.339999999999999636e-01 2.270999999999999943e+02
3.175000000000000044e-01 4.900000000000000189e-02 6.711000000000000298e-01 9.624000000000000332e-01 8.339999999999999636e-01 9.029999999999999716e+01
3.175000000000000044e-01 4.900000000000000189e-02 6.711000000000000298e-01 9.624000000000000332e-01 8.339999999999999636e-01 2.559000000000000057e+02
3.175000000000000044e-01 4.900000000000000189e-02 6.711000000000000298e-01 9.624000000000000332e-01 8.339999999999999636e-01 1.665000000000000000e+02
3.175000000000000044e-01 4.900000000000000189e-02 6.711000000000000298e-01 9.624000000000000332e-01 8.339999999999999636e-01 4.229999999999999716e+01
3.175000000000000044e-01 4.900000000000000189e-02 6.711000000000000298e-01 9.624000000000000332e-01 8.339999999999999636e-01 2.216999999999999886e+02
3.175000000000000044e-01 4.900000000000000189e-02 6.711000000000000298e-01 9.624000000000000332e-01 8.339999999999999636e-01 5.189999999999999858e+01
3.175000000000000044e-01 4.900000000000000189e-02 6.711000000000000298e-01 9.624000000000000332e-01 8.339999999999999636e-01 1.509000000000000057e+02
3.175000000000000044e-01 4.900000000000000189e-02 6.711000000000000298e-01 9.624000000000000332e-01 8.339999999999999636e-01 -2.163000000000000114e+02
3.175000000000000044e-01 4.900000000000000189e-02 6.711000000000000298e-01 9.624000000000000332e-01 8.339999999999999636e-01 1.689000000000000057e+02
3.175000000000000044e-01 4.900000000000000189e-02 6.711000000000000298e-01 9.624000000000000332e-01 8.339999999999999636e-01 8.009999999999999432e+01
3.175000000000000044e-01 4.900000000000000189e-02 6.711000000000000298e-01 9.624000000000000332e-01 8.339999999999999636e-01 -2.745000000000000000e+02
3.175000000000000044e-01 4.900000000000000189e-02 6.711000000000000298e-01 9.624000000000000332e-01 8.339999999999999636e-01 -1.353000000000000114e+02
3.175000000000000044e-01 4.900000000000000189e-02 6.711000000000000298e-01 9.624000000000000332e-01 8.339999999999999636e-01 -1.142999999999999972e+02
3.175000000000000044e-01 4.900000000000000189e-02 6.711000000000000298e-01 9.624000000000000332e-01 8.339999999999999636e-01 -2.403000000000000114e+02
3.175000000000000044e-01 4.900000000000000189e-02 6.711000000000000298e-01 9.624000000000000332e-01 8.339999999999999636e-01 -6.750000000000000000e+01
3.175000000000000044e-01 4.900000000000000189e-02 6.711000000000000298e-01 9.624000000000000332e-01 8.339999999999999636e-01 -1.197000000000000028e+02
3.175000000000000044e-01 4.900000000000000189e-02 6.711000000000000298e-01 9.624000000000000332e-01 8.339999999999999636e-01 3.570000000000000284e+01
3.175000000000000044e-01 4.900000000000000189e-02 6.711000000000000298e-01 9.624000000000000332e-01 8.339999999999999636e-01 2.738999999999999773e+02
3.175000000000000044e-01 4.900000000000000189e-02 6.711000000000000298e-01 9.624000000000000332e-01 8.339999999999999636e-01 -5.189999999999999858e+01
3.175000000000000044e-01 4.900000000000000189e-02 6.711000000000000298e-01 9.624000000000000332e-01 8.339999999999999636e-01 2.601000000000000227e+02
3.175000000000000044e-01 4.900000000000000189e-02 6.711000000000000298e-01 9.624000000000000332e-01 8.339999999999999636e-01 -8.850000000000000000e+01
3.175000000000000044e-01 4.900000000000000189e-02 6.711000000000000298e-01 9.624000000000000332e-01 8.339999999999999636e-01 1.095000000000000000e+02
3.175000000000000044e-01 4.900000000000000189e-02 6.711000000000000298e-01 9.624000000000000332e-01 8.339999999999999636e-01 -1.520999999999999943e+02
3.175000000000000044e-01 4.900000000000000189e-02 6.711000000000000298e-01 9.624000000000000332e-01 8.339999999999999636e-01 9.809999999999999432e+01
3.175000000000000044e-01 4.900000000000000189e-02 6.711000000000000298e-01 9.624000000000000332e-01 8.339999999999999636e-01 2.240999999999999943e+02
3.175000000000000044e-01 4.900000000000000189e-02 6.711000000000000298e-01 9.624000000000000332e-01 8.339999999999999636e-01 1.185000000000000000e+02
3.175000000000000044e-01 4.900000000000000189e-02 6.711000000000000298e-01 9.624000000000000332e-01 8.339999999999999636e-01 -1.230000000000000071e+01
3.175000000000000044e-01 4.900000000000000189e-02 6.711000000000000298e-01 9.624000000000000332e-01 8.339999999999999636e-01 -3.750000000000000000e+01
3.175000000000000044e-01 4.900000000000000189e-02 6.711000000000000298e-01 9.624000000000000332e-01 8.339999999999999636e-01 4.770000000000000284e+01
3.175000000000000044e-01 4.900000000000000189e-02 6.711000000000000298e-01 9.624000000000000332e-01 8.339999999999999636e-01 -1.953000000000000114e+02
3.175000000000000044e-01 4.900000000000000189e-02 6.711000000000000298e-01 9.624000000000000332e-01 8.339999999999999636e-01 -1.232999999999999972e+02
