0.317500 0.049000 0.671100 0.962400 -98.700000
0.317500 0.049000 0.671100 0.962400 -67.500000
0.317500 0.049000 0.671100 0.962400 -221.700000
0.317500 0.049000 0.671100 0.962400 -91.500000
0.317500 0.049000 0.671100 0.962400 -170.700000
0.317500 0.049000 0.671100 0.962400 147.900000
0.317500 0.049000 0.671100 0.962400 -243.900000
0.317500 0.049000 0.671100 0.962400 26.700000
0.317500 0.049000 0.671100 0.962400 -105.900000
0.317500 0.049000 0.671100 0.962400 74.700000
0.317500 0.049000 0.671100 0.962400 -174.300000
0.317500 0.049000 0.671100 0.962400 -297.900000
0.317500 0.049000 0.671100 0.962400 14.700000
0.317500 0.049000 0.671100 0.962400 229.500000
0.317500 0.049000 0.671100 0.962400 -17.100000
0.317500 0.049000 0.671100 0.962400 77.100000
0.317500 0.049000 0.671100 0.962400 269.700000
0.317500 0.049000 0.671100 0.962400 -6.900000
0.317500 0.049000 0.671100 0.962400 -51.900000
0.317500 0.049000 0.671100 0.962400 222.900000
0.317500 0.049000 0.671100 0.962400 48.300000
0.317500 0.049000 0.671100 0.962400 -149.700000
0.317500 0.049000 0.671100 0.962400 -216.900000
0.317500 0.049000 0.671100 0.962400 243.900000
0.317500 0.049000 0.671100 0.962400 178.500000
0.317500 0.049000 0.671100 0.962400 -84.900000
0.317500 0.049000 0.671100 0.962400 15.900000
0.317500 0.049000 0.671100 0.962400 -118.500000
0.317500 0.049000 0.671100 0.962400 120.900000
0.317500 0.049000 0.671100 0.962400 -260.100000
0.317500 0.049000 0.671100 0.962400 292.500000
0.317500 0.049000 0.671100 0.962400 45.900000
0.317500 0.049000 0.671100 0.962400 149.100000
0.317500 0.049000 0.671100 0.962400 216.900000
0.317500 0.049000 0.671100 0.962400 -99.300000
0.317500 0.049000 0.671100 0.962400 -156.300000
0.317500 0.049000 0.671100 0.962400 -158.100000
0.317500 0.049000 0.671100 0.962400 86.700000
0.317500 0.049000 0.671100 0.962400 54.900000
0.317500 0.049000 0.671100 0.962400 174.900000
0.317500 0.049000 0.671100 0.962400 -101.700000
0.317500 0.049000 0.671100 0.962400 -150.300000
0.317500 0.049000 0.671100 0.962400 26.100000
0.317500 0.049000 0.671100 0.962400 171.300000
0.317500 0.049000 0.671100 0.962400 -233.700000
0.317500 0.049000 0.671100 0.962400 -213.900000
0.317500 0.049000 0.671100 0.962400 185.100000
0.317500 0.049000 0.671100 0.962400 251.700000
0.317500 0.049000 0.671100 0.962400 -117.900000
0.317500 0.049000 0.671100 0.962400 -214.500000
0.317500 0.049000 0.671100 0.962400 -53.100000
0.317500 0.049000 0.671100 0.962400 -259.500000
0.317500 0.049000 0.671100 0.962400 -66.300000
0.317500 0.049000 0.671100 0.962400 -162.300000
0.317500 0.049000 0.671100 0.962400 223.500000
0.317500 0.049000 0.671100 0.962400 70.500000
0.317500 0.049000 0.671100 0.962400 150.900000
0.317500 0.049000 0.671100 0.962400 107.100000
0.317500 0.049000 0.671100 0.962400 -124.500000
0.317500 0.049000 0.671100 0.962400 248.700000
0.317500 0.049000 0.671100 0.962400 159.300000
0.317500 0.049000 0.671100 0.962400 -96.900000
0.317500 0.049000 0.671100 0.962400 -175.500000
0.317500 0.049000 0.671100 0.962400 -78.900000
0.317500 0.049000 0.671100 0.962400 -7.500000
0.317500 0.049000 0.671100 0.962400 18.300000
0.317500 0.049000 0.671100 0.962400 -5.100000
0.317500 0.049000 0.671100 0.962400 286.500000
0.317500 0.049000 0.671100 0.962400 -281.700000
0.317500 0.049000 0.671100 0.962400 183.300000
0.317500 0.049000 0.671100 0.962400 -293.100000
0.317500 0.049000 0.671100 0.962400 -179.700000
0.317500 0.049000 0.671100 0.962400 -90.900000
0.317500 0.049000 0.671100 0.962400 -62.100000
0.317500 0.049000 0.671100 0.962400 -250.500000
0.317500 0.049000 0.671100 0.962400 111.300000
0.317500 0.049000 0.671100 0.962400 -18.300000
0.317500 0.049000 0.671100 0.962400 -87.900000
0.317500 0.049000 0.671100 0.962400 238.500000
0.317500 0.049000 0.671100 0.962400 -75.900000
0.317500 0.049000 0.671100 0.962400 231.900000
0.317500 0.049000 0.671100 0.962400 -140.100000
0.317500 0.049000 0.671100 0.962400 68.700000
0.317500 0.049000 0.671100 0.962400 234.300000
0.317500 0.049000 0.671100 0.962400 57.300000
0.317500 0.049000 0.671100 0.962400 142.500000
0.317500 0.049000 0.671100 0.962400 -111.900000
0.317500 0.049000 0.671100 0.962400 68.100000
0.317500 0.049000 0.671100 0.962400 179.100000
0.317500 0.049000 0.671100 0.962400 -66.900000
0.317500 0.049000 0.671100 0.962400 106.500000
0.317500 0.049000 0.671100 0.962400 227.100000
0.317500 0.049000 0.671100 0.962400 -231.300000
0.317500 0.049000 0.671100 0.962400 -11.700000
0.317500 0.049000 0.671100 0.962400 -147.900000
0.317500 0.049000 0.671100 0.962400 264.300000
0.317500 0.049000 0.671100 0.962400 260.700000
0.317500 0.049000 0.671100 0.962400 -141.900000
0.317500 0.049000 0.671100 0.962400 -122.100000
0.317500 0.049000 0.671100 0.962400 1.500000
0.317500 0.049000 0.671100 0.962400 -231.900000
0.317500 0.049000 0.671100 0.962400 -138.300000
0.317500 0.049000 0.671100 0.962400 -254.700000
0.317500 0.049000 0.671100 0.962400 -239.100000
0.317500 0.049000 0.671100 0.962400 24.900000
0.317500 0.049000 0.671100 0.962400 84.300000
0.317500 0.049000 0.671100 0.962400 -74.100000
0.317500 0.049000 0.671100 0.962400 -156.900000
0.317500 0.049000 0.671100 0.962400 -115.500000
0.317500 0.049000 0.671100 0.962400 -27.900000
0.317500 0.049000 0.671100 0.962400 8.700000
0.317500 0.049000 0.671100 0.962400 -260.700000
0.317500 0.049000 0.671100 0.962400 275.700000
0.317500 0.049000 0.671100 0.962400 -8.700000
0.317500 0.049000 0.671100 0.962400 5.700000
0.317500 0.049000 0.671100 0.962400 57.900000
0.317500 0.049000 0.671100 0.962400 -47.700000
0.317500 0.049000 0.671100 0.962400 -29.700000
0.317500 0.049000 0.671100 0.962400 -86.700000
0.317500 0.049000 0.671100 0.962400 -60.300000
0.317500 0.049000 0.671100 0.962400 -27.300000
0.317500 0.049000 0.671100 0.962400 -95.700000
0.317500 0.049000 0.671100 0.962400 230.100000
0.317500 0.049000 0.671100 0.962400 -137.700000
0.317500 0.049000 0.671100 0.962400 -132.900000
0.317500 0.049000 0.671100 0.962400 254.100000
0.317500 0.049000 0.671100 0.962400 85.500000
0.317500 0.049000 0.671100 0.962400 293.100000
0.317500 0.049000 0.671100 0.962400 146.700000
0.317500 0.049000 0.671100 0.962400 210.300000
0.317500 0.049000 0.671100 0.962400 195.300000
0.317500 0.049000 0.671100 0.962400 -110.100000
0.317500 0.049000 0.671100 0.962400 263.700000
0.317500 0.049000 0.671100 0.962400 297.300000
0.317500 0.049000 0.671100 0.962400 141.300000
0.317500 0.049000 0.671100 0.962400 67.500000
0.317500 0.049000 0.671100 0.962400 -70.500000
0.317500 0.049000 0.671100 0.962400 96.300000
0.317500 0.049000 0.671100 0.962400 -252.300000
0.317500 0.049000 0.671100 0.962400 256.500000
0.317500 0.049000 0.671100 0.962400 3.900000
0.317500 0.049000 0.671100 0.962400 55.500000
0.317500 0.049000 0.671100 0.962400 32.100000
0.317500 0.049000 0.671100 0.962400 -268.500000
0.317500 0.049000 0.671100 0.962400 -207.900000
0.317500 0.049000 0.671100 0.962400 74.100000
0.317500 0.049000 0.671100 0.962400 51.900000
0.317500 0.049000 0.671100 0.962400 -238.500000
0.317500 0.049000 0.671100 0.962400 282.300000
0.317500 0.049000 0.671100 0.962400 -230.700000
0.317500 0.049000 0.671100 0.962400 -71.100000
0.317500 0.049000 0.671100 0.962400 -206.700000
0.317500 0.049000 0.671100 0.962400 226.500000
0.317500 0.049000 0.671100 0.962400 -202.500000
0.317500 0.049000 0.671100 0.962400 -47.100000
0.317500 0.049000 0.671100 0.962400 287.100000
0.317500 0.049000 0.671100 0.962400 173.100000
0.317500 0.049000 0.671100 0.962400 114.900000
0.317500 0.049000 0.671100 0.962400 97.500000
0.317500 0.049000 0.671100 0.962400 -56.700000
0.317500 0.049000 0.671100 0.962400 71.100000
0.317500 0.049000 0.671100 0.962400 -54.300000
0.317500 0.049000 0.671100 0.962400 78.900000
0.317500 0.049000 0.671100 0.962400 170.100000
0.317500 0.049000 0.671100 0.962400 -24.900000
0.317500 0.049000 0.671100 0.962400 -167.700000
0.317500 0.049000 0.671100 0.962400 20.700000
0.317500 0.049000 0.671100 0.962400 -261.300000
0.317500 0.049000 0.671100 0.962400 51.300000
0.317500 0.049000 0.671100 0.962400 -195.300000
0.317500 0.049000 0.671100 0.962400 139.500000
0.317500 0.049000 0.671100 0.962400 50.700000
0.317500 0.049000 0.671100 0.962400 113.700000
0.317500 0.049000 0.671100 0.962400 264.900000
0.317500 0.049000 0.671100 0.962400 -276.300000
0.317500 0.049000 0.671100 0.962400 209.700000
0.317500 0.049000 0.671100 0.962400 270.900000
0.317500 0.049000 0.671100 0.962400 275.100000
0.317500 0.049000 0.671100 0.962400 126.900000
0.317500 0.049000 0.671100 0.962400 136.500000
0.317500 0.049000 0.671100 0.962400 -33.900000
0.317500 0.049000 0.671100 0.962400 42.300000
0.317500 0.049000 0.671100 0.962400 -234.300000
0.317500 0.049000 0.671100 0.962400 -283.500000
0.317500 0.049000 0.671100 0.962400 230.700000
0.317500 0.049000 0.671100 0.962400 242.700000
0.317500 0.049000 0.671100 0.962400 -125.700000
0.317500 0.049000 0.671100 0.962400 -206.100000
0.317500 0.049000 0.671100 0.962400 95.700000
0.317500 0.049000 0.671100 0.962400 83.100000
0.317500 0.049000 0.671100 0.962400 87.900000
0.317500 0.049000 0.671100 0.962400 78.300000
0.317500 0.049000 0.671100 0.962400 -145.500000
0.317500 0.049000 0.671100 0.962400 -107.100000
0.317500 0.049000 0.671100 0.962400 202.500000
0.317500 0.049000 0.671100 0.962400 -68.700000
0.317500 0.049000 0.671100 0.962400 -86.100000
0.317500 0.049000 0.671100 0.962400 237.900000
0.317500 0.049000 0.671100 0.962400 122.100000
0.317500 0.049000 0.671100 0.962400 143.100000
0.317500 0.049000 0.671100 0.962400 -201.900000
0.317500 0.049000 0.671100 0.962400 138.300000
0.317500 0.049000 0.671100 0.962400 104.700000
0.317500 0.049000 0.671100 0.962400 -142.500000
0.317500 0.049000 0.671100 0.962400 -52.500000
0.317500 0.049000 0.671100 0.962400 -186.900000
0.317500 0.049000 0.671100 0.962400 252.300000
0.317500 0.049000 0.671100 0.962400 -159.900000
0.317500 0.049000 0.671100 0.962400 -31.500000
0.317500 0.049000 0.671100 0.962400 -39.300000
0.317500 0.049000 0.671100 0.962400 43.500000
0.317500 0.049000 0.671100 0.962400 -146.100000
0.317500 0.049000 0.671100 0.962400 -126.300000
0.317500 0.049000 0.671100 0.962400 -2.100000
0.317500 0.049000 0.671100 0.962400 -12.300000
0.317500 0.049000 0.671100 0.962400 -140.700000
0.317500 0.049000 0.671100 0.962400 258.300000
0.317500 0.049000 0.671100 0.962400 208.500000
0.317500 0.049000 0.671100 0.962400 -285.900000
0.317500 0.049000 0.671100 0.962400 28.500000
0.317500 0.049000 0.671100 0.962400 56.700000
0.317500 0.049000 0.671100 0.962400 260.100000
0.317500 0.049000 0.671100 0.962400 -38.700000
0.317500 0.049000 0.671100 0.962400 -63.900000
0.317500 0.049000 0.671100 0.962400 -270.900000
0.317500 0.049000 0.671100 0.962400 132.900000
0.317500 0.049000 0.671100 0.962400 182.100000
0.317500 0.049000 0.671100 0.962400 -69.900000
0.317500 0.049000 0.671100 0.962400 166.500000
0.317500 0.049000 0.671100 0.962400 233.100000
0.317500 0.049000 0.671100 0.962400 186.300000
0.317500 0.049000 0.671100 0.962400 119.100000
0.317500 0.049000 0.671100 0.962400 -297.300000
0.317500 0.049000 0.671100 0.962400 -19.500000
0.317500 0.049000 0.671100 0.962400 -166.500000
0.317500 0.049000 0.671100 0.962400 164.100000
0.317500 0.049000 0.671100 0.962400 140.700000
0.317500 0.049000 0.671100 0.962400 59.700000
0.317500 0.049000 0.671100 0.962400 -184.500000
0.317500 0.049000 0.671100 0.962400 -60.900000
0.317500 0.049000 0.671100 0.962400 184.500000
0.317500 0.049000 0.671100 0.962400 -136.500000
0.317500 0.049000 0.671100 0.962400 185.700000
0.317500 0.049000 0.671100 0.962400 268.500000
0.317500 0.049000 0.671100 0.962400 102.900000
0.317500 0.049000 0.671100 0.962400 123.300000
0.317500 0.049000 0.671100 0.962400 276.300000
0.317500 0.049000 0.671100 0.962400 191.700000
0.317500 0.049000 0.671100 0.962400 -221.100000
0.317500 0.049000 0.671100 0.962400 33.300000
0.317500 0.049000 0.671100 0.962400 -282.300000
0.317500 0.049000 0.671100 0.962400 -77.700000
0.317500 0.049000 0.671100 0.962400 -106.500000
0.317500 0.049000 0.671100 0.962400 61.500000
0.317500 0.049000 0.671100 0.962400 -14.100000
0.317500 0.049000 0.671100 0.962400 -270.300000
0.317500 0.049000 0.671100 0.962400 -296.100000
0.317500 0.049000 0.671100 0.962400 -43.500000
0.317500 0.049000 0.671100 0.962400 40.500000
0.317500 0.049000 0.671100 0.962400 160.500000
0.317500 0.049000 0.671100 0.962400 16.500000
0.317500 0.049000 0.671100 0.962400 90.900000
0.317500 0.049000 0.671100 0.962400 194.700000
0.317500 0.049000 0.671100 0.962400 291.300000
0.317500 0.049000 0.671100 0.962400 206.700000
0.317500 0.049000 0.671100 0.962400 62.100000
0.317500 0.049000 0.671100 0.962400 137.700000
0.317500 0.049000 0.671100 0.962400 -266.700000
0.317500 0.049000 0.671100 0.962400 218.700000
0.317500 0.049000 0.671100 0.962400 76.500000
0.317500 0.049000 0.671100 0.962400 245.700000
0.317500 0.049000 0.671100 0.962400 -271.500000
0.317500 0.049000 0.671100 0.962400 224.100000
0.317500 0.049000 0.671100 0.962400 255.300000
0.317500 0.049000 0.671100 0.962400 -249.900000
0.317500 0.049000 0.671100 0.962400 -287.700000
0.317500 0.049000 0.671100 0.962400 -20.700000
0.317500 0.049000 0.671100 0.962400 22.500000
0.317500 0.049000 0.671100 0.962400 63.900000
0.317500 0.049000 0.671100 0.962400 197.100000
0.317500 0.049000 0.671100 0.962400 -179.100000
0.317500 0.049000 0.671100 0.962400 138.900000
0.317500 0.049000 0.671100 0.962400 -284.700000
0.317500 0.049000 0.671100 0.962400 290.700000
0.317500 0.049000 0.671100 0.962400 -272.700000
0.317500 0.049000 0.671100 0.962400 125.700000
0.317500 0.049000 0.671100 0.962400 -205.500000
0.317500 0.049000 0.671100 0.962400 39.300000
0.317500 0.049000 0.671100 0.962400 -148.500000
0.317500 0.049000 0.671100 0.962400 -147.300000
0.317500 0.049000 0.671100 0.962400 163.500000
0.317500 0.049000 0.671100 0.962400 228.300000
0.317500 0.049000 0.671100 0.962400 -120.900000
0.317500 0.049000 0.671100 0.962400 -245.100000
0.317500 0.049000 0.671100 0.962400 -176.700000
0.317500 0.049000 0.671100 0.962400 -85.500000
0.317500 0.049000 0.671100 0.962400 53.700000
0.317500 0.049000 0.671100 0.962400 86.100000
0.317500 0.049000 0.671100 0.962400 250.500000
0.317500 0.049000 0.671100 0.962400 225.900000
0.317500 0.049000 0.671100 0.962400 -10.500000
0.317500 0.049000 0.671100 0.962400 -153.900000
0.317500 0.049000 0.671100 0.962400 -281.100000
0.317500 0.049000 0.671100 0.962400 66.300000
0.317500 0.049000 0.671100 0.962400 -99.900000
0.317500 0.049000 0.671100 0.962400 -143.700000
0.317500 0.049000 0.671100 0.962400 -93.300000
0.317500 0.049000 0.671100 0.962400 150.300000
0.317500 0.049000 0.671100 0.962400 102.300000
0.317500 0.049000 0.671100 0.962400 96.900000
0.317500 0.049000 0.671100 0.962400 187.500000
0.317500 0.049000 0.671100 0.962400 -9.900000
0.317500 0.049000 0.671100 0.962400 -164.700000
0.317500 0.049000 0.671100 0.962400 186.900000
0.317500 0.049000 0.671100 0.962400 41.100000
0.317500 0.049000 0.671100 0.962400 141.900000
0.317500 0.049000 0.671100 0.962400 -81.900000
0.317500 0.049000 0.671100 0.962400 -155.100000
0.317500 0.049000 0.671100 0.962400 194.100000
0.317500 0.049000 0.671100 0.962400 -174.900000
0.317500 0.049000 0.671100 0.962400 -216.300000
0.317500 0.049000 0.671100 0.962400 -36.900000
0.317500 0.049000 0.671100 0.962400 -8.100000
0.317500 0.049000 0.671100 0.962400 217.500000
0.317500 0.049000 0.671100 0.962400 -180.300000
0.317500 0.049000 0.671100 0.962400 -203.100000
0.317500 0.049000 0.671100 0.962400 -104.700000
0.317500 0.049000 0.671100 0.962400 -212.100000
0.317500 0.049000 0.671100 0.962400 -197.700000
0.317500 0.049000 0.671100 0.962400 224.700000
0.317500 0.049000 0.671100 0.962400 291.900000
0.317500 0.049000 0.671100 0.962400 17.700000
0.317500 0.049000 0.671100 0.962400 -20.100000
0.317500 0.049000 0.671100 0.962400 152.100000
0.317500 0.049000 0.671100 0.962400 -29.100000
0.317500 0.049000 0.671100 0.962400 -100.500000
0.317500 0.049000 0.671100 0.962400 120.300000
0.317500 0.049000 0.671100 0.962400 88.500000
0.317500 0.049000 0.671100 0.962400 -276.900000
0.317500 0.049000 0.671100 0.962400 -41.700000
0.317500 0.049000 0.671100 0.962400 137.100000
0.317500 0.049000 0.671100 0.962400 -201.300000
0.317500 0.049000 0.671100 0.962400 -247.500000
0.317500 0.049000 0.671100 0.962400 -258.300000
0.317500 0.049000 0.671100 0.962400 -266.100000
0.317500 0.049000 0.671100 0.962400 207.300000
0.317500 0.049000 0.671100 0.962400 -241.500000
0.317500 0.049000 0.671100 0.962400 15.300000
0.317500 0.049000 0.671100 0.962400 -219.300000
0.317500 0.049000 0.671100 0.962400 134.700000
0.317500 0.049000 0.671100 0.962400 30.300000
0.317500 0.049000 0.671100 0.962400 69.900000
0.317500 0.049000 0.671100 0.962400 221.700000
0.317500 0.049000 0.671100 0.962400 -204.300000
0.317500 0.049000 0.671100 0.962400 -185.100000
0.317500 0.049000 0.671100 0.962400 -226.500000
0.317500 0.049000 0.671100 0.962400 -3.300000
0.317500 0.049000 0.671100 0.962400 128.700000
0.317500 0.049000 0.671100 0.962400 278.100000
0.317500 0.049000 0.671100 0.962400 299.100000
0.317500 0.049000 0.671100 0.962400 298.500000
0.317500 0.049000 0.671100 0.962400 201.900000
0.317500 0.049000 0.671100 0.962400 -72.300000
0.317500 0.049000 0.671100 0.962400 280.500000
0.317500 0.049000 0.671100 0.962400 -57.900000
0.317500 0.049000 0.671100 0.962400 105.300000
0.317500 0.049000 0.671100 0.962400 29.700000
0.317500 0.049000 0.671100 0.962400 135.300000
0.317500 0.049000 0.671100 0.962400 -41.100000
0.317500 0.049000 0.671100 0.962400 116.100000
0.317500 0.049000 0.671100 0.962400 -232.500000
0.317500 0.049000 0.671100 0.962400 21.300000
0.317500 0.049000 0.671100 0.962400 -109.500000
0.317500 0.049000 0.671100 0.962400 -108.900000
0.317500 0.049000 0.671100 0.962400 -112.500000
0.317500 0.049000 0.671100 0.962400 181.500000
0.317500 0.049000 0.671100 0.962400 -45.900000
0.317500 0.049000 0.671100 0.962400 -83.700000
0.317500 0.049000 0.671100 0.962400 112.500000
0.317500 0.049000 0.671100 0.962400 199.500000
0.317500 0.049000 0.671100 0.962400 183.900000
0.317500 0.049000 0.671100 0.962400 -105.300000
0.317500 0.049000 0.671100 0.962400 255.900000
0.317500 0.049000 0.671100 0.962400 47.100000
0.317500 0.049000 0.671100 0.962400 66.900000
0.317500 0.049000 0.671100 0.962400 211.500000
0.317500 0.049000 0.671100 0.962400 -218.700000
0.317500 0.049000 0.671100 0.962400 269.100000
0.317500 0.049000 0.671100 0.962400 2.100000
0.317500 0.049000 0.671100 0.962400 -233.100000
0.317500 0.049000 0.671100 0.962400 -75.300000
0.317500 0.049000 0.671100 0.962400 104.100000
0.317500 0.049000 0.671100 0.962400 -222.900000
0.317500 0.049000 0.671100 0.962400 -236.700000
0.317500 0.049000 0.671100 0.962400 27.900000
0.317500 0.049000 0.671100 0.962400 -187.500000
0.317500 0.049000 0.671100 0.962400 -22.500000
0.317500 0.049000 0.671100 0.962400 63.300000
0.317500 0.049000 0.671100 0.962400 -64.500000
0.317500 0.049000 0.671100 0.962400 121.500000
0.317500 0.049000 0.671100 0.962400 266.700000
0.317500 0.049000 0.671100 0.962400 -229.500000
0.317500 0.049000 0.671100 0.962400 93.300000
0.317500 0.049000 0.671100 0.962400 -210.300000
0.317500 0.049000 0.671100 0.962400 -240.300000
0.317500 0.049000 0.671100 0.962400 266.100000
0.317500 0.049000 0.671100 0.962400 -189.900000
0.317500 0.049000 0.671100 0.962400 -26.700000
0.317500 0.049000 0.671100 0.962400 212.700000
0.317500 0.049000 0.671100 0.962400 94.500000
0.317500 0.049000 0.671100 0.962400 232.500000
0.317500 0.049000 0.671100 0.962400 267.300000
0.317500 0.049000 0.671100 0.962400 159.900000
0.317500 0.049000 0.671100 0.962400 -79.500000
0.317500 0.049000 0.671100 0.962400 -291.900000
0.317500 0.049000 0.671100 0.962400 -225.900000
0.317500 0.049000 0.671100 0.962400 -196.500000
0.317500 0.049000 0.671100 0.962400 -132.300000
0.317500 0.049000 0.671100 0.962400 -280.500000
0.317500 0.049000 0.671100 0.962400 189.900000
0.317500 0.049000 0.671100 0.962400 69.300000
0.317500 0.049000 0.671100 0.962400 -170.100000
0.317500 0.049000 0.671100 0.962400 -69.300000
0.317500 0.049000 0.671100 0.962400 278.700000
0.317500 0.049000 0.671100 0.962400 167.700000
0.317500 0.049000 0.671100 0.962400 247.500000
0.317500 0.049000 0.671100 0.962400 41.700000
0.317500 0.049000 0.671100 0.962400 284.100000
0.317500 0.049000 0.671100 0.962400 129.900000
0.317500 0.049000 0.671100 0.962400 79.500000
0.317500 0.049000 0.671100 0.962400 261.900000
0.317500 0.049000 0.671100 0.962400 156.300000
0.317500 0.049000 0.671100 0.962400 -89.100000
0.317500 0.049000 0.671100 0.962400 -213.300000
0.317500 0.049000 0.671100 0.962400 -220.500000
0.317500 0.049000 0.671100 0.962400 19.500000
0.317500 0.049000 0.671100 0.962400 2.700000
0.317500 0.049000 0.671100 0.962400 31.500000
0.317500 0.049000 0.671100 0.962400 -158.700000
0.317500 0.049000 0.671100 0.962400 279.300000
0.317500 0.049000 0.671100 0.962400 188.100000
0.317500 0.049000 0.671100 0.962400 297.900000
0.317500 0.049000 0.671100 0.962400 -149.100000
0.317500 0.049000 0.671100 0.962400 -248.700000
0.317500 0.049000 0.671100 0.962400 -35.100000
0.317500 0.049000 0.671100 0.962400 -9.300000
0.317500 0.049000 0.671100 0.962400 75.300000
0.317500 0.049000 0.671100 0.962400 -177.300000
0.317500 0.049000 0.671100 0.962400 -123.300000
0.317500 0.049000 0.671100 0.962400 296.700000
0.317500 0.049000 0.671100 0.962400 -208.500000
0.317500 0.049000 0.671100 0.962400 -73.500000
0.317500 0.049000 0.671100 0.962400 193.500000
0.317500 0.049000 0.671100 0.962400 -255.900000
0.317500 0.049000 0.671100 0.962400 0.300000
0.317500 0.049000 0.671100 0.962400 209.100000
0.317500 0.049000 0.671100 0.962400 -272.100000
0.317500 0.049000 0.671100 0.962400 165.300000
0.317500 0.049000 0.671100 0.962400 134.100000
0.317500 0.049000 0.671100 0.962400 -228.900000
0.317500 0.049000 0.671100 0.962400 72.300000
0.317500 0.049000 0.671100 0.962400 -77.100000
0.317500 0.049000 0.671100 0.962400 135.900000
0.317500 0.049000 0.671100 0.962400 -293.700000
0.317500 0.049000 0.671100 0.962400 253.500000
0.317500 0.049000 0.671100 0.962400 -13.500000
0.317500 0.049000 0.671100 0.962400 -92.700000
0.317500 0.049000 0.671100 0.962400 143.700000
0.317500 0.049000 0.671100 0.962400 34.500000
0.317500 0.049000 0.671100 0.962400 -154.500000
0.317500 0.049000 0.671100 0.962400 156.900000
0.317500 0.049000 0.671100 0.962400 -83.100000
0.317500 0.049000 0.671100 0.962400 -30.300000
0.317500 0.049000 0.671100 0.962400 233.700000
0.317500 0.049000 0.671100 0.962400 -224.700000
0.317500 0.049000 0.671100 0.962400 -288.900000
0.317500 0.049000 0.671100 0.962400 -215.100000
0.317500 0.049000 0.671100 0.962400 -58.500000
0.317500 0.049000 0.671100 0.962400 -114.300000
0.317500 0.049000 0.671100 0.962400 167.100000
0.317500 0.049000 0.671100 0.962400 90.300000
0.317500 0.049000 0.671100 0.962400 -130.500000
0.317500 0.049000 0.671100 0.962400 -18.900000
0.317500 0.049000 0.671100 0.962400 12.900000
0.317500 0.049000 0.671100 0.962400 235.500000
0.317500 0.049000 0.671100 0.962400 -180.900000
0.317500 0.049000 0.671100 0.962400 219.300000
0.317500 0.049000 0.671100 0.962400 -273.300000
0.317500 0.049000 0.671100 0.962400 -200.700000
0.317500 0.049000 0.671100 0.962400 -101.100000
0.317500 0.049000 0.671100 0.962400 294.300000
0.317500 0.049000 0.671100 0.962400 -218.100000
0.317500 0.049000 0.671100 0.962400 -246.300000
0.317500 0.049000 0.671100 0.962400 -225.300000
0.317500 0.049000 0.671100 0.962400 231.300000
0.317500 0.049000 0.671100 0.962400 -274.500000
0.317500 0.049000 0.671100 0.962400 -146.700000
0.317500 0.049000 0.671100 0.962400 263.100000
0.317500 0.049000 0.671100 0.962400 -289.500000
0.317500 0.049000 0.671100 0.962400 -116.100000
0.317500 0.049000 0.671100 0.962400 -103.500000
0.317500 0.049000 0.671100 0.962400 -82.500000
0.317500 0.049000 0.671100 0.962400 252.900000
0.317500 0.049000 0.671100 0.962400 119.700000
0.317500 0.049000 0.671100 0.962400 -81.300000
0.317500 0.049000 0.671100 0.962400 -21.300000
0.317500 0.049000 0.671100 0.962400 192.900000
0.317500 0.049000 0.671100 0.962400 -290.100000
0.317500 0.049000 0.671100 0.962400 -3.900000
0.317500 0.049000 0.671100 0.962400 0.900000
0.317500 0.049000 0.671100 0.962400 -17.700000
0.317500 0.049000 0.671100 0.962400 64.500000
0.317500 0.049000 0.671100 0.962400 -294.900000
0.317500 0.049000 0.671100 0.962400 73.500000
0.317500 0.049000 0.671100 0.962400 -294.300000
0.317500 0.049000 0.671100 0.962400 -160.500000
0.317500 0.049000 0.671100 0.962400 -94.500000
0.317500 0.049000 0.671100 0.962400 4.500000
0.317500 0.049000 0.671100 0.962400 -129.900000
0.317500 0.049000 0.671100 0.962400 294.900000
0.317500 0.049000 0.671100 0.962400 243.300000
0.317500 0.049000 0.671100 0.962400 192.300000
0.317500 0.049000 0.671100 0.962400 -113.100000
0.317500 0.049000 0.671100 0.962400 -186.300000
0.317500 0.049000 0.671100 0.962400 -191.700000
0.317500 0.049000 0.671100 0.962400 83.700000
0.317500 0.049000 0.671100 0.962400 -56.100000
0.317500 0.049000 0.671100 0.962400 180.900000
0.317500 0.049000 0.671100 0.962400 148.500000
0.317500 0.049000 0.671100 0.962400 -54.900000
0.317500 0.049000 0.671100 0.962400 23.700000
0.317500 0.049000 0.671100 0.962400 -264.900000
0.317500 0.049000 0.671100 0.962400 -199.500000
0.317500 0.049000 0.671100 0.962400 -230.100000
0.317500 0.049000 0.671100 0.962400 3.300000
0.317500 0.049000 0.671100 0.962400 259.500000
0.317500 0.049000 0.671100 0.962400 279.900000
0.317500 0.049000 0.671100 0.962400 -153.300000
0.317500 0.049000 0.671100 0.962400 -258.900000
0.317500 0.049000 0.671100 0.962400 168.300000
0.317500 0.049000 0.671100 0.962400 220.500000
0.317500 0.049000 0.671100 0.962400 205.500000
0.317500 0.049000 0.671100 0.962400 176.700000
0.317500 0.049000 0.671100 0.962400 180.300000
0.317500 0.049000 0.671100 0.962400 153.300000
0.317500 0.049000 0.671100 0.962400 -5.700000
0.317500 0.049000 0.671100 0.962400 -96.300000
0.317500 0.049000 0.671100 0.962400 -157.500000
0.317500 0.049000 0.671100 0.962400 9.900000
0.317500 0.049000 0.671100 0.962400 169.500000
0.317500 0.049000 0.671100 0.962400 -228.300000
0.317500 0.049000 0.671100 0.962400 204.300000
0.317500 0.049000 0.671100 0.962400 -171.900000
0.317500 0.049000 0.671100 0.962400 -119.100000
0.317500 0.049000 0.671100 0.962400 -165.900000
0.317500 0.049000 0.671100 0.962400 204.900000
0.317500 0.049000 0.671100 0.962400 -104.100000
0.317500 0.049000 0.671100 0.962400 165.900000
0.317500 0.049000 0.671100 0.962400 -198.900000
0.317500 0.049000 0.671100 0.962400 172.500000
0.317500 0.049000 0.671100 0.962400 -23.700000
0.317500 0.049000 0.671100 0.962400 -14.700000
0.317500 0.049000 0.671100 0.962400 37.500000
0.317500 0.049000 0.671100 0.962400 -209.700000
0.317500 0.049000 0.671100 0.962400 -150.900000
0.317500 0.049000 0.671100 0.962400 249.900000
0.317500 0.049000 0.671100 0.962400 -185.700000
0.317500 0.049000 0.671100 0.962400 246.900000
0.317500 0.049000 0.671100 0.962400 251.100000
0.317500 0.049000 0.671100 0.962400 -11.100000
0.317500 0.049000 0.671100 0.962400 -113.700000
0.317500 0.049000 0.671100 0.962400 -163.500000
0.317500 0.049000 0.671100 0.962400 108.900000
0.317500 0.049000 0.671100 0.962400 36.300000
0.317500 0.049000 0.671100 0.962400 -191.100000
0.317500 0.049000 0.671100 0.962400 179.700000
0.317500 0.049000 0.671100 0.962400 147.300000
0.317500 0.049000 0.671100 0.962400 -36.300000
0.317500 0.049000 0.671100 0.962400 91.500000
0.317500 0.049000 0.671100 0.962400 -255.300000
0.317500 0.049000 0.671100 0.962400 277.500000
0.317500 0.049000 0.671100 0.962400 44.100000
0.317500 0.049000 0.671100 0.962400 -203.700000
0.317500 0.049000 0.671100 0.962400 227.700000
0.317500 0.049000 0.671100 0.962400 -141.300000
0.317500 0.049000 0.671100 0.962400 127.500000
0.317500 0.049000 0.671100 0.962400 -193.500000
0.317500 0.049000 0.671100 0.962400 -192.900000
0.317500 0.049000 0.671100 0.962400 -4.500000
0.317500 0.049000 0.671100 0.962400 -108.300000
0.317500 0.049000 0.671100 0.962400 42.900000
0.317500 0.049000 0.671100 0.962400 8.100000
0.317500 0.049000 0.671100 0.962400 -40.500000
0.317500 0.049000 0.671100 0.962400 276.900000
0.317500 0.049000 0.671100 0.962400 -107.700000
0.317500 0.049000 0.671100 0.962400 89.700000
0.317500 0.049000 0.671100 0.962400 -25.500000
0.317500 0.049000 0.671100 0.962400 -50.100000
0.317500 0.049000 0.671100 0.962400 -126.900000
0.317500 0.049000 0.671100 0.962400 261.300000
0.317500 0.049000 0.671100 0.962400 -237.300000
0.317500 0.049000 0.671100 0.962400 189.300000
0.317500 0.049000 0.671100 0.962400 75.900000
0.317500 0.049000 0.671100 0.962400 -182.700000
0.317500 0.049000 0.671100 0.962400 111.900000
0.317500 0.049000 0.671100 0.962400 293.700000
0.317500 0.049000 0.671100 0.962400 52.500000
0.317500 0.049000 0.671100 0.962400 -89.700000
0.317500 0.049000 0.671100 0.962400 82.500000
0.317500 0.049000 0.671100 0.962400 287.700000
0.317500 0.049000 0.671100 0.962400 -125.100000
0.317500 0.049000 0.671100 0.962400 262.500000
0.317500 0.049000 0.671100 0.962400 89.100000
0.317500 0.049000 0.671100 0.962400 -65.100000
0.317500 0.049000 0.671100 0.962400 283.500000
0.317500 0.049000 0.671100 0.962400 161.100000
0.317500 0.049000 0.671100 0.962400 -275.700000
0.317500 0.049000 0.671100 0.962400 -134.100000
0.317500 0.049000 0.671100 0.962400 274.500000
0.317500 0.049000 0.671100 0.962400 -68.100000
0.317500 0.049000 0.671100 0.962400 -133.500000
0.317500 0.049000 0.671100 0.962400 -102.900000
0.317500 0.049000 0.671100 0.962400 -188.100000
0.317500 0.049000 0.671100 0.962400 -16.500000
0.317500 0.049000 0.671100 0.962400 -90.300000
0.317500 0.049000 0.671100 0.962400 -227.100000
0.317500 0.049000 0.671100 0.962400 -249.300000
0.317500 0.049000 0.671100 0.962400 -178.500000
0.317500 0.049000 0.671100 0.962400 101.100000
0.317500 0.049000 0.671100 0.962400 154.500000
0.317500 0.049000 0.671100 0.962400 -195.900000
0.317500 0.049000 0.671100 0.962400 222.300000
0.317500 0.049000 0.671100 0.962400 -48.900000
0.317500 0.049000 0.671100 0.962400 105.900000
0.317500 0.049000 0.671100 0.962400 200.700000
0.317500 0.049000 0.671100 0.962400 -63.300000
0.317500 0.049000 0.671100 0.962400 -273.900000
0.317500 0.049000 0.671100 0.962400 288.300000
0.317500 0.049000 0.671100 0.962400 87.300000
0.317500 0.049000 0.671100 0.962400 -35.700000
0.317500 0.049000 0.671100 0.962400 128.100000
0.317500 0.049000 0.671100 0.962400 146.100000
0.317500 0.049000 0.671100 0.962400 158.700000
0.317500 0.049000 0.671100 0.962400 -33.300000
0.317500 0.049000 0.671100 0.962400 -277.500000
0.317500 0.049000 0.671100 0.962400 101.700000
0.317500 0.049000 0.671100 0.962400 -30.900000
0.317500 0.049000 0.671100 0.962400 145.500000
0.317500 0.049000 0.671100 0.962400 -252.900000
0.317500 0.049000 0.671100 0.962400 -237.900000
0.317500 0.049000 0.671100 0.962400 -144.300000
0.317500 0.049000 0.671100 0.962400 236.100000
0.317500 0.049000 0.671100 0.962400 -295.500000
0.317500 0.049000 0.671100 0.962400 -197.100000
0.317500 0.049000 0.671100 0.962400 95.100000
0.317500 0.049000 0.671100 0.962400 -143.100000
0.317500 0.049000 0.671100 0.962400 210.900000
0.317500 0.049000 0.671100 0.962400 -194.700000
0.317500 0.049000 0.671100 0.962400 33.900000
0.317500 0.049000 0.671100 0.962400 289.500000
0.317500 0.049000 0.671100 0.962400 117.300000
0.317500 0.049000 0.671100 0.962400 -267.900000
0.317500 0.049000 0.671100 0.962400 11.700000
0.317500 0.049000 0.671100 0.962400 -127.500000
0.317500 0.049000 0.671100 0.962400 -253.500000
0.317500 0.049000 0.671100 0.962400 -152.700000
0.317500 0.049000 0.671100 0.962400 -155.700000
0.317500 0.049000 0.671100 0.962400 30.900000
0.317500 0.049000 0.671100 0.962400 234.900000
0.317500 0.049000 0.671100 0.962400 273.300000
0.317500 0.049000 0.671100 0.962400 -62.700000
0.317500 0.049000 0.671100 0.962400 213.300000
0.317500 0.049000 0.671100 0.962400 -245.700000
0.317500 0.049000 0.671100 0.962400 -257.100000
0.317500 0.049000 0.671100 0.962400 -198.300000
0.317500 0.049000 0.671100 0.962400 290.100000
0.317500 0.049000 0.671100 0.962400 -251.700000
0.317500 0.049000 0.671100 0.962400 241.500000
0.317500 0.049000 0.671100 0.962400 49.500000
0.317500 0.049000 0.671100 0.962400 237.300000
0.317500 0.049000 0.671100 0.962400 98.700000
0.317500 0.049000 0.671100 0.962400 -72.900000
0.317500 0.049000 0.671100 0.962400 239.100000
0.317500 0.049000 0.671100 0.962400 281.700000
0.317500 0.049000 0.671100 0.962400 109.500000
0.317500 0.049000 0.671100 0.962400 -296.700000
0.317500 0.049000 0.671100 0.962400 176.100000
0.317500 0.049000 0.671100 0.962400 123.900000
0.317500 0.049000 0.671100 0.962400 27.300000
0.317500 0.049000 0.671100 0.962400 -37.500000
0.317500 0.049000 0.671100 0.962400 108.300000
0.317500 0.049000 0.671100 0.962400 24.300000
0.317500 0.049000 0.671100 0.962400 -159.300000
0.317500 0.049000 0.671100 0.962400 -204.900000
0.317500 0.049000 0.671100 0.962400 38.100000
0.317500 0.049000 0.671100 0.962400 195.900000
0.317500 0.049000 0.671100 0.962400 -134.700000
0.317500 0.049000 0.671100 0.962400 -98.100000
0.317500 0.049000 0.671100 0.962400 -173.700000
0.317500 0.049000 0.671100 0.962400 -161.700000
0.317500 0.049000 0.671100 0.962400 -78.300000
0.317500 0.049000 0.671100 0.962400 18.900000
0.317500 0.049000 0.671100 0.962400 -210.900000
0.317500 0.049000 0.671100 0.962400 201.300000
0.317500 0.049000 0.671100 0.962400 218.100000
0.317500 0.049000 0.671100 0.962400 -139.500000
0.317500 0.049000 0.671100 0.962400 -61.500000
0.317500 0.049000 0.671100 0.962400 -21.900000
0.317500 0.049000 0.671100 0.962400 107.700000
0.317500 0.049000 0.671100 0.962400 285.300000
0.317500 0.049000 0.671100 0.962400 -46.500000
0.317500 0.049000 0.671100 0.962400 -275.100000
0.317500 0.049000 0.671100 0.962400 -28.500000
0.317500 0.049000 0.671100 0.962400 132.300000
0.317500 0.049000 0.671100 0.962400 -123.900000
0.317500 0.049000 0.671100 0.962400 -177.900000
0.317500 0.049000 0.671100 0.962400 -26.100000
0.317500 0.049000 0.671100 0.962400 157.500000
0.317500 0.049000 0.671100 0.962400 288.900000
0.317500 0.049000 0.671100 0.962400 81.300000
0.317500 0.049000 0.671100 0.962400 -265.500000
0.317500 0.049000 0.671100 0.962400 56.100000
0.317500 0.049000 0.671100 0.962400 -122.700000
0.317500 0.049000 0.671100 0.962400 -235.500000
0.317500 0.049000 0.671100 0.962400 151.500000
0.317500 0.049000 0.671100 0.962400 -173.100000
0.317500 0.049000 0.671100 0.962400 -287.100000
0.317500 0.049000 0.671100 0.962400 284.700000
0.317500 0.049000 0.671100 0.962400 -161.100000
0.317500 0.049000 0.671100 0.962400 21.900000
0.317500 0.049000 0.671100 0.962400 65.700000
0.317500 0.049000 0.671100 0.962400 295.500000
0.317500 0.049000 0.671100 0.962400 117.900000
0.317500 0.049000 0.671100 0.962400 71.700000
0.317500 0.049000 0.671100 0.962400 -279.900000
0.317500 0.049000 0.671100 0.962400 177.900000
0.317500 0.049000 0.671100 0.962400 -299.100000
0.317500 0.049000 0.671100 0.962400 -84.300000
0.317500 0.049000 0.671100 0.962400 17.100000
0.317500 0.049000 0.671100 0.962400 -34.500000
0.317500 0.049000 0.671100 0.962400 -24.300000
0.317500 0.049000 0.671100 0.962400 -200.100000
0.317500 0.049000 0.671100 0.962400 -131.700000
0.317500 0.049000 0.671100 0.962400 -55.500000
0.317500 0.049000 0.671100 0.962400 25.500000
0.317500 0.049000 0.671100 0.962400 -6.300000
0.317500 0.049000 0.671100 0.962400 130.500000
0.317500 0.049000 0.671100 0.962400 174.300000
0.317500 0.049000 0.671100 0.962400 -65.700000
0.317500 0.049000 0.671100 0.962400 115.500000
0.317500 0.049000 0.671100 0.962400 -239.700000
0.317500 0.049000 0.671100 0.962400 240.300000
0.317500 0.049000 0.671100 0.962400 -42.900000
0.317500 0.049000 0.671100 0.962400 265.500000
0.317500 0.049000 0.671100 0.962400 54.300000
0.317500 0.049000 0.671100 0.962400 103.500000
0.317500 0.049000 0.671100 0.962400 281.100000
0.317500 0.049000 0.671100 0.962400 -128.100000
0.317500 0.049000 0.671100 0.962400 198.900000
0.317500 0.049000 0.671100 0.962400 -263.700000
0.317500 0.049000 0.671100 0.962400 -152.100000
0.317500 0.049000 0.671100 0.962400 -59.100000
0.317500 0.049000 0.671100 0.962400 -71.700000
0.317500 0.049000 0.671100 0.962400 245.100000
0.317500 0.049000 0.671100 0.962400 -222.300000
0.317500 0.049000 0.671100 0.962400 161.700000
0.317500 0.049000 0.671100 0.962400 -138.900000
0.317500 0.049000 0.671100 0.962400 140.100000
0.317500 0.049000 0.671100 0.962400 162.900000
0.317500 0.049000 0.671100 0.962400 125.100000
0.317500 0.049000 0.671100 0.962400 175.500000
0.317500 0.049000 0.671100 0.962400 -251.100000
0.317500 0.049000 0.671100 0.962400 -288.300000
0.317500 0.049000 0.671100 0.962400 -209.100000
0.317500 0.049000 0.671100 0.962400 -189.300000
0.317500 0.049000 0.671100 0.962400 -207.300000
0.317500 0.049000 0.671100 0.962400 -92.100000
0.317500 0.049000 0.671100 0.962400 -192.300000
0.317500 0.049000 0.671100 0.962400 38.700000
0.317500 0.049000 0.671100 0.962400 -244.500000
0.317500 0.049000 0.671100 0.962400 60.300000
0.317500 0.049000 0.671100 0.962400 -15.300000
0.317500 0.049000 0.671100 0.962400 -128.700000
0.317500 0.049000 0.671100 0.962400 240.900000
0.317500 0.049000 0.671100 0.962400 114.300000
0.317500 0.049000 0.671100 0.962400 197.700000
0.317500 0.049000 0.671100 0.962400 177.300000
0.317500 0.049000 0.671100 0.962400 206.100000
0.317500 0.049000 0.671100 0.962400 -236.100000
0.317500 0.049000 0.671100 0.962400 273.900000
0.317500 0.049000 0.671100 0.962400 12.300000
0.317500 0.049000 0.671100 0.962400 215.100000
0.317500 0.049000 0.671100 0.962400 -93.900000
0.317500 0.049000 0.671100 0.962400 171.900000
0.317500 0.049000 0.671100 0.962400 133.500000
0.317500 0.049000 0.671100 0.962400 296.100000
0.317500 0.049000 0.671100 0.962400 -114.900000
0.317500 0.049000 0.671100 0.962400 182.700000
0.317500 0.049000 0.671100 0.962400 -151.500000
0.317500 0.049000 0.671100 0.962400 32.700000
0.317500 0.049000 0.671100 0.962400 113.100000
0.317500 0.049000 0.671100 0.962400 -1.500000
0.317500 0.049000 0.671100 0.962400 272.100000
0.317500 0.049000 0.671100 0.962400 -39.900000
0.317500 0.049000 0.671100 0.962400 272.700000
0.317500 0.049000 0.671100 0.962400 203.100000
0.317500 0.049000 0.671100 0.962400 -102.300000
0.317500 0.049000 0.671100 0.962400 221.100000
0.317500 0.049000 0.671100 0.962400 10.500000
0.317500 0.049000 0.671100 0.962400 -49.500000
0.317500 0.049000 0.671100 0.962400 164.700000
0.317500 0.049000 0.671100 0.962400 -227.700000
0.317500 0.049000 0.671100 0.962400 7.500000
0.317500 0.049000 0.671100 0.962400 -240.900000
0.317500 0.049000 0.671100 0.962400 203.700000
0.317500 0.049000 0.671100 0.962400 -144.900000
0.317500 0.049000 0.671100 0.962400 -131.100000
0.317500 0.049000 0.671100 0.962400 72.900000
0.317500 0.049000 0.671100 0.962400 -32.700000
0.317500 0.049000 0.671100 0.962400 -168.300000
0.317500 0.049000 0.671100 0.962400 81.900000
0.317500 0.049000 0.671100 0.962400 214.500000
0.317500 0.049000 0.671100 0.962400 149.700000
0.317500 0.049000 0.671100 0.962400 -119.700000
0.317500 0.049000 0.671100 0.962400 -269.700000
0.317500 0.049000 0.671100 0.962400 -169.500000
0.317500 0.049000 0.671100 0.962400 -292.500000
0.317500 0.049000 0.671100 0.962400 -299.700000
0.317500 0.049000 0.671100 0.962400 246.300000
0.317500 0.049000 0.671100 0.962400 -116.700000
0.317500 0.049000 0.671100 0.962400 242.100000
0.317500 0.049000 0.671100 0.962400 228.900000
0.317500 0.049000 0.671100 0.962400 -291.300000
0.317500 0.049000 0.671100 0.962400 -224.100000
0.317500 0.049000 0.671100 0.962400 -279.300000
0.317500 0.049000 0.671100 0.962400 -242.100000
0.317500 0.049000 0.671100 0.962400 216.300000
0.317500 0.049000 0.671100 0.962400 -88.500000
0.317500 0.049000 0.671100 0.962400 -211.500000
0.317500 0.049000 0.671100 0.962400 282.900000
0.317500 0.049000 0.671100 0.962400 249.300000
0.317500 0.049000 0.671100 0.962400 39.900000
0.317500 0.049000 0.671100 0.962400 -219.900000
0.317500 0.049000 0.671100 0.962400 -183.900000
0.317500 0.049000 0.671100 0.962400 239.700000
0.317500 0.049000 0.671100 0.962400 -87.300000
0.317500 0.049000 0.671100 0.962400 158.100000
0.317500 0.049000 0.671100 0.962400 196.500000
0.317500 0.049000 0.671100 0.962400 212.100000
0.317500 0.049000 0.671100 0.962400 244.500000
0.317500 0.049000 0.671100 0.962400 190.500000
0.317500 0.049000 0.671100 0.962400 80.100000
0.317500 0.049000 0.671100 0.962400 20.100000
0.317500 0.049000 0.671100 0.962400 6.300000
0.317500 0.049000 0.671100 0.962400 -223.500000
0.317500 0.049000 0.671100 0.962400 -263.100000
0.317500 0.049000 0.671100 0.962400 124.500000
0.317500 0.049000 0.671100 0.962400 -12.900000
0.317500 0.049000 0.671100 0.962400 -165.300000
0.317500 0.049000 0.671100 0.962400 225.300000
0.317500 0.049000 0.671100 0.962400 -50.700000
0.317500 0.049000 0.671100 0.962400 153.900000
0.317500 0.049000 0.671100 0.962400 198.300000
0.317500 0.049000 0.671100 0.962400 219.900000
0.317500 0.049000 0.671100 0.962400 -23.100000
0.317500 0.049000 0.671100 0.962400 -32.100000
0.317500 0.049000 0.671100 0.962400 267.900000
0.317500 0.049000 0.671100 0.962400 270.300000
0.317500 0.049000 0.671100 0.962400 59.100000
0.317500 0.049000 0.671100 0.962400 -282.900000
0.317500 0.049000 0.671100 0.962400 213.900000
0.317500 0.049000 0.671100 0.962400 131.700000
0.317500 0.049000 0.671100 0.962400 -117.300000
0.317500 0.049000 0.671100 0.962400 -53.700000
0.317500 0.049000 0.671100 0.962400 285.900000
0.317500 0.049000 0.671100 0.962400 93.900000
0.317500 0.049000 0.671100 0.962400 -284.100000
0.317500 0.049000 0.671100 0.962400 50.100000
0.317500 0.049000 0.671100 0.962400 -256.500000
0.317500 0.049000 0.671100 0.962400 191.100000
0.317500 0.049000 0.671100 0.962400 -234.900000
0.317500 0.049000 0.671100 0.962400 47.700000
0.317500 0.049000 0.671100 0.962400 -80.700000
0.317500 0.049000 0.671100 0.962400 254.700000
0.317500 0.049000 0.671100 0.962400 -194.100000
0.317500 0.049000 0.671100 0.962400 -261.900000
0.317500 0.049000 0.671100 0.962400 -121.500000
0.317500 0.049000 0.671100 0.962400 200.100000
0.317500 0.049000 0.671100 0.962400 45.300000
0.317500 0.049000 0.671100 0.962400 -167.100000
0.317500 0.049000 0.671100 0.962400 258.900000
0.317500 0.049000 0.671100 0.962400 -217.500000
0.317500 0.049000 0.671100 0.962400 -168.900000
0.317500 0.049000 0.671100 0.962400 65.100000
0.317500 0.049000 0.671100 0.962400 -254.100000
0.317500 0.049000 0.671100 0.962400 -162.900000
0.317500 0.049000 0.671100 0.962400 -246.900000
0.317500 0.049000 0.671100 0.962400 299.700000
0.317500 0.049000 0.671100 0.962400 100.500000
0.317500 0.049000 0.671100 0.962400 207.900000
0.317500 0.049000 0.671100 0.962400 -42.300000
0.317500 0.049000 0.671100 0.962400 44.700000
0.317500 0.049000 0.671100 0.962400 131.100000
0.317500 0.049000 0.671100 0.962400 -190.500000
0.317500 0.049000 0.671100 0.962400 -285.300000
0.317500 0.049000 0.671100 0.962400 173.700000
0.317500 0.049000 0.671100 0.962400 -262.500000
0.317500 0.049000 0.671100 0.962400 -129.300000
0.317500 0.049000 0.671100 0.962400 36.900000
0.317500 0.049000 0.671100 0.962400 -269.100000
0.317500 0.049000 0.671100 0.962400 152.700000
0.317500 0.049000 0.671100 0.962400 116.700000
0.317500 0.049000 0.671100 0.962400 110.700000
0.317500 0.049000 0.671100 0.962400 -212.700000
0.317500 0.049000 0.671100 0.962400 126.300000
0.317500 0.049000 0.671100 0.962400 122.700000
0.317500 0.049000 0.671100 0.962400 -51.300000
0.317500 0.049000 0.671100 0.962400 -248.100000
0.317500 0.049000 0.671100 0.962400 -95.100000
0.317500 0.049000 0.671100 0.962400 62.700000
0.317500 0.049000 0.671100 0.962400 48.900000
0.317500 0.049000 0.671100 0.962400 144.900000
0.317500 0.049000 0.671100 0.962400 -0.900000
0.317500 0.049000 0.671100 0.962400 -48.300000
0.317500 0.049000 0.671100 0.962400 14.100000
0.317500 0.049000 0.671100 0.962400 271.500000
0.317500 0.049000 0.671100 0.962400 98.100000
0.317500 0.049000 0.671100 0.962400 92.700000
0.317500 0.049000 0.671100 0.962400 46.500000
0.317500 0.049000 0.671100 0.962400 -38.100000
0.317500 0.049000 0.671100 0.962400 5.100000
0.317500 0.049000 0.671100 0.962400 -286.500000
0.317500 0.049000 0.671100 0.962400 -243.300000
0.317500 0.049000 0.671100 0.962400 -278.700000
0.317500 0.049000 0.671100 0.962400 257.700000
0.317500 0.049000 0.671100 0.962400 155.100000
0.317500 0.049000 0.671100 0.962400 23.100000
0.317500 0.049000 0.671100 0.962400 6.900000
0.317500 0.049000 0.671100 0.962400 110.100000
0.317500 0.049000 0.671100 0.962400 -45.300000
0.317500 0.049000 0.671100 0.962400 -164.100000
0.317500 0.049000 0.671100 0.962400 92.100000
0.317500 0.049000 0.671100 0.962400 13.500000
0.317500 0.049000 0.671100 0.962400 -176.100000
0.317500 0.049000 0.671100 0.962400 -111.300000
0.317500 0.049000 0.671100 0.962400 236.700000
0.317500 0.049000 0.671100 0.962400 -59.700000
0.317500 0.049000 0.671100 0.962400 60.900000
0.317500 0.049000 0.671100 0.962400 248.100000
0.317500 0.049000 0.671100 0.962400 -74.700000
0.317500 0.049000 0.671100 0.962400 -137.100000
0.317500 0.049000 0.671100 0.962400 162.300000
0.317500 0.049000 0.671100 0.962400 257.100000
0.317500 0.049000 0.671100 0.962400 -182.100000
0.317500 0.049000 0.671100 0.962400 35.100000
0.317500 0.049000 0.671100 0.962400 -172.500000
0.317500 0.049000 0.671100 0.962400 188.700000
0.317500 0.049000 0.671100 0.962400 -135.900000
0.317500 0.049000 0.671100 0.962400 -290.700000
0.317500 0.049000 0.671100 0.962400 77.700000
0.317500 0.049000 0.671100 0.962400 -183.300000
0.317500 0.049000 0.671100 0.962400 -298.500000
0.317500 0.049000 0.671100 0.962400 144.300000
0.317500 0.049000 0.671100 0.962400 -120.300000
0.317500 0.049000 0.671100 0.962400 -267.300000
0.317500 0.049000 0.671100 0.962400 11.100000
0.317500 0.049000 0.671100 0.962400 9.300000
0.317500 0.049000 0.671100 0.962400 -15.900000
0.317500 0.049000 0.671100 0.962400 99.300000
0.317500 0.049000 0.671100 0.962400 -2.700000
0.317500 0.049000 0.671100 0.962400 168.900000
0.317500 0.049000 0.671100 0.962400 53.100000
0.317500 0.049000 0.671100 0.962400 -110.700000
0.317500 0.049000 0.671100 0.962400 -76.500000
0.317500 0.049000 0.671100 0.962400 -44.100000
0.317500 0.049000 0.671100 0.962400 -97.500000
0.317500 0.049000 0.671100 0.962400 129.300000
0.317500 0.049000 0.671100 0.962400 29.100000
0.317500 0.049000 0.671100 0.962400 -264.300000
0.317500 0.049000 0.671100 0.962400 -57.300000
0.317500 0.049000 0.671100 0.962400 -44.700000
0.317500 0.049000 0.671100 0.962400 170.700000
0.317500 0.049000 0.671100 0.962400 155.700000
0.317500 0.049000 0.671100 0.962400 118.500000
0.317500 0.049000 0.671100 0.962400 -188.700000
0.317500 0.049000 0.671100 0.962400 -135.300000
0.317500 0.049000 0.671100 0.962400 215.700000
0.317500 0.049000 0.671100 0.962400 -171.300000
0.317500 0.049000 0.671100 0.962400 58.500000
0.317500 0.049000 0.671100 0.962400 -278.100000
0.317500 0.049000 0.671100 0.962400 84.900000
0.317500 0.049000 0.671100 0.962400 -80.100000
0.317500 0.049000 0.671100 0.962400 -257.700000
0.317500 0.049000 0.671100 0.962400 80.700000
0.317500 0.049000 0.671100 0.962400 -242.700000
0.317500 0.049000 0.671100 0.962400 -181.500000
0.317500 0.049000 0.671100 0.962400 -215.700000
0.317500 0.049000 0.671100 0.962400 -0.300000
0.317500 0.049000 0.671100 0.962400 99.900000
0.317500 0.049000 0.671100 0.962400 35.700000
