skips = [27, 51, 399, 598, 599, 638, 964, 1011, 1058]  ##for k max = 0.5
skips = [598, 638]  # kmax = 0.1

k_max = 0.5
27   0.10690000 0.03263000 0.51230000 0.95870000 0.63530000 0.24685750 -0.72385000
51   0.15850000 0.03103000 0.89550000 1.06710000 0.60490000 0.96262750 -1.09075000
399  0.21330000 0.06415000 0.56030000 0.81390000 0.97970000 0.20082250 -0.81355000
599  0.14470000 0.04285000 0.54210000 1.01090000 0.62830000 0.18102250 -0.87085000
964  0.28650000 0.06953000 0.68030000 0.92090000 0.99870000 0.84333250 -1.07455000
1011 0.25990000 0.06819000 0.59250000 0.99810000 0.99590000 0.40822750 -0.89965000
1058 0.10150000 0.03581000 0.64930000 1.09750000 0.61890000 0.27457750 -0.87385000


k_max = 0.1
598 0.10990000 0.05489000 0.50210000 0.90190000 0.82850000 0.85917250 -1.18645000
628 0.10650000 0.03279000 0.88530000 1.02890000 0.60770000 0.79977250 -0.93985000